PredictionString,image_id
0 0.39292398 482.49945 593.68335 575.9327 654.4866 0 0.13183364 240.80789 681.83655 301.76382 751.2638 0 0.101000935 151.89171 426.73257 202.39662 447.15323 0 0.067542054 717.46643 308.8241 785.1831 368.32837 0 0.06643641 471.24896 563.024 564.7309 669.5379 0 0.06585954 245.46492 683.3471 288.59644 729.2343 0 0.06474112 468.43 553.479 558.5114 606.11914 0 0.062337063 217.87463 692.05066 253.65936 735.8932 0 0.05800206 482.38538 609.2901 505.7561 656.3316 1 0.99366105 557.03424 109.96015 757.17255 352.97522 1 0.5528886 631.69916 142.03555 745.1412 342.83948 1 0.38743252 673.1649 260.0418 730.42554 315.1883 1 0.35258955 162.81635 370.21472 238.92352 440.2213 1 0.3486084 636.67993 255.30855 734.32166 334.8493 1 0.22748744 150.6447 426.76785 202.10323 448.42056 1 0.19909275 717.46643 308.8241 785.1831 368.32837 1 0.18059129 241.32343 404.45428 291.49567 485.5224 1 0.16236618 581.0384 236.37155 689.1911 357.25314 1 0.15577781 439.25662 456.38107 565.4446 668.5307 1 0.13643321 720.91174 108.166756 763.48645 315.0537 1 0.13641241 227.32266 400.17664 323.49362 471.1114 1 0.12554263 188.6805 371.91397 251.32994 453.51993 1 0.12139509 389.05252 681.5902 424.34824 720.2384 1 0.11369946 639.51306 182.14847 688.9398 325.9006 1 0.11026196 466.5759 552.1682 560.734 602.89453 1 0.105810754 632.50916 189.50131 685.0829 236.08936 1 0.10525646 164.31494 369.96326 326.87164 474.9046 1 0.100423835 240.4646 682.2946 302.03607 750.6131 1 0.06832182 643.7689 189.02705 690.9807 262.53622 1 0.06733763 455.12637 775.3186 481.49478 830.8507 1 0.063986704 166.44879 400.59476 244.05325 448.1224 1 0.062686 545.6649 136.7095 637.5176 361.14758 2 0.48760056 673.7031 260.01233 729.4066 314.5169 2 0.11944706 638.15137 255.4615 734.412 337.1771 5 0.96446437 335.67133 637.30804 399.10742 723.3433 5 0.5079498 389.01627 681.5372 424.3168 719.9028 5 0.45370805 240.80789 681.83655 301.76382 751.2638 5 0.44854057 398.41458 616.032 450.25485 693.1992 5 0.38411123 328.52786 639.35754 353.2698 683.8428 5 0.33052546 329.71597 669.9175 475.57333 735.95935 5 0.32628545 355.9649 680.3496 441.1994 722.9175 5 0.31060115 35.08297 307.72482 225.91864 433.88113 5 0.29674074 395.7314 629.91064 416.72977 686.82654 5 0.26496047 437.5865 453.52747 565.4007 675.1085 5 0.23179054 340.57144 675.5877 398.78067 721.61005 5 0.20105812 438.706 546.72296 565.7641 656.9045 5 0.18655601 479.55463 585.3067 570.6065 661.1656 5 0.17438228 324.87592 686.88574 368.90552 745.46533 5 0.1683309 328.7663 557.1812 424.06238 620.75336 5 0.14384994 387.59238 657.9252 452.05136 719.66113 5 0.13940829 378.45016 623.9139 471.80667 731.9913 5 0.12043029 361.64474 556.2682 432.16263 644.2832 5 0.10361778 468.43 553.479 558.5114 606.11914 5 0.09838066 425.38705 545.4784 476.08865 667.4332 5 0.09219968 416.2365 603.2738 466.89874 689.1603 5 0.086059794 418.97635 613.6122 445.63638 680.6763 5 0.07955881 328.34967 551.1478 460.5749 736.90735 5 0.06818461 402.90216 623.33673 424.4657 687.96844 5 0.06818455 484.5629 578.7225 554.2319 637.44745 5 0.062769175 326.62656 687.0383 432.9797 745.13403 5 0.06059862 673.1675 259.92404 730.5 315.08646 5 0.057823054 246.37697 683.00934 287.70093 730.29974 6 0.570427 240.49951 682.7837 302.07666 750.6201 6 0.27687716 246.37697 683.00934 287.70093 730.29974 6 0.1538719 437.4805 455.51382 565.9903 670.0065 7 0.9998543 607.2471 519.04193 950.41345 1018.955 7 0.9994498 219.36165 54.38092 451.95526 484.4749 7 0.99901307 119.62166 394.71744 325.3012 724.65845 7 0.9931017 386.8919 192.33998 608.4964 545.74713 7 0.988457 453.74066 601.6558 646.63495 876.1257 7 0.98652554 261.07385 432.37653 428.51385 591.65826 7 0.9833023 546.65607 337.42676 712.5412 604.9513 7 0.97239494 623.83014 338.44495 878.84686 610.65045 7 0.31978846 329.3229 560.3349 457.87686 695.2182 7 0.19667618 607.64484 602.1082 643.0236 766.1652 7 0.19271496 217.87463 692.05066 253.65936 735.8932 7 0.1646848 323.8421 554.34357 444.20746 629.61017 7 0.14034913 533.7159 594.1618 639.8874 828.07623 7 0.13046959 721.4002 309.97577 785.0396 368.59686 7 0.109171435 447.08728 727.39984 483.45044 833.05975 7 0.09719022 435.79572 664.34766 478.6419 739.4271 7 0.08416906 240.5626 680.11725 297.01428 750.3156 7 0.08017634 551.87427 123.43646 903.4209 626.775 7 0.072804734 328.062 567.9963 390.84784 620.8625 7 0.052136686 495.91785 643.2717 574.2395 754.7146 7 0.050605316 218.03847 677.18097 279.6644 738.9539 ,test/0000.jpg
0 0.46092385 635.10693 641.3014 693.01074 830.60913 4 0.07516135 342.25537 243.00604 747.6577 698.7081 5 0.9886761 344.61078 241.54808 747.62225 698.5245 5 0.950474 133.9256 0.0 492.87836 296.8314 5 0.59949166 123.02481 1.4258728 760.9839 705.6277 6 0.88054115 755.6791 651.2084 900.7626 996.7689 ,test/0001.jpg
0 0.68031263 880.24695 467.87534 1022.6738 630.703 0 0.5477635 289.46652 335.69278 1015.3037 372.16867 0 0.5012578 783.9497 442.0097 1024.0 1019.4848 0 0.3377781 336.6875 341.7587 638.7781 366.56595 0 0.30637968 497.91565 544.33826 768.5925 652.1509 0 0.22643824 437.59387 511.95102 812.662 679.2007 0 0.20903616 572.0047 345.7299 1000.9642 366.3984 0 0.17064883 654.0706 286.60864 754.5854 324.03955 0 0.1572408 73.957054 290.38818 319.43115 599.3953 0 0.1569304 68.67731 336.76572 311.95322 456.49588 0 0.148839 676.6589 222.88142 1021.23834 587.8478 0 0.13697577 308.9229 339.43604 1022.9936 420.66107 0 0.11321598 49.231506 274.85602 432.10626 397.5963 0 0.093498655 602.2727 329.8566 1009.4009 376.02945 0 0.0890788 0.0 243.0214 140.50104 468.94485 0 0.08853851 671.42224 229.30602 789.5493 324.89304 0 0.08732684 304.28873 336.06537 1020.1599 517.8224 0 0.08673312 333.39337 326.57312 720.5955 369.2135 0 0.06937993 9.652863 271.97522 422.62747 532.75616 0 0.055334125 357.89755 343.45453 530.24255 361.80383 0 0.052336004 802.83264 457.75198 1017.7251 670.7601 0 0.052028544 313.62222 414.11395 830.89453 743.2453 1 0.9917196 425.49527 265.72162 639.1637 327.89905 1 0.9675369 75.305954 277.05615 410.3888 606.732 1 0.9476569 292.971 363.15622 981.9123 742.6045 1 0.94564515 782.0043 430.55063 1024.0 1019.8489 1 0.82659894 671.8778 229.99478 791.4673 325.5685 1 0.73861396 662.0541 227.12299 1024.0 332.85754 1 0.7097957 334.51868 485.50842 822.8584 748.21545 1 0.4841808 863.47546 229.73917 1024.0 376.50076 1 0.3102117 759.53595 233.02252 883.02264 326.2655 1 0.22577 8.152603 271.99268 420.25598 435.2495 1 0.19950415 437.59387 511.95102 812.662 679.2007 1 0.1467315 653.943 286.65097 757.2765 323.55173 1 0.12947737 111.31478 417.6315 320.43884 606.1492 1 0.11609581 61.57808 328.71558 312.19952 528.68896 1 0.1135188 644.90295 293.25354 1018.1399 367.8001 1 0.11174805 295.264 328.9993 1021.9585 567.54626 1 0.10865845 972.3892 232.67918 1022.6611 245.92836 1 0.10118577 676.6589 222.88142 1021.23834 587.8478 1 0.0921965 957.5725 226.19357 1024.0 371.61124 1 0.07141768 0.0 242.16156 140.5571 470.6853 1 0.061484262 275.7097 322.48804 1024.0 384.6046 1 0.057120923 106.29918 276.6325 421.9795 322.75378 1 0.05211076 222.7391 488.2374 326.75772 594.2376 1 0.050955594 864.7062 230.56744 966.16504 345.27527 1 0.050804164 295.63885 272.15134 1023.514 367.93704 1 0.050292574 909.3282 317.71988 1005.7734 366.24503 1 0.050213482 961.87866 305.80078 1024.0 372.39948 3 0.27639094 0.0 244.78546 137.90689 469.65802 3 0.06938447 998.88416 303.81427 1024.0 397.07196 4 0.95913017 867.2606 241.5733 913.50696 326.2552 4 0.22771893 994.4934 304.6073 1024.0 385.00018 5 0.36655653 881.12146 468.01382 1021.9531 630.94495 5 0.110710524 0.0 234.17566 146.38834 470.1444 5 0.07980773 778.02136 457.24628 1024.0 991.2319 5 0.05673018 994.4934 304.6073 1024.0 385.00018 6 0.29420182 304.28873 336.06537 1020.1599 517.8224 6 0.079427645 308.9229 339.43604 1022.9936 420.66107 7 0.16251671 761.82104 228.11676 871.94653 237.56772 ,test/0002.jpg
9 0.99687034 170.9577 260.71082 901.68353 816.04504 9 0.43960494 38.99179 678.9808 1024.0 1024.0 9 0.21642876 5.349457 0.0 1011.46277 329.59723 9 0.117779285 8.207138 0.0 293.847 1024.0 ,test/0003.jpg
0 0.5592955 445.52945 412.35226 645.0701 556.0802 0 0.4300006 225.79361 368.36694 888.58826 771.3967 0 0.27655476 394.46307 391.66504 887.555 653.5674 0 0.06120037 425.49603 507.28906 478.45282 575.20605 0 0.059859306 193.56001 453.09058 434.81836 670.2435 0 0.053297386 303.8132 539.6557 836.7406 773.33 1 0.91975594 201.46594 264.36975 894.2269 777.4855 1 0.15810964 194.90323 410.50348 568.73047 652.71405 1 0.1267177 193.5363 453.4637 430.99408 671.1272 1 0.1255516 376.74542 392.36743 889.08417 678.2849 1 0.072524294 395.41113 252.21848 652.5939 579.78516 7 0.051283527 222.37921 350.38324 889.8293 777.26117 ,test/0004.jpg
2 0.99963653 357.61075 233.56598 777.7894 705.69257 ,test/0005.jpg
0 0.9856857 893.95465 789.31305 1021.2913 915.48236 0 0.7456783 295.08215 636.31775 374.4555 748.739 0 0.7245335 714.0858 898.37476 812.1605 944.3474 0 0.14974059 600.1045 0.0 703.5519 86.81615 0 0.11064654 296.52145 537.3129 378.24014 746.45404 0 0.107881896 193.61859 651.3418 307.53247 871.51794 0 0.05091269 293.13147 410.29575 394.67004 757.19275 3 0.5876732 193.63051 651.6729 307.6549 871.3321 4 0.957582 434.98056 24.642654 655.32153 262.53583 4 0.43203828 354.9209 452.94678 837.7637 722.43054 5 0.97140265 0.0 55.620705 69.323044 220.48566 5 0.8417044 353.7131 452.75372 838.01587 722.26227 5 0.2355497 436.66693 17.589699 651.1141 263.90854 5 0.055013828 193.61859 651.3418 307.53247 871.51794 6 0.2367427 295.06522 635.92267 375.14523 748.6021 6 0.1926195 600.1709 0.0 703.9098 86.80504 7 0.9707656 274.11337 5.8212357 431.88736 170.41418 7 0.12385125 0.0 53.27822 69.48071 221.50998 ,test/0006.jpg
0 0.7549951 284.10095 100.96921 959.20325 759.58655 0 0.4519395 16.10611 118.680695 1008.1625 1024.0 0 0.22351472 621.4675 113.44809 994.40955 572.6487 0 0.21800783 748.347 87.00684 874.73627 210.00888 0 0.1904432 199.14807 555.1799 980.3812 1024.0 0 0.13366678 0.0 870.3907 24.377514 1024.0 0 0.1093323 570.29565 472.38086 903.79553 741.35645 0 0.09158451 700.69336 74.710724 1017.147 425.61908 0 0.06870494 119.91026 176.99506 475.2437 715.11285 0 0.053180393 468.30164 776.2673 931.6279 1024.0 0 0.05015962 14.863953 492.95615 391.55615 1016.8407 1 0.8898248 883.02637 888.8602 1018.745 1021.8408 1 0.1580783 86.310425 109.81244 967.7965 943.8935 1 0.1255023 743.1207 87.46005 875.70483 210.05469 1 0.11279193 735.2196 106.83699 797.1522 159.42162 1 0.096083984 743.8064 111.335175 770.8916 160.01993 1 0.076764114 199.14807 555.1799 980.3812 1024.0 1 0.05168034 368.3471 889.4916 606.88806 1023.08203 7 0.56711227 0.0 870.3907 24.377514 1024.0 7 0.0956531 558.5337 107.08382 989.56494 580.9272 9 0.40659714 334.81732 96.08325 950.19293 756.9321 9 0.30232772 73.27786 104.46326 992.4939 993.5447 9 0.08848506 152.52393 618.096 949.8552 1012.2265 ,test/0007.jpg
0 0.7077977 104.96967 906.0481 169.93777 972.3296 0 0.09850127 360.25186 497.7846 457.80508 604.31305 0 0.056839038 794.7625 609.6282 817.758 659.02026 0 0.05338851 402.83292 533.3067 428.3054 598.42584 1 0.91927904 646.61993 635.887 722.63837 759.5357 1 0.30129558 359.70114 498.24353 462.04025 605.1957 1 0.24074264 152.9599 572.0542 199.79077 667.5686 1 0.236901 104.58206 906.1383 170.04282 972.1793 1 0.11236235 229.73618 488.78665 349.66745 557.7945 1 0.088284776 146.05159 538.9608 248.08824 693.96094 1 0.060731076 161.93433 496.5696 354.56207 591.67664 1 0.055110805 360.8089 0.86263657 417.28833 84.752975 2 0.59776795 152.51245 579.2778 201.44626 666.326 2 0.18277286 360.2955 497.83362 454.08353 602.1366 5 0.6312561 773.57214 281.9728 980.8231 621.97205 5 0.32270595 259.8661 585.51385 302.7603 681.5839 5 0.24296929 1.7499695 372.8017 217.15826 566.9405 5 0.24133337 359.93033 497.90744 450.52884 599.73694 5 0.21539903 669.4687 459.2122 811.82074 629.0724 5 0.08258416 153.0442 571.2558 199.32747 667.5562 5 0.06338169 217.5576 556.14307 306.5733 691.80396 6 0.65902936 774.48236 282.159 980.41644 622.1474 6 0.21988125 359.9849 497.8495 452.00974 600.50146 7 0.9997918 165.1038 508.5944 470.04315 963.4762 7 0.99450856 391.48523 470.0054 694.46924 879.5824 7 0.9915524 3.284958 618.25195 182.29459 876.1669 7 0.94619113 7.988838 364.40564 262.43756 646.6592 7 0.9351503 674.4227 511.40112 786.9966 701.34155 7 0.76547796 541.07574 421.6931 717.13165 644.1415 7 0.574789 342.0614 111.96283 416.22888 223.00684 7 0.46546218 669.9939 459.2894 811.57434 632.34766 7 0.34127128 359.81345 498.36508 461.24326 605.26013 7 0.34041566 393.58 602.7427 451.21457 687.5023 7 0.1914434 185.28632 494.07266 362.0841 576.4991 7 0.1145794 563.67334 443.5075 799.89966 707.5771 7 0.10728924 147.54373 494.87402 368.60934 630.9232 7 0.10386734 497.42664 445.0384 709.8744 783.3459 7 0.074805915 360.8521 510.7238 460.27338 700.92993 7 0.06267298 416.01813 469.3618 707.82367 640.43896 7 0.057065237 146.62787 648.667 183.9497 730.90234 7 0.053842224 354.56458 470.99286 590.51733 599.6712 7 0.050971664 759.9361 608.8837 812.1989 691.2128 7 0.050331183 614.062 453.335 722.7202 703.71375 ,test/0008.jpg
0 0.9994197 274.20322 112.36334 672.056 972.0258 1 0.072503686 290.02066 111.88681 664.03076 912.07166 ,test/0009.jpg
0 0.4842853 32.732864 698.6577 334.0907 833.0281 0 0.16032861 887.6655 610.895 945.521 670.022 0 0.09173049 6.278305 603.752 407.55707 980.2802 0 0.07329352 9.017822 825.2128 139.58395 875.1114 3 0.8260432 204.74686 319.87085 274.80075 367.8908 3 0.28636473 65.596695 603.3143 472.64282 721.7321 4 0.9996803 209.0102 319.30927 643.2612 473.46777 5 0.19011033 64.27484 601.5666 471.1361 721.74335 5 0.051316667 204.78229 319.968 274.39734 367.9377 7 0.9815595 0.6347656 856.891 400.23907 1019.4016 7 0.12261313 4.226944 824.28705 140.9235 876.74677 7 0.1074769 32.732864 698.6577 334.0907 833.0281 7 0.065167926 6.278305 603.752 407.55707 980.2802 7 0.05254789 0.7049637 822.19586 196.30447 908.4642 ,test/0010.jpg
0 0.2234228 465.32446 113.20624 770.604 334.0073 0 0.15638712 3.8566132 403.69543 166.42314 774.9634 0 0.06247312 599.75916 253.2203 771.28894 334.26938 0 0.05448676 244.38765 327.76465 362.62653 396.84344 1 0.08836029 599.75916 253.2203 771.28894 334.26938 1 0.053767044 824.10046 679.83575 997.07886 836.1794 3 0.09531932 627.7169 310.5235 765.7859 451.9521 4 0.3113969 477.51807 821.21875 672.11096 1021.6449 4 0.26861098 426.82053 826.5995 544.06793 1024.0 4 0.066345476 528.048 873.90436 662.17175 1017.4572 4 0.06618292 413.84174 826.74396 800.61456 1023.764 5 0.99890435 817.6037 262.526 1002.4599 403.2738 5 0.94934887 682.2445 416.27783 885.23376 570.75977 5 0.9424921 710.77936 324.90253 915.8437 469.58484 5 0.9298906 464.4343 111.46874 774.68896 342.9324 5 0.9007465 24.605774 544.7466 967.4596 1013.2412 5 0.8555863 498.71356 294.91443 996.2194 739.09973 5 0.80507773 51.47998 639.3821 580.7066 834.08887 5 0.62484515 881.60376 431.46887 1023.9629 652.4663 5 0.5703434 644.2286 416.71332 1021.15704 723.0795 5 0.5645232 147.37308 444.24496 745.12024 875.69214 5 0.510468 430.51154 793.17053 988.189 1021.10486 5 0.49277 502.72922 663.57263 828.29016 877.93945 5 0.48093617 627.4922 310.5309 765.8804 452.0333 5 0.3161423 600.07306 250.35162 776.62726 334.39313 5 0.3155262 289.27435 502.59558 677.2796 744.7079 5 0.30216396 695.2495 699.65564 958.22754 1019.82275 5 0.3000473 517.0642 350.39624 907.7102 615.35114 5 0.2814046 422.9251 827.12744 682.6086 1022.70544 5 0.27487954 1.4977951 414.1907 130.49167 779.2827 5 0.2387653 498.75177 317.2691 761.60297 729.337 5 0.19685853 562.17847 871.1765 789.193 1023.3678 5 0.17182447 813.48 259.90332 984.94775 335.57336 5 0.16741157 684.4681 178.6901 774.77264 324.41644 5 0.15884534 145.08524 621.3318 687.00146 1013.77576 5 0.15069225 413.383 660.6817 765.98334 1023.7336 5 0.14572975 494.84735 677.9705 616.78253 802.93243 5 0.1366289 738.4702 775.4525 908.63293 932.756 5 0.13187703 629.74756 164.02345 774.8541 431.0558 5 0.114098154 22.822754 508.84015 487.43646 934.85114 5 0.107648835 478.64993 192.91223 917.0957 580.9845 5 0.09801234 579.7352 298.73785 929.7991 452.54077 5 0.09180438 642.09924 851.4176 1004.32104 1015.7809 5 0.09153584 426.0559 824.61194 542.5355 1024.0 5 0.09099972 540.65 585.84937 964.1183 849.4441 5 0.086936735 403.5274 574.9861 799.0347 875.4712 5 0.082637124 706.17694 410.9719 895.71075 464.5225 5 0.080403835 520.98413 294.38837 762.952 455.591 5 0.071833275 662.40857 280.49243 956.5624 600.69104 5 0.06930022 9.410767 528.72266 210.52916 936.9597 5 0.06797864 520.99365 784.71735 680.1741 903.0103 5 0.06355764 580.9381 544.60767 973.9453 720.1719 5 0.057164833 404.27936 670.52 610.6031 793.66833 5 0.054194987 20.830719 293.95248 562.7606 858.92566 5 0.05329445 531.91974 292.7492 655.53485 448.2721 6 0.91726094 62.248596 147.51033 531.14124 650.32153 6 0.5679664 194.5956 331.76862 528.3592 531.8688 6 0.20947064 245.36185 327.5578 362.05423 397.62335 6 0.12037194 83.67622 435.92313 354.46503 628.48535 6 0.09117955 224.86398 543.88617 341.7078 627.6568 6 0.09038372 98.54076 386.51337 552.6325 644.58136 7 0.18704002 599.9694 254.02975 772.1977 332.63126 7 0.07896656 748.7307 249.87457 784.9413 339.5562 7 0.06974359 494.34375 237.12433 986.8424 810.3951 7 0.05642079 466.70337 109.41347 767.46045 330.55225 ,test/0011.jpg
0 0.6373738 293.48642 411.7339 551.0449 804.0857 1 0.4256135 293.24426 410.78513 551.99414 804.5348 7 0.44510183 293.17145 411.10345 551.5152 803.6396 ,test/0012.jpg
0 0.28604063 210.95914 484.50058 305.63388 498.5931 0 0.17936473 447.6543 400.1408 766.94556 463.00604 0 0.16064773 205.23885 479.40997 407.90442 502.31152 0 0.12722081 162.78401 505.78305 224.75078 525.839 0 0.06860918 213.3984 480.8624 300.5499 493.20224 0 0.05676041 175.81018 492.32874 236.27844 677.93445 0 0.054717433 483.8075 622.11847 497.7563 697.5196 0 0.054639257 484.22845 680.77136 512.56683 725.98096 0 0.054615855 203.40701 471.34885 493.72702 496.3345 1 0.99142975 190.31305 384.4139 483.69836 489.9457 1 0.9858068 227.17223 488.36505 531.41376 808.78766 1 0.9846517 411.86194 309.36212 872.56104 645.9486 1 0.57809603 231.89159 352.65472 293.26852 416.79828 1 0.54715115 380.87317 487.4425 558.87933 623.2551 1 0.49130875 185.71904 372.74774 286.2541 488.14813 1 0.37409464 487.72858 638.92 547.5688 672.6921 1 0.35770887 228.32733 312.25476 800.293 541.59155 1 0.29618213 243.54855 313.3507 820.9247 758.37634 1 0.2858594 407.15662 487.78253 512.55994 674.8675 1 0.22913173 254.04135 485.83667 557.0862 667.9281 1 0.22151136 188.0481 349.86346 293.52304 429.9273 1 0.21588297 225.3537 360.11624 548.4752 631.0017 1 0.16952562 422.2174 614.45135 500.82257 716.5229 1 0.14725608 186.62308 352.98624 240.81421 411.93265 1 0.1353928 422.47784 617.5346 545.8857 677.5766 1 0.13371027 184.24457 493.0415 239.34225 669.1587 1 0.09927639 203.40701 471.34885 493.72702 496.3345 1 0.08823132 179.25247 348.74927 289.03857 674.50055 1 0.072309606 191.30211 506.30377 218.69923 588.4577 1 0.051853176 458.42624 489.26917 555.0568 589.53784 1 0.050499544 274.7372 375.13586 372.15878 430.09106 1 0.050461117 350.87082 389.50592 472.5544 475.8438 5 0.056759566 162.55371 506.4543 226.43167 526.9027 ,test/0013.jpg
0 0.0743571 418.0575 212.13104 450.79102 267.12955 0 0.057436407 1.8007927 265.09543 125.03313 334.69632 7 0.99853647 12.9609375 279.06766 829.8519 887.5054 7 0.967477 105.137115 126.16601 432.62656 323.88766 7 0.7563584 17.704971 140.79044 435.19824 663.37366 7 0.18328227 0.0 536.043 438.63556 838.0423 7 0.1635619 340.1795 210.12494 459.48212 308.8363 7 0.15765144 29.58052 252.63992 349.68597 586.3524 7 0.14745566 1.8007927 265.09543 125.03313 334.69632 7 0.13986285 6.9149475 158.26617 432.7624 412.85052 7 0.095060095 166.79523 154.91653 252.6495 283.24332 7 0.080763645 89.207596 298.54504 441.11304 766.8655 ,test/0014.jpg
0 0.06724161 165.02072 791.344 292.726 887.73706 7 0.99993706 300.0876 225.63876 790.492 821.9961 7 0.079085745 166.71626 789.0551 283.4406 885.2381 ,test/0015.jpg
0 0.23349105 976.371 267.58905 1024.0 410.4994 0 0.11742359 41.548904 64.47614 374.56012 223.19598 2 0.9859081 294.12292 383.4146 694.1389 754.18365 3 0.4681301 298.54114 385.5487 690.13116 752.8285 ,test/0016.jpg
0 0.13904776 95.41394 106.45462 946.0708 755.1886 3 0.114012875 100.59091 99.96573 941.4856 682.4054 5 0.74566466 98.53595 84.599 941.3221 687.7456 5 0.36610198 115.15294 102.139404 540.05255 623.29144 ,test/0017.jpg
0 0.7703634 612.36426 365.01636 759.2328 492.79474 0 0.5390531 177.22223 157.41306 643.3329 411.21915 0 0.17473783 191.80458 366.65747 648.86847 785.417 0 0.15465246 434.97974 404.5656 876.3745 806.36884 0 0.12035705 567.2157 172.76396 612.579 233.23247 0 0.10384821 610.2458 384.98587 717.481 596.67816 0 0.08338721 175.21835 195.689 929.08704 817.97876 0 0.055208296 462.9913 398.06976 731.2134 734.4626 0 0.055087335 185.57657 171.92813 628.8318 674.28503 0 0.052062172 422.65662 216.10995 524.86304 279.6042 0 0.05180363 249.70996 226.26414 513.2002 357.0401 6 0.9945445 153.54626 153.43665 966.99194 826.7399 6 0.18851435 175.68942 143.84694 736.9636 579.5176 6 0.14494206 372.81613 378.75287 950.6935 820.5208 ,test/0018.jpg
0 0.08663221 554.39087 610.7191 705.2765 670.52686 0 0.083348 357.2213 829.7542 535.03986 971.27386 0 0.0733092 748.20013 134.18422 979.2779 449.8022 1 0.9892462 332.82007 417.37848 540.4327 658.3172 1 0.9846294 207.16891 507.04053 327.6597 757.3031 1 0.98321515 768.5617 394.69708 945.2287 515.19073 1 0.97561044 1.111908 610.8204 123.72272 752.5402 1 0.9650566 198.80893 424.80063 296.26822 529.672 1 0.95684266 479.64395 275.62042 763.4414 643.1722 1 0.9496195 358.5664 609.9678 560.4479 824.9739 1 0.9212295 374.6257 798.0552 494.5239 830.3075 1 0.8959883 748.8349 120.390915 979.6281 452.84918 1 0.8742289 732.89386 390.6754 955.27045 625.0164 1 0.86620206 544.10565 695.978 703.4964 781.98376 1 0.8384503 705.11115 575.8774 936.5629 675.94354 1 0.83076185 672.47125 767.3512 925.216 931.15674 1 0.8293457 142.11847 768.3459 343.4458 902.63617 1 0.8276 684.90826 780.4861 880.0964 841.0741 1 0.82089037 684.32043 572.29114 948.91626 799.9989 1 0.79963464 341.7847 421.61914 548.12933 980.8324 1 0.7145807 113.56362 634.4167 215.36594 793.6474 1 0.6732232 2.1474457 477.4308 213.1986 617.88477 1 0.6669432 539.29675 618.38586 711.01733 791.7478 1 0.6640145 123.91601 679.0762 359.84125 913.53125 1 0.66015637 746.0018 308.08224 938.0225 524.21594 1 0.65386176 521.109 710.088 703.6024 872.77344 1 0.6474401 166.64429 630.9837 215.2547 714.27875 1 0.5784267 94.46294 531.7233 211.03981 639.4754 1 0.5625018 0.4517975 580.4049 202.49622 756.9905 1 0.55363846 355.95105 830.00214 535.9937 976.1066 1 0.5193606 707.63196 86.33807 973.5541 805.97565 1 0.5176458 110.69104 639.92224 180.63983 729.7921 1 0.4808305 553.7818 605.9358 712.6081 671.7234 1 0.47112527 554.8251 565.73413 750.95874 662.74255 1 0.46376544 746.0432 465.2051 800.8976 517.80023 1 0.46375594 862.91364 107.60637 982.97845 247.23204 1 0.45541027 0.40764618 584.9739 88.997986 658.8723 1 0.4454468 93.1589 793.04443 151.168 842.46533 1 0.4240988 123.51369 707.1486 218.45412 792.2128 1 0.39089394 0.0 616.5212 107.600235 665.09467 1 0.37099332 163.99518 777.6827 246.8411 798.64044 1 0.36922187 746.5694 303.70587 827.8107 511.742 1 0.3583761 827.8091 573.4983 921.08997 624.97925 1 0.35348678 553.70374 302.9433 720.18396 468.08997 1 0.34392336 97.76602 731.67084 145.0782 786.4058 1 0.31831536 137.09586 695.5234 338.47906 784.28156 1 0.31716907 252.79683 771.65515 313.22348 878.8921 1 0.30133262 928.8718 440.00574 943.8695 492.90228 1 0.29791853 84.325714 518.1272 368.8175 958.96875 1 0.2899975 66.82582 583.0905 92.05966 621.6503 1 0.27990955 94.60652 606.1095 265.3191 800.7372 1 0.27583045 133.47446 633.1131 212.21558 732.67426 1 0.2576764 135.54225 573.4602 346.32996 778.97485 1 0.25729337 5.871292 428.8682 294.5326 766.9424 1 0.24452901 495.73187 576.2276 940.03595 855.68536 1 0.22008881 676.55786 368.2401 953.4984 863.68896 1 0.21627933 349.59296 660.23206 536.34717 1012.03296 1 0.18098405 213.1418 512.0373 278.5572 530.5594 1 0.16529557 784.15497 570.38696 932.1036 646.1466 1 0.1583507 210.97699 792.41437 266.69202 874.07794 1 0.1554769 3.0144558 744.1214 51.803764 778.59955 1 0.1552027 509.60245 302.8226 751.44946 402.14926 1 0.15370548 13.502022 571.53955 210.67859 653.75867 1 0.15117861 360.94257 795.99713 523.5281 872.69415 1 0.14939117 72.365166 611.4057 199.5745 731.017 1 0.14341758 95.958466 467.25092 219.94562 787.09247 1 0.13911302 729.6676 544.7437 929.82214 621.4864 1 0.13124181 0.6494808 639.58923 56.617485 657.72424 1 0.13057962 186.62212 729.501 335.50793 770.8103 1 0.12398385 88.31249 728.1554 154.30328 850.9409 1 0.123424456 577.82776 698.8928 700.1454 751.58826 1 0.12203146 96.18833 641.3397 191.73212 853.9221 1 0.11727618 540.72076 535.29034 746.6766 754.71075 1 0.11707335 761.0252 315.90686 812.01056 471.4856 1 0.11531367 166.27274 772.08014 307.81555 801.4786 1 0.113216266 665.7166 577.7692 749.0986 627.768 1 0.11239934 92.0311 419.6593 304.4632 645.58276 1 0.105016954 107.55494 631.9049 142.72514 733.4247 1 0.10386212 92.94893 723.9274 178.2512 790.23944 1 0.099292204 368.17706 821.1119 504.12976 852.9549 1 0.09779968 216.41974 775.1997 252.72214 798.3645 1 0.09457921 289.8501 634.45215 360.17218 891.0929 1 0.0917363 111.28616 647.8519 170.33911 787.28 1 0.089647055 575.8545 565.71436 950.01917 693.7549 1 0.08538738 711.4255 564.61646 753.3339 626.7036 1 0.08497167 519.2648 563.05096 732.02856 883.6397 1 0.082805365 151.13441 782.1059 226.92665 801.82074 1 0.08192835 264.30576 715.1196 348.9514 892.99243 1 0.08099833 320.52756 667.9888 360.95108 865.94714 1 0.07622297 201.11652 442.0151 311.72113 590.2396 1 0.075502 248.83455 770.2869 303.8756 793.50836 1 0.074389026 461.2715 220.09201 714.2891 430.00888 1 0.07219339 135.62581 776.7894 257.555 805.95435 5 0.67434263 147.45325 825.09106 358.8992 984.40515 5 0.08646478 354.75177 830.31696 536.7695 1003.4268 6 0.99755716 641.90814 53.061386 856.06696 347.67255 6 0.99237955 469.27606 132.22644 722.96857 377.54416 6 0.8208632 467.06598 53.13713 863.0434 378.91608 6 0.121166155 461.19897 147.99252 761.39685 660.3982 6 0.09445067 744.72736 116.253296 979.71783 439.43237 ,test/0019.jpg
0 0.9075299 439.05377 344.90863 646.6337 668.98584 1 0.32156602 439.6352 345.668 648.0107 671.4485 ,test/0020.jpg
0 0.7942187 374.64246 236.78671 631.829 787.631 1 0.55657566 374.81976 236.12485 632.05194 787.9109 ,test/0021.jpg
0 0.50263894 56.988983 413.86612 714.26086 820.5995 0 0.44258615 940.55316 918.383 1023.16693 1024.0 0 0.30197468 767.08057 781.88214 808.0148 843.1337 1 0.40894514 65.207794 412.7776 709.4054 822.80896 2 0.39241433 65.39987 414.31403 706.64075 815.30634 6 0.19494876 940.26056 918.4344 1023.16046 1024.0 ,test/0022.jpg
3 0.9969252 306.68646 363.84015 744.0035 829.90204 5 0.17542398 572.5544 379.07428 739.63104 680.38116 7 0.11787371 308.47485 360.08978 741.75146 838.9096 ,test/0023.jpg
0 0.08908327 158.85094 849.4414 202.0236 889.24805 0 0.074998945 176.82774 4.9351654 300.86725 140.13614 0 0.0593119 420.83142 0.29742432 1016.79004 453.43997 0 0.059185594 243.14436 3.684639 299.22083 95.43208 1 0.0734366 313.32626 326.51086 603.95654 644.99304 2 0.9959875 319.89606 325.96475 604.6756 644.027 7 0.99890196 1.8678741 0.0 473.80804 698.6145 7 0.970432 421.51877 0.1025238 1013.3679 449.7926 7 0.825317 176.00543 3.5964355 301.43524 139.9532 7 0.8100238 6.474701 0.0 481.8225 340.37753 7 0.5665489 389.5779 0.0 468.1575 58.240036 7 0.5285029 3.81427 0.059373856 128.88637 46.15172 7 0.37431714 11.898712 0.24633026 313.08804 195.23767 7 0.10182925 239.95789 3.291317 301.14142 95.03427 7 0.08639813 5.704178 524.1335 324.64398 693.0213 7 0.0811048 306.42004 31.324432 628.4739 645.9363 7 0.05815833 182.767 557.16064 322.51355 697.6366 7 0.057564322 175.44241 0.31634903 484.08884 95.80757 7 0.053328805 0.0 0.0 241.70203 47.741016 ,test/0024.jpg
0 0.9619784 257.47974 556.86957 632.119 775.18463 0 0.9565475 330.26727 754.11224 491.63446 837.5683 0 0.122706905 271.52304 1011.0668 352.53848 1021.17773 0 0.11293685 142.05026 548.498 303.75565 642.2879 1 0.14306585 255.42982 557.2114 630.8518 772.6478 ,test/0025.jpg
4 0.9996551 569.8367 395.57098 692.2313 619.09216 ,test/0026.jpg
0 0.08717894 104.03473 487.69073 204.74771 527.2891 1 0.13191949 104.03473 487.69073 204.74771 527.2891 1 0.101562686 733.7104 325.98236 985.7453 376.79523 1 0.07459199 746.3309 343.0737 928.9494 377.0632 5 0.90307075 82.546646 118.17743 380.57605 346.8719 7 0.99953103 87.1051 419.67526 565.6064 682.87915 7 0.9968353 533.383 446.97964 967.60187 748.42834 7 0.15927035 104.03473 487.69073 204.74771 527.2891 ,test/0027.jpg
0 0.10071115 1.5274353 74.26083 316.11795 956.6017 0 0.05760941 458.82056 481.54935 704.80115 704.6046 1 0.07943187 459.5937 481.08755 704.1192 705.25037 7 0.9612197 458.2428 480.93677 703.3318 705.29395 ,test/0028.jpg
0 0.12279765 633.0263 529.4755 668.26495 556.01825 7 0.9987074 211.71133 454.30353 745.84375 844.9135 7 0.1421641 201.39062 438.3559 431.95447 627.01666 ,test/0029.jpg
0 0.53323215 207.31824 387.99216 755.46295 700.2987 0 0.33758906 0.0 57.45941 96.51184 115.25029 1 0.838386 0.0 57.501606 96.339066 115.046906 1 0.09913751 207.32846 388.30853 756.52466 700.6585 2 0.8438353 207.83978 388.72137 754.534 701.71857 5 0.06548069 207.2034 388.45508 754.03406 702.14856 7 0.069448136 0.0 56.785275 96.00758 115.83359 ,test/0030.jpg
0 0.9973048 367.12503 411.66037 477.68112 500.8304 5 0.9987412 420.56342 422.2146 752.8234 829.57556 7 0.36931095 4.9993095 739.2802 98.7426 847.2662 ,test/0031.jpg
0 0.21910374 522.12787 392.3571 548.4639 460.01035 0 0.13579191 314.03595 281.42828 441.7824 323.6949 0 0.09800935 524.5551 416.84286 603.2066 573.0573 0 0.09299335 281.3005 409.31586 510.62674 517.736 0 0.07451067 277.1939 327.1953 537.07477 519.24695 0 0.0641666 187.03903 296.7932 292.21802 470.45605 1 0.992411 193.4182 279.69733 553.42944 823.60187 1 0.98851264 238.78088 646.8231 525.14777 817.4109 1 0.8563096 255.45068 292.15945 552.0607 517.4502 1 0.562198 523.1256 417.9715 604.02966 568.68744 1 0.41867492 437.05328 293.14798 503.53802 338.15378 1 0.38919157 649.8169 687.3967 1022.8136 809.46387 1 0.35235956 314.03595 281.42828 441.7824 323.6949 1 0.179856 271.26752 668.96643 506.77838 763.5239 1 0.16813734 639.317 678.347 1022.7899 722.4266 1 0.14162107 211.76445 424.0302 610.6602 629.4139 1 0.13545375 269.84387 289.084 454.87402 427.21658 1 0.119805425 522.12787 392.3571 548.4639 460.01035 1 0.09127976 496.4215 317.49326 585.458 444.66336 1 0.08710991 279.53458 396.30844 513.02325 518.25903 1 0.084083505 430.61462 301.6415 558.3491 461.4874 1 0.07927745 657.7284 693.31604 1023.08203 741.359 1 0.06858302 305.30966 282.82092 507.55258 337.03918 1 0.06072597 490.7321 665.4337 516.0613 722.7378 2 0.110684104 518.6225 422.2066 598.22003 512.71643 3 0.5140663 842.41583 400.2471 956.26215 657.79785 3 0.270036 517.397 422.85312 598.5742 512.21783 5 0.16511951 517.9929 420.45752 598.8856 514.0765 7 0.99956745 698.5922 143.95996 889.8569 334.43005 7 0.9817182 282.81213 675.19257 427.0398 725.7518 7 0.10622973 831.9848 143.31915 883.2835 244.081 7 0.08387729 274.0345 658.5116 467.84998 733.7827 7 0.064616375 524.46533 392.89532 548.6892 453.5078 8 0.77275306 842.7942 399.47638 955.32117 659.67584 ,test/0032.jpg
3 0.97066766 256.02094 499.2441 730.29834 733.544 4 0.14379458 250.66713 503.66193 737.497 732.5914 8 0.05897466 244.32414 498.72754 735.2349 730.94556 ,test/0033.jpg
0 0.83702356 163.02762 312.59738 993.5834 883.10095 0 0.82528996 332.15924 109.64072 820.2309 424.28165 0 0.7315795 511.9402 640.6586 685.4807 818.4765 1 0.10209358 246.57852 91.97766 835.47766 409.8038 5 0.091945946 507.48584 634.254 688.3401 869.4282 7 0.11484772 327.1601 101.431366 902.3006 432.126 9 0.057483986 257.20187 313.4514 830.75916 885.08716 ,test/0034.jpg
0 0.6096152 575.12634 217.09058 614.17676 303.19763 0 0.11550675 574.5765 127.81062 613.81195 311.56207 1 0.66071403 340.98764 870.7614 381.03757 924.91473 1 0.15845366 695.0944 213.86688 924.0279 313.48083 1 0.094353676 973.75745 411.3682 1023.0178 452.68265 5 0.99089843 688.1354 148.30353 946.645 324.82678 5 0.98424906 713.22253 441.44708 929.2356 554.3833 5 0.91836876 691.9851 293.40768 942.3883 456.83896 5 0.8786212 695.95 147.61209 948.1652 223.07068 5 0.8190172 737.01807 445.93835 933.15247 475.41174 5 0.7617171 689.67554 304.39304 941.3605 375.1241 5 0.61672693 695.0944 213.86688 924.0279 313.48083 5 0.5762129 721.22797 454.40002 929.03326 510.4989 5 0.32814583 687.7383 304.668 938.1112 327.887 5 0.18976164 711.35565 500.978 888.5124 551.56116 5 0.1724018 922.8652 448.1516 1024.0 554.39404 5 0.10957156 736.3302 187.51097 899.4227 217.84843 5 0.07038575 688.7591 356.08087 929.4097 386.18805 5 0.06574248 743.50244 409.00998 928.8937 476.2062 5 0.052936014 548.5435 342.21252 744.1661 519.6573 5 0.05018074 690.4695 198.9799 937.29114 411.2647 5 0.050108798 718.5929 376.90942 926.9512 499.44598 7 0.9987004 303.55878 209.36494 583.0809 564.6148 7 0.9941064 549.41016 341.62488 744.4812 548.2279 7 0.8325988 382.21786 217.12589 532.79175 289.29898 ,test/0035.jpg
0 0.2818359 847.44293 856.05035 979.31537 1020.05426 0 0.09309387 934.5016 872.32074 1022.92676 1021.09955 0 0.07383483 569.58496 853.4338 1009.8557 1023.6047 1 0.34697536 206.02023 0.0 663.1583 67.272705 4 0.217602 63.981476 94.990845 983.8739 853.7394 4 0.09217733 359.71756 106.10773 953.4154 680.9388 5 0.88406575 70.6019 95.90613 982.59265 850.17145 5 0.43775424 367.94183 109.80698 952.6623 685.89905 5 0.42718697 809.1337 1007.4941 923.6497 1023.72504 5 0.12343794 690.3749 857.8738 991.82654 1024.0 5 0.090926595 811.0054 997.44635 891.0619 1024.0 5 0.06480623 847.6789 855.9918 979.2087 1020.1824 7 0.07332748 849.288 853.4677 979.45795 1019.79767 8 0.88320214 203.60995 0.0 665.69995 67.42238 9 0.2009664 848.3469 854.28564 979.7709 1019.25244 9 0.053993523 686.3954 852.19775 980.34375 1023.71326 ,test/0036.jpg
9 0.9911074 226.93402 351.92484 767.3419 713.556 9 0.08486656 283.14798 524.2556 767.1764 706.82996 ,test/0037.jpg
0 0.23521596 392.53143 537.08215 688.02167 701.8248 0 0.15919785 285.92612 209.39012 737.7986 498.90234 0 0.14894903 267.75433 595.36957 659.139 886.2603 0 0.10021195 258.6317 435.69016 773.4667 863.13025 0 0.06399182 108.062744 537.3337 695.7379 953.4256 1 0.053457268 327.0146 627.9217 673.8736 694.596 3 0.9732274 82.95114 481.11417 792.8535 957.58215 3 0.38597995 283.90228 209.48906 735.227 499.2127 3 0.062890336 37.702087 202.89517 351.74667 913.1467 3 0.0501561 278.80292 206.30792 765.7974 884.2043 5 0.22204132 271.65747 0.0 376.44733 478.972 5 0.21825655 277.83273 27.322342 358.21262 309.38544 5 0.1302922 90.54416 486.6958 770.18555 959.41846 5 0.05400166 283.90228 209.48906 735.227 499.2127 5 0.05234258 228.71303 3.6884613 436.8593 447.15497 7 0.908926 277.7282 208.96683 737.69604 499.94138 7 0.69115746 302.49362 563.9183 394.27286 654.1097 7 0.6475752 386.5251 528.89825 686.56696 697.4433 7 0.5266664 589.9346 680.2872 698.69617 854.4067 7 0.49213827 271.55783 613.9901 651.29395 881.90234 7 0.27610564 567.0283 679.4969 647.6566 873.851 7 0.27439106 103.17108 581.0073 672.23413 966.2988 7 0.27384505 619.174 819.0012 683.42975 868.5188 7 0.20476551 547.5181 683.33386 616.18964 884.59656 7 0.16481936 624.43665 738.702 700.69495 837.1 7 0.15033832 337.3775 620.9031 674.3881 693.61206 7 0.0746877 361.25842 533.23254 682.8418 842.5504 7 0.059146635 278.80292 206.30792 765.7974 884.2043 7 0.052169304 481.94424 683.27466 639.7092 878.32043 ,test/0038.jpg
0 0.08829957 0.0 182.86343 286.3305 1024.0 1 0.05419341 0.0 179.66672 290.17715 1024.0 5 0.9910715 211.38013 171.59125 851.2583 953.7852 5 0.45088267 98.74517 138.58673 238.45349 205.45566 5 0.33240673 211.99129 183.66287 620.10065 675.78577 5 0.22242291 101.22838 139.93507 244.91194 271.7871 5 0.17852718 354.21735 599.1416 862.0943 952.4861 5 0.14043206 0.0 233.26155 256.2898 306.7065 5 0.102572806 0.0 248.69101 252.05698 357.04996 5 0.09546662 4.452362 149.44788 621.1366 888.0748 5 0.076584816 0.0 179.52805 292.26788 1024.0 7 0.9974815 590.9592 0.0 1022.0978 220.52231 7 0.8612506 0.0 179.57791 288.8774 1024.0 7 0.105835095 4.452362 149.44788 621.1366 888.0748 7 0.078138664 0.0 251.56561 250.07413 353.56573 ,test/0039.jpg
3 0.08878041 846.5947 318.27512 933.765 419.64108 5 0.9979596 0.0 118.35809 869.09265 774.1017 5 0.38336757 12.502853 98.23953 453.6631 763.66736 5 0.07483344 48.47959 218.86194 291.83456 745.5275 6 0.05929794 128.66472 4.6371956 283.5929 122.71268 ,test/0040.jpg
0 0.39499566 5.1123962 423.62836 172.0206 736.7282 0 0.35706368 618.3644 363.74048 1008.1564 432.9558 0 0.16532443 12.024017 440.19965 161.78282 588.0273 0 0.12003864 1.4560013 553.8586 175.77911 694.13873 0 0.10912107 439.37646 342.181 730.89905 536.181 0 0.08562619 466.8868 351.93396 1012.1272 532.6236 0 0.06443627 3.5122604 482.30194 150.34183 654.6098 3 0.15949199 12.6688385 385.39252 162.31902 743.3641 9 0.99567324 507.01843 613.65485 880.72754 989.47943 9 0.9855322 77.4819 336.4178 548.7544 940.7818 9 0.16953467 430.1878 343.8619 734.31195 536.7567 9 0.14575545 401.1632 339.27216 542.57794 776.7764 9 0.12772444 96.35251 331.02542 995.4509 835.1084 9 0.067315504 418.95004 627.88666 546.0921 869.8521 9 0.05118905 11.11071 412.60056 240.7446 632.527 ,test/0041.jpg
0 0.08573906 247.56506 179.11818 644.5376 503.64893 0 0.07186357 197.4049 74.658295 1001.49304 960.3789 0 0.062549196 664.70325 88.19545 801.8761 267.0976 0 0.062368065 791.6432 15.955795 1024.0 370.75848 1 0.9484169 3.5207825 685.81006 225.22942 1008.72363 1 0.5601144 3.2554321 117.33899 259.776 995.7291 1 0.26456493 196.24359 80.67996 996.10895 923.9966 1 0.17129394 248.28046 142.99664 765.99255 681.3541 1 0.1487227 251.09349 189.09274 642.4701 504.3254 7 0.87150943 185.5585 79.460175 1010.7235 963.56104 7 0.24722987 855.6471 8.417328 1021.15 392.2764 7 0.10203036 248.28046 142.99664 765.99255 681.3541 7 0.09516921 812.0811 0.0 1022.2955 689.74695 7 0.07493383 927.04224 53.055725 1023.8279 385.26614 7 0.069546424 463.35782 140.77182 841.2732 744.1533 ,test/0042.jpg
0 0.30333924 310.67252 465.19922 366.40158 508.8222 0 0.053663332 289.88824 205.18417 782.68646 718.1272 3 0.493543 293.54327 217.5256 783.37604 718.55444 5 0.8190565 295.47565 215.81837 780.7376 721.0347 ,test/0043.jpg
0 0.73181295 293.35114 575.5517 714.7696 707.0837 1 0.21517052 292.62915 576.31067 714.824 710.4081 7 0.34106517 297.18478 574.41345 713.07007 713.90247 ,test/0044.jpg
0 0.36552987 43.216232 547.6913 175.99759 641.5759 0 0.15834366 0.82987404 568.411 62.31459 633.282 0 0.066942886 45.802994 553.84796 121.05507 627.79034 5 0.3493302 161.11696 422.96127 191.10854 528.63074 5 0.3147042 370.56314 69.304855 444.50443 125.72522 5 0.117365696 552.3572 277.2418 600.02686 317.83597 7 0.99991643 412.45163 261.30682 948.64294 890.34576 7 0.999338 159.14279 296.36737 487.44107 802.80756 7 0.99047863 277.24323 68.60602 485.46332 355.78 7 0.9087034 29.356628 22.433716 412.9404 621.64 7 0.6106321 367.3354 69.81533 449.8332 124.641624 7 0.5868898 424.18427 297.8571 504.7544 527.104 7 0.50699425 161.29398 425.90384 190.7273 528.1521 7 0.43139222 41.08925 548.2911 176.21992 641.8205 7 0.34137952 83.35498 5.0700073 479.43542 377.31592 7 0.28728154 100.78905 4.290455 210.35213 78.71759 7 0.113194466 551.7366 271.21573 602.1398 325.8281 7 0.10379304 464.03198 257.3319 829.47473 487.20416 7 0.08612105 341.5864 278.05774 512.1242 529.5246 7 0.075709045 1.9869442 371.8144 55.210236 597.9866 7 0.058552116 345.73267 447.33115 446.77325 551.5857 7 0.05599314 471.08438 287.32196 517.9095 439.35413 ,test/0045.jpg
1 0.8095412 530.5916 212.21089 914.9522 629.027 1 0.32821974 481.26865 310.3097 631.62244 473.54962 1 0.062196262 101.78995 0.055513382 364.06577 32.38307 5 0.201305 0.36212158 0.0 391.77756 227.18192 7 0.9964056 645.22314 484.03793 831.1316 693.79785 7 0.99447775 226.71852 505.22247 565.2158 778.85626 7 0.9924319 511.64142 535.3191 714.8543 805.8567 7 0.9825503 156.14528 421.77795 439.42426 662.82983 7 0.9329874 417.88593 425.19852 590.20123 529.4012 7 0.78605306 557.1537 416.84464 763.95215 591.62024 7 0.4327335 508.17847 429.8169 582.7096 486.34546 7 0.40564817 557.41797 459.1341 616.0294 533.49744 7 0.20900959 501.93744 452.5345 824.939 816.2723 7 0.16745315 416.7624 416.83707 613.3234 615.5259 7 0.10713535 507.25208 430.51642 558.5714 453.35797 7 0.09525192 645.80316 408.28387 835.4113 580.47485 7 0.08999189 625.6632 235.80536 1021.98083 1020.4118 7 0.07197997 546.4687 434.1643 587.2039 478.19263 7 0.05672253 510.41827 429.08136 625.6042 613.1624 ,test/0046.jpg
0 0.8401105 160.24728 225.25119 829.92456 817.7754 1 0.32895866 159.09781 224.36661 828.8452 818.49524 ,test/0047.jpg
1 0.99876237 38.323334 34.043518 556.31946 861.15735 1 0.4913415 164.28705 39.114914 506.83325 427.8369 7 0.9970282 0.0 745.80396 33.48352 892.006 ,test/0048.jpg
0 0.13152075 209.42227 180.18677 665.3259 927.6179 1 0.078329474 209.42227 180.18677 665.3259 927.6179 7 0.96256196 206.72868 183.28189 661.41693 925.8772 ,test/0049.jpg
0 0.15724146 409.28128 155.55533 663.84375 747.8922 0 0.08342204 653.2215 302.16006 811.8503 380.51126 1 0.29326463 409.2149 154.49976 662.9079 743.62335 7 0.8839657 409.133 158.6123 664.76544 748.0911 ,test/0050.jpg
0 0.18586522 318.23438 656.1217 391.07092 679.1649 0 0.15231813 667.8314 657.26245 756.4856 669.96985 0 0.09618291 270.1845 471.7035 384.27106 574.62463 1 0.9953341 144.88171 812.2992 345.00446 944.7219 1 0.9921211 0.0 386.34747 46.473312 545.3619 1 0.45183763 270.1845 471.7035 384.27106 574.62463 1 0.38900948 0.0 383.22482 18.913956 549.7204 1 0.34641874 338.4781 448.27094 490.66962 626.08344 4 0.070514485 986.9658 486.86478 1022.1566 553.4998 6 0.996843 74.00843 473.02368 303.54678 636.75305 6 0.9955265 472.5321 387.5589 763.63025 613.54803 6 0.9623347 418.07382 603.5919 652.80304 788.0399 6 0.88919646 278.83615 563.6215 385.1082 669.6025 6 0.85962987 337.4407 447.82483 494.27377 626.08496 6 0.70564234 459.01392 553.5723 770.8865 671.25323 6 0.5195321 393.92828 501.3106 781.00385 790.35297 6 0.3725218 366.3327 451.82715 763.77704 646.2634 6 0.36152893 270.7251 476.97113 387.98724 669.31085 6 0.36013284 262.1704 474.2986 385.51697 573.9594 6 0.19215868 471.75555 520.2161 782.31024 631.2148 6 0.09202307 441.87814 438.6139 566.989 633.03406 6 0.0899708 334.195 434.63007 621.0827 617.7791 6 0.063405484 67.95018 459.8239 439.70685 602.8298 6 0.05707974 414.0509 441.22824 513.3454 634.8332 ,test/0051.jpg
0 0.082816996 125.83139 25.972168 940.4916 995.5556 1 0.9445603 168.68051 29.45694 934.91113 985.73755 1 0.10474717 248.32965 447.5352 939.0965 997.9087 1 0.081082225 740.81696 24.128296 997.6329 905.7672 1 0.08080071 353.26697 0.46045685 826.7096 156.0415 1 0.06481088 851.22833 542.26276 915.3127 671.29156 7 0.0705793 164.25815 25.049744 931.19836 982.46423 ,test/0052.jpg
0 0.63877434 301.70557 144.95801 776.27966 825.0842 0 0.38263658 79.25679 5.659195 375.07794 445.50128 0 0.058567815 95.75104 0.0 694.3892 837.287 1 0.4624757 79.97978 5.159073 375.15393 445.3105 1 0.357104 252.37775 99.99808 771.2751 831.7471 6 0.05013404 310.03424 833.4174 461.25977 987.69415 9 0.19899428 301.70557 144.95801 776.27966 825.0842 ,test/0053.jpg
0 0.9998024 349.06982 261.31415 701.08545 628.55963 ,test/0054.jpg
2 0.99997437 402.58044 438.81424 715.3303 691.1215 5 0.24034788 865.3108 177.29857 1022.9877 519.4115 ,test/0055.jpg
0 0.8894007 420.15826 372.4243 734.1713 600.1936 1 0.12004442 419.82007 372.39224 732.09656 601.03156 2 0.27902728 417.81805 374.1186 734.5944 600.1337 ,test/0056.jpg
0 0.5504879 374.78647 644.2509 448.48257 673.293 0 0.26624128 125.115715 581.1078 170.47186 647.324 0 0.24974245 865.419 169.14981 1023.7769 728.84814 0 0.076370604 241.2638 630.4471 312.92297 664.8548 0 0.054498103 546.5038 961.0672 638.99194 1023.1091 1 0.99815494 147.18259 374.90683 696.8667 934.55444 1 0.8855789 453.5316 909.96936 591.08905 1021.89417 1 0.8646833 12.35733 780.7578 589.3982 1023.0491 1 0.20675269 2.638176 195.02817 252.14401 992.02625 1 0.14879683 5.1404114 70.96411 436.5133 1022.02893 1 0.08377348 205.46928 766.79443 588.8924 916.8229 1 0.073628515 864.86035 181.92184 1023.72815 727.599 5 0.05043366 440.8747 908.628 632.25323 1022.2692 7 0.29479533 547.024 961.14124 638.7592 1023.1615 7 0.23474441 864.86035 181.92184 1023.72815 727.599 ,test/0057.jpg
1 0.27259833 391.06696 390.24164 640.085 562.87274 2 0.9092063 386.47046 386.89075 641.9081 561.4991 2 0.33898178 364.6906 261.9925 662.0545 563.5837 3 0.9561307 367.10895 251.12944 660.8282 566.0841 ,test/0058.jpg
0 0.97901046 267.83417 433.02045 562.16016 564.7584 0 0.86740017 78.425476 278.44394 908.5228 1012.39465 0 0.44786298 334.3428 290.30542 497.2557 441.59125 0 0.37640634 246.72588 525.67236 327.40497 564.6864 0 0.3216565 116.14165 278.789 495.65613 429.47876 0 0.32147166 327.5054 407.5009 397.2537 448.0137 0 0.26640752 260.05878 406.46167 746.25903 548.7566 0 0.2473308 96.178024 287.90195 493.68 556.80786 0 0.1726396 707.3473 267.46716 725.8423 298.35846 0 0.14934985 141.58176 291.00635 845.8688 561.7011 0 0.11668215 275.7199 312.99368 606.03534 562.38104 0 0.10109702 594.57855 340.45764 660.1396 367.23425 0 0.074521236 181.23068 203.95862 717.6238 343.65656 0 0.06397765 334.3795 350.43774 405.1816 442.65326 0 0.061005518 523.39575 490.19135 658.62634 536.82623 0 0.0534577 502.02252 522.94727 553.89276 546.42004 1 0.35982248 407.3421 316.28293 769.95746 505.30777 1 0.30840224 524.745 491.35632 653.0748 536.14624 1 0.2644083 141.58176 291.00635 845.8688 561.7011 1 0.2272493 380.73187 204.67055 701.92145 344.89276 1 0.13068247 155.43083 284.6638 408.40442 446.40756 1 0.09319353 386.67828 293.25534 508.20398 487.2816 1 0.07014644 560.48047 359.9497 756.62244 499.20673 1 0.05888638 344.3152 288.0205 489.5019 440.56567 1 0.057031505 109.423706 279.20837 501.9945 539.91797 1 0.051275875 108.263374 323.38092 347.2125 548.9813 2 0.98266184 589.57227 288.70056 746.0863 379.2638 2 0.9823187 110.42321 324.67932 330.12067 554.6553 2 0.773555 378.181 325.5008 797.89 501.22028 2 0.7077903 390.1357 297.03677 511.5316 487.1556 2 0.15457173 588.64246 284.98355 750.14734 323.0723 2 0.123328425 560.48047 359.9497 756.62244 499.20673 2 0.11711164 141.58176 291.00635 845.8688 561.7011 2 0.09828072 126.597084 330.69952 358.3163 449.32263 2 0.05984446 339.4139 303.79083 499.60922 440.78522 3 0.076904334 250.2688 538.15265 328.97266 564.3151 5 0.9793226 712.175 320.0607 847.46515 461.93228 5 0.7610461 353.90015 202.92047 722.8158 339.36743 5 0.4118183 702.67334 322.0801 851.20276 390.68985 5 0.18370502 542.39685 202.49525 723.8655 283.01672 5 0.18098411 635.10175 202.36118 730.0035 270.40903 5 0.108437106 725.15106 323.5864 814.3995 352.2557 5 0.067806564 740.1577 324.17505 803.6244 333.36084 5 0.059999555 378.2281 285.63864 484.4353 457.74966 5 0.057317436 275.76306 304.03647 846.9971 551.256 5 0.053944748 553.3644 299.6416 839.7023 499.88025 6 0.054446213 334.3428 290.30542 497.2557 441.59125 7 0.33502895 250.2688 538.15265 328.97266 564.3151 7 0.29953614 356.5929 202.23962 726.0504 340.22247 9 0.07680733 77.57767 277.29825 908.64404 1010.8606 ,test/0059.jpg
0 0.4935129 488.11127 246.31026 521.17584 292.42133 0 0.052866008 554.0679 324.16824 710.03503 425.25546 1 0.98328984 270.81656 199.01108 793.8672 848.9308 1 0.977738 322.07208 194.19864 593.6646 491.87424 1 0.8268077 473.66022 247.45226 561.3652 312.64478 1 0.67958814 554.929 277.51083 701.4246 419.7192 1 0.65463763 422.51782 160.45952 588.8259 318.04022 1 0.31801355 487.82965 246.656 521.26636 292.43524 1 0.29935828 548.0611 253.76752 577.02216 311.4171 1 0.25309223 418.9206 152.5509 696.7485 380.42712 1 0.24621724 550.3738 220.78706 735.3368 345.7359 1 0.23955956 547.22144 226.0548 586.57874 312.2069 1 0.23783085 439.2218 216.84901 567.9939 317.3647 1 0.19704098 550.31647 229.037 589.8449 266.56635 1 0.14870837 497.04288 326.8005 605.508 461.6226 1 0.1484329 510.72913 265.21204 555.4171 311.9702 1 0.1291958 521.07227 228.64127 721.66675 476.41818 1 0.1271353 315.8682 372.69357 335.1423 439.30704 1 0.11747169 547.60315 150.92474 596.48413 317.83752 1 0.11734014 579.8838 334.8125 717.1532 402.65308 1 0.10109238 561.86255 229.10254 590.0155 289.36407 1 0.0926803 563.13715 153.2951 673.6639 312.09305 1 0.08976276 553.2325 221.93915 631.7354 296.12555 1 0.08224076 294.84717 209.47986 672.02094 626.4224 1 0.07940925 555.08014 284.65753 671.3007 359.14508 1 0.068323664 321.19885 290.2664 463.4687 493.0646 1 0.0664198 318.91974 384.16846 343.4839 432.82812 1 0.05485219 437.11035 176.64816 558.1196 248.9477 1 0.052840177 613.84033 208.52522 711.3611 345.41022 1 0.05138009 547.90234 281.30804 585.5073 309.81464 2 0.22798084 274.44943 206.8609 790.8402 849.5506 ,test/0060.jpg
0 0.9325473 226.73392 42.88315 764.6012 945.6764 0 0.21860656 525.1539 72.25262 663.3118 185.4993 0 0.07999456 308.81012 68.53546 799.99274 530.84656 1 0.14552781 230.10217 41.488922 772.1499 938.588 ,test/0061.jpg
0 0.9834727 555.4022 313.85718 603.4431 369.15723 0 0.6984319 447.4733 325.37088 489.81473 366.32156 0 0.49385983 512.6853 308.5568 602.66907 405.51517 0 0.40597636 663.62384 232.8029 716.77045 282.49777 0 0.18742803 492.15973 342.18484 592.23834 407.09933 0 0.15728378 542.54144 342.48514 582.3486 369.171 0 0.15021177 424.4474 329.1037 489.1339 382.7426 0 0.08071865 404.74756 321.3797 519.2723 380.90808 0 0.05489759 519.3143 328.8819 591.92865 388.27356 1 0.0821747 663.62384 232.8029 716.77045 282.49777 5 0.9896505 487.99435 343.24246 592.6494 406.9409 5 0.97142965 400.75763 352.07632 490.4403 390.4492 5 0.30684462 634.1611 493.34073 692.95465 561.52423 5 0.12547836 359.0899 339.86353 513.46 391.92804 5 0.07297778 486.61404 351.57025 518.2069 398.47076 5 0.060686883 486.39542 363.75992 535.386 402.5419 7 0.9967354 164.14996 285.13635 970.07184 851.7517 7 0.34457615 663.5028 232.67479 716.89905 282.78687 7 0.20214023 242.14174 284.65778 724.70966 529.82227 7 0.08775101 245.14558 431.29373 676.1436 516.96857 7 0.07979554 180.32828 672.75916 980.6609 848.02295 ,test/0062.jpg
0 0.8170243 108.972595 631.267 207.56808 725.0838 0 0.32773465 592.7262 0.0 868.2274 174.49123 0 0.3113915 0.49852753 378.65704 152.31412 658.13275 0 0.24186487 3.5428123 634.8251 127.83768 729.3854 0 0.10044556 101.964584 545.78375 169.92989 636.28436 0 0.097179264 15.235374 627.88354 203.83337 716.40295 0 0.08651949 0.0 633.3015 135.56444 675.754 0 0.068639114 224.89897 12.439484 578.6321 583.7052 0 0.06549268 182.11044 50.11328 665.3888 811.66815 1 0.98615986 4.125656 645.86334 158.4341 999.982 1 0.9086972 129.00928 659.2551 279.5802 1017.48 1 0.8933823 837.50073 0.0 1023.6306 361.76514 1 0.8534884 1.3383942 2.533783 248.4331 394.26514 1 0.7915532 474.56473 684.8251 728.33954 1020.3862 1 0.651588 170.60736 32.16263 684.0178 892.6937 1 0.59125274 0.0 640.3681 469.5274 1021.5651 1 0.5120131 102.6514 708.3433 638.6207 1024.0 1 0.47272718 4.127075 945.7501 158.40405 1022.553 1 0.46810195 184.97598 730.1926 465.41666 1022.4723 1 0.41425905 250.17226 0.0 479.88684 34.31182 1 0.4089355 596.886 0.0 868.40967 174.52592 1 0.3827341 147.6723 782.5934 183.42938 1024.0 1 0.32164195 446.5881 875.52814 541.3248 1023.2109 1 0.28140545 135.68263 429.22232 226.26122 560.64825 1 0.27850804 1.3816528 632.9751 129.19171 727.3694 1 0.2375983 198.95018 0.24038696 632.29926 47.50044 1 0.16881247 470.1946 0.0 633.3187 36.00822 1 0.16771124 133.28944 668.68274 191.71617 1023.1952 1 0.14878991 172.91806 0.0 842.37756 167.07898 1 0.13769688 176.93777 36.718277 666.2345 474.73718 1 0.1318556 104.566696 544.6098 169.90245 636.4097 1 0.13103199 161.71362 1.2517166 868.31433 71.530624 1 0.10834709 0.0 648.1794 55.11309 722.46674 1 0.10804595 0.5410614 535.83325 272.70496 1011.0215 1 0.09464071 434.18927 882.1267 487.0288 975.2671 1 0.091634855 0.92845154 868.3493 163.5464 1023.3747 1 0.09087342 230.5563 870.2916 482.7261 1022.1118 1 0.07896869 124.52916 394.11456 234.52092 629.2693 1 0.07877284 99.85577 491.10907 238.07755 625.9079 1 0.076148055 528.1647 3.664215 1024.0 356.5231 1 0.072879955 112.992195 30.876678 260.45844 585.54663 1 0.071969055 199.38759 709.4606 282.52338 1022.28 1 0.07187089 220.26094 701.5393 250.65977 828.07263 1 0.06450906 172.32155 0.0 296.76355 31.429304 1 0.056220584 220.54959 1.8875818 284.81796 30.288212 1 0.054801065 167.53792 8.32312 316.37506 355.32712 2 0.7053207 199.51146 16.888489 676.1151 961.4182 2 0.07493398 103.1741 545.4559 170.06622 636.1894 3 0.45878893 1.1546555 374.03708 146.85855 687.5609 3 0.21140987 23.670345 380.2191 150.44968 561.3689 3 0.08285138 101.964584 545.78375 169.92989 636.28436 3 0.05834291 81.631096 380.8519 241.93256 690.7279 5 0.22744425 103.408066 545.02985 170.13078 636.30255 5 0.073272064 837.0736 0.0 1024.0 361.4521 5 0.060061675 0.69846344 368.3952 149.05511 685.1403 5 0.05559206 20.227463 387.05475 150.97006 545.3259 6 0.16628961 323.15112 337.81134 480.2956 525.1944 7 0.19402508 587.2004 0.0 867.1026 174.40106 ,test/0063.jpg
0 0.7917632 441.52502 936.8903 582.0803 1023.33527 0 0.07310065 380.37976 835.4208 696.59326 1021.2029 0 0.05663925 924.13666 847.6919 1024.0 947.83167 3 0.22493868 271.95935 610.211 392.22168 671.2437 5 0.9962914 515.7361 468.92807 669.54724 653.2297 7 0.98131037 566.3332 909.5011 694.9904 1021.93835 7 0.97502196 4.505745 760.5177 126.39999 831.3074 7 0.78948164 272.0459 610.05396 392.53522 671.0299 7 0.72964376 379.98163 834.3197 694.49603 1021.588 7 0.28081238 440.21765 936.8294 582.9598 1022.61005 7 0.10308931 368.37494 829.81177 546.53326 906.63806 7 0.07940999 438.62567 914.2287 697.4853 1021.94305 7 0.07243165 7.6771355 757.3094 125.15225 940.8035 ,test/0064.jpg
0 0.9415813 10.1284485 356.6961 322.4712 993.7143 0 0.16344123 901.8364 452.2188 1023.18677 565.8025 0 0.13887133 29.176544 15.445862 588.18896 779.03235 0 0.0999688 192.31331 517.1913 301.65103 715.3812 0 0.06609214 137.9721 684.7377 307.71976 1007.9658 0 0.059099734 132.9057 411.31717 377.98788 998.7423 1 0.98962295 537.20435 287.8387 1010.6616 861.38745 1 0.9185773 607.2655 252.32281 864.30676 500.41455 1 0.7965539 750.1287 315.20157 885.0478 490.91586 1 0.6368723 830.17 317.48166 1000.19867 491.21957 1 0.576063 686.2807 306.862 1012.0539 497.2735 1 0.5346631 830.40564 398.74762 886.1896 467.69373 1 0.27421203 707.53766 281.1978 827.59247 499.33087 1 0.24765496 611.81055 269.10156 837.75195 346.33954 1 0.21268964 607.0019 325.24893 1014.8521 601.6322 1 0.20955218 760.55396 343.02863 1023.11694 841.00665 1 0.20559275 661.41943 331.40656 809.2117 497.5971 1 0.13689995 894.6095 361.55792 1005.0375 498.2567 1 0.13608739 901.8364 452.2188 1023.18677 565.8025 1 0.12854977 14.779083 1.8278198 902.3855 741.04236 1 0.12565334 813.19543 475.36694 868.36426 501.13733 1 0.113424666 813.2981 519.43335 1007.82874 843.0321 1 0.08779393 629.047 279.99796 783.24963 310.38272 1 0.08455405 897.2535 451.57364 957.45294 500.31613 1 0.083102316 851.8396 449.69284 909.69226 500.31406 1 0.08034658 420.50797 295.49188 602.5187 655.58453 1 0.074958384 834.0382 335.78577 1012.5928 641.04395 1 0.064235575 856.49536 461.40164 905.67017 486.37906 1 0.061838165 829.16064 459.11792 901.0137 479.59827 1 0.053776447 646.8778 295.95535 783.62854 345.28702 1 0.053186696 850.8505 408.89935 1011.9655 503.53748 1 0.051253106 813.0974 451.7615 870.4564 503.85934 1 0.051191628 748.3922 281.79132 835.8739 338.54694 1 0.050169416 825.0836 450.39908 926.3895 488.12863 5 0.106982894 604.61523 242.84293 835.0138 495.74564 5 0.094708405 600.52423 247.02554 845.11005 339.6868 5 0.08769272 609.0307 245.49927 678.39655 312.44714 7 0.9874637 805.4828 528.0161 1022.1217 836.55505 7 0.90695095 208.3688 466.06747 534.07715 902.8401 7 0.8056382 0.0 348.40576 540.1102 969.1969 7 0.16437474 206.79623 678.9187 296.4408 737.2042 7 0.100999475 978.1079 441.28018 1023.5724 567.6417 7 0.06740234 193.19324 520.58966 301.70096 709.0452 ,test/0065.jpg
0 0.056768432 636.34216 540.9661 739.02075 624.27924 5 0.99946696 262.3812 303.88385 736.3163 629.8738 ,test/0066.jpg
0 0.6093318 543.58264 191.10172 847.4779 837.2799 0 0.29349998 188.66394 241.70084 857.8502 808.8561 0 0.10041805 57.89389 514.6556 329.7547 870.9948 1 0.08229347 543.58264 191.10172 847.4779 837.2799 1 0.06632261 188.66394 241.70084 857.8502 808.8561 6 0.93559587 208.89386 245.63803 754.9463 749.99756 6 0.27177778 56.004715 487.31326 347.35767 872.2207 6 0.14811152 49.94899 281.58218 447.4275 883.0282 6 0.14788024 183.52632 292.31207 475.04327 678.6002 ,test/0067.jpg
0 0.20102209 179.15878 469.03693 444.756 884.4416 1 0.99327177 173.18958 106.26221 898.2114 907.576 1 0.10964857 181.19328 463.35144 443.07672 888.07166 ,test/0068.jpg
0 0.6040534 544.5526 774.85767 645.6201 1022.27625 0 0.16912675 470.75 646.653 654.14417 1021.74457 0 0.09615225 185.19864 220.53287 236.45331 304.43997 0 0.0720589 652.6537 391.3309 712.636 438.70737 0 0.06877873 399.30392 229.29707 498.43716 535.4619 0 0.061193507 531.5591 652.8304 619.6273 1004.8084 0 0.053358603 464.28497 265.46643 926.1673 1014.2604 1 0.99440974 84.7861 45.622803 505.62302 754.014 1 0.98457146 463.06 260.66934 923.4698 1018.15784 1 0.55900025 93.936584 52.2287 412.01276 519.6192 1 0.35873538 915.2572 75.86014 1022.8645 194.82861 1 0.25897405 467.2534 607.1236 631.1717 1019.4168 1 0.24797867 185.30283 220.70932 236.39355 305.0441 1 0.21376723 74.555214 55.577637 269.3592 451.63712 1 0.07558742 475.93948 790.49 665.67676 1023.63745 1 0.06161099 82.795906 475.50024 250.38898 546.487 1 0.059193723 2.282257 11.342941 264.85495 298.72412 1 0.05513477 466.2709 613.304 546.39276 905.5251 6 0.97206706 454.0851 949.3347 526.69336 1018.3402 6 0.538604 476.3656 790.33575 663.7335 1023.4406 6 0.07502041 546.36865 775.237 636.17957 1021.6999 ,test/0069.jpg
3 0.15650204 537.4988 867.57416 595.9054 981.65924 9 0.9608039 42.08383 458.64752 507.1086 912.8682 9 0.8230658 363.0525 511.44232 753.9293 856.15265 9 0.1442316 450.0918 712.41077 719.4159 864.1044 9 0.13646668 132.0456 735.82806 714.5137 877.8183 ,test/0070.jpg
0 0.9993222 136.94861 210.20581 799.1447 917.1266 0 0.14600757 539.7379 361.17584 812.016 928.8558 0 0.10942113 152.71437 573.6268 601.42053 908.71405 ,test/0071.jpg
0 0.085137874 207.27646 577.0356 257.93713 629.4379 3 0.9983531 435.34415 383.02502 532.54956 621.9629 ,test/0072.jpg
0 0.999816 370.36188 253.47517 678.24725 681.5451 ,test/0073.jpg
1 0.9869588 672.68555 235.04547 865.60767 561.9874 1 0.95370835 727.0443 343.68948 842.75745 560.4144 1 0.52067447 691.07465 236.4767 884.1026 335.00543 1 0.3269332 706.19653 412.57037 740.4618 460.32397 1 0.2096951 801.5558 405.81448 830.62744 446.89743 1 0.14219242 728.13214 363.2653 831.24677 455.75443 1 0.088213176 668.3157 244.99406 742.85034 456.85016 1 0.067884594 710.70715 294.2226 863.19165 444.003 1 0.052438 693.0924 269.64127 822.9121 494.45486 3 0.27831635 404.59796 922.98303 441.94977 960.0029 3 0.056364857 393.7823 297.9395 579.0932 532.4204 5 0.063037865 395.3989 296.89468 580.09314 535.49243 7 0.99977976 88.01062 227.3039 408.28745 705.54376 7 0.9987686 362.85355 450.9704 587.5541 883.8431 7 0.9828334 294.09293 4.6624603 458.3301 398.35278 7 0.98186976 516.60834 554.8422 635.5108 736.9432 7 0.72222865 391.04935 296.47574 580.7976 534.03076 7 0.30864117 278.41278 12.670593 563.2596 457.65298 ,test/0074.jpg
3 0.07803904 331.56274 636.1686 480.7068 783.9917 3 0.07498955 218.89427 495.76956 674.13477 794.9022 7 0.99781775 136.74556 80.23932 572.8412 695.784 7 0.99254614 219.69083 504.18805 673.0665 795.9847 7 0.17749381 443.93207 434.91116 578.2196 530.24646 ,test/0075.jpg
0 0.36353216 515.9313 412.2661 554.646 534.79443 0 0.35024348 696.86536 208.73415 758.6122 321.0039 0 0.2989791 908.0919 809.2729 982.99023 887.1794 0 0.18008226 325.02054 315.71384 399.01804 469.2311 0 0.15388325 531.1507 377.44632 588.11127 417.23636 0 0.15330292 521.3487 377.13815 594.0656 544.7943 0 0.114783764 492.17776 382.82236 569.6842 540.08984 0 0.06569376 550.0479 410.98602 583.2944 453.58936 0 0.06440044 418.92258 382.2754 525.79913 549.0405 0 0.057655796 538.2449 384.0883 594.4669 474.10776 1 0.9562726 544.7765 200.65411 693.6494 236.29968 1 0.6141093 402.1633 318.96762 441.00345 411.12692 1 0.3934795 908.23596 809.3097 982.069 886.74316 1 0.31424674 598.0218 412.62024 622.4975 465.94147 1 0.31246534 531.761 376.8612 587.80945 417.7942 1 0.16849585 544.2942 403.5068 601.192 474.18198 1 0.15066661 562.9148 408.07535 622.87585 468.7581 1 0.14604345 393.36768 384.9131 456.89227 409.2005 1 0.13893166 533.16547 375.0635 598.3868 544.198 1 0.1374603 547.98706 190.81322 701.8712 264.35962 1 0.11369059 534.7536 378.11295 595.49164 455.89896 1 0.08716768 574.07056 422.61597 599.98706 476.2669 1 0.07129572 561.23584 408.8907 598.23486 460.9735 1 0.067519896 550.0479 410.98602 583.2944 453.58936 1 0.06638046 534.8753 384.08185 617.9006 486.07288 5 0.98406696 137.41931 630.2903 182.88629 672.3911 5 0.45681953 453.47034 416.03397 525.5903 585.20667 5 0.42624173 471.83362 437.39966 527.9368 546.7446 5 0.23723821 418.92258 382.2754 525.79913 549.0405 5 0.23520316 381.14215 426.01614 456.84454 670.77747 5 0.17066798 325.02054 315.71384 399.01804 469.2311 5 0.15038942 598.53 412.33905 622.71423 465.60675 5 0.13718835 454.48355 519.2756 516.1962 588.8742 5 0.116343044 441.17813 410.35162 477.71225 451.45074 5 0.11242547 485.68723 408.9614 537.74896 536.2217 5 0.10990231 460.28677 492.36893 519.676 571.8645 5 0.10856431 390.77988 383.461 416.37057 413.43304 5 0.10015785 392.3722 384.1561 451.9154 411.4075 5 0.07874229 131.75146 607.4815 245.12723 667.19476 5 0.07801696 456.64752 379.70935 508.54718 524.37604 5 0.072645225 476.57895 455.58777 511.8989 525.74225 5 0.0648032 444.16522 381.05045 520.341 458.13583 5 0.06323638 149.6828 600.0752 308.2719 676.0812 5 0.06173675 378.23996 374.8123 544.47406 628.9736 5 0.05495952 450.40317 421.80273 488.12057 553.02795 7 0.99967027 137.41501 761.87164 397.2167 1008.9001 7 0.9987967 347.67157 361.65005 598.29553 932.3412 7 0.99801755 572.62744 733.6327 758.45435 995.87305 7 0.97531223 144.79514 513.37805 323.84714 892.47925 7 0.97265583 721.4847 326.50104 795.39655 402.32782 7 0.9284227 742.6899 434.32483 959.19147 708.25586 7 0.9107995 570.18475 244.46689 762.32684 893.84204 7 0.8124026 185.27757 518.7137 336.80762 765.0141 7 0.7138071 549.2465 236.48883 725.2172 473.02063 7 0.5966211 740.405 328.87186 868.4575 723.9575 7 0.29656094 185.89929 533.14636 304.78983 624.6284 7 0.25700554 571.902 718.701 626.2706 864.4814 7 0.2489509 392.92712 377.84482 539.1104 542.60236 7 0.2468792 298.45456 657.985 333.25906 759.4188 7 0.12595357 543.86206 403.54404 607.6018 754.1273 7 0.12566192 300.8556 664.5 329.2256 699.4492 7 0.116152704 280.18604 534.3949 339.03918 749.2666 7 0.11601588 285.4401 543.41895 324.1436 668.02136 7 0.11095684 176.06699 588.5147 317.32327 732.6883 7 0.100545995 210.73259 587.70337 270.7453 614.6576 7 0.08801163 521.3487 377.13815 594.0656 544.7943 7 0.08165805 281.26025 628.03516 331.53387 760.1852 7 0.080173075 183.62917 538.6821 221.90846 615.0691 7 0.07713589 305.14774 634.3507 340.65305 696.23035 7 0.06174863 504.46112 362.27783 598.36005 921.86304 7 0.056190424 568.0529 305.59082 833.76166 694.9363 7 0.05240051 379.56653 406.3955 465.32794 667.6294 7 0.051173393 390.07935 384.01102 460.33527 410.1392 ,test/0076.jpg
0 0.99948835 173.04187 122.69504 881.1439 772.938 5 0.056662224 109.5315 795.4128 266.95892 1024.0 ,test/0077.jpg
0 0.072245 12.671364 554.36475 230.14877 833.49207 1 0.99418384 305.33316 466.36444 499.1359 612.9062 1 0.9895034 270.1429 538.6913 494.9418 776.3456 1 0.28652957 0.0 613.4927 35.008892 764.18396 1 0.09834265 331.7394 590.0997 486.50687 628.59357 5 0.9671823 655.67883 203.73361 733.96655 299.4061 5 0.92398953 12.79158 554.3965 230.93733 833.9695 5 0.16760968 618.1527 272.95337 643.3114 313.6261 5 0.08379738 601.31384 265.8442 641.5813 313.54453 5 0.06646212 573.5022 261.83066 645.8998 315.79398 7 0.99926144 435.60022 237.00291 590.8225 595.5695 7 0.9989188 564.00775 257.6009 718.64105 530.74603 7 0.99811625 761.2688 175.03958 885.2478 438.31088 7 0.9915576 681.8387 250.84729 781.8682 468.72266 7 0.2601136 566.35815 287.988 595.5575 349.8668 7 0.18552835 573.5022 261.83066 645.8998 315.79398 7 0.17657813 616.903 273.02985 643.7852 313.41553 7 0.1253968 655.33344 203.18835 733.831 299.45422 7 0.095060766 601.31384 265.8442 641.5813 313.54453 7 0.07176355 9.02626 563.0428 233.16568 825.2624 7 0.06993822 465.67712 239.41525 588.1251 346.54105 7 0.06971395 549.8644 266.1638 593.8323 349.85892 7 0.05212576 753.87787 265.7484 784.22626 441.44763 7 0.05128492 648.951 204.39178 736.12506 447.9085 ,test/0078.jpg
2 0.9997936 407.56537 208.07263 933.98456 825.4453 2 0.30961633 396.0802 188.05026 567.1298 824.58777 ,test/0079.jpg
0 0.9651259 240.21092 151.12692 601.0037 348.4838 0 0.49159768 94.43731 146.79553 192.16626 206.00531 0 0.30064324 298.99414 388.958 718.3236 791.73486 0 0.10347094 124.862305 124.88805 654.33527 398.25317 0 0.101502195 98.54492 111.53439 694.3331 656.65125 1 0.075233884 302.97516 387.76923 722.5712 791.17914 2 0.98723525 218.78229 420.33716 270.12158 463.27386 3 0.12803616 94.12875 146.44165 192.76633 205.7391 5 0.30966985 94.050995 146.58922 192.7243 205.7371 7 0.9224941 300.77634 387.93176 717.7589 792.03296 ,test/0080.jpg
0 0.9996536 277.97784 330.62784 837.71466 657.6548 0 0.5845333 856.8568 730.45 906.605 781.7911 ,test/0081.jpg
7 0.9916203 383.85028 273.64783 567.3221 773.6555 7 0.62109524 369.4737 701.64496 571.1258 777.69025 ,test/0082.jpg
0 0.108836286 393.64557 242.22041 614.973 718.5106 0 0.0705171 577.5747 257.2474 628.39307 279.4017 0 0.052181665 379.44287 222.24002 891.28064 714.03174 2 0.09243898 389.86417 243.22446 614.4064 719.12256 3 0.9671691 390.31134 242.32326 613.84937 719.4901 3 0.06038567 380.38577 220.02382 894.5802 713.46246 5 0.55009323 514.7583 223.40468 896.7782 687.0347 5 0.14066161 386.5542 240.75436 614.4253 721.4701 5 0.051420506 573.6194 540.9896 770.23206 683.08655 7 0.59821856 390.57013 214.29874 891.1419 714.22766 ,test/0083.jpg
0 0.09870819 94.21393 352.249 777.46014 857.7389 1 0.9878962 111.997925 358.82184 780.6345 857.40594 ,test/0084.jpg
0 0.65517944 630.2291 387.69275 722.7396 474.69794 0 0.18617526 465.56128 328.21564 725.91064 818.352 0 0.14587411 513.3885 338.82724 569.1657 405.53372 0 0.11506092 631.2252 399.0652 729.27527 584.1004 0 0.10283239 706.1599 437.80417 736.2444 469.77304 0 0.068928726 449.04352 346.14862 549.4108 502.0423 0 0.06720774 664.78784 445.6158 727.94165 471.77933 0 0.059103195 453.19745 330.7245 655.42926 506.6996 0 0.056328632 465.053 386.05396 523.29553 498.94043 0 0.050298646 513.5817 281.9254 577.40375 414.01056 1 0.9974745 639.5172 642.19257 822.29126 854.1761 1 0.9775063 100.87359 376.03662 323.49432 600.297 1 0.95550936 338.12366 238.53183 452.6609 382.53647 1 0.95546705 267.65237 515.6781 348.6982 629.4989 1 0.8922295 433.09506 215.26425 575.0978 455.06772 1 0.7097817 299.05267 454.08377 353.87592 524.99927 1 0.69209516 644.4152 643.60767 765.8757 794.7737 1 0.54581785 446.01636 212.85237 569.98596 353.0951 1 0.42340156 513.7571 339.14142 568.53723 405.02356 1 0.405567 677.8737 642.64386 767.9395 722.79144 1 0.36554423 240.2321 366.58868 457.91687 486.0667 1 0.33866236 444.97833 208.80496 515.5494 311.49258 1 0.32565272 679.78076 700.71893 746.8678 823.3284 1 0.30268827 288.85675 223.57979 578.94135 392.95587 1 0.27658725 419.29004 295.75806 612.0801 504.39502 1 0.25651824 355.48996 345.88168 393.5248 386.55484 1 0.25463706 630.0272 387.62994 722.8779 474.77917 1 0.25269338 649.39325 708.9242 726.1519 816.00977 1 0.23844196 432.21686 289.22546 536.73474 448.7234 1 0.21511877 262.7292 444.05972 405.82214 626.11975 1 0.19545181 756.1462 639.8492 790.6252 703.3205 1 0.17918047 265.4291 349.4497 449.88492 630.13196 1 0.17611335 649.9412 704.1586 744.6961 770.3016 1 0.11756203 323.59073 410.26605 395.06387 475.04413 1 0.11672659 269.48474 350.67822 562.4471 493.45984 1 0.11432324 299.51193 446.77393 401.44223 524.6643 1 0.11422068 454.6297 372.7641 534.0725 503.26862 1 0.112260066 394.35574 410.70975 448.91122 482.9454 1 0.10766848 640.6811 728.6435 704.70184 826.966 1 0.09891505 289.52124 376.5422 414.5938 535.0614 1 0.096985005 395.23224 395.5475 544.90436 489.0852 1 0.09453225 431.61234 421.88425 473.05045 494.92477 1 0.088353634 512.7408 282.51483 568.00287 411.95215 1 0.086033344 704.80115 436.56335 736.2363 468.14337 1 0.082030736 173.39206 370.56726 493.94174 581.53894 1 0.08134231 340.73315 435.36484 400.93427 606.59656 1 0.07869886 305.74896 285.06598 495.80084 531.14935 1 0.07542555 464.78247 406.3241 500.7555 498.25916 1 0.06901264 386.6971 257.66394 479.69266 486.16968 1 0.05998844 385.38943 273.3484 456.53885 344.30322 1 0.05883242 300.8471 409.51 486.8592 679.7698 1 0.057705298 351.6287 353.2777 473.32516 490.17773 1 0.05761993 404.83484 311.00256 515.92975 486.90076 1 0.056707386 344.48267 433.93964 397.60645 476.68457 1 0.05461529 436.14386 410.26453 505.69 494.15607 1 0.05418311 657.7457 712.1099 707.8058 735.44904 1 0.053504027 296.1725 424.71942 381.25812 589.5607 1 0.05050136 309.15222 420.14044 452.5699 490.92603 1 0.050178237 443.8655 456.1751 474.38174 494.20508 1 0.05012824 360.43176 348.91373 534.13007 455.4352 2 0.9026708 344.82162 434.8681 396.87143 475.59302 2 0.21710458 513.407 339.669 568.8031 404.5111 5 0.29781964 667.55304 443.1872 730.3062 583.63715 5 0.18718866 662.27026 452.2543 731.01855 494.75223 5 0.06374189 467.18765 387.56186 530.2179 499.69125 5 0.06045438 403.19217 481.61093 495.17502 529.06177 5 0.057767253 346.49323 435.11487 397.864 476.80597 6 0.053669486 526.715 305.01437 661.30817 457.84293 7 0.9995833 66.52758 543.4842 297.3009 779.17755 7 0.998456 784.50226 298.48206 939.9316 690.1953 7 0.9900809 284.03033 508.97357 477.89874 909.2253 7 0.96948516 270.81516 310.34457 370.9445 379.16 7 0.92795175 465.31207 331.00873 726.1125 817.0704 7 0.6251567 346.80988 474.53387 511.9101 742.53265 7 0.5538135 464.62427 383.74405 533.5938 498.12332 7 0.45574597 435.91748 212.9847 512.9485 300.60492 7 0.39070848 513.3885 338.82724 569.1657 405.53372 7 0.24190798 458.9918 333.99927 617.65314 501.93768 7 0.21685512 348.70538 470.963 498.8838 604.7073 7 0.20330508 322.04034 240.38914 456.07916 378.43127 7 0.19137691 537.5413 284.60532 583.9257 344.29617 7 0.16908199 513.0023 289.92938 580.5469 411.50555 7 0.0748506 275.27386 545.2395 353.79675 784.92395 7 0.064193405 456.3318 342.82434 599.96716 810.6228 7 0.06074461 525.5598 307.51593 658.61475 457.7611 ,test/0085.jpg
0 0.12640397 449.50906 2.478592 515.67914 353.54962 0 0.06625964 39.10759 946.84357 83.22519 968.57794 0 0.057728108 491.1521 158.22742 627.9485 223.68204 1 0.92614406 12.04158 35.52379 359.6886 458.36847 1 0.06431579 488.87805 157.94637 627.3894 223.20274 6 0.40409747 496.623 0.88153076 557.992 104.757614 6 0.27948382 587.90015 0.0 696.96533 77.62239 7 0.99866915 100.170746 389.9613 687.5521 971.65186 7 0.9957846 464.9287 7.7562256 835.85095 855.7904 7 0.44083866 499.24957 11.187019 631.88043 229.79642 7 0.32188737 0.027261734 890.33514 49.54962 936.5401 7 0.117808975 458.05624 1.4328613 670.9597 477.9323 7 0.10523251 493.50983 157.91486 625.6053 226.66968 7 0.078198746 490.063 196.97911 613.13965 225.07097 7 0.050746165 399.15088 335.58398 546.1083 509.65942 ,test/0086.jpg
0 0.3006342 531.4423 284.55377 728.71466 558.1064 1 0.4839855 526.6476 288.47012 729.14636 553.7622 1 0.3170922 352.64005 289.1055 724.2716 790.93555 2 0.8792695 345.3737 285.16788 724.3762 786.2224 2 0.3579466 530.1513 283.3786 729.21783 558.09467 5 0.39131364 528.2811 285.04272 729.70386 555.124 5 0.105482645 352.96768 296.28787 530.0303 486.07376 5 0.077719785 347.89105 285.8151 725.259 786.17017 7 0.9537756 352.48578 296.1914 529.9606 486.13324 7 0.07050025 354.2188 289.8852 700.4869 499.88165 ,test/0087.jpg
0 0.5581403 24.71848 462.48737 137.82048 547.56836 0 0.2806813 0.3313446 451.54785 172.92682 885.3285 0 0.20624658 0.22680664 521.9627 541.7467 886.2248 0 0.19104387 192.97986 591.48157 328.0163 761.5907 0 0.14530422 138.75958 537.3345 325.1855 776.0487 0 0.12608086 6.7306213 445.7312 232.9052 727.08545 0 0.12321404 0.0 719.77466 89.67029 790.004 0 0.11346609 0.0 686.1698 140.78662 906.3413 0 0.10508907 0.0 389.15326 297.5992 897.9594 0 0.07823084 37.4812 195.32513 887.27075 865.20966 0 0.0779459 18.351318 413.88882 240.59634 551.10504 1 0.83225167 0.0 519.53394 535.1022 887.2898 1 0.70774007 6.584633 432.92175 235.09366 727.0582 1 0.5890014 40.296013 413.51828 237.23709 547.2384 1 0.37372702 24.648071 462.6308 137.77322 547.5502 1 0.17962436 137.90683 479.29047 237.22464 543.7838 1 0.10854129 2.49057 410.40976 279.8523 898.7228 1 0.10451489 37.4812 195.32513 887.27075 865.20966 7 0.9907871 142.91034 199.45587 880.54144 815.02124 ,test/0088.jpg
0 0.13235265 327.46173 591.68713 358.89246 670.4083 0 0.065530665 399.24295 338.87006 497.4343 500.65704 0 0.05767706 930.6186 649.3316 993.27155 769.40485 0 0.05318877 415.74185 373.78076 473.12222 506.90295 1 0.99935097 212.984 614.9422 334.2498 745.7476 1 0.6224694 930.67316 649.6806 993.1358 770.4284 1 0.23890609 931.4589 605.08276 1023.54144 775.4258 1 0.17475136 980.35944 602.914 1023.79144 738.6452 1 0.16258968 214.45421 614.09033 314.0467 694.1266 1 0.10022184 447.68124 326.56372 562.015 396.40472 1 0.07800976 460.1493 272.9216 497.0915 323.6143 5 0.99448556 151.1066 770.21234 237.61655 867.05 5 0.36816323 425.939 268.80176 496.16782 333.6048 5 0.28905943 437.77136 283.69672 477.95557 331.73425 5 0.28430384 995.733 729.62695 1023.0267 787.83374 5 0.26562563 446.0947 254.28632 504.94742 327.14374 5 0.26111302 458.74988 269.61133 498.67114 321.9873 5 0.22671662 405.63373 247.94977 507.70258 353.23462 5 0.15853767 449.97543 269.79196 481.06564 327.36093 5 0.07924747 930.7537 649.0713 992.9245 770.6874 5 0.075645626 452.0201 266.78366 500.4053 298.6691 5 0.073272526 980.35944 602.914 1023.79144 738.6452 5 0.061551467 384.529 268.8731 480.65594 347.00116 5 0.052753806 383.23904 243.72836 569.25256 383.51816 6 0.90900123 86.967285 137.42874 193.27081 200.08426 7 0.99968493 737.5284 446.3407 949.87933 833.3884 7 0.9995777 337.42252 327.09473 560.54407 858.60706 7 0.9995771 553.33105 743.42474 709.7682 936.576 7 0.9995345 533.5744 409.87418 754.40106 798.74255 7 0.9991571 696.198 739.5836 854.11804 945.02014 7 0.9959099 538.97015 338.805 666.79254 635.22156 7 0.8133155 383.71442 241.98329 568.75024 393.85718 7 0.4971744 413.12915 325.11398 563.55206 397.72464 7 0.3989993 834.8041 454.57483 904.9708 483.97058 7 0.25926572 764.37573 449.30093 908.1598 499.5602 7 0.2557138 378.70523 318.3065 553.4326 501.15402 7 0.24071921 540.9537 471.58496 606.6252 632.51086 7 0.17328992 661.8621 413.96283 725.4393 439.29108 7 0.17071766 777.7603 445.92578 837.53937 502.06586 7 0.13007355 327.46173 591.68713 358.89246 670.4083 7 0.10760916 382.0018 242.30966 476.05936 379.06894 7 0.08566866 532.0208 372.1468 574.02606 512.16095 7 0.08316605 399.24295 338.87006 497.4343 500.65704 7 0.06262153 407.14697 324.32397 510.57922 380.9485 7 0.054056298 416.86868 374.463 474.49503 504.2079 ,test/0089.jpg
0 0.9363558 394.89563 252.9437 782.72876 724.1184 1 0.12590393 395.63593 251.79231 782.02826 734.45447 ,test/0090.jpg
0 0.9997297 184.75931 122.91409 769.27295 953.5664 ,test/0091.jpg
3 0.9996817 413.62744 182.62299 761.05334 700.26544 ,test/0092.jpg
5 0.99981207 256.36246 229.74646 795.33276 909.1885 ,test/0093.jpg
6 0.9923921 348.34418 390.89966 730.2193 666.5034 ,test/0094.jpg
0 0.115680315 202.83896 156.99194 763.68677 782.6344 0 0.068733744 548.4307 244.77368 778.8786 762.2964 0 0.051196318 310.89508 195.88272 705.2235 544.66064 1 0.096503355 213.71155 170.28491 762.6877 793.63763 3 0.06289017 210.2948 157.70575 776.2667 793.3871 5 0.8019063 210.91852 160.71442 779.2248 789.1324 5 0.13142711 455.93475 441.0005 575.6861 539.1283 5 0.073177375 525.89404 244.40366 767.19165 773.9175 5 0.060248643 215.07188 477.97504 610.1762 798.1202 7 0.5693821 457.23096 445.17133 606.82886 593.5153 7 0.48684663 213.69937 170.19275 762.828 792.57465 7 0.29561588 272.50903 319.9357 663.14386 681.13477 7 0.08932633 217.54129 505.6029 599.0631 798.1842 7 0.08379869 457.8901 492.67365 585.29645 651.3482 7 0.06116267 310.89508 195.88272 705.2235 544.66064 ,test/0095.jpg
3 0.46916887 539.203 547.95886 629.4231 567.9696 3 0.19782712 554.8307 554.6072 637.2373 632.64734 3 0.08378892 662.5005 526.0403 700.60864 603.7826 8 0.9868334 660.4754 525.40137 700.97345 604.5493 8 0.97651756 633.3378 543.6221 669.7872 611.07495 8 0.9643028 556.9759 562.5486 638.46747 631.26794 8 0.18747039 539.85913 549.2375 629.5697 567.13104 ,test/0096.jpg
0 0.15458734 307.1053 326.71533 748.587 761.12146 0 0.15088856 318.77805 556.40784 479.23068 727.6328 0 0.0699113 408.9632 559.0283 476.0149 605.7875 0 0.050009627 414.48163 652.43365 474.68384 756.3144 1 0.9814146 150.87338 5.342331 1017.5532 335.9812 1 0.973319 3.6735916 4.038269 230.67813 366.51282 1 0.9727395 273.93817 333.198 753.75653 764.9824 1 0.28286183 255.90164 558.2565 480.90408 759.5132 1 0.07938978 142.59198 0.88783264 314.8061 334.11627 1 0.07363871 148.71173 35.182663 239.88965 310.30554 6 0.8322318 256.18988 557.87946 479.3913 759.5909 6 0.0949036 354.76904 595.0006 468.9458 675.99805 ,test/0097.jpg
0 0.98510355 146.77902 337.66983 941.39746 918.7123 ,test/0098.jpg
0 0.28947031 980.16986 218.25696 1023.5013 312.2663 0 0.2516985 780.1776 154.25699 820.82556 221.22693 0 0.18051933 980.15704 272.11987 1022.6464 309.73706 0 0.1082977 550.4656 520.2362 665.3939 531.68384 0 0.08065516 550.7058 528.0185 673.57214 540.96014 0 0.06019756 1000.8716 891.1008 1024.0 1004.4497 0 0.05093976 435.54242 491.49158 492.75458 531.5205 1 0.994632 435.55017 745.1875 768.12024 923.56946 1 0.9926334 403.1046 486.5675 768.5325 742.41785 1 0.9633241 446.8417 630.4712 740.85815 715.8633 1 0.9131662 447.84393 450.418 663.8459 536.4381 1 0.90348774 443.50446 524.4473 736.5922 621.477 1 0.49352804 355.21942 532.4792 449.11804 713.2409 1 0.3599237 436.82822 584.4256 723.2488 671.4688 1 0.34978834 436.32483 497.44333 715.43225 546.6115 1 0.26855764 685.24756 633.54376 740.9109 672.79865 1 0.18674958 546.6052 528.3491 675.58936 541.1902 1 0.14575937 480.14404 682.15204 733.0388 758.02924 1 0.13510717 442.39233 457.93613 739.86096 599.5527 1 0.08972223 550.4656 520.2362 665.3939 531.68384 1 0.08302823 637.428 633.19836 742.0769 675.56177 1 0.076563366 451.79465 526.5722 681.1677 546.1966 1 0.055305965 431.725 532.7308 490.33463 721.2968 1 0.051118407 471.98468 603.3504 691.87054 651.63104 5 0.46929586 979.1901 272.4306 1023.013 309.3512 5 0.21636494 979.14056 219.67104 1023.56683 312.0071 5 0.122153945 550.4656 520.2362 665.3939 531.68384 5 0.09886694 780.1776 154.25699 820.82556 221.22693 6 0.052157953 1000.42584 892.68677 1024.0 1005.4669 7 0.9994004 755.4059 403.64334 1021.5984 819.49634 7 0.99922955 647.75903 349.57553 931.42236 527.38257 7 0.9974511 591.0033 93.139496 1022.65857 391.5528 7 0.90018976 898.1621 268.92017 1024.0 430.07745 7 0.3707612 754.58716 265.02658 1024.0 421.9528 7 0.2599754 661.23083 210.4194 1021.35596 543.8684 7 0.21080123 979.8411 217.07066 1023.4981 312.04065 7 0.09356124 848.1058 408.55096 1021.3145 727.8858 7 0.07852321 436.13452 492.02298 492.77002 531.6865 7 0.06449295 751.7357 318.95688 829.6968 377.6346 7 0.061279956 840.70654 266.93573 1017.98364 354.57983 7 0.0580454 978.97125 272.51428 1022.9194 309.23572 7 0.053355746 568.9178 149.28793 639.65875 231.55594 7 0.051365007 791.37524 148.63644 1021.4812 396.64798 9 0.111610465 1000.48267 892.49005 1024.0 1009.24115 ,test/0099.jpg
0 0.4005985 373.14813 969.3603 557.781 1024.0 0 0.09215749 518.72296 965.95013 553.6126 1017.15265 1 0.1482324 378.94904 968.7655 558.1441 1024.0 5 0.0914393 363.06302 970.23175 563.0255 1024.0 6 0.053011384 376.57782 969.5572 556.714 1023.9301 7 0.99955744 98.537 264.95062 594.5973 645.38336 7 0.99948764 66.84851 600.90594 581.3219 1012.7392 7 0.998877 397.3222 455.90576 852.5855 786.0237 7 0.9985195 502.9593 720.5382 1021.0269 1022.1194 7 0.9956255 764.413 679.6779 957.11566 869.3287 7 0.6258767 928.24066 860.187 1021.57587 1012.9641 7 0.26929379 526.0168 767.9896 581.81635 918.9523 7 0.2052156 801.62897 622.61084 883.5964 715.2772 7 0.13052393 561.1201 722.42163 625.73206 795.60095 7 0.095567614 688.93335 781.28314 758.45984 813.9908 7 0.07512552 512.3417 712.0714 573.9227 975.53394 7 0.070962794 484.29016 619.67126 851.4752 777.95557 9 0.20347153 365.5529 969.8494 558.0898 1024.0 ,test/0100.jpg
7 0.9935628 212.14548 178.15189 592.6096 780.51465 7 0.8023579 409.91254 164.46954 587.5238 779.01086 ,test/0101.jpg
0 0.8059833 624.1003 306.36017 870.42755 682.39325 0 0.21792032 344.26382 267.6894 634.57166 751.01483 0 0.17970309 721.1816 619.8078 831.1396 680.5253 0 0.09529823 715.43835 584.5235 873.13965 681.90216 1 0.31922615 624.2594 307.18793 871.4404 682.92804 1 0.110774845 347.46747 259.16876 637.6768 751.33875 2 0.99428314 347.62875 260.2625 634.47546 750.0006 2 0.08021238 624.5998 306.54642 871.5505 682.8977 ,test/0102.jpg
0 0.7884885 293.3062 394.2035 657.6023 711.7887 0 0.06336286 403.7746 411.23114 488.2542 691.3769 1 0.50069034 292.9395 392.47552 658.58136 712.53986 ,test/0103.jpg
0 0.3469871 296.1833 166.74368 713.16705 822.50793 0 0.19872133 945.226 432.84753 1022.44476 747.02905 1 0.49338135 945.3182 431.64368 1022.3038 746.5353 1 0.19549543 295.85477 164.92236 716.81323 823.1503 2 0.095000386 294.515 159.93433 712.84894 820.93536 3 0.062208086 298.9837 168.25232 712.8281 823.34485 5 0.34975034 944.9835 432.16098 1022.47473 747.0957 5 0.17521642 296.96106 161.70718 711.758 821.68774 7 0.64250106 297.10638 162.16467 711.7305 822.1438 7 0.05233751 945.1871 431.58325 1022.7349 747.35876 ,test/0104.jpg
0 0.20847143 206.48694 299.3769 705.2886 729.097 1 0.082722515 208.32907 298.26245 703.80444 728.1649 2 0.082679175 208.35262 298.37762 702.95825 728.7094 7 0.83991194 207.02945 298.7795 702.5774 728.32544 ,test/0105.jpg
0 0.4471405 157.6685 764.59674 219.01918 805.2408 0 0.22809045 0.31761932 730.1223 99.362465 757.1709 0 0.12816486 267.53006 0.0 453.66617 58.50168 1 0.27215254 157.72006 764.9704 219.354 805.1569 1 0.21556616 268.12244 0.0 449.6659 58.197044 1 0.12750137 0.32240295 730.2313 98.963326 756.19666 5 0.17496577 765.74066 455.62042 791.65265 498.46027 5 0.058000877 0.65091705 730.9125 97.34144 755.4458 7 0.999681 198.98703 262.93176 785.8135 603.0475 7 0.9990995 132.60065 522.0837 812.79175 973.2282 7 0.9967675 0.0 0.13510895 80.106606 86.22895 7 0.9844758 5.4714355 24.249756 797.4776 623.41986 7 0.58656216 0.568058 730.17413 98.98009 756.64923 7 0.50784594 5.1380463 414.97186 222.86111 677.7576 7 0.4049802 164.332 30.619415 792.6128 403.46008 7 0.3043488 54.874718 516.69727 204.06595 677.93726 7 0.29203737 157.73578 765.44086 219.22278 805.0765 7 0.19750047 461.1166 238.83447 781.21436 398.42694 7 0.14836095 0.70484114 32.01796 13.840679 86.46047 7 0.118747234 269.12946 0.0 454.3576 58.367447 7 0.088880345 764.8334 455.88147 793.6398 499.1181 7 0.06505007 0.0 40.172577 416.5758 592.6969 ,test/0106.jpg
0 0.9929571 545.1274 567.4424 909.93304 824.2759 0 0.99008906 465.6873 235.12187 709.3334 363.96216 0 0.9772465 146.60474 412.9705 356.23877 525.17096 0 0.5557048 218.50644 565.9639 917.38904 943.0461 0 0.5538024 461.98666 238.48943 750.6355 472.9673 0 0.39789364 217.48273 746.82874 630.0758 940.81323 0 0.061945036 631.1974 354.3031 765.7965 500.8595 1 0.71541214 217.61128 747.13495 630.3608 941.0656 1 0.15006758 218.50644 565.9639 917.38904 943.0461 7 0.94201005 630.74023 356.54123 764.61487 500.41776 7 0.059919644 461.15198 236.73764 756.7991 481.45993 ,test/0107.jpg
0 0.11193793 520.906 47.940674 1006.891 866.9492 0 0.07861872 65.87375 175.42258 730.73596 940.96606 0 0.057744022 76.89049 173.2493 550.4671 675.922 9 0.96624327 42.948303 133.96301 741.82135 946.3745 9 0.93111885 521.37964 47.62137 1009.3384 877.6061 9 0.9111677 67.732025 166.00165 559.5759 688.96375 9 0.15152346 257.23712 395.83456 709.2584 920.3601 ,test/0108.jpg
0 0.3101842 724.2572 636.4695 787.37195 661.45264 0 0.13263981 385.759 322.73038 591.73035 761.3071 1 0.86237127 386.01913 319.21512 584.00024 761.03687 1 0.21987395 390.73425 263.2719 891.3413 757.42834 1 0.05049203 471.1401 207.1411 996.7572 585.9346 2 0.14861308 386.83408 323.5189 581.93823 761.14 ,test/0109.jpg
0 0.99167645 52.812836 680.6353 290.11536 809.16473 0 0.07945668 52.455345 681.2614 287.58603 741.23724 4 0.06171291 218.92664 258.78024 927.47095 742.6853 5 0.9754005 219.61087 260.54022 921.69495 744.35474 ,test/0110.jpg
0 0.9990772 349.8778 405.45483 839.89844 673.4264 ,test/0111.jpg
0 0.6762405 393.66003 620.99133 570.3671 761.0093 0 0.377114 314.1493 637.8163 687.70215 763.3596 0 0.33557016 383.39978 345.8365 537.1224 765.22784 0 0.29398137 325.94022 337.7011 420.91183 647.0302 0 0.22184709 593.6404 748.9763 732.6682 816.8745 0 0.19527744 339.57224 594.3883 629.7445 824.6261 0 0.15921085 305.47702 528.71246 594.5951 939.7745 0 0.13075228 374.422 366.60165 457.03345 597.83777 0 0.08836727 425.3237 762.3686 453.91525 804.2889 0 0.07514592 389.63928 661.3415 738.78174 746.4538 0 0.061148327 398.82327 690.9325 575.5377 750.32886 0 0.058502156 372.9278 366.41928 761.7077 767.78796 0 0.053593695 375.2413 492.04675 402.47507 531.7459 0 0.050207794 503.2079 306.5356 616.0558 334.66635 1 0.9980136 442.3615 302.047 729.90314 463.91315 1 0.9953616 385.4375 318.2768 805.6288 760.7587 1 0.9564942 707.7524 335.04688 794.283 463.503 1 0.90961987 293.8103 631.52094 613.0383 932.8619 1 0.6706684 557.95685 245.59984 685.0373 318.7544 1 0.32583305 640.5608 312.95633 790.6644 460.83676 1 0.18889926 383.39978 345.8365 537.1224 765.22784 1 0.17962492 618.0637 301.84534 725.21826 461.65308 1 0.16756524 516.85803 426.89774 624.93823 465.02872 1 0.15838672 425.3574 312.89804 794.66003 565.8235 1 0.1577365 621.9258 299.92395 721.1935 322.0639 1 0.13767828 306.19354 433.0152 780.7922 908.74066 1 0.052420013 315.81747 346.2395 584.3495 935.1415 3 0.0523974 327.98334 337.038 406.42487 647.1234 5 0.078721695 304.4472 432.30487 334.6106 527.5503 6 0.09947187 304.4472 432.30487 334.6106 527.5503 7 0.24342717 411.29572 330.6292 460.90485 435.03473 7 0.08820518 408.7068 348.41498 456.67798 404.4452 ,test/0112.jpg
0 0.95179844 233.16077 59.440094 845.7512 566.2373 0 0.38600674 246.55374 53.914856 616.08276 464.46796 0 0.08735796 380.57114 205.59409 860.40393 521.7455 0 0.078078 35.42993 137.59155 870.27313 753.15784 1 0.085099794 222.081 69.28296 844.78424 655.53467 7 0.9981833 47.64203 412.22266 662.7904 668.3485 7 0.8702069 591.6229 432.11426 796.95166 793.90564 7 0.5745865 94.01843 73.5423 861.37024 773.4133 7 0.08175547 505.68964 480.60364 584.15265 497.55145 7 0.07008922 246.55374 53.914856 616.08276 464.46796 ,test/0113.jpg
0 0.8828396 306.04248 239.76596 695.7865 605.7578 3 0.34179395 727.1729 518.0009 772.6501 537.5466 7 0.36243197 306.1128 241.14008 702.9351 607.2795 ,test/0114.jpg
0 0.46241665 431.06155 405.0112 473.99783 434.91403 0 0.11415836 543.8677 185.86569 600.65 294.40292 0 0.057877906 449.51352 422.2447 487.77542 452.12292 0 0.056771405 428.24368 405.1012 491.23672 450.9286 1 0.12149388 634.07477 87.2268 699.0844 229.08612 1 0.06523926 627.3612 128.9043 728.5082 241.55652 3 0.55828893 543.8677 185.86569 600.65 294.40292 5 0.12685962 364.1419 438.3595 403.919 518.9788 5 0.11592725 543.3101 184.22813 601.1485 293.10052 5 0.097576596 371.3258 450.6433 399.4447 491.16144 5 0.08156677 366.61914 432.88004 420.80957 497.12924 5 0.05784843 363.31473 473.529 393.10483 516.43335 7 0.99923825 373.10452 403.38922 569.64874 631.2685 7 0.9989153 502.0323 366.83182 658.6047 550.2114 7 0.05917705 431.06155 405.0112 473.99783 434.91403 ,test/0115.jpg
0 0.053597208 497.09094 132.09021 657.77515 349.64816 1 0.1634395 492.92203 131.3346 658.05457 353.34457 1 0.062115066 304.81366 223.5661 627.02167 370.72113 2 0.051433265 494.58533 132.74467 657.6875 349.06506 3 0.8570236 497.0513 132.32559 657.52405 349.15237 5 0.071329474 496.5413 131.34967 658.45447 350.8048 7 0.9993574 74.70935 198.33704 749.8271 951.45166 7 0.09645174 207.88164 215.7628 654.74866 369.11353 7 0.09209043 279.9522 385.90213 713.6807 864.92883 ,test/0116.jpg
0 0.2038067 290.3315 772.56647 500.572 1010.9648 0 0.1980632 3.718937 492.65488 41.42296 553.69293 0 0.15300551 364.0344 441.27087 464.7769 676.0868 0 0.084087916 1.4099917 489.04974 14.377747 554.6485 0 0.07604423 185.25023 400.21622 506.28186 1004.2366 1 0.9366806 977.67725 453.04095 1024.0 671.2181 1 0.066930324 0.0 217.88712 147.20871 396.95377 5 0.9744586 91.56 101.05292 502.1922 997.51056 5 0.46129778 82.26912 112.33383 419.92413 522.90186 5 0.21589163 173.4602 427.84305 509.69 958.1238 5 0.21026722 355.80646 438.70908 462.9408 682.4457 5 0.15105698 291.53577 106.10217 419.51166 347.5746 5 0.0913123 187.38731 438.9342 468.98383 702.1493 5 0.051392667 83.76075 127.81402 322.63324 330.14935 6 0.99758935 829.24194 705.3105 936.9835 958.5234 6 0.99747235 813.5581 349.56653 945.9027 617.04816 ,test/0117.jpg
0 0.9996321 313.90646 310.54816 855.1138 733.2507 0 0.12872148 310.22083 521.32166 665.4044 732.3179 ,test/0118.jpg
0 0.9631719 469.6456 339.27576 540.7368 475.7187 0 0.91028714 494.7279 413.92224 550.1089 475.45996 0 0.89723337 347.29767 115.49562 414.01025 213.94154 0 0.39445332 645.6685 757.2462 710.0572 850.5668 2 0.9994746 494.8083 427.2245 660.3295 622.40857 2 0.22087832 556.30646 428.97647 662.2596 581.0555 3 0.08003118 0.13559723 478.94064 234.81155 790.7141 4 0.99512994 314.80542 206.78708 477.33667 704.21936 5 0.31000552 470.39368 4.608673 808.30615 395.7384 5 0.09805338 645.6685 757.2462 710.0572 850.5668 6 0.0867244 346.33984 115.752 417.3943 210.88716 ,test/0119.jpg
0 0.43072766 630.2738 535.7947 779.7335 744.2711 0 0.22263514 0.0 732.9282 53.931305 913.6084 0 0.20357239 81.34065 79.53849 149.74466 96.99854 0 0.07555529 0.0 902.6144 271.2271 1012.85364 0 0.05991321 184.27884 0.0 415.8378 71.60013 1 0.98172796 0.0 182.86894 101.908615 363.03076 1 0.98153037 242.98743 30.432076 585.79266 269.884 1 0.9601169 88.55144 341.9109 584.42303 617.6048 1 0.9464969 161.03261 593.27405 641.3385 836.61475 1 0.9446575 378.31586 792.9368 624.37524 890.5966 1 0.94377446 0.0 0.0 263.6537 180.8067 1 0.86853766 0.0 902.7699 270.91983 1007.1262 1 0.8247978 457.45737 0.0 722.36816 48.997986 1 0.75332505 476.80423 33.64258 658.73303 110.080475 1 0.718626 185.31204 0.0 415.0811 71.33714 1 0.7048465 0.0 356.43604 203.87997 942.1367 1 0.6916458 350.8749 517.5509 586.5241 607.8114 1 0.6871981 2.1566467 0.34579468 236.3264 98.89254 1 0.5399857 154.02426 477.2001 555.7964 621.4352 1 0.4890351 0.0 542.0467 57.379463 916.788 1 0.4478365 0.0 170.09698 112.24744 248.78113 1 0.44504794 123.3945 416.94342 640.38916 873.0693 1 0.42990315 3.5645752 104.73278 198.04773 178.23538 1 0.4020676 2.552536 58.632034 249.08127 143.46042 1 0.38199797 161.10439 525.90857 448.4372 619.5637 1 0.3490722 1.7060566 540.62427 29.654957 671.9376 1 0.31602123 117.73665 123.91269 200.78102 142.63937 1 0.30559108 0.0 122.07062 194.97615 249.85602 1 0.2836983 168.34764 518.2267 572.25 703.131 1 0.2754048 438.9268 0.0 744.41736 105.5805 1 0.2745812 3.3160896 984.7317 129.66287 1023.38464 1 0.24751833 2.1498413 5.0558014 225.57693 369.8156 1 0.21842246 145.88153 621.7548 201.68369 813.8337 1 0.2178745 362.01593 470.86984 612.792 649.9252 1 0.20937161 455.65564 461.95673 589.1188 596.5617 1 0.19709612 222.94817 343.1844 587.8018 511.55835 1 0.1954866 91.80687 89.00856 572.9437 419.17596 1 0.18778129 13.718346 592.9194 195.06046 918.9766 1 0.18626663 71.16934 0.0 443.71854 108.997604 1 0.17409922 347.42615 732.4016 666.4582 885.583 1 0.16561854 154.24562 624.80493 265.41592 806.9182 1 0.15863562 579.68164 511.8686 620.48975 659.035 1 0.14564523 632.9926 682.028 684.024 872.6829 1 0.13053723 102.82909 395.56046 347.25336 620.76184 1 0.12952739 164.35631 620.2048 396.82324 847.35016 1 0.12077573 208.58867 701.0283 634.5874 874.34045 1 0.11488923 463.19073 520.86804 641.00055 804.04285 1 0.11154445 5.342209 470.6438 362.80157 906.4984 1 0.110469624 215.77432 506.59882 468.4257 593.4013 1 0.11013124 83.30478 138.36507 185.25534 179.17397 1 0.10929101 288.94742 762.87085 593.65955 827.0305 1 0.108421326 211.75406 4.5101624 979.8513 281.78912 1 0.106289014 630.2738 535.7947 779.7335 744.2711 1 0.10518429 1.4475975 746.327 66.38487 916.54346 1 0.09841347 409.63953 547.28296 576.14026 607.57495 1 0.09585812 530.3356 579.8335 615.3345 636.65076 1 0.09347435 0.0 836.7379 339.8086 1003.2623 1 0.08693087 1.153326 390.5376 58.626945 799.05383 1 0.08415635 0.12359238 570.8303 16.721664 669.95776 1 0.083363846 166.54633 609.948 318.21167 707.0564 1 0.07500279 537.3684 531.35333 634.5034 678.63983 1 0.07354527 7.1354103 556.84784 39.374516 699.038 1 0.07285793 81.56317 80.37249 149.75581 97.07366 1 0.07013825 18.944092 10.133659 666.38513 159.05157 1 0.06960535 377.0931 598.6426 645.1327 881.4624 1 0.068698436 98.88248 268.86346 461.99332 394.45483 1 0.067562595 343.46152 527.33496 484.68765 595.4574 1 0.06705126 435.29077 14.69545 707.15784 201.98895 1 0.066258274 157.2203 538.48315 367.61307 783.0425 1 0.0658302 197.09286 546.54846 339.32724 601.2947 1 0.06337933 138.40627 0.061180115 186.71062 31.618114 1 0.06174592 263.7984 349.4227 424.29425 403.31064 1 0.0592489 108.53811 1.1200027 258.06616 133.39343 1 0.05393667 127.75058 169.24263 616.19617 580.1445 2 0.9107155 630.31555 535.3294 779.6096 741.7895 2 0.16027702 183.26978 0.0 405.3938 70.13471 5 0.9931677 193.48526 825.17 346.9877 946.9085 5 0.98608035 782.85046 257.59872 1023.0703 349.12296 5 0.7963801 556.75146 334.9256 777.72205 511.6845 5 0.080282725 0.0 732.9282 53.931305 913.6084 5 0.060314838 2.4468231 827.8915 341.24878 1002.51294 5 0.05028956 146.02022 626.0616 189.91957 808.0059 6 0.68147975 228.05197 13.289429 977.9778 301.00198 6 0.14751354 769.84296 13.371277 963.15753 290.8611 7 0.1436621 168.2157 609.7018 316.11832 682.4249 7 0.13467991 553.7704 337.78867 777.72534 559.0559 7 0.05119423 0.0 732.9282 53.931305 913.6084 ,test/0120.jpg
0 0.30562922 208.69211 417.91922 263.62833 450.89877 0 0.08968165 388.24176 352.4961 791.72394 694.67126 1 0.13770834 208.85052 417.7584 263.7844 450.84488 6 0.98998064 389.97513 355.01434 793.15247 694.6241 ,test/0121.jpg
0 0.054720405 639.7481 366.9579 682.35785 411.9483 1 0.9984397 288.13193 332.69604 449.1121 590.6087 1 0.060529593 1.4882774 289.6177 65.75766 455.90836 7 0.9997676 589.5798 326.21725 985.89923 846.8159 7 0.9997532 102.495125 216.339 305.40506 607.5152 ,test/0122.jpg
0 0.35143137 289.3081 361.42865 678.78625 670.6895 0 0.05405155 453.56985 304.77744 613.7244 405.92563 1 0.21289353 289.28494 364.89703 679.02344 671.1993 2 0.3785414 289.64453 366.80396 678.3827 670.89905 5 0.3229045 288.60278 362.95306 679.448 670.7067 7 0.26713857 288.1676 360.97992 679.5215 670.1446 7 0.0744035 453.56985 304.77744 613.7244 405.92563 ,test/0123.jpg
0 0.19850247 259.6353 176.61066 690.4685 767.0543 2 0.94846934 260.08426 175.93118 688.796 762.6299 3 0.19293682 259.4128 173.89035 689.11426 764.37366 ,test/0124.jpg
0 0.38753685 421.94653 540.1604 486.52222 566.53394 1 0.7793774 319.9553 487.9489 589.65283 930.4572 2 0.054185357 319.2016 488.1436 589.2535 935.36475 4 0.0856009 319.44647 488.47025 589.57666 941.49817 5 0.7703379 319.78482 488.206 589.62646 943.9174 5 0.14451542 367.5335 831.80676 576.24384 955.95825 ,test/0125.jpg
0 0.11403729 933.83093 251.95569 1023.00476 420.71454 0 0.10744506 161.5279 230.19305 351.44458 371.40485 0 0.105158694 3.163681 639.83527 168.57648 938.7094 0 0.098780766 728.40436 72.44986 1017.72943 1024.0 0 0.08383884 723.3387 688.46564 1024.0 1018.7779 1 0.7636391 722.506 691.3465 1024.0 1017.4808 1 0.3008473 436.53976 673.75806 786.3972 979.69507 1 0.2904608 127.29381 648.0142 441.57703 923.8787 1 0.22531722 931.9103 249.84866 1023.0476 419.3547 1 0.1492567 0.0 636.7909 172.0862 943.739 1 0.13476332 159.83824 229.76752 350.9856 370.8371 3 0.40309834 126.04712 648.4016 440.23584 924.78845 3 0.23519215 726.47473 690.49243 1024.0 1017.79846 3 0.18582737 440.5824 674.6498 787.4635 987.9823 3 0.1382787 3.163681 639.83527 168.57648 938.7094 4 0.9727886 442.6573 47.364197 769.52936 1024.0 4 0.923573 2.5336075 140.83798 156.68176 669.2234 4 0.9109057 0.0 636.5354 171.91986 944.6769 4 0.87194884 125.957504 70.99811 495.54254 968.51605 4 0.8645676 25.644287 71.201416 1024.0 1003.57434 4 0.8402335 308.288 59.639862 534.5675 702.0226 4 0.7763347 142.2316 84.598785 368.0099 367.8437 4 0.7060814 523.8892 41.789093 757.6015 402.81516 4 0.637174 729.25183 57.579193 1023.421 750.3065 4 0.21896915 141.55197 80.6156 379.63126 736.74677 4 0.21178886 830.07043 80.35474 1023.4518 423.739 4 0.13109924 90.37222 132.00972 162.56511 334.351 4 0.12297626 0.91197205 514.19977 125.53714 690.13837 4 0.10296976 0.0 185.6505 373.076 610.5359 4 0.09043889 438.03632 673.02905 786.2808 986.1692 4 0.07263288 126.647964 650.0912 439.60944 929.0343 4 0.0642737 109.42241 176.65752 157.29689 322.20465 4 0.06260381 135.44489 65.27107 544.2013 499.59088 4 0.061347317 190.12247 58.066803 766.2312 849.2737 4 0.05434522 514.88477 69.298035 1003.54614 1020.1629 7 0.89798456 932.08624 250.14093 1023.0977 418.276 7 0.052483555 725.4609 689.6854 1024.0 1017.7125 ,test/0126.jpg
0 0.15404136 600.40125 321.66467 756.2909 507.2813 0 0.07685795 500.04407 303.17664 792.35596 837.5055 0 0.050224226 830.59155 664.35895 902.9269 719.3261 1 0.28194255 501.75592 304.6394 792.64655 838.7416 1 0.19003502 590.26587 307.27466 769.652 510.69482 2 0.2652607 499.61548 303.98407 792.3447 837.45074 3 0.6514511 497.86395 302.07285 792.7216 836.5585 5 0.2270517 497.78192 300.93256 792.5815 837.5192 9 0.9795371 133.09787 277.70062 494.39005 685.29016 ,test/0127.jpg
0 0.9997354 282.0281 445.0414 598.3738 650.35406 ,test/0128.jpg
0 0.2667443 661.93 206.02983 789.8112 331.30206 0 0.16299632 487.15125 496.8962 741.26624 759.2665 1 0.993523 200.73767 86.3407 820.01056 958.7372 1 0.32924014 662.13135 206.10156 789.87317 330.88507 2 0.10277674 662.13135 206.10156 789.87317 330.88507 5 0.17570832 661.94617 206.09854 789.98157 331.20975 ,test/0129.jpg
0 0.46492508 385.43964 386.39948 826.87897 736.69586 0 0.053224407 416.78247 389.96945 799.574 441.78152 1 0.79605454 345.92426 367.80768 828.87775 745.4096 1 0.17633276 342.78314 407.41565 467.12073 701.83484 1 0.054879542 347.48566 375.0019 554.87 727.5549 2 0.12013996 351.03802 385.44498 829.50665 739.87573 7 0.074014165 377.77502 382.30026 827.48804 737.5133 ,test/0130.jpg
1 0.99964476 92.58649 257.0188 571.5996 744.0086 3 0.35250401 688.4663 623.2109 709.4719 680.2813 3 0.05795713 690.5189 625.31506 708.6852 728.04663 3 0.05494675 681.75867 592.6705 710.6738 675.0583 5 0.062956505 688.4663 623.2109 709.4719 680.2813 7 0.9999504 688.9623 422.13422 928.4779 803.8846 7 0.99617743 563.8902 453.74573 716.45306 780.1915 7 0.17545769 573.8128 686.5997 612.6005 747.6375 7 0.12413305 670.97437 545.91876 722.31836 758.81915 7 0.08641361 661.61426 542.90405 711.8992 671.48706 ,test/0131.jpg
0 0.71552855 380.26495 410.93597 666.9504 634.90765 0 0.25953335 380.7191 542.7008 552.55255 637.65015 1 0.09370195 380.56833 409.89017 668.63525 636.0675 2 0.8988398 380.7896 409.29486 670.8547 633.1503 ,test/0132.jpg
0 0.9698906 255.2045 342.9519 810.8662 610.38995 0 0.12598337 213.53384 556.42395 321.89243 632.86426 ,test/0133.jpg
0 0.14789085 56.13861 144.40839 827.54944 880.0317 0 0.10677131 347.17932 700.2478 807.5752 876.874 0 0.065340444 170.00328 120.83847 424.20123 242.94571 0 0.06068288 60.047043 616.20715 160.70293 640.5022 1 0.41567987 57.19757 137.52457 820.1047 882.0326 6 0.066740125 96.658806 490.0399 153.08905 551.16406 7 0.78018373 60.8161 140.31647 817.5951 879.11755 7 0.11081566 170.00328 120.83847 424.20123 242.94571 ,test/0134.jpg
0 0.3780916 737.38477 323.74518 1022.49915 489.5534 0 0.19665372 463.45682 569.36536 597.80237 618.3302 1 0.14664161 738.3739 313.0705 1014.4857 485.0285 1 0.095528804 463.4079 566.66724 597.0782 619.11255 3 0.05367772 737.3476 325.76923 1022.71674 489.2845 4 0.99911386 426.24847 175.49251 649.4202 608.9324 5 0.10927194 737.644 325.95648 1022.5999 488.93878 7 0.37899825 737.57306 326.24246 1022.68207 489.0272 ,test/0135.jpg
0 0.9909837 441.1609 608.6832 500.52454 650.7554 0 0.072534055 83.21661 604.9018 505.86713 680.7972 0 0.06764774 507.57248 709.26324 1022.11 789.53876 0 0.059593994 526.53265 17.281586 1005.74896 610.7888 1 0.99250174 21.527939 510.6761 484.2138 637.10675 1 0.6428675 458.75427 584.2302 1019.81494 792.942 1 0.45295376 85.964325 601.348 503.7195 682.21936 1 0.39194804 957.26086 443.98596 1021.4514 658.71716 1 0.30361536 507.6098 709.24615 1022.0457 789.5092 1 0.2579688 23.469055 515.7454 1005.86774 784.05035 ,test/0136.jpg
0 0.88274235 236.68504 332.91022 739.1013 764.21246 0 0.85108435 240.51921 436.23254 572.67474 787.6477 0 0.46975577 456.85754 337.3813 725.44226 665.233 1 0.07384593 456.85754 337.3813 725.44226 665.233 7 0.09938444 240.3941 443.7343 570.2103 787.4953 7 0.09306717 236.66673 333.12863 737.46704 765.776 ,test/0137.jpg
0 0.30394173 803.47327 540.698 951.30945 697.1891 1 0.99861264 21.020416 436.31113 597.23376 695.0419 1 0.9274352 804.52844 541.2018 949.7444 698.4431 1 0.7777921 13.796112 572.78156 542.6395 730.9156 1 0.19449385 182.59935 438.8423 551.81506 478.7785 1 0.16954397 525.1821 464.72287 616.9783 666.95557 1 0.11948829 562.82294 465.9927 606.28265 552.9044 1 0.107473664 799.5477 552.8363 1018.1277 822.64905 1 0.08925342 518.7108 542.62286 642.50964 669.9438 1 0.07886208 554.91125 481.20712 638.9811 656.07196 1 0.07285484 548.8533 549.84534 951.57544 691.63196 1 0.06826459 532.55774 550.18365 589.2239 668.8371 1 0.061070908 576.17737 526.7854 642.7494 643.97144 1 0.051783998 106.34039 452.01184 592.3603 587.14624 ,test/0138.jpg
1 0.4954083 2.076107 17.77983 54.431225 215.66257 1 0.43854794 6.392502 0.0 255.6256 319.63373 1 0.06181024 3.3239136 145.97903 241.14687 329.3959 4 0.9969946 440.39554 317.08493 634.5431 936.0138 7 0.10138167 7.8948975 0.0 252.42142 243.3531 ,test/0139.jpg
0 0.32991302 0.0 511.25323 116.489365 714.7303 0 0.065168135 9.187622 475.27606 312.83633 667.7673 1 0.10769089 0.0 511.72232 112.80092 718.1435 1 0.09647366 32.46646 413.3058 890.7665 871.32666 1 0.08844351 9.187622 475.27606 312.83633 667.7673 7 0.98836935 26.649384 325.25256 894.10144 880.2825 7 0.5440736 0.0 510.9599 112.99816 716.27045 7 0.09985703 0.0 606.8262 46.4516 721.05835 7 0.09846665 264.25513 282.4606 651.18 706.5637 ,test/0140.jpg
0 0.9507512 508.94464 18.427887 1024.0 992.69446 0 0.9232699 768.59796 14.67437 883.1126 144.92154 0 0.8746132 1.9128342 1.6306229 253.40909 196.89572 0 0.7237272 761.4178 5.3441544 1006.3984 141.2839 0 0.67982644 0.0 13.243622 1024.0 1016.9536 0 0.45011175 236.9029 1.4155197 821.7028 242.26047 0 0.40674794 557.5254 49.550552 827.02026 486.26587 0 0.19044636 768.27466 0.0 1021.30945 449.33774 0 0.13367476 559.4452 22.75409 996.4126 586.1229 0 0.09930393 0.0 48.58734 651.25183 796.50745 0 0.09303228 156.80255 0.0 993.8121 369.95465 0 0.050245304 235.73584 354.247 999.5177 1007.71466 1 0.3295225 607.8245 2.5235538 878.4245 60.32467 1 0.089257434 768.0123 15.219315 892.7379 143.15732 3 0.05295097 474.46527 410.26132 670.6965 767.2289 5 0.98556894 475.8437 403.00977 668.1563 765.78455 5 0.35885152 582.01855 384.74603 667.194 470.92853 7 0.6706884 90.45647 51.49597 583.9156 957.80304 7 0.14856133 0.0 13.243622 1024.0 1016.9536 7 0.073081784 1.8900986 1.6287918 253.21918 196.82129 7 0.068194434 189.07303 440.5004 558.05786 994.5364 ,test/0141.jpg
0 0.99957055 157.41348 228.51036 814.31885 664.6354 ,test/0142.jpg
0 0.09043835 807.95966 448.54584 885.3869 766.0854 5 0.9998512 64.59268 382.67834 841.37634 744.5759 5 0.5490013 739.97675 503.17294 837.1473 668.8261 5 0.22057846 729.3747 489.01013 885.6932 757.2317 5 0.20834051 806.4662 448.63586 884.40686 765.647 5 0.1558484 776.2736 476.21063 936.4322 765.5942 5 0.08228683 808.3835 451.0649 940.53436 1008.417 ,test/0143.jpg
4 0.9985869 268.44525 370.98373 752.7483 629.64954 ,test/0144.jpg
0 0.24409172 431.37048 236.14412 660.032 355.57806 1 0.9995939 173.6687 220.47025 948.75867 828.77576 1 0.11103508 191.68268 213.61044 952.6099 375.84573 1 0.06287297 200.54941 224.17625 946.228 526.40155 ,test/0145.jpg
0 0.792037 0.33597565 591.57104 158.10745 1017.7013 0 0.1751168 0.21678925 805.82166 137.7355 1024.0 3 0.24372987 406.91876 151.70972 791.07184 843.23456 3 0.075084426 151.69206 268.54675 435.67346 724.9058 4 0.9556705 152.35358 265.48224 435.69348 726.08685 4 0.056348298 406.17242 149.01819 789.9722 844.38586 5 0.915803 406.21204 148.68344 790.3417 844.1492 5 0.15524425 155.14946 264.04895 432.1535 729.25604 9 0.8964729 0.0 812.1718 136.2969 1023.71014 9 0.20967436 0.0 590.5863 157.31648 1017.3684 ,test/0146.jpg
0 0.6678717 646.51294 483.6425 738.32056 533.17535 0 0.10523133 252.99643 341.41678 450.43808 406.97018 0 0.07541225 294.5489 344.21985 441.581 382.6405 0 0.07069572 290.8597 735.04877 362.96695 751.37994 1 0.50073457 866.7856 483.17957 1020.61725 639.64 1 0.12576349 250.5961 342.299 447.96707 421.75616 1 0.0902623 977.2649 528.93756 1022.61865 646.909 1 0.08082007 879.3542 164.07626 951.9699 198.6159 2 0.9913264 280.59796 651.0459 458.9655 777.1681 3 0.46032646 453.57776 314.1123 480.59412 395.82635 3 0.085715555 445.9562 329.25464 470.7322 395.2857 3 0.064138964 867.0601 481.02887 1020.45013 638.2741 5 0.13298117 830.5395 174.7744 1024.0 509.4317 5 0.12507923 294.57806 343.4553 446.0921 384.94595 5 0.11066994 227.93143 408.62228 461.37442 595.817 5 0.102773026 867.68304 469.16956 1021.4526 639.16345 5 0.078871615 252.99643 341.41678 450.43808 406.97018 5 0.06701484 455.36102 236.89532 550.3857 299.63635 7 0.99837947 731.8647 452.4511 885.59503 657.7061 7 0.9944133 248.8237 407.0858 768.7185 804.0359 7 0.99001724 205.2678 359.28204 471.26337 644.47675 7 0.96483886 828.6999 175.68788 1024.0 508.86798 7 0.16549152 251.72032 338.2757 451.41986 426.67902 7 0.097586766 455.35815 236.86649 550.23334 299.7557 7 0.097433105 645.8346 482.93454 742.3489 535.20795 7 0.082833014 865.2534 466.7072 885.88074 555.9105 7 0.06858221 280.42264 649.7676 459.08408 777.95496 ,test/0147.jpg
0 0.9816476 126.947235 217.53351 851.6299 894.67596 ,test/0148.jpg
0 0.16342774 0.0 120.7207 1024.0 913.8794 0 0.096176684 32.092407 311.2736 761.18396 649.07153 0 0.07905403 871.5513 755.702 1023.7705 1023.9817 0 0.06756307 494.40063 0.7914505 807.07715 166.20999 0 0.052214924 1.8635406 825.6916 171.11458 935.15155 1 0.7196362 0.0 65.63904 1024.0 926.2767 1 0.25883842 279.45636 129.57169 1024.0 654.4752 1 0.16543958 32.092407 311.2736 761.18396 649.07153 3 0.9868695 320.25677 365.21613 771.7952 622.6852 5 0.21235208 871.5513 755.702 1023.7705 1023.9817 7 0.09507898 494.40063 0.7914505 807.07715 166.20999 7 0.09444721 654.0508 126.18266 812.01733 217.05507 7 0.053017307 32.092407 311.2736 761.18396 649.07153 ,test/0149.jpg
0 0.12251257 600.0228 586.004 737.5326 716.87744 0 0.110871315 336.54355 546.86066 476.66153 723.25433 0 0.05978611 299.1481 640.2137 339.5439 751.69476 0 0.058669627 175.60226 385.75116 968.8041 757.10016 1 0.17354108 716.30493 326.14526 939.3867 452.84778 5 0.609099 229.45502 382.6292 966.8575 759.9272 5 0.16219474 299.17584 639.79095 339.3957 751.8129 7 0.97593033 184.27652 387.0409 971.0242 758.50037 ,test/0150.jpg
0 0.0720689 746.81714 552.6403 877.0515 638.61127 0 0.069655135 274.70892 384.7227 328.15234 404.3273 1 0.30379662 746.79407 552.3651 876.6583 638.36206 1 0.07498575 333.24295 532.12463 569.8523 674.53394 1 0.058193773 274.70892 384.7227 328.15234 404.3273 2 0.9985576 347.39764 232.06621 892.70844 687.3867 2 0.99853015 98.79854 502.86154 453.69177 762.2661 2 0.23546803 333.24295 532.12463 569.8523 674.53394 5 0.6059606 0.0 504.6914 39.668434 582.06177 5 0.23912881 603.8437 218.60837 910.12897 398.76437 6 0.22057573 746.514 552.63715 877.1667 638.3781 ,test/0151.jpg
0 0.14040108 379.99127 342.39734 706.64655 628.9814 5 0.90013516 379.81238 338.35132 706.28 628.3927 7 0.29904824 380.268 338.15665 703.1507 630.31384 ,test/0152.jpg
0 0.89004487 397.70383 405.2094 671.34375 570.5678 0 0.37947154 776.1969 449.50137 813.15295 478.6036 1 0.09311451 398.89648 404.0179 672.04504 569.38184 3 0.1455538 400.59982 405.0438 670.3292 569.1662 7 0.13262221 398.89648 404.0179 672.04504 569.38184 ,test/0153.jpg
1 0.9987752 241.14716 412.54108 450.22382 757.5787 1 0.99862385 707.6524 311.25372 919.889 649.8325 1 0.99850357 121.479355 353.992 249.28862 692.32855 1 0.06789626 225.33472 313.46964 935.5044 739.2771 1 0.05453285 116.02197 357.70694 473.04797 746.45483 ,test/0154.jpg
0 0.40964627 536.9905 173.92699 792.29114 572.357 0 0.26892102 246.42285 139.72263 441.5822 215.41617 0 0.15162365 202.94751 143.29279 458.07825 821.6655 1 0.6068455 202.98824 149.63599 457.30627 823.54114 1 0.17683543 531.7383 175.02618 791.5768 582.1928 2 0.3671936 205.44514 139.30927 449.62506 822.5407 2 0.103262834 534.18616 173.32037 792.94226 572.18335 2 0.06544247 571.2484 163.17834 797.2584 397.06702 3 0.056923043 530.97815 173.06952 792.48 572.6773 4 0.8856571 322.85358 641.1569 503.71063 1012.1586 4 0.56959456 798.84875 426.17084 985.4751 1021.4388 4 0.4120252 513.03 555.7698 829.09143 995.04517 4 0.15034674 880.21295 477.4914 990.11725 1014.89215 4 0.12372724 98.27312 623.72565 329.55365 1010.091 4 0.098374255 99.78796 442.58984 264.26245 817.6802 4 0.0854025 93.97345 203.84778 311.20328 1008.7081 4 0.061408293 513.7162 688.82556 568.31885 1000.4321 5 0.9719695 521.1389 546.67706 823.14966 1002.5361 5 0.8493868 94.21232 601.7168 329.06842 1008.5763 5 0.6092923 93.97345 203.84778 311.20328 1008.7081 5 0.5008875 247.20813 135.79092 441.29663 226.12729 5 0.46564883 535.6981 173.85968 792.5138 572.37305 5 0.35278174 100.063034 438.1516 263.2281 820.09595 5 0.31362644 203.33075 145.58588 456.0891 820.0945 5 0.23086907 321.64587 637.5178 504.07166 1009.9595 5 0.22939898 386.67026 549.0897 1004.33594 1010.397 5 0.19499373 568.6519 171.05121 669.37775 275.34854 5 0.14552574 246.65268 129.36761 344.09964 187.9896 5 0.11348981 205.73886 152.86299 446.7471 267.71008 5 0.07734449 568.26135 169.38333 792.4524 386.29044 5 0.06825729 926.35803 319.41092 1019.3594 1007.14453 5 0.06286332 759.14185 347.5652 1017.2661 1024.0 7 0.21031108 532.39624 174.57297 791.44946 578.41724 7 0.094459 96.35823 460.2381 325.17914 1008.76056 7 0.080933556 204.02412 133.4501 466.69116 893.6509 ,test/0155.jpg
0 0.11221122 320.3917 809.5484 375.43478 880.7332 0 0.07657592 766.23737 0.0 1021.10785 263.43494 3 0.5227529 491.41354 0.0 777.65247 269.1607 3 0.063696325 766.4149 0.0 1021.3447 262.99292 3 0.054425642 135.05424 0.0 386.40936 255.30815 5 0.9980369 179.81406 480.8059 741.6106 808.0082 5 0.058908023 490.9524 0.16545105 785.81335 269.16516 7 0.06204114 761.4987 0.0 1021.40045 261.14633 ,test/0156.jpg
0 0.77020293 260.66214 408.12183 675.4935 657.83374 0 0.48527294 131.7379 663.8159 194.52391 707.2189 5 0.54958993 261.19122 407.82404 659.6759 658.4095 ,test/0157.jpg
0 0.12647392 427.85046 649.4932 636.3115 668.90045 0 0.12215945 427.61945 648.0865 632.15533 762.5916 0 0.07239525 437.651 243.21971 657.05115 693.31036 3 0.11449335 636.6299 465.60004 795.7279 733.2752 5 0.9155657 437.6334 246.06564 655.8352 691.4923 5 0.41069666 638.4758 470.66248 795.78503 734.42786 5 0.10567099 604.18805 269.49274 792.33685 728.6076 6 0.40455446 8.136795 541.7289 80.68575 600.84485 ,test/0158.jpg
0 0.22253329 221.0256 290.21985 834.2355 805.8877 0 0.10141211 794.3617 676.58997 848.3867 709.24524 3 0.14631017 205.08057 288.66257 836.5808 808.0011 5 0.73904604 218.1997 289.89584 834.9784 806.69995 7 0.15956339 223.42728 288.48068 833.25024 804.29553 ,test/0159.jpg
0 0.5193756 274.91064 128.56964 756.45776 695.89777 1 0.466686 274.5044 127.081116 754.11475 696.1433 1 0.06999469 267.29395 142.18803 299.29205 433.07178 2 0.06640782 274.52234 127.38092 754.60913 696.446 6 0.55530757 275.94226 129.9479 758.06616 694.51697 ,test/0160.jpg
0 0.71390563 440.63177 470.61908 640.4633 598.3514 1 0.10498822 440.81226 470.07858 640.76465 598.4746 3 0.07189275 440.62473 470.87088 640.4295 599.31274 5 0.8025913 354.27872 900.79553 675.5973 1023.9221 7 0.31018445 440.85983 470.3108 640.42993 598.47815 ,test/0161.jpg
0 0.99987006 416.15344 393.26254 718.9252 569.7993 ,test/0162.jpg
5 0.9936521 187.831 305.436 827.9383 641.4448 7 0.1745831 188.97888 302.49042 826.74493 642.06494 ,test/0163.jpg
0 0.9369318 393.1695 246.84625 706.1319 619.47174 1 0.16249272 393.04636 251.61635 708.1228 611.7376 ,test/0164.jpg
0 0.15921421 943.63306 909.81824 1024.0 1023.48206 0 0.114514515 687.2454 657.59894 876.41205 753.3555 0 0.056429394 1.6284485 508.23013 125.47843 685.83325 0 0.051726263 27.17041 670.756 1016.5597 1020.59094 1 0.08427562 470.49094 697.1139 1023.41113 1024.0 1 0.059286706 886.2048 697.60876 1024.0 881.6786 1 0.053992122 954.4822 788.324 1023.7102 896.7285 1 0.05026634 936.58026 701.3035 1022.4898 957.19794 4 0.28150523 614.0973 691.244 946.8502 868.0768 5 0.44791052 609.87494 698.9547 956.85724 866.98816 5 0.31156948 411.67422 760.1532 1020.96765 1023.3235 5 0.26915273 719.7963 837.1598 985.89154 1024.0 5 0.07021182 561.35754 711.8366 1014.5646 956.4222 5 0.06873212 41.441147 506.9021 330.85938 776.9939 5 0.051699076 27.17041 670.756 1016.5597 1020.59094 9 0.98822963 284.06393 91.88211 1024.0 871.61646 9 0.9561195 230.73093 567.85565 702.62524 896.5485 9 0.9144515 3.9865723 382.2467 315.7368 543.68726 9 0.8532001 0.0 33.41426 531.1455 418.89044 9 0.84064996 0.37783813 128.24544 467.44934 341.46082 9 0.81508934 13.416855 289.24463 407.25684 432.55713 9 0.68404645 0.0 115.88873 425.6667 553.0769 9 0.670108 790.9506 483.71088 1021.5444 718.825 9 0.55514455 255.26239 448.54828 950.37555 896.80084 9 0.5198257 695.33203 657.74976 874.08777 753.68713 9 0.49434596 1.8006248 508.39474 126.126495 684.8368 9 0.48018017 834.82983 595.5719 1018.2168 717.287 9 0.46695283 0.0 271.7815 355.16364 757.4956 9 0.34354478 26.638275 578.57056 979.82153 950.5054 9 0.30837762 289.50024 323.64227 975.3729 701.789 9 0.21426585 159.60133 22.671349 552.7364 275.4536 9 0.21306136 938.49255 849.75397 1022.7189 1022.2264 9 0.16670905 17.119553 504.27942 349.2397 725.51514 9 0.15501842 709.1837 391.2887 1024.0 761.7992 9 0.14874633 693.9857 508.2382 887.46497 760.63324 9 0.09195035 644.61096 505.72998 923.73096 856.7539 9 0.09019793 690.96783 569.068 1008.3378 747.6821 9 0.08324687 420.47647 609.4605 904.9685 903.24603 9 0.081553765 814.35547 531.5767 1024.0 662.20233 9 0.080951236 165.29253 656.23914 568.85803 895.2467 9 0.07777234 337.69583 515.3993 949.1134 730.8712 9 0.06599626 19.179901 356.45047 667.9352 923.7329 9 0.051057015 696.57355 599.1061 866.8737 701.27295 ,test/0165.jpg
0 0.08466751 0.0 995.06067 151.07016 1024.0 3 0.9836165 245.68103 380.1921 629.2521 741.2429 5 0.2049437 246.56627 379.40295 629.0437 743.3075 ,test/0166.jpg
1 0.9989513 68.856476 231.15808 895.25574 659.7689 ,test/0167.jpg
0 0.99915147 108.8248 212.38626 837.09375 788.29114 0 0.07851253 105.216736 376.4544 193.46909 779.98846 3 0.30872065 115.241425 215.30948 837.9408 785.3755 ,test/0168.jpg
0 0.22913954 194.13313 890.7949 233.71114 956.35754 0 0.16120954 676.94653 288.36777 721.20715 369.66068 0 0.06999821 543.91 637.45764 591.62555 874.603 1 0.7970627 505.9208 82.50119 919.50305 620.8456 1 0.20861587 535.39813 76.482635 883.903 160.18451 1 0.18891619 450.02435 488.45233 759.1009 888.91595 1 0.11310721 496.6601 59.569412 776.6169 144.19916 1 0.09685711 681.4379 446.8304 707.4312 632.4962 1 0.09513108 569.93256 0.0 898.3725 165.53635 1 0.0883161 543.0606 215.59637 871.6331 848.2701 1 0.05216669 610.08374 103.79209 736.5597 141.16455 1 0.050445676 515.5517 310.19244 720.8808 629.45624 2 0.059193753 383.8597 541.939 583.61224 920.53485 3 0.9699205 240.37073 561.9126 419.1911 857.853 3 0.08837594 383.22354 535.4832 585.60095 920.2381 3 0.07717228 267.10535 555.0794 403.56885 682.9025 5 0.96158797 383.76886 535.6288 586.2915 918.02136 5 0.59830487 414.35147 549.4417 465.03116 617.5195 5 0.12901765 390.08035 494.99847 751.0038 908.08026 5 0.10277939 194.24367 891.0724 233.96333 956.1543 5 0.07039099 237.66759 571.16125 420.7525 858.4757 5 0.06360013 452.27945 604.3506 517.7757 706.776 6 0.97019506 490.23718 486.56998 730.6489 886.588 6 0.45311037 574.4452 595.3245 731.82495 891.95135 7 0.9997489 413.46362 295.97043 558.4272 592.3606 7 0.26592353 865.43146 80.17291 957.03424 415.27045 7 0.26261112 457.0046 292.2146 536.5785 340.49274 ,test/0169.jpg
0 0.06669126 552.90265 505.57144 615.1496 525.18207 3 0.9998971 318.62546 404.30405 596.62317 632.4562 ,test/0170.jpg
0 0.37984952 191.77002 184.86453 857.0089 816.5896 7 0.06817203 123.48657 0.0 655.93304 310.05194 9 0.85032016 177.32672 183.83084 865.52765 816.672 ,test/0171.jpg
0 0.9994336 339.81964 551.2586 497.18695 754.1927 0 0.29661095 635.2959 226.5749 767.6455 337.55646 1 0.7178417 635.1885 226.70267 767.8375 337.66263 5 0.12055907 635.2351 226.74034 767.66064 337.60474 ,test/0172.jpg
0 0.74440885 233.50073 160.37674 800.87915 754.67456 0 0.55584705 378.29456 434.30563 816.90015 760.6749 0 0.12274994 517.21344 120.668274 853.6882 489.5094 0 0.101245455 232.6387 187.80502 650.3734 559.729 0 0.05918672 443.42426 2.7528229 593.02313 245.75345 1 0.25326446 869.4963 232.48015 924.64667 318.31458 1 0.24000484 650.51776 114.51143 687.6269 205.3592 1 0.23828074 841.38055 232.03114 935.8851 409.86804 1 0.0791975 869.70135 223.05658 945.03143 474.19836 1 0.063962296 517.22394 130.54164 848.6766 483.27533 1 0.05615934 231.81595 166.2962 801.56445 750.56006 5 0.2559574 516.6319 120.1591 858.02716 481.64124 7 0.95753115 664.8167 54.749176 871.6263 394.26917 7 0.8293734 446.19238 1.4652557 593.63635 235.73721 7 0.73610294 537.4792 63.008347 862.86285 497.36237 7 0.71419656 655.2224 65.46362 747.8285 219.86655 7 0.27702898 233.29263 189.11671 760.9646 641.2375 7 0.15080829 664.1365 63.571655 771.84216 304.51703 7 0.09924479 699.3535 156.09589 874.8546 503.65375 7 0.08688866 447.76602 67.18673 545.67004 234.25876 7 0.0778181 490.7174 5.347069 702.1531 217.17673 7 0.07504448 753.24066 4.08963 876.0268 376.3225 7 0.07404872 648.96564 50.474922 681.7343 124.18369 7 0.07071941 585.23663 173.94708 875.5253 422.80505 7 0.06789479 487.32245 26.906708 560.5435 238.66547 7 0.056669142 882.81 264.5757 1021.14825 662.3784 7 0.05006455 508.83005 2.7925491 597.5824 177.2409 9 0.3833596 377.47714 434.78757 815.88293 760.624 9 0.281064 231.48453 165.9191 801.8037 749.1925 9 0.078929 515.67395 127.31389 852.24243 490.125 ,test/0173.jpg
0 0.7510364 166.26598 560.459 442.91382 688.423 0 0.68713534 624.03033 446.3799 701.1082 501.6124 0 0.18250701 59.72749 565.6588 187.535 660.01697 0 0.07533763 177.55966 279.9977 971.87854 774.21765 0 0.053612232 149.59273 604.52057 188.83327 651.4025 1 0.983123 177.12769 276.6253 975.1111 772.4699 1 0.35209978 60.466686 561.2504 174.79376 659.5002 1 0.12439599 167.54677 559.69403 442.92865 688.4891 1 0.050690085 0.09579468 526.7208 194.48613 660.8496 7 0.8743935 5.526932 0.0 129.56981 121.550995 7 0.25137413 165.94907 561.86035 442.21677 688.194 ,test/0174.jpg
0 0.2775309 269.952 789.25934 344.7628 1019.4722 0 0.20013256 325.93182 495.7594 554.60095 1013.6118 0 0.06670559 48.905685 525.68207 318.87665 1003.34406 0 0.05727011 329.09863 389.19998 563.6349 585.1863 0 0.05288276 584.55646 342.312 852.4985 1008.3894 1 0.8297243 947.0908 0.0 1021.6367 335.91003 1 0.37314773 49.773926 525.08514 318.68665 1002.46857 1 0.13924918 0.0 885.9772 61.713737 1018.704 1 0.09612978 53.232018 947.4659 270.6169 1019.1789 1 0.08758787 589.4716 347.66965 842.39215 912.3843 1 0.07546901 273.16605 521.5925 569.2012 1009.9042 2 0.90958375 328.25568 409.58026 562.8187 555.5001 2 0.8130554 327.90625 516.2834 552.2161 1012.6766 2 0.3975291 50.29332 525.55475 318.28693 1004.6379 2 0.30324247 340.86514 507.78662 557.4532 547.00525 2 0.20972468 338.52316 518.53644 556.18115 583.95795 2 0.14513168 589.4716 347.66965 842.39215 912.3843 3 0.6474344 591.9821 342.81113 852.5915 1012.728 3 0.22919111 616.6015 813.5634 856.65155 1018.82623 3 0.19801758 48.92462 524.31415 318.41336 1006.24567 3 0.117263734 327.4754 514.08417 552.3132 1012.99274 3 0.10652537 807.14026 313.77734 1021.7307 765.8987 4 0.054790556 588.95996 340.47644 851.7522 1010.4713 5 0.94794834 809.2411 319.59863 1021.9791 739.29407 5 0.91851556 328.52383 387.45477 563.1963 559.6689 5 0.7804877 48.598724 525.81213 318.05792 1002.6057 5 0.46689826 587.34155 343.6223 850.4418 1006.5951 5 0.31918126 327.82874 484.85095 555.97675 1017.7565 5 0.054381136 616.8373 810.90155 858.126 1019.96515 7 0.32255322 269.952 789.25934 344.7628 1019.4722 9 0.077219866 49.39399 975.72003 274.79413 1018.8492 ,test/0175.jpg
0 0.55720377 105.524414 132.3836 863.00006 882.17114 0 0.41109213 97.23189 138.47961 526.6031 586.61084 0 0.22256482 0.0 73.81354 214.79419 870.61554 0 0.11823864 80.76634 830.3404 306.01538 1024.0 0 0.09235742 437.2314 175.87976 857.1146 824.019 0 0.08599987 0.7217674 123.09717 70.594864 341.82544 1 0.22744574 102.66211 131.96622 865.7006 881.0427 1 0.08058676 114.76369 143.19002 539.6659 651.0504 2 0.0664016 487.55365 187.61313 853.4096 759.3845 2 0.062463768 104.76904 133.28412 865.64935 884.3078 3 0.40238166 108.14276 132.25827 870.25397 884.5785 3 0.18121618 464.95575 182.19147 857.4736 796.3396 4 0.052190315 464.95575 182.19147 857.4736 796.3396 5 0.3289388 357.13843 169.28555 857.70703 876.1062 5 0.15395552 0.55514145 122.99746 70.03616 342.92657 5 0.07596676 1.9605865 115.809845 161.94841 858.69116 7 0.16751897 1.9605865 115.809845 161.94841 858.69116 7 0.069155954 0.7217674 123.09717 70.594864 341.82544 7 0.05073428 104.95627 123.34766 873.61646 886.4692 ,test/0176.jpg
0 0.97584164 223.70145 430.1501 353.5898 570.208 0 0.8174713 228.37686 361.62878 426.97586 457.92902 0 0.5625284 206.01434 387.7798 386.19495 702.00183 0 0.2974268 904.0065 539.32416 1024.0 800.64435 0 0.29600358 268.73163 535.33215 419.58997 671.6814 0 0.2116418 133.38168 211.29955 379.18967 715.3727 0 0.15532269 333.97687 554.1157 421.6635 679.6007 0 0.138304 268.87692 558.72125 367.14078 653.66034 0 0.121348 330.53958 398.4749 432.51688 461.32166 0 0.11163708 217.57828 353.11514 414.73685 578.82715 0 0.07712005 303.63428 557.6852 364.00153 620.4839 0 0.076509185 314.4486 440.7661 417.17676 625.2433 0 0.07511185 222.48952 384.67432 388.44275 438.8025 0 0.07139506 838.78687 181.98253 1020.708 308.77014 0 0.059263553 221.81267 412.8012 277.247 430.65247 0 0.05807233 208.82127 351.2792 270.13248 417.50327 0 0.054200113 335.51337 350.3173 416.60583 454.59323 0 0.050946124 225.75035 421.5853 283.2778 448.23398 1 0.9977423 121.45874 72.44507 1019.68726 767.28204 1 0.9478653 829.7207 184.83069 1021.1731 512.90155 1 0.9418862 820.1546 105.799805 1023.457 231.85947 1 0.8220889 712.3038 68.594055 1024.0 500.96875 1 0.75530934 276.21753 462.16565 1018.115 802.3268 1 0.7409103 904.22375 530.6842 1024.0 800.75476 1 0.62833333 640.0459 839.35046 1019.55396 1022.46814 1 0.6098319 837.7193 192.1763 1020.74274 309.19696 1 0.60300684 830.7912 82.61072 1023.6584 831.0604 1 0.34210035 776.8021 88.86419 1018.6194 330.83987 1 0.34071746 300.7821 549.7091 422.38617 677.77295 1 0.29888272 873.5049 263.9968 1021.3096 469.08273 1 0.23613265 801.7278 119.59879 885.48376 172.83376 1 0.17952624 885.6986 243.61124 1023.96313 310.6483 1 0.14903162 909.7747 281.141 1024.0 314.16882 1 0.1381564 293.895 602.1007 935.60876 794.1168 1 0.12147718 803.5437 121.60364 886.9176 145.67035 1 0.11061195 127.018936 210.18123 383.7942 719.934 1 0.10586665 295.097 436.85156 795.61395 699.17676 1 0.10399082 845.46094 237.7845 1024.0 343.5746 1 0.08875951 137.90012 64.71742 830.875 451.1875 1 0.084804356 919.2809 282.74582 1024.0 354.26328 1 0.08415123 713.4641 64.89017 879.45886 225.79709 1 0.06723359 249.20798 706.0376 1020.28406 1024.0 1 0.06706362 337.72775 566.8307 408.65305 673.7794 5 0.08334594 889.11194 923.40857 1024.0 1024.0 7 0.18380654 235.85483 359.2997 428.73294 459.16403 ,test/0177.jpg
0 0.2309951 634.9832 335.53745 681.164 429.2357 0 0.104354724 217.12921 131.66931 282.6236 174.66058 0 0.08902881 641.3605 422.54883 699.6858 462.60614 0 0.07678155 593.0048 322.36673 686.21356 487.58713 1 0.99356294 155.83783 319.76544 584.59357 782.42426 1 0.93338776 130.31908 157.47168 347.70166 343.48755 1 0.8711981 170.2478 93.37659 353.5031 240.31433 1 0.81124616 119.855896 163.52324 334.0963 244.98787 1 0.38894117 937.7603 139.7045 976.80023 159.24026 1 0.32282177 198.59462 169.41791 307.4672 243.8002 1 0.29215184 158.04834 320.09308 566.3995 494.43732 1 0.2912701 177.79478 93.1111 285.67828 165.97911 1 0.28495353 135.71062 205.25427 349.31726 295.55682 1 0.19618627 217.12921 131.66931 282.6236 174.66058 1 0.13103709 153.56953 310.24875 332.4027 464.99728 1 0.11820906 177.00107 196.77827 316.87683 249.7972 1 0.08058056 152.59512 210.45914 268.21066 245.91492 1 0.060820155 171.39095 229.0179 235.18355 251.13997 5 0.95747197 521.4477 209.99707 577.56964 395.386 5 0.3253343 634.94824 334.8994 681.00146 430.31744 5 0.28140458 333.2506 2.6074371 714.27515 437.25604 5 0.20466322 573.5466 280.41403 606.81976 483.0037 5 0.13045637 586.1648 14.267502 704.9591 466.1145 5 0.09100697 593.5208 21.441345 670.72723 284.903 5 0.074614145 565.4304 288.51407 596.6078 397.53995 5 0.07419223 514.0299 201.6365 691.78015 454.29758 5 0.056159 618.97925 324.4004 682.21277 470.6518 7 0.9991572 575.6939 404.21106 816.9954 869.04065 7 0.99815124 394.98526 699.3557 553.87 900.39905 7 0.9959138 834.9972 0.7775421 943.20166 126.745445 7 0.98545974 476.92575 0.0 667.9289 37.108067 7 0.982676 709.209 94.327515 884.9646 549.15424 7 0.8835097 685.4394 296.7232 780.7487 636.7937 7 0.461841 666.9971 296.1666 840.46387 675.0779 7 0.3861141 695.2795 148.13774 769.705 313.5774 7 0.24122871 634.94916 335.44888 682.2598 429.1205 7 0.1975636 839.403 67.966324 889.9996 169.92984 7 0.13231671 644.706 325.40515 777.1121 522.8863 7 0.122978516 728.4643 91.575195 858.5898 382.9628 7 0.11623262 702.3426 118.39419 814.52936 313.053 7 0.10062109 637.145 421.43555 711.7389 463.2353 7 0.09825574 684.7321 337.30682 761.2304 476.73657 7 0.08065516 494.8465 20.576353 659.40106 37.48474 7 0.07036723 666.1473 450.99326 715.7812 500.14505 7 0.06890597 477.997 1.880928 690.7464 63.23761 7 0.058316223 602.70526 27.466995 868.3936 521.7417 ,test/0178.jpg
0 0.65992975 283.6404 143.46733 793.3196 238.94276 0 0.6469522 274.93777 113.709015 795.192 321.76956 0 0.41086864 334.44238 702.06024 722.4949 757.029 0 0.3274194 169.71756 321.5388 843.3657 498.97256 0 0.1952969 229.38068 346.76715 789.6766 424.14508 0 0.13824245 286.6775 81.35263 791.50806 199.13342 0 0.106888734 181.63516 315.80157 853.85986 399.61664 0 0.096072145 215.34253 587.82434 787.3906 730.06335 0 0.0806358 540.89453 696.91705 727.04456 723.3431 0 0.065548725 324.63086 720.33984 661.73505 780.9458 0 0.054450545 431.86346 704.6339 696.53217 744.6223 0 0.052324336 254.39665 665.52924 729.40375 737.55096 0 0.051480416 150.711 290.70697 846.2039 634.73175 5 0.41712904 740.2409 975.47723 779.17365 1014.62787 5 0.3918149 639.882 964.5169 775.4417 1024.0 5 0.0685947 748.85394 1010.06464 815.26776 1023.9039 6 0.9989893 241.75012 712.51324 659.8063 932.9622 6 0.98500746 268.46097 78.37688 801.6039 349.6814 6 0.98072964 152.45892 290.40277 854.1958 635.6231 6 0.90592545 220.30786 576.2366 783.66907 735.5664 6 0.6396337 291.54666 77.928345 795.4563 180.54901 6 0.62034196 805.77637 544.8337 853.17126 607.77435 6 0.5957618 241.19434 254.22452 798.1561 347.6553 6 0.5563912 181.63516 315.80157 853.85986 399.61664 6 0.40105098 708.71936 262.56494 820.48364 356.39697 6 0.37908858 331.92627 709.1346 714.4464 763.9478 6 0.27769682 169.71756 321.5388 843.3657 498.97256 6 0.25689712 225.90628 532.731 830.2439 644.1026 6 0.23368117 249.1048 306.2987 785.06256 359.41644 6 0.2120427 222.889 440.5841 846.71484 736.2693 6 0.1946484 251.97325 578.2571 563.4603 644.2074 6 0.17074013 717.4566 273.94714 846.5097 667.32837 6 0.16135688 236.84705 535.36316 859.49524 909.449 6 0.12903315 695.6754 552.49603 861.53674 696.51324 6 0.10494558 799.7072 433.8286 847.4583 558.91144 6 0.091942355 714.1468 215.59561 771.31793 358.73416 6 0.08948256 226.92795 574.143 342.00284 730.5992 6 0.08559279 791.27856 596.93396 862.3705 685.9309 6 0.07659489 260.95508 584.387 461.8266 615.0881 6 0.069527164 261.22256 304.5472 455.7604 345.00992 6 0.061904944 292.68015 732.441 646.26416 795.1374 6 0.055154726 777.9667 280.10052 847.1062 597.03094 6 0.05090635 254.39665 665.52924 729.40375 737.55096 7 0.9376455 806.16516 7.528778 1021.33997 599.34485 7 0.9247782 736.05774 389.17996 1024.0 1022.8147 7 0.28847456 641.21844 965.17834 762.3068 1024.0 ,test/0179.jpg
0 0.52978003 426.70578 303.18683 763.7539 618.8888 1 0.56235194 428.12482 303.52853 763.8647 618.5565 ,test/0180.jpg
0 0.57519704 527.5297 478.8066 1014.0667 755.5851 4 0.9989191 370.62994 404.95355 580.3541 826.2756 4 0.43207836 369.66055 429.92126 1020.53516 820.9452 5 0.14573547 368.86526 427.70203 1020.35547 822.4933 7 0.079472154 343.83328 459.02026 1024.0 824.4237 8 0.05894572 392.1529 399.25754 526.2322 444.9846 9 0.07386314 529.3834 481.0175 1016.74097 752.06555 ,test/0181.jpg
0 0.87430483 137.23502 945.10535 233.27756 1024.0 0 0.48328328 202.27368 675.5491 247.50256 771.72974 0 0.41805154 785.52 603.67413 860.9547 679.4532 0 0.24619669 885.5701 718.13745 946.9593 741.0962 0 0.23063003 690.6786 694.0195 787.0808 734.15594 0 0.19334824 357.00522 36.971382 713.1227 279.4603 0 0.19232032 266.28433 208.30173 432.9484 342.47385 0 0.11881773 942.63367 501.78625 968.00977 532.30786 0 0.07502256 980.1161 460.38104 1024.0 498.34882 0 0.0650265 578.53906 535.5604 654.54517 583.6531 0 0.057109196 939.8385 456.9626 1023.345 532.5512 0 0.05677287 889.60126 525.7102 933.67096 612.2661 0 0.05338725 502.29602 522.21466 551.8895 595.3039 1 0.8434612 17.963905 551.5458 187.05582 641.51074 1 0.7956292 472.22534 300.42038 966.85657 606.7351 1 0.7661598 6.5863495 436.40732 353.4967 806.20386 1 0.35918468 5.7384644 441.83072 278.64725 611.3002 1 0.21775843 6.146988 514.09686 324.05963 716.018 1 0.16911344 356.76813 37.06996 713.2801 278.48907 1 0.114951864 781.5676 203.28323 1021.6498 484.75107 1 0.08213963 590.4579 394.72906 950.05115 586.48535 1 0.07559256 497.16486 362.1294 746.09906 471.22882 1 0.06575115 137.54489 945.1168 233.06824 1024.0 5 0.80260855 897.75824 525.5766 1024.0 683.5704 5 0.7010528 931.2033 521.475 1024.0 597.56384 5 0.36937156 501.83044 522.2445 551.9895 595.0498 5 0.32783183 356.27777 37.205856 713.0058 278.86432 5 0.2405479 464.65024 306.94843 951.4496 761.44354 5 0.111861214 837.5973 526.25116 917.03625 725.42316 5 0.08051848 942.59674 501.8091 968.16046 532.3066 5 0.07486717 943.5405 572.621 1021.55615 591.83093 5 0.07286054 497.51666 504.51837 885.2669 784.3232 5 0.06634815 794.5099 550.64185 1024.0 683.0698 7 0.9997187 473.28314 731.85785 663.8139 977.36383 7 0.99946815 293.68234 742.27374 511.23892 970.24786 7 0.73796976 785.82477 603.77325 860.97723 679.5103 7 0.24916393 495.22284 743.0243 535.6065 772.10474 7 0.122339554 502.09326 521.3543 551.8887 595.2734 ,test/0182.jpg
0 0.12544063 117.12953 170.17502 426.4795 331.76776 0 0.08486032 661.63855 239.42271 748.8302 259.43805 0 0.08402412 432.34293 451.13696 517.0026 520.5217 0 0.082796626 61.262054 243.83017 139.4625 298.9208 0 0.08117228 699.8458 671.5498 932.537 929.6306 0 0.07813323 604.5198 77.78137 644.0648 193.32837 0 0.07497051 512.6348 503.6786 579.96124 565.9701 0 0.065168925 500.01886 69.28019 755.22076 240.82321 0 0.057955824 570.9951 39.212265 671.40857 251.16466 0 0.053304326 389.3012 153.72186 436.00787 191.55496 1 0.99765414 120.52042 499.56598 422.8799 866.6574 1 0.9802901 472.13916 505.49512 798.63074 874.5845 1 0.9619395 649.8537 241.46939 799.6501 416.52988 1 0.80029887 379.46393 3.6357803 762.80743 253.0214 1 0.7761429 525.48596 188.4107 670.7001 401.71484 1 0.7521749 502.6621 69.466515 756.5769 252.77457 1 0.75075775 120.32219 185.35007 371.96783 328.4443 1 0.62035996 701.8517 248.42447 896.7041 442.50754 1 0.48101962 384.0197 427.53937 624.71545 665.30817 1 0.40895778 374.71796 489.41626 525.15314 682.5863 1 0.3913424 502.22086 428.156 612.4606 561.8837 1 0.38418716 607.92175 405.69058 753.45764 510.20853 1 0.32901457 511.3358 499.78763 584.959 565.47986 1 0.2751929 462.64163 518.2685 705.95154 678.6414 1 0.22332026 891.2686 754.78595 960.8129 803.10065 1 0.20974793 514.3623 65.668274 717.43604 423.3921 1 0.17707963 580.62305 0.21279907 656.74097 81.36231 1 0.17509396 608.5839 241.12944 789.5568 507.50873 1 0.16447498 552.8167 452.89014 609.94916 561.1596 1 0.16373353 402.12753 426.88815 608.09143 562.5119 1 0.16002092 660.79126 231.23291 748.94836 259.37347 1 0.15871257 630.4231 71.097626 753.2457 249.46729 1 0.15542196 633.81335 376.4431 736.0558 414.50018 1 0.1550033 594.33655 351.542 779.2355 429.9776 1 0.14404961 616.17474 427.6949 696.7176 504.79535 1 0.1432355 514.211 401.1947 748.5079 566.1629 1 0.13822883 892.58057 753.7941 960.29895 852.98956 1 0.12517232 430.4976 450.95593 518.4213 519.8899 1 0.11682015 690.1701 510.50308 799.48883 852.7982 1 0.09973752 464.7962 8.248337 659.3903 240.78609 1 0.07456486 631.58234 384.99634 700.6268 410.84845 1 0.06910548 391.61337 100.93506 815.7743 470.08887 1 0.061588038 615.64185 402.2476 655.00806 446.08926 1 0.05522578 611.8938 370.6146 696.8606 436.4302 1 0.05100723 583.3547 355.86713 735.8808 544.4822 2 0.8801394 498.6064 424.6536 599.03796 513.4022 2 0.5101459 429.59155 447.45645 519.1193 519.3606 2 0.12737767 420.09872 430.90533 591.90344 514.6158 3 0.055764407 614.311 430.67996 644.7635 467.02225 5 0.6770513 892.2147 754.3564 960.6417 847.11395 5 0.26322737 389.17938 153.44164 437.88464 191.19356 5 0.10827824 427.93436 424.6464 598.3337 519.0103 5 0.06863054 904.4181 783.0635 953.4463 841.83984 5 0.06693142 327.12122 148.63882 434.7047 203.66461 7 0.9948625 37.89962 266.925 202.4078 580.8794 7 0.994622 700.0725 673.99725 926.18994 928.2708 7 0.9922558 213.61594 171.53217 641.7655 542.9887 7 0.9092574 58.11995 242.0826 139.06679 305.8584 7 0.71443266 29.405924 373.29968 71.26499 546.4304 7 0.5610633 133.98291 285.7227 261.72464 596.59534 7 0.36638758 390.05273 153.52869 436.44092 190.96127 7 0.23825602 892.58057 753.7941 960.29895 852.98956 7 0.20947362 326.86322 144.57504 362.4773 190.7514 7 0.17565699 113.88933 179.24207 417.10657 334.04474 7 0.1729233 130.18312 283.5607 257.3923 419.49796 7 0.15837023 248.66916 495.439 295.52097 554.1559 7 0.1579572 129.03183 193.7638 342.39633 584.0562 7 0.10740144 177.33151 272.15695 268.7043 525.5165 7 0.099527344 891.2686 754.78595 960.8129 803.10065 7 0.088864885 355.2245 175.96533 670.5128 443.7481 7 0.0816432 428.36737 451.3166 518.551 520.2056 7 0.073176965 231.7083 219.65009 461.90454 549.9909 ,test/0183.jpg
0 0.9993637 669.2256 436.80713 803.83826 612.95874 0 0.41235486 148.85864 859.7696 241.3866 1010.5529 0 0.19619736 383.6265 549.9452 602.43994 753.24207 0 0.055092197 416.10355 551.273 559.9524 641.19745 0 0.05268885 264.1959 582.93494 491.65652 783.80554 9 0.95002943 260.2728 552.1603 603.6792 786.90466 9 0.39433053 389.51056 550.6877 604.01715 739.58954 ,test/0184.jpg
0 0.7963685 588.22015 422.29797 644.9102 453.48596 0 0.7750948 617.09393 528.3411 735.1529 565.8017 0 0.36097696 530.5659 413.7186 730.73083 568.5549 0 0.30997714 540.9326 494.24362 733.8096 567.9585 0 0.06564262 558.0228 523.6724 731.605 600.88776 1 0.96763444 105.822876 250.11987 904.9453 897.8805 1 0.96717227 188.69127 375.87735 528.5638 619.6376 1 0.8802923 3.7535782 376.52283 136.22452 1024.0 1 0.87814397 2.3407288 354.98404 73.359024 559.0105 1 0.84106624 133.13693 534.1672 752.01636 897.66534 1 0.7628027 102.63077 255.59337 855.7377 596.41736 1 0.7003362 0.0 516.2579 44.078014 559.6917 1 0.69278806 216.49007 600.0322 449.1352 670.30835 1 0.6298156 173.06094 558.2587 716.8683 761.4235 1 0.6020624 0.0 372.0905 139.59747 704.8234 1 0.4903052 184.20999 397.06433 756.8408 753.8572 1 0.46814102 0.0 522.1334 65.594635 698.5935 1 0.45599464 331.5641 727.7581 679.9623 770.93866 1 0.4418264 470.30716 403.9558 757.9658 731.88525 1 0.4182108 528.15814 414.0451 731.0914 570.229 1 0.418077 193.07831 549.86554 526.51117 688.0533 1 0.40751544 0.7358246 383.4617 77.959694 680.64905 1 0.27729067 226.99095 702.08185 715.55975 885.07916 1 0.27341557 2.7239494 392.39954 75.321365 488.70105 1 0.24852756 188.92464 444.7408 523.8458 738.78357 1 0.21688285 35.4757 527.94525 59.674896 561.1075 1 0.12082501 172.67654 523.0903 269.85757 713.56525 1 0.11669669 0.6240196 420.3455 65.92197 530.58594 1 0.10578454 243.38725 564.38763 520.3999 620.85333 1 0.08532689 210.65973 541.9384 271.2211 670.45905 1 0.08390284 0.0 392.24112 270.5708 723.83484 1 0.08178073 0.0 389.39456 332.35358 1001.72815 1 0.07262713 49.26147 497.8916 63.81934 561.7256 1 0.06950002 61.00513 408.61676 142.69058 699.5096 1 0.060657054 43.315353 428.3615 69.80512 566.2017 1 0.055570275 0.466177 480.62576 60.21183 560.2953 1 0.05028672 39.478256 472.84045 64.58314 562.22644 2 0.06888549 528.15814 414.0451 731.0914 570.229 7 0.053337984 1.0190201 352.59302 75.50931 508.9497 ,test/0185.jpg
0 0.09520867 771.416 433.61417 830.59656 444.824 1 0.99822146 626.91345 39.404594 743.959 131.08484 1 0.98275054 0.0 464.5134 839.0603 1024.0 1 0.46480292 7.7562294 526.56744 106.001465 625.10724 1 0.43373847 241.36256 78.528305 332.68024 144.77802 1 0.30899316 100.067116 578.19305 169.17313 649.04095 1 0.24730791 98.18321 551.6657 156.508 610.2045 1 0.24134803 16.085968 529.204 187.88445 663.548 1 0.20983456 64.5318 581.9751 107.70293 618.1846 1 0.13906877 27.338364 543.524 445.14636 762.8731 1 0.12946919 399.03168 606.1322 503.34558 802.7728 1 0.1098475 297.83893 213.06158 813.54156 1024.0 1 0.10549809 66.41667 545.6875 168.08029 617.2949 1 0.10437856 12.908592 534.3252 156.69684 601.4824 1 0.08543306 101.59498 582.0251 154.60855 612.3304 1 0.082861856 419.80396 454.2704 825.0564 936.49133 1 0.070767626 45.593246 548.5369 107.67346 623.361 1 0.06839614 68.04378 575.5661 160.01196 629.7248 1 0.06796254 0.0 559.76526 552.94147 976.4552 1 0.056365922 80.61834 556.1434 106.28864 618.2557 2 0.08878195 97.0295 551.4112 160.06691 601.43146 4 0.9474012 632.61725 284.2411 779.1252 582.00574 4 0.84268457 524.85065 344.385 675.35565 564.10834 4 0.7581828 399.50745 604.1787 503.31903 803.90295 4 0.5932893 624.6507 451.95877 765.36884 558.7534 4 0.55796415 458.5124 513.7252 646.5141 726.7274 4 0.43252152 425.71924 418.5654 648.69714 802.02795 4 0.38482776 480.75275 373.9805 655.2132 674.1476 4 0.123714864 607.7724 352.4702 689.0347 562.74457 4 0.10711712 559.7323 351.1551 675.4054 493.72595 4 0.08822265 471.54767 216.86182 758.9368 571.87177 4 0.08557403 633.59265 465.09497 673.0393 507.2674 5 0.95956427 1.1347504 119.82645 451.1974 545.9812 5 0.8356952 155.20453 338.47382 571.9524 714.8957 5 0.68313456 22.42163 139.58759 661.45306 707.50464 5 0.5847558 419.74463 213.5443 745.29663 562.8578 5 0.4615509 149.02574 522.63586 443.3786 710.7711 5 0.16102102 271.87708 198.81827 778.709 672.3364 5 0.14718202 6.186882 493.32288 200.63898 555.77527 5 0.13771024 96.755554 550.8205 162.85495 599.2757 5 0.104120634 455.0636 362.20203 658.08276 807.0254 5 0.067739226 114.654816 112.59881 171.75601 137.51932 5 0.055776477 630.8891 275.88525 781.78937 623.2613 6 0.95346415 412.0636 7.816162 611.959 271.98926 6 0.89761287 287.65424 8.220566 471.77826 165.7072 6 0.6717012 0.2693329 0.0 466.424 195.10364 6 0.1208007 231.85432 12.8762665 603.30914 246.98405 6 0.097440004 3.3187943 0.94612885 211.17422 221.02719 6 0.07101536 340.6552 41.37005 498.49695 181.23563 6 0.063651174 384.58832 30.938877 470.20184 157.57565 6 0.053036965 448.03702 1.919548 603.4236 124.92154 7 0.29079163 10.3940735 107.03981 451.73187 595.13916 ,test/0186.jpg
0 0.33120194 381.68756 0.0 736.8919 336.3891 0 0.22433399 515.387 273.71417 557.8753 329.60443 0 0.06601771 716.4015 315.1149 821.6035 412.99973 0 0.050269064 610.99854 639.9198 621.9955 705.9547 1 0.4079884 991.894 1.7632065 1023.98505 194.72882 7 0.99987614 681.38617 379.9973 902.0463 721.1167 7 0.99984443 467.6447 251.6161 619.8072 556.0501 7 0.999821 267.0478 474.45367 510.44165 901.0346 7 0.99959916 241.06427 269.85202 471.20117 568.7528 7 0.999134 113.57204 557.3406 285.12653 848.41223 7 0.999092 185.49121 432.02505 281.26077 582.156 7 0.99826837 850.09875 386.4793 1017.397 522.5171 7 0.9977393 583.7964 380.66278 718.3905 660.3299 7 0.99710876 422.97742 535.2722 570.7327 692.1703 7 0.9933948 974.48816 312.4234 1024.0 434.08514 7 0.9677522 615.7175 384.2315 671.1897 460.57495 7 0.7888483 716.5443 314.41537 822.199 412.6783 7 0.47414213 984.6376 354.25482 1023.58374 427.3966 7 0.46897197 506.90634 345.5468 531.76166 383.82556 7 0.41476628 511.63184 268.3004 559.52954 332.02075 7 0.26753888 1008.7289 322.19412 1024.0 435.48892 7 0.21329056 261.5863 452.76318 375.0171 566.4579 7 0.18673316 606.78906 393.90823 728.7328 546.46497 7 0.0536821 700.70245 383.16205 994.95575 527.0524 7 0.05010578 735.67084 359.62848 799.4936 402.59668 ,test/0187.jpg
0 0.06685658 352.51343 422.23123 683.70215 701.1277 1 0.407617 353.3025 422.3905 684.18445 700.6415 2 0.82710123 353.46216 423.81927 684.23645 702.0301 7 0.123604 353.14413 422.5043 683.90063 702.6655 ,test/0188.jpg
0 0.32063007 2.954338 451.0366 91.96483 596.38403 0 0.22915325 623.5118 461.03293 677.3559 494.705 0 0.18445376 376.6821 205.8958 439.249 263.57098 0 0.15374331 551.75793 452.28375 628.5602 501.14368 0 0.11552904 305.55173 183.8703 405.42776 244.86636 0 0.10039297 589.29205 384.23544 623.7635 396.95108 0 0.09074929 562.6464 453.82916 616.59357 530.84937 0 0.072067544 71.39611 124.71942 223.81995 247.97308 0 0.06587043 366.9367 206.32387 411.3142 241.5926 0 0.0651989 667.9055 484.60114 827.5194 527.202 0 0.058301 341.07388 195.0031 447.01743 257.6796 0 0.050890177 272.29544 216.57889 319.46542 239.3229 1 0.7857768 306.30988 184.03168 405.69617 245.66779 1 0.67431045 251.57307 167.75432 338.21936 220.60081 1 0.47891772 2.8336258 451.22372 92.39874 595.4427 1 0.46817046 375.121 204.62524 439.35886 263.97937 1 0.445263 236.11568 171.51166 411.76306 252.95578 1 0.41672245 629.3533 462.5983 677.40405 493.30862 1 0.33144826 222.01233 167.61057 350.25305 240.60211 1 0.24726613 341.07388 195.0031 447.01743 257.6796 1 0.20726848 408.1955 205.94095 444.94543 234.6767 1 0.11912666 364.9604 186.11356 516.7294 260.4278 1 0.10535738 430.75952 471.70142 695.079 671.21533 1 0.102221295 223.64215 204.2669 325.96326 244.0307 1 0.09891653 437.87637 169.92838 506.87875 243.85718 1 0.09557423 365.3122 206.40547 412.3255 245.347 1 0.08017808 0.0 300.42017 100.10747 610.9812 1 0.071585126 552.56714 451.4244 628.84705 499.50034 1 0.070788085 266.5191 214.1627 320.604 238.67891 1 0.053525466 346.0919 197.44687 401.36496 238.78647 1 0.053523555 429.96515 468.57123 911.68134 734.49567 1 0.050218422 260.63 208.76382 350.89325 242.0239 2 0.08469428 306.92352 183.71082 404.8344 245.51254 5 0.16249162 372.38516 204.71632 439.73508 263.7962 5 0.0975795 541.4999 450.50693 629.1509 500.64505 5 0.05817997 431.11514 471.52063 694.5148 670.75867 6 0.93309975 468.33893 647.7613 697.87115 753.0561 6 0.8943741 619.9607 479.02005 914.51685 647.82587 6 0.6812536 435.52203 488.96606 913.7961 747.6898 6 0.6675528 666.35095 477.47818 878.5935 552.41864 6 0.45332807 462.96298 532.7529 716.8839 753.5364 6 0.44306976 434.9496 483.88477 694.91675 680.19214 6 0.3241605 493.61487 558.06445 738.885 689.4436 6 0.3110726 507.85153 528.0489 906.7733 665.74677 6 0.17513256 677.23474 501.60187 834.06726 556.2525 6 0.12334528 674.3792 488.46558 841.66534 530.0588 6 0.056805674 507.80475 659.19824 657.35895 731.8606 7 0.99966085 637.7938 622.8359 1010.73645 961.77277 7 0.9971904 451.65216 149.51003 655.0015 243.85237 7 0.99263614 47.005157 408.15448 364.30927 581.3612 7 0.97225934 70.44833 125.63545 222.27115 245.76048 7 0.96990484 13.580475 404.01587 487.06628 753.4741 7 0.91887206 245.45665 238.35794 671.6731 569.6305 7 0.83187175 431.46484 471.58786 693.6902 670.161 7 0.69402874 207.4722 227.057 392.1296 419.2718 7 0.5643406 628.3181 461.6785 676.5502 492.65262 7 0.4620846 0.0 562.63306 40.63687 623.91284 7 0.22926016 9.327652 207.9856 443.37903 668.38336 7 0.21763597 0.8870659 452.49374 87.14578 596.1367 7 0.21060193 201.31372 235.38658 371.15802 341.53986 7 0.19543858 210.16948 225.0412 536.8027 449.38196 7 0.15541568 372.8885 205.05502 439.75305 263.9132 7 0.09795954 424.75235 237.10774 510.07443 269.14114 7 0.087616906 272.90594 216.75748 341.96936 240.25299 7 0.08154301 418.5291 474.2509 911.6501 719.90894 7 0.07571756 0.17234802 81.81294 283.4298 592.17725 7 0.07564747 148.33115 224.53822 256.51096 316.3535 7 0.07006001 301.49304 269.14743 498.21698 416.80106 7 0.06664489 589.4113 383.18634 622.81866 398.3498 7 0.06237596 59.960228 116.69812 245.29471 338.2631 7 0.06224088 667.9055 484.60114 827.5194 527.202 7 0.053634893 223.50742 205.36101 316.46188 251.0402 7 0.053308543 427.70337 248.59372 493.6916 268.0416 7 0.05073312 351.99554 242.20566 537.5231 341.30283 ,test/0189.jpg
0 0.92524225 290.6793 5.9196815 389.2064 75.50424 0 0.5382713 890.8891 464.54236 1012.4041 719.46533 0 0.33097774 706.88434 215.77847 774.1171 424.7122 0 0.28706303 907.7469 457.5806 1002.7077 517.27936 0 0.1779623 703.5606 210.38345 850.39154 421.0082 0 0.11097173 807.4058 437.4603 902.62396 489.8835 0 0.07509055 561.67554 278.04877 637.47595 463.75488 0 0.06803801 835.0096 421.05585 1003.8664 758.465 0 0.063874185 688.05554 207.27666 884.83606 522.89557 0 0.058722064 718.9577 230.29037 754.9743 420.118 0 0.054049116 424.67715 2.2119675 524.6986 154.08133 1 0.10962869 225.40092 63.799934 258.34143 82.19788 1 0.05785421 290.9173 1.8810158 389.46112 76.1268 5 0.29098967 703.487 210.03366 862.54877 421.49283 5 0.24604665 883.8915 473.42288 1015.51 716.22266 5 0.11451413 881.614 665.1649 1023.6138 1019.40796 7 0.9998024 11.047607 35.121338 637.59296 772.5615 7 0.9995252 376.4649 348.1442 1006.1812 1002.5426 7 0.75762576 425.27234 1.5173569 524.3945 153.14093 7 0.61584455 879.5781 658.1019 1020.93054 1018.15247 7 0.29102013 1007.2391 459.20465 1023.07794 592.8515 7 0.28318334 830.6903 459.9324 1022.1787 1004.2611 7 0.22772107 290.00592 0.68253326 391.6859 75.72025 7 0.19138391 225.40092 63.799934 258.34143 82.19788 7 0.146134 10.200409 95.54527 230.78296 592.8058 7 0.07545296 924.43256 668.8682 1020.48615 922.825 7 0.053307623 749.7011 702.983 1022.669 1013.6674 ,test/0190.jpg
0 0.17658883 393.38443 540.7626 563.6523 662.5571 5 0.09321728 393.45084 540.31323 565.11847 663.0049 7 0.91239035 393.45285 540.11304 568.7828 662.75085 ,test/0191.jpg
0 0.139173 312.9887 639.87866 361.27533 721.5863 0 0.13634023 730.228 508.20657 811.9734 565.11755 0 0.108417004 359.703 576.9463 404.22083 609.3534 0 0.08590863 154.26306 588.37915 181.34924 624.5084 1 0.9985135 233.1337 344.05615 556.3605 740.791 1 0.99783224 513.311 158.33566 953.3151 630.0205 1 0.21820587 235.49149 129.04681 978.0697 740.72864 3 0.117179446 315.8097 689.95953 335.12067 714.8088 5 0.93207824 87.87285 515.416 142.087 541.8878 5 0.751904 129.05695 493.6224 160.1785 529.59216 5 0.6646609 729.98157 513.9946 811.6548 564.02734 5 0.5268668 85.034515 495.52582 162.02101 543.0456 5 0.19575457 154.35522 588.32367 181.42828 624.95795 5 0.16327775 63.293125 444.6176 161.15105 543.6641 5 0.14064686 120.76356 493.3586 171.15125 540.3197 5 0.12573297 111.447014 516.16534 165.15044 541.60126 5 0.063131474 151.18303 545.2874 177.94325 595.91656 7 0.9995554 5.8187485 479.30078 258.578 879.6493 7 0.4683722 154.39828 588.16876 181.48434 625.51984 7 0.38082528 730.38586 515.34174 811.4064 564.5738 7 0.2661715 63.47218 428.44534 143.8775 546.7146 7 0.060315795 150.68614 524.8287 181.06087 626.4787 ,test/0192.jpg
5 0.99882096 297.52322 213.284 781.3242 856.41327 ,test/0193.jpg
0 0.2925808 219.91052 220.53452 913.2097 826.76355 0 0.0938701 930.2523 941.6253 1023.6841 1024.0 1 0.8070152 215.96777 223.23639 913.9132 825.95844 5 0.053339966 929.2252 941.5931 1023.73975 1024.0 7 0.19986111 217.32617 222.20969 913.2903 826.218 9 0.85421103 930.08624 941.8065 1023.69366 1024.0 ,test/0194.jpg
0 0.5977228 601.9461 370.80078 703.1945 445.6775 0 0.26295957 263.72852 605.9812 564.1776 776.15955 0 0.067167334 675.495 387.35785 698.973 444.2437 0 0.056550693 499.27536 340.55865 714.7265 446.677 1 0.97559845 267.0641 608.74493 562.7885 775.90106 1 0.31191695 601.3253 369.75024 703.2361 445.4571 5 0.9977355 477.52725 335.2762 732.2529 446.30832 7 0.0682409 601.76495 370.24457 702.4549 447.23962 ,test/0195.jpg
0 0.5798313 543.6941 945.85345 798.80664 1024.0 0 0.054452933 115.42627 894.032 410.39508 1024.0 1 0.050550044 827.5953 0.0 1023.1358 91.170715 2 0.06823583 207.92395 176.86493 689.2407 918.31744 3 0.9988789 210.57486 174.31119 688.12683 915.9739 ,test/0196.jpg
0 0.99917233 451.88635 521.9026 667.8086 665.88513 0 0.73246074 212.3007 239.07927 574.8936 421.46924 0 0.7140399 758.5443 545.95264 845.54517 605.9866 0 0.7123053 491.26453 240.0455 576.51746 315.25296 0 0.499291 391.28882 27.42772 588.1068 159.95236 0 0.4812977 872.40643 160.88568 1018.1076 234.35034 0 0.36100608 184.04886 753.7521 417.80563 992.2494 0 0.28468546 176.4974 819.4861 225.8941 860.6677 0 0.23460545 269.1989 268.2458 375.477 316.29504 0 0.08792852 863.6256 155.28448 879.98865 230.03351 0 0.08637443 436.7424 525.1307 600.527 579.99335 0 0.0834372 264.27258 707.104 504.17194 828.9071 0 0.08015975 286.55392 424.11096 388.70554 495.27228 0 0.06833255 52.24472 479.82758 610.9286 840.216 0 0.0578013 867.2374 155.59724 890.3463 209.48961 1 0.51289064 183.60637 753.19995 417.35406 993.3102 1 0.240032 212.30783 238.2147 575.4203 421.42023 3 0.98114794 781.46545 410.0191 1019.1598 579.4657 3 0.7152537 391.33765 27.472122 587.96564 160.2064 5 0.96856064 54.790497 474.49292 558.4402 834.73376 5 0.28805795 185.90948 690.9423 542.7568 995.48236 5 0.17369881 266.63437 704.8752 524.98267 830.092 5 0.062674046 200.00082 564.73083 544.19714 823.9226 7 0.6514557 217.52191 305.49817 529.0396 417.64337 7 0.28509226 777.5804 409.32907 1020.64276 581.30115 7 0.24318968 183.13367 745.05444 435.8565 993.3716 7 0.20719956 265.2212 706.8974 503.62537 830.9268 7 0.09119706 872.40643 160.88568 1018.1076 234.35034 7 0.08453951 757.79926 546.02216 847.85406 606.18353 ,test/0197.jpg
0 0.17297387 341.6286 141.69373 831.48395 709.81885 1 0.72478396 341.87195 146.63895 829.85156 710.7842 2 0.48494226 340.55017 146.66907 830.3286 707.92303 ,test/0198.jpg
0 0.5298309 578.9141 925.4247 707.8835 1021.60986 5 0.99976546 443.17578 281.64062 647.98706 570.8137 ,test/0199.jpg
0 0.80824333 453.8885 0.09952164 710.5358 79.927826 4 0.99459064 296.25543 394.91583 615.0755 560.92377 5 0.8549971 748.9291 880.7178 1019.58105 1024.0 7 0.1444169 453.75958 0.027629852 710.0347 80.12392 ,test/0200.jpg
3 0.09983253 352.387 887.621 437.38773 959.7677 5 0.60293436 353.09378 886.1922 438.23996 969.028 5 0.10356271 660.60626 553.92303 693.6132 588.8389 5 0.098101884 633.7308 552.97784 691.22455 639.31476 5 0.097345024 634.1856 590.00836 682.6988 635.9908 5 0.071662314 714.93384 131.10904 743.412 158.0517 5 0.052872684 500.92966 706.60913 579.7408 782.1327 7 0.99985075 120.11023 240.22543 608.3723 768.0376 7 0.9998411 552.3057 458.9096 1003.74457 999.9091 7 0.7041109 501.4585 706.657 579.77515 781.9596 7 0.061760437 632.895 455.61316 928.51074 594.896 9 0.052142933 1007.9553 689.73474 1023.4066 758.16907 ,test/0201.jpg
7 0.99545634 465.09888 250.4122 664.76086 733.61975 ,test/0202.jpg
0 0.9990872 71.533844 499.81042 257.42438 667.7317 0 0.91867983 903.809 517.5656 990.14105 667.60834 0 0.8702242 548.9266 477.62302 632.5689 597.3991 0 0.67040014 331.62292 390.33606 521.0499 613.80096 0 0.6028901 653.81946 411.83237 918.4082 670.3972 0 0.21031734 858.0507 388.8354 990.7819 627.3557 0 0.075315334 678.6893 627.3013 730.08124 692.28516 0 0.058460668 834.31445 678.30927 864.385 703.0722 0 0.05371821 922.4019 516.81134 992.5076 614.71063 1 0.6125914 656.89935 409.3063 918.8056 670.19507 1 0.51645625 332.9749 390.86017 521.2673 614.9598 1 0.16950662 861.62024 384.56226 993.71814 671.70935 1 0.07720095 547.8764 479.8357 630.9876 598.1959 1 0.07197628 904.3088 520.44604 992.40265 629.5211 2 0.0901143 656.7389 409.8853 918.17114 670.8658 7 0.104037605 656.9206 414.06696 918.7773 669.6608 7 0.0998489 900.8297 519.76605 989.1532 628.11566 ,test/0203.jpg
0 0.38532948 268.40494 865.3037 645.49304 1020.95105 0 0.30537337 131.50558 81.242004 676.406 893.1026 0 0.101630144 244.56197 92.00845 663.88184 132.4319 2 0.12364858 142.4046 82.27307 676.71124 886.6285 2 0.052206818 244.56197 92.00845 663.88184 132.4319 3 0.6364452 120.61755 81.98172 680.5593 904.56323 5 0.8715428 1.8233414 56.184204 135.54459 520.19604 5 0.34886852 1.2063408 56.32872 116.332 210.8936 5 0.2896805 105.518036 80.51849 680.2982 912.7858 5 0.15024972 82.99246 692.3145 663.22656 898.3731 7 0.865805 591.34216 334.6889 1016.5824 760.16376 7 0.77439266 280.02472 864.8965 644.38074 1020.51294 7 0.5705709 3.6779175 47.97844 134.56262 519.7354 7 0.34794104 194.97943 0.0 370.48047 119.15026 7 0.19033861 603.22455 604.35175 1016.9711 825.95135 7 0.09575271 1.3570442 55.303505 116.32077 211.54141 7 0.09509283 0.0 24.991623 330.39856 526.0965 7 0.056208096 129.93958 0.0 377.08078 169.24501 7 0.053301558 124.40698 72.95636 974.7755 908.9572 9 0.056932915 112.19235 81.69412 681.54236 904.4719 ,test/0204.jpg
0 0.17624468 579.2897 242.75916 937.30225 532.1731 0 0.059842106 66.44287 259.24304 950.1431 724.83685 2 0.83242416 578.18774 243.89525 938.397 533.18463 2 0.05233952 73.573944 258.73834 943.3877 729.7127 3 0.645561 74.54166 299.90118 810.57275 726.4653 4 0.13436046 65.525665 291.59332 876.7616 726.07806 5 0.6169273 61.747833 266.81827 946.0842 726.14905 5 0.1060005 579.3336 244.3684 936.5171 532.3165 ,test/0205.jpg
0 0.11421905 799.3292 205.95828 854.19006 327.2018 0 0.10746299 129.3546 361.85773 215.21239 443.3064 1 0.9987697 179.41348 192.65784 881.2821 723.5565 1 0.077461325 767.09827 197.28885 871.06433 340.15097 1 0.072645634 180.30455 332.16962 366.34094 680.27924 ,test/0206.jpg
0 0.8764075 400.18396 638.03656 690.3242 778.99506 0 0.45501938 344.8484 501.18497 594.2649 624.9989 0 0.26193124 304.1786 537.44415 716.1977 788.6828 0 0.18210365 697.33923 227.15974 831.0635 294.10944 0 0.15317903 294.1877 715.2862 475.3049 784.4062 0 0.11752243 821.8437 497.50287 958.19684 587.4782 1 0.3558698 345.0773 501.09738 593.941 624.8055 1 0.10448626 821.121 488.1171 957.6465 587.6564 4 0.9967874 510.60458 233.21455 917.82715 529.0821 4 0.26205006 333.4241 258.97165 909.7689 652.1304 4 0.0650746 559.039 231.35896 823.1694 380.33887 9 0.22556016 367.90295 631.60736 712.8539 783.51874 ,test/0207.jpg
0 0.73833346 211.28934 201.84796 1024.0 988.4891 0 0.62262684 226.58243 570.6856 642.49646 988.11774 0 0.41222134 427.96747 229.99307 1024.0 747.87085 0 0.26665437 307.4887 410.21896 576.0065 660.01025 1 0.3342942 309.24057 409.92462 573.3911 661.9211 2 0.87978 310.25946 411.96097 574.2831 660.4636 7 0.09749325 309.48248 411.02783 574.6865 661.6277 ,test/0208.jpg
0 0.14931895 474.37158 246.0112 699.17163 493.5419 0 0.119691685 734.7173 338.00592 989.542 620.6615 0 0.110213995 91.59996 78.82361 411.0229 789.0958 0 0.051025506 95.36923 173.00449 986.3639 811.6428 3 0.16727139 735.05676 339.40646 988.1924 623.8469 3 0.098878294 95.36923 173.00449 986.3639 811.6428 3 0.08913813 474.75415 246.38588 699.0408 493.34924 4 0.9895698 554.74164 532.3854 805.1419 840.6416 4 0.72237265 734.8552 339.17487 988.48486 623.83954 4 0.09440949 91.06569 77.44235 412.09137 786.547 4 0.08705756 474.78217 245.94382 699.30707 493.66043 5 0.92854774 91.11662 78.34335 412.2019 786.4238 5 0.5660603 474.97388 245.9909 699.46387 493.6081 5 0.0760961 735.43396 339.01044 988.37805 623.2151 8 0.775718 473.89502 247.40422 699.3811 492.49646 8 0.29388857 87.97427 76.013306 414.58533 787.92957 8 0.05198349 735.1832 339.55014 988.77185 624.05457 ,test/0209.jpg
0 0.06969215 196.67236 126.443115 794.6941 890.9736 1 0.9644961 198.33478 130.64435 794.3848 886.7265 2 0.059346132 197.77881 128.82584 795.36597 888.03125 ,test/0210.jpg
0 0.5545788 358.4492 437.62643 425.61765 467.24875 0 0.35624725 356.63928 433.8908 440.30188 511.7218 0 0.28379878 369.44556 417.20114 750.9675 542.5368 0 0.22186479 614.06384 465.4779 754.3939 554.7825 0 0.17782433 357.34863 417.58618 465.02307 466.37683 0 0.07507111 524.46814 336.5921 718.0596 426.0349 0 0.07153535 175.89249 735.02704 366.11307 837.1054 0 0.06698631 412.2951 414.97513 467.15417 456.1038 0 0.05197879 356.98923 431.943 487.75534 531.53357 1 0.99625516 97.02324 909.5064 355.00415 1023.82074 1 0.81591374 408.6925 413.36838 686.87476 529.00635 1 0.5304322 256.6767 919.2757 352.5251 1024.0 1 0.37273598 614.06384 465.4779 754.3939 554.7825 1 0.1830242 175.89249 735.02704 366.11307 837.1054 1 0.07026599 522.635 336.11993 718.81226 427.96454 2 0.4245615 407.38885 413.69992 697.6711 529.9124 2 0.12644772 524.46814 336.5921 718.0596 426.0349 2 0.077108555 522.15326 371.7245 709.26605 542.88165 2 0.07063513 176.47644 734.25507 365.69678 837.2424 2 0.06582575 614.06384 465.4779 754.3939 554.7825 3 0.9694277 524.64197 336.44913 717.1256 426.44418 5 0.9952053 93.90712 522.96136 538.0472 742.0865 5 0.93318933 236.17683 595.9239 531.91766 745.9007 5 0.87500936 176.53876 734.6245 367.80225 837.75574 5 0.8183193 95.362114 525.3722 303.94925 665.021 5 0.09097314 524.46814 336.5921 718.0596 426.0349 6 0.24002849 175.95746 734.66766 366.8258 837.2941 ,test/0211.jpg
2 0.100557044 256.11694 370.9004 717.5246 641.15643 3 0.99510926 260.05984 371.37973 717.9568 640.6273 ,test/0212.jpg
0 0.8750224 528.98425 251.96567 878.5719 842.0614 0 0.08015971 174.82841 97.17523 592.0492 952.5407 7 0.9858301 175.39516 100.48151 591.8432 955.2349 7 0.8715352 533.8502 249.17056 884.8638 832.5394 ,test/0213.jpg
0 0.3820169 364.6958 563.024 651.95123 760.94904 1 0.4637914 365.09735 562.6654 652.0551 760.11926 2 0.8906857 364.45172 562.6243 651.80115 760.5203 ,test/0214.jpg
0 0.4131737 18.846695 720.52216 184.35619 794.8654 0 0.3155295 0.2630844 814.3656 81.89566 1020.0005 0 0.23763588 354.7044 363.34973 947.207 577.2007 0 0.15093799 368.7385 500.28946 890.21265 737.2538 0 0.15000008 383.97946 359.06396 815.094 411.15796 0 0.094628245 2.0007973 816.423 78.78027 905.9855 0 0.089276984 1.1767597 705.60724 59.47325 839.31647 0 0.07646507 433.16522 614.9982 874.2211 732.8145 0 0.070819944 184.18489 697.4783 375.26715 744.4242 0 0.067446135 327.46246 509.99295 432.9674 631.12177 0 0.06739866 8.689468 718.484 146.87814 767.4501 0 0.06341489 239.00443 607.8701 469.55704 712.66223 0 0.062781975 0.0 684.3354 205.04494 809.2569 0 0.061658997 918.438 916.4506 1022.08044 1024.0 0 0.055613007 330.003 341.32117 954.6004 749.24207 1 0.9342587 10.696564 714.90643 1006.33655 1022.477 1 0.8163069 0.80656433 616.3774 473.57355 735.1893 1 0.71470445 0.037555695 812.6927 83.1835 1019.58 1 0.62786674 330.003 341.32117 954.6004 749.24207 1 0.49005273 917.4753 923.54663 1023.0871 1023.4144 1 0.46653256 2.201786 815.828 78.5878 905.66064 1 0.2920867 329.56464 510.53345 441.6853 631.40845 1 0.22222152 354.24252 505.49567 895.1527 731.2753 1 0.17310762 180.17017 698.8548 381.88177 744.6248 1 0.1488151 0.0 610.55817 880.6896 937.533 1 0.1360547 0.0 633.01996 505.18457 1021.94525 1 0.13107353 27.625412 613.021 284.6762 712.6575 1 0.1246183 354.7044 363.34973 947.207 577.2007 1 0.10490991 231.60089 608.5561 470.07538 715.59784 1 0.09124394 913.2959 736.0481 1024.0 1019.2932 1 0.078240715 3.3077774 640.2675 231.94391 736.03937 1 0.07636446 0.38422394 721.6272 179.44598 830.8893 1 0.07614781 0.0 758.8595 321.72046 1018.5309 1 0.075315654 3.0561523 667.7613 392.43973 737.8931 1 0.054727264 0.0 560.0292 892.191 747.51843 1 0.052579444 491.8542 735.0564 1015.94415 1023.7234 2 0.43152398 329.389 510.64688 441.8524 631.3258 2 0.0712239 357.86978 360.0351 943.1763 574.9186 2 0.054538034 192.19173 612.04956 474.77325 726.65784 2 0.053564228 184.18489 697.4783 375.26715 744.4242 3 0.8102078 185.50748 701.2296 223.78247 741.43896 3 0.46823102 216.95084 610.01666 472.67288 719.79706 3 0.15562162 357.33987 362.86273 943.4568 570.539 3 0.08124712 329.07892 510.68942 451.9217 632.6377 3 0.079421565 184.0528 699.1744 371.41492 744.25214 5 0.3188259 237.15605 607.91156 469.30334 712.77374 5 0.16971192 242.65958 610.5114 427.62607 672.1446 5 0.13304155 339.1961 346.17737 954.49005 731.2129 5 0.07826184 251.00095 613.62177 445.9938 647.4875 6 0.72250736 918.5193 922.9601 1023.09656 1024.0 7 0.37936807 334.9095 351.35284 950.8475 733.6829 7 0.15013096 0.2630844 814.3656 81.89566 1020.0005 7 0.09978861 192.19173 612.04956 474.77325 726.65784 7 0.0872661 328.56143 510.29398 442.30527 631.6892 7 0.08042922 372.95157 504.4656 886.4967 730.4299 7 0.076258115 356.3019 365.82187 947.9175 557.93616 7 0.07504638 383.97946 359.06396 815.094 411.15796 7 0.072409324 184.18489 697.4783 375.26715 744.4242 7 0.05404664 10.682846 645.1303 419.1825 722.4168 ,test/0215.jpg
0 0.45611012 485.20474 936.7614 586.96014 1024.0 0 0.105760075 987.3049 118.67921 1014.0599 213.27438 0 0.054045096 413.553 387.78052 507.91824 419.88123 1 0.22520752 414.6398 389.63458 507.55844 419.33594 5 0.16908456 485.3344 936.99304 587.1523 1024.0 5 0.088579096 745.33923 2.9720917 1021.92847 309.55762 5 0.050426632 523.2493 406.95447 633.4921 438.9065 7 0.9998134 319.0299 386.51392 733.59436 896.3176 7 0.6772445 523.71625 406.994 632.9141 438.8765 7 0.124612056 403.86035 391.43683 645.89185 445.21356 ,test/0216.jpg
0 0.9593675 294.9474 83.51672 833.5945 885.4321 1 0.24900195 292.03622 74.391785 849.70886 883.6165 ,test/0217.jpg
5 0.99944717 120.93573 455.08868 936.9947 791.9184 5 0.12241385 523.44714 450.2845 942.4132 800.2049 ,test/0218.jpg
1 0.9984107 268.8207 309.56348 786.3159 550.6124 1 0.118163705 489.19965 306.3418 800.2194 462.78174 ,test/0219.jpg
1 0.99794716 266.3684 168.25378 716.6242 759.3671 ,test/0220.jpg
0 0.06918825 389.22104 213.61041 981.876 659.3021 1 0.99910825 148.39636 460.03986 662.1031 942.3986 1 0.4103863 157.13821 188.79065 978.5587 951.6295 1 0.34460017 401.9863 214.41684 987.8523 675.7019 1 0.06700005 172.51292 748.76807 296.35596 930.671 7 0.9570933 388.75726 214.11368 984.7254 659.9608 ,test/0221.jpg
0 0.4052977 424.85922 703.41705 487.21597 722.82404 0 0.33790323 465.8296 602.33026 790.74097 823.93646 0 0.31594083 429.85446 261.58765 571.27435 352.35248 0 0.24548264 347.41083 286.28455 448.53217 337.68866 0 0.14481623 312.42743 268.0142 575.8884 355.1251 1 0.7091864 464.14935 602.6732 790.48785 823.55554 2 0.11070924 317.2857 990.47156 433.8603 1024.0 5 0.9388207 319.09494 988.78284 433.28262 1024.0 7 0.9998777 156.58853 314.84406 621.4348 587.54834 7 0.99234337 518.87244 287.35242 771.74036 593.5384 7 0.24693912 471.3757 604.17664 788.34937 821.1891 7 0.059649937 348.5888 283.26117 519.1685 358.64026 ,test/0222.jpg
0 0.89061403 690.3898 700.6944 745.681 781.008 0 0.5257901 239.25282 228.65283 377.2196 352.753 0 0.088616155 702.72833 751.2717 743.3671 780.12085 0 0.07424511 0.5697861 466.94543 71.58082 727.0709 1 0.37335706 233.43367 229.00864 377.90234 353.7582 7 0.99945635 370.99966 192.7459 598.3696 364.47186 7 0.9980287 242.9752 520.28503 546.4804 849.5133 7 0.99557173 472.9537 172.9898 551.73004 223.96225 7 0.9953839 492.8766 535.9109 716.72253 804.44324 7 0.98041075 590.5428 491.3917 704.0992 640.37354 7 0.97958404 471.6934 387.70728 617.2401 576.402 7 0.9717086 80.09277 368.18958 324.02774 714.7108 7 0.9677554 667.77295 359.01776 855.3656 696.1608 7 0.942581 150.54276 345.91168 585.54626 598.56647 7 0.82855046 702.3742 354.044 863.4462 535.9099 7 0.8256332 537.7675 302.31635 720.58344 519.96576 7 0.401027 239.78491 228.80037 378.38617 353.63132 7 0.31717017 467.64294 175.10101 606.8655 282.64188 7 0.28544325 475.5874 174.94122 514.95294 206.88428 7 0.17393176 607.9442 349.55692 720.90564 507.1216 7 0.1681339 552.37286 344.97156 860.5926 553.87164 7 0.14917918 395.99915 322.17023 734.8467 633.7321 7 0.137979 690.3262 701.5674 745.5637 780.88416 7 0.10228589 307.20538 366.11832 541.3306 613.4815 7 0.100794606 561.12445 456.3355 713.8398 748.4998 7 0.092160664 413.98465 357.02606 555.57764 588.28 7 0.08452762 482.57193 341.58746 846.4828 700.54486 7 0.07802632 591.71246 469.63477 614.0185 562.9568 7 0.056014642 0.33992004 466.83417 73.03791 726.2891 ,test/0223.jpg
0 0.9618722 619.6699 142.50775 653.58777 324.38046 2 0.96353036 501.71878 355.0235 731.92236 493.1844 2 0.7435534 489.03113 247.81578 748.44543 498.61078 5 0.9851128 489.52966 242.47516 746.2628 506.1988 ,test/0224.jpg
5 0.99264103 175.46353 394.3042 817.0045 663.80054 7 0.052226808 163.67862 386.44867 856.7346 663.3438 ,test/0225.jpg
0 0.87531507 108.19752 791.619 174.97754 839.36755 0 0.28188178 221.73624 311.93396 607.6681 556.5251 0 0.24425624 506.39862 766.6133 541.8746 788.38745 0 0.14770158 649.67126 535.5563 975.2521 758.40955 0 0.0798153 365.12146 394.83713 426.2541 419.04086 0 0.06764327 118.286316 811.04596 175.09549 838.8151 1 0.9084313 644.69257 528.42053 974.51544 756.484 2 0.22203863 201.9697 520.4737 272.18527 553.90045 2 0.10137263 198.91023 495.2714 325.5914 549.8534 3 0.21102588 180.42822 504.51193 222.63504 533.438 3 0.16404901 221.96594 311.7505 607.56976 559.6736 3 0.09017992 195.2191 497.1696 329.3993 551.85236 3 0.07012103 199.94772 518.39136 273.04782 557.8436 3 0.05304668 199.09518 494.7427 403.88138 574.90564 5 0.15143739 191.3836 495.21234 356.96008 560.79865 5 0.0740363 202.69841 497.97458 292.79282 542.43066 5 0.063535765 183.39938 506.27768 224.89206 532.04694 5 0.06169399 211.17546 494.2978 327.4951 527.0675 5 0.05520428 200.94797 518.46545 272.74042 557.1813 7 0.9992162 409.82056 503.5089 697.9354 768.6531 7 0.9943066 116.87111 483.7818 437.32892 820.4284 7 0.83793354 422.65366 360.2262 491.70627 404.7849 7 0.26992226 222.23184 311.41257 612.4845 564.67505 7 0.21021411 356.72705 362.9852 604.55084 555.02826 7 0.19001177 234.34654 318.94693 517.61743 476.36533 7 0.13194975 320.01312 398.4415 494.99982 548.16064 7 0.13098794 196.78545 494.85275 405.46667 579.475 7 0.09256852 365.12146 394.83713 426.2541 419.04086 7 0.071935564 108.84091 794.4995 175.51315 839.7875 7 0.068864435 456.31387 539.6268 518.26013 589.2818 7 0.056910664 236.09308 380.57587 365.3233 465.65332 7 0.055917926 513.4415 537.13104 593.5646 577.52655 7 0.051882595 450.2008 536.793 591.0663 591.11224 ,test/0226.jpg
0 0.50085914 521.5876 595.6436 731.2758 757.6705 1 0.17471765 217.03548 254.78827 508.3952 629.95306 2 0.984565 217.89127 243.60701 514.3646 631.27686 2 0.59222955 225.30157 238.12144 510.2011 377.91992 3 0.21996234 521.65607 595.857 731.3504 758.41376 5 0.4805454 522.33984 595.1339 730.4994 756.5875 5 0.27859414 224.8825 238.16472 510.34802 377.11877 5 0.064848706 216.52711 244.86615 514.20013 631.21936 ,test/0227.jpg
2 0.999803 483.08148 203.76018 890.5684 491.284 ,test/0228.jpg
0 0.9995653 278.4001 283.47278 822.09015 839.04004 ,test/0229.jpg
0 0.7615785 251.19717 409.8576 348.62137 467.7397 0 0.31724325 305.49637 216.1498 572.92957 453.28937 1 0.9860574 614.0652 568.51624 1005.44824 844.1743 1 0.97743475 758.43286 657.66943 1022.8368 840.81494 1 0.88454515 743.8463 785.91 1024.0 1000.1801 1 0.5884004 905.0166 638.4339 1023.7152 711.7282 1 0.106402196 303.31488 220.94904 573.4503 448.03333 1 0.07959456 252.39261 409.75974 348.10068 467.23697 1 0.07225545 909.40063 673.1965 1023.0718 721.03046 1 0.06061042 761.3585 628.7097 999.7047 765.34094 1 0.057851534 611.85284 610.02356 847.4808 848.0703 1 0.05231172 900.21924 611.8981 984.704 683.8053 5 0.7341194 522.3641 600.34534 688.47296 726.0752 5 0.09303493 568.41284 602.14844 682.85 685.37427 5 0.07965059 527.033 651.47235 631.2507 720.2393 6 0.05849885 757.6421 676.3594 1024.0 844.21936 7 0.9995177 284.88403 282.69537 706.5887 649.22906 7 0.7474905 303.24298 221.8501 572.504 446.9477 7 0.24112175 251.93884 409.73373 348.2909 468.16336 ,test/0230.jpg
3 0.99975187 390.5823 163.90607 620.88635 783.29645 ,test/0231.jpg
0 0.85322356 332.70602 544.3549 395.35086 612.5621 0 0.6848006 371.43286 548.66113 469.45972 688.0188 0 0.5943475 670.4313 417.71362 785.74133 593.46906 0 0.27431712 493.7594 217.08542 529.20416 329.05466 0 0.1236709 622.6094 363.94922 711.5093 427.9231 0 0.10841079 573.0629 543.6158 624.66205 664.6009 0 0.09961543 597.4174 331.97174 708.68207 475.1477 0 0.07961736 679.301 442.60483 763.04626 550.6097 0 0.067557745 642.4109 490.75156 728.27295 724.36194 0 0.06128208 459.18777 740.7434 508.5281 788.77637 0 0.059888527 340.52762 541.29425 400.7133 723.5053 0 0.057748258 457.18304 756.4186 489.8075 790.0178 0 0.054854956 444.34515 272.11728 607.8663 487.13828 0 0.054795533 366.04324 587.2767 405.574 708.53375 1 0.90417176 631.20264 494.02814 728.0215 730.04865 1 0.5845047 445.02435 278.02466 608.3527 485.55933 1 0.45285645 673.97375 412.50537 778.90576 594.4211 1 0.4463373 371.3252 548.79846 469.6714 688.0736 1 0.18829674 608.5821 421.8806 794.7995 720.593 1 0.1498074 508.1244 271.28198 607.0477 402.7138 1 0.11317898 659.9334 365.1074 711.5268 413.6146 1 0.09258846 597.4174 331.97174 708.68207 475.1477 1 0.091299236 408.6256 504.36362 618.0364 742.46655 1 0.08857066 471.77286 282.78384 637.92834 640.183 1 0.08787507 618.81244 391.4018 804.3735 600.449 1 0.08339875 451.4309 319.9852 703.63135 538.42584 1 0.07746208 626.74664 364.52118 712.3952 423.1167 1 0.053524207 574.345 313.06076 727.26855 719.8544 1 0.05126236 448.52576 314.52313 543.73254 482.15082 1 0.05040561 465.51953 304.34814 813.54626 600.36444 2 0.75051856 508.15158 270.025 606.4592 402.29337 2 0.3143863 444.36237 268.03232 607.96857 486.89944 3 0.87723017 505.69202 684.32935 590.1979 785.7351 3 0.14525957 581.6813 458.94232 647.1405 525.3386 4 0.93214834 415.16052 482.07202 616.7788 755.52734 4 0.31108326 581.9334 458.70938 647.7614 525.2657 4 0.15262869 536.89545 498.31528 629.87177 670.0254 4 0.06824162 623.5424 485.02774 730.17194 732.3898 4 0.0656659 503.14655 684.0926 590.5197 789.3532 5 0.14875747 581.9334 458.70938 647.7614 525.2657 5 0.1262131 587.69885 342.26828 710.0399 517.85034 5 0.12251374 643.45703 475.54453 688.6865 502.62534 5 0.097710915 640.33093 418.8484 685.57825 511.00873 5 0.0923755 495.57867 217.5955 529.1844 322.88873 5 0.078695 414.51102 476.59912 622.17456 744.845 5 0.07288795 604.9422 355.44662 673.15424 484.6462 5 0.06315212 598.0781 379.09802 809.90515 597.5323 5 0.05679385 605.84894 408.08817 756.3326 783.95374 5 0.055126302 608.5499 416.0434 701.57227 469.002 5 0.054196402 503.14655 684.0926 590.5197 789.3532 6 0.061651073 441.99066 272.26675 619.3145 485.83078 7 0.62476265 485.51617 757.5404 625.98334 902.0314 7 0.16743702 348.0127 361.08826 778.1654 901.9331 7 0.09612857 645.6165 411.12833 802.8272 597.75635 7 0.07490798 592.129 295.09406 640.01025 364.95776 7 0.06572924 592.80255 322.63922 708.4865 478.56403 7 0.058938343 371.60815 480.93744 622.84485 766.643 7 0.056162678 574.7114 291.42325 713.7108 424.5392 ,test/0232.jpg
0 0.9225626 700.40967 7.460205 1024.0 979.6294 0 0.22450323 230.52725 18.561493 1003.573 999.6686 0 0.06171575 250.81726 188.01102 793.4436 711.2202 5 0.9700318 253.19768 201.04333 756.80426 686.2504 7 0.89504504 504.4776 909.433 850.9422 1024.0 7 0.070612915 517.93463 912.07526 688.61725 1024.0 ,test/0233.jpg
0 0.93882763 204.66753 723.73334 320.1421 776.6462 0 0.3611481 576.88727 595.87836 636.71 605.98065 0 0.2060669 679.82916 393.61453 1018.0036 756.0043 0 0.09098938 368.199 658.45245 564.6041 1020.31854 1 0.059805047 699.3581 601.4264 944.94965 736.5488 4 0.92466956 131.91809 178.83788 327.68634 650.00397 4 0.87961864 312.22028 193.74393 401.83557 586.2689 4 0.2863939 316.84143 192.98532 386.81445 301.0176 4 0.24804549 684.8743 580.60803 943.9755 744.4242 4 0.1845309 448.5786 107.42444 784.45703 565.76 4 0.15248185 317.469 205.14726 399.4502 361.03186 4 0.08612277 674.3412 458.68472 1013.1404 743.469 5 0.99505675 105.28967 623.92163 422.1278 1024.0 5 0.99495786 518.8413 554.9501 713.89014 791.7617 5 0.9329433 491.67822 647.6273 985.56396 1023.9363 5 0.9028645 156.20688 58.34571 293.48227 139.89468 5 0.7687752 157.88562 56.205284 303.11847 219.93344 5 0.5928511 679.1677 394.82422 1016.30835 756.79346 5 0.5512486 166.5427 182.94449 318.81628 338.8323 5 0.39253306 313.10156 193.10143 399.55103 595.82245 5 0.38378274 489.42908 93.92082 783.1294 387.19928 5 0.3719764 340.88077 544.4532 544.44763 1015.64655 5 0.35191143 451.52905 103.26709 778.8495 608.77374 5 0.3333769 133.79869 185.59111 326.99744 652.61664 5 0.24258545 675.93787 570.8076 943.484 741.9343 5 0.2419695 164.5685 177.34047 306.78162 211.07652 5 0.21000452 497.13126 616.8723 724.76605 1018.9308 5 0.16686793 533.24493 800.4048 939.59625 1018.2323 5 0.1279869 162.60617 185.65962 306.51175 231.43813 5 0.08607834 846.4906 714.5616 1021.8578 1014.63763 5 0.08334161 237.74126 597.1383 742.96716 998.2168 5 0.07740309 489.1082 673.96533 632.1305 1017.74207 5 0.06343591 124.73848 144.68945 407.1673 1005.4879 5 0.057222616 404.78928 340.15173 551.65857 785.9314 5 0.056850143 435.64774 277.04224 718.78186 577.1399 6 0.17620347 491.0113 697.2618 562.9982 904.81635 6 0.099446975 680.16583 391.0717 1019.13605 755.2428 6 0.08205591 695.9686 386.5428 1023.2374 513.9285 7 0.47457922 679.6427 396.18414 1017.5305 750.804 ,test/0234.jpg
0 0.99577516 0.15681458 571.2075 313.85577 868.63 0 0.9543522 527.02057 0.0 714.1364 86.52559 0 0.58591974 0.9235611 388.2758 153.13574 641.2169 0 0.06827209 0.0 386.04285 220.55621 855.6439 0 0.059430607 696.4887 0.24686909 751.8846 29.4096 1 0.06832635 0.0 387.31268 152.27997 642.23114 3 0.99994564 298.41275 292.62274 614.72217 675.3475 6 0.11560652 527.3308 0.07324219 734.6023 86.3486 7 0.82852936 696.26996 0.1655302 751.97626 30.04229 7 0.061338447 0.89585876 388.27887 153.67517 657.37836 7 0.0605587 0.6440544 385.40057 33.46538 767.08563 7 0.057491433 527.782 0.033088684 738.1859 86.50257 ,test/0235.jpg
0 0.27191323 772.9028 296.68103 855.1276 359.86487 0 0.15923545 848.76807 7.8636436 1021.9746 121.497604 0 0.15334061 365.7202 2.2647095 534.74915 184.44716 0 0.065690845 740.44305 309.08505 786.7437 369.00943 1 0.16745977 827.0546 201.31317 995.92633 318.1869 2 0.26664308 827.0208 202.01404 997.73553 317.63 3 0.99822944 389.29843 384.2053 734.4988 957.7418 3 0.99821365 3.6553192 264.2711 406.7364 756.97107 3 0.988103 0.0 686.0283 348.02988 1020.8307 3 0.973169 686.79504 305.57074 1018.6544 958.67145 3 0.8139738 156.38052 660.9529 402.0189 892.103 3 0.7764502 0.0 282.45407 65.13996 453.1072 3 0.70665985 499.91638 89.810326 788.5676 324.18326 3 0.69411737 387.36343 224.97702 762.5188 466.5696 3 0.64412147 706.0222 350.87827 804.4944 493.7416 3 0.5912525 277.9035 137.97412 579.15894 361.78867 3 0.58968306 0.0 0.0 366.3412 361.074 3 0.5691995 826.96515 200.98373 999.20135 318.2485 3 0.51817054 272.0665 927.7923 486.30783 1022.32855 3 0.45527506 23.467846 381.28958 58.738094 424.3727 3 0.4542128 323.48462 361.6211 428.74884 666.645 3 0.43835643 27.337276 326.4171 104.15903 402.63458 3 0.36238724 144.59995 110.32675 784.2688 346.253 3 0.34318113 756.44904 303.24164 1024.0 667.4536 3 0.33624268 295.53357 141.426 798.7012 567.64465 3 0.32151556 18.346985 264.91895 155.6929 439.45087 3 0.2807652 153.70406 224.13911 280.0746 276.2184 3 0.2756468 309.71155 314.79916 975.44617 943.1128 3 0.26683176 607.14185 278.88818 822.7811 493.40955 3 0.186289 691.7717 901.09973 1024.0 1024.0 3 0.18579134 249.31734 651.67645 452.54706 1007.9333 3 0.18183103 66.59209 260.3417 162.79764 335.42892 3 0.17029554 222.02339 905.03723 712.88446 1017.36414 3 0.15994525 474.87604 1.623703 1024.0 319.6933 3 0.12871775 274.66812 4.189575 636.2075 389.39264 3 0.11983516 0.0 23.040482 1024.0 398.28967 3 0.11803493 174.44572 652.93304 329.75317 795.238 3 0.11392016 0.0 165.49081 820.2477 788.9121 3 0.096823834 648.37744 357.25537 823.53015 473.55554 3 0.08196396 613.2515 267.90024 759.1103 441.0427 3 0.07919456 4.7987633 334.0391 97.06801 432.74515 3 0.076295026 784.10333 170.104 1016.8077 354.57892 3 0.07498421 914.07764 524.83655 1021.5116 674.6406 3 0.070169024 154.59598 208.802 319.0974 293.6802 3 0.0700973 118.30957 206.6608 420.28766 402.45352 3 0.068385586 116.73401 687.48615 757.8229 1009.90643 3 0.060786147 112.81019 256.47623 162.2742 315.4957 3 0.059042264 911.74817 515.8751 1024.0 914.99316 3 0.0562058 577.4664 204.0646 761.8156 491.08145 3 0.055716116 24.737335 370.88092 73.06958 401.03168 4 0.15519875 17.146553 325.29968 102.64149 430.99335 5 0.76036334 687.4468 902.97736 1024.0 1024.0 5 0.23472208 615.32776 922.1531 803.058 1022.4862 5 0.17300764 914.5065 525.24286 1021.6167 674.79095 5 0.1561965 911.49774 518.3053 1024.0 908.39233 5 0.08456733 19.242306 325.6023 103.48416 422.90594 5 0.075791374 155.69246 650.3906 405.38385 900.9176 5 0.070517674 474.87604 1.623703 1024.0 319.6933 5 0.06724259 0.0 283.4155 63.759422 449.90414 5 0.0647127 824.4441 198.04019 1011.6162 322.93027 7 0.4959298 615.05817 936.27716 772.9943 1023.21625 7 0.17630483 911.74817 515.8751 1024.0 914.99316 7 0.14565343 690.3889 308.1359 1016.6405 943.52124 7 0.101615526 286.79797 2.5467758 542.51324 180.5998 7 0.088519834 474.87604 1.623703 1024.0 319.6933 7 0.08284606 861.55316 12.503014 1021.57 122.02068 ,test/0236.jpg
0 0.07254073 278.10876 266.2874 759.1615 790.9771 1 0.09177165 277.59308 264.62494 760.2341 793.05035 2 0.232663 277.24097 263.76056 759.79736 793.3553 3 0.07982282 276.99866 263.7737 759.9895 792.50024 5 0.82557184 277.39545 263.42593 759.76825 794.49475 ,test/0237.jpg
0 0.11788938 381.15878 355.47366 468.80203 457.4871 0 0.070496015 659.57733 16.500763 1013.02924 921.3246 3 0.24332224 659.57733 16.500763 1013.02924 921.3246 5 0.6273535 418.05386 627.0404 610.859 1021.8811 5 0.08814655 149.72607 495.99713 638.28845 1007.10956 7 0.9989083 281.03876 1.6876221 662.7546 686.34845 7 0.21252266 0.0 1.653717 679.9092 1006.1582 ,test/0238.jpg
0 0.1518414 325.1714 80.48981 545.1444 373.03506 0 0.08159093 127.57706 86.16922 824.1299 941.2294 0 0.05108875 255.31038 52.232162 534.8867 540.705 1 0.8042811 35.184906 10.340057 817.67175 934.6393 1 0.23281547 41.329224 11.803314 566.9336 663.583 1 0.19111854 329.9342 202.68039 815.1293 964.98535 1 0.09131627 338.3035 39.15689 531.5316 372.76505 5 0.33183908 164.5825 386.49744 534.2686 853.61646 5 0.078129716 105.59329 113.22391 665.0669 828.1256 5 0.0740628 361.37778 85.191956 677.85925 600.19904 7 0.52674747 105.471466 75.80386 815.636 955.20703 7 0.19429109 359.8562 81.51047 679.9264 604.2175 7 0.17467703 167.5939 564.4376 418.24905 892.09753 7 0.14579651 164.5825 386.49744 534.2686 853.61646 7 0.054215908 309.37195 186.27716 585.83655 705.3632 ,test/0239.jpg
0 0.053777322 628.5445 598.62427 705.1181 731.0867 1 0.99912876 88.06526 407.71332 307.84015 741.95856 1 0.9986266 615.4821 295.27893 840.4152 820.9968 1 0.9938968 258.00137 489.71634 456.31186 811.4038 1 0.9576221 443.40756 313.41077 644.39655 713.2875 1 0.79401577 445.91443 505.40707 627.96436 715.4403 1 0.4443394 624.3715 594.55493 705.2441 732.3788 1 0.38354582 446.92236 544.19025 590.4464 583.54254 1 0.24946122 442.79108 309.00507 837.8245 743.4052 1 0.13425802 615.37146 302.13293 839.3391 556.35345 1 0.132498 448.42813 511.63977 593.55835 588.50134 1 0.0753079 91.325935 627.8197 260.49084 741.025 1 0.06964373 277.11227 480.15274 385.23624 589.8556 1 0.06585243 620.97754 400.63483 696.6572 732.075 1 0.053497482 640.63257 541.72845 834.9075 806.0025 1 0.05016147 444.84918 541.40234 619.71136 619.05066 ,test/0240.jpg
2 0.99989915 277.3121 367.04572 616.66626 626.8369 ,test/0241.jpg
0 0.4008748 593.46313 353.7991 646.69604 423.7914 0 0.23478386 639.39844 329.96262 698.1134 410.38382 0 0.106701165 624.96796 353.19373 647.68646 415.72998 0 0.07157937 675.6506 257.2241 718.1789 337.1932 0 0.06506014 653.1669 361.5546 698.72437 406.49484 1 0.9694296 732.1164 378.2294 805.95514 427.5579 1 0.9674209 369.96008 524.6677 591.4929 772.3104 1 0.87776667 565.8064 270.56152 740.8552 579.06323 1 0.75040513 676.6087 251.7853 759.1994 429.48505 1 0.70782435 728.773 318.22083 872.4206 433.23834 1 0.64990294 593.5378 353.99817 647.67755 422.57477 1 0.31000262 538.47266 468.6818 585.3202 535.81915 1 0.24913844 624.73615 355.07068 647.4305 415.15125 1 0.22234882 692.1492 314.49255 876.5853 498.6098 1 0.22179896 640.06274 329.37024 695.68555 411.04468 1 0.21379371 592.71735 306.18768 684.7846 443.31836 1 0.17961517 536.9537 503.5505 576.89545 537.6636 1 0.14285628 656.5498 362.41855 698.2516 405.8116 1 0.12675913 504.49814 357.97543 648.2719 471.0273 1 0.12415944 711.9154 418.8714 792.29126 466.21765 1 0.11121768 707.70404 368.0824 809.67474 482.6397 1 0.104284376 584.56824 254.29697 763.98535 454.1862 1 0.10376987 607.75653 402.52728 629.97577 454.2926 1 0.09254072 616.545 306.39374 871.7288 570.0027 1 0.06720626 711.3507 333.6092 756.3053 431.5537 1 0.06377969 587.0871 304.28876 670.7431 368.42474 1 0.061321147 614.7784 306.2709 715.018 411.88425 1 0.054307148 323.9287 305.47754 763.04895 574.262 1 0.05340869 665.7418 247.27452 801.833 534.096 2 0.051486395 593.18756 353.9411 647.7515 422.3485 5 0.98715776 424.01978 342.35712 566.943 439.13782 5 0.91152406 388.18854 440.0594 574.89166 560.217 5 0.33063412 245.7933 455.0085 299.33603 562.1926 5 0.25344354 419.08215 346.60648 578.5762 531.43036 5 0.13542901 503.34412 342.54318 574.5171 381.7853 5 0.13192233 466.26352 411.5218 563.85614 467.69598 5 0.13044004 429.544 448.19513 548.62085 497.4569 5 0.122953355 506.13058 367.28906 534.9982 407.49677 5 0.08353322 406.57376 454.6287 558.6104 522.93115 5 0.07133738 502.75244 441.39273 577.3833 487.73178 5 0.0663973 404.28842 503.0089 551.4032 562.4011 5 0.06602105 567.5225 353.16763 590.58795 387.3475 5 0.06503361 216.91608 444.35672 303.27277 577.87646 5 0.059704475 450.5182 565.07513 546.63086 638.445 5 0.051543344 419.90002 435.86444 509.85034 487.71368 5 0.05123558 0.0 544.30133 151.21298 911.49176 5 0.050515156 419.9212 431.8706 477.7473 478.02997 7 0.99980634 658.9026 434.8277 814.85254 664.7963 7 0.9983302 803.60474 451.47827 925.50195 658.90955 7 0.99747014 279.07794 316.19733 437.4439 572.7609 7 0.9969988 164.89859 533.42096 384.9608 883.3415 7 0.9938356 111.99184 426.2379 295.49982 706.9512 7 0.94856274 380.5838 529.7679 565.9395 662.4582 7 0.74512726 637.63025 328.74274 697.75696 410.10858 7 0.44126257 380.3553 522.7974 592.5789 757.9211 7 0.33621594 380.50833 540.2355 450.15695 662.7268 7 0.112658024 439.52673 542.3573 557.9908 642.9501 7 0.106937 674.56946 333.47287 693.63306 367.35464 7 0.10499436 279.61804 325.96143 599.7982 590.2624 7 0.06490868 718.299 441.72705 769.3437 512.14935 7 0.054125313 387.69702 434.17596 572.11456 562.0226 7 0.051369604 113.63385 333.53046 426.20477 688.0957 7 0.050013445 624.96796 353.19373 647.68646 415.72998 ,test/0242.jpg
0 0.9988657 411.23535 230.52107 763.7988 704.5198 ,test/0243.jpg
0 0.22867559 399.0397 437.45435 483.72006 652.9995 0 0.22817783 248.23312 643.52246 483.47073 701.3534 0 0.11128419 473.61758 436.01315 506.80014 479.6567 0 0.090155095 613.1765 477.76852 654.88635 521.64746 1 0.5087527 473.5977 435.95844 506.9324 479.4348 1 0.33138913 257.9024 641.60223 475.44934 703.01044 1 0.26672983 399.0397 437.45435 483.72006 652.9995 1 0.0988013 697.52264 490.9578 760.07245 534.9825 1 0.076056376 608.5766 476.081 658.66034 570.1297 2 0.6358783 608.345 480.9684 649.5072 567.77747 2 0.1444869 645.9647 479.13727 672.14685 529.31885 2 0.09415806 610.4806 487.8341 655.0615 521.5529 2 0.07045317 612.7757 474.30374 672.37006 531.6887 3 0.5485356 673.47784 441.56396 745.7862 495.1753 3 0.18268749 672.62897 442.01486 767.54596 542.1871 3 0.06735105 695.24664 483.0268 763.55756 536.45483 4 0.7441663 696.1688 485.6504 762.97876 536.5322 4 0.39446962 672.03613 441.10895 767.95154 543.30786 4 0.08916074 673.37946 441.8479 747.233 495.0819 5 0.75541854 547.4089 391.54425 658.701 503.73022 5 0.14094093 561.16504 431.23352 652.07446 491.66663 5 0.10622722 608.36456 479.40097 650.174 568.1401 5 0.08627045 562.041 464.98853 668.26624 572.3738 6 0.9964843 188.09975 411.8065 486.02856 698.8541 6 0.11755999 210.85846 412.98895 464.10254 472.8418 6 0.055573564 194.48196 433.38373 258.21097 665.8388 7 0.9971681 479.74237 356.31464 873.4472 762.9521 7 0.18569763 542.875 368.42545 870.62024 593.83624 7 0.177364 407.75946 446.1956 466.13593 634.49133 7 0.09888545 258.33862 641.9104 475.80774 702.16736 7 0.08711683 548.55164 378.8116 669.44763 532.5665 8 0.1386404 672.62897 442.01486 767.54596 542.1871 8 0.09196838 672.89557 441.8473 750.8222 495.75568 ,test/0244.jpg
0 0.9868901 422.80493 327.07822 843.916 773.7488 1 0.062934235 422.80353 327.45367 843.7591 773.3088 ,test/0245.jpg
0 0.99983644 255.54254 309.7262 820.56854 762.6405 ,test/0246.jpg
0 0.8569926 206.84311 552.5567 324.48074 657.3455 0 0.7070802 420.728 427.49252 679.4972 543.9041 0 0.26978442 315.34872 478.63535 625.51575 853.26196 1 0.5758053 314.23932 491.38995 608.0709 850.27936 1 0.115081236 207.50156 553.4065 324.50613 657.59863 2 0.71489674 313.6443 491.74878 606.32104 851.74097 7 0.65339893 417.73926 427.5613 679.7534 543.1383 ,test/0247.jpg
0 0.62567616 823.36224 58.24121 1024.0 288.41815 0 0.20558985 877.3927 111.82125 1022.65356 256.56802 0 0.15845941 507.10522 0.0 627.2566 200.3646 0 0.1476048 575.33887 5.600647 614.03284 172.1111 0 0.080647126 921.2886 63.655113 1023.07434 233.59967 0 0.072199225 259.68488 578.86523 405.19965 663.09937 0 0.070272796 197.46777 440.4544 832.0305 657.17267 0 0.06370762 169.08713 405.4098 414.05624 674.9259 0 0.06271195 254.0878 539.52594 795.7196 664.4749 0 0.050077792 504.02335 0.21842575 619.9551 89.31796 1 0.08170384 355.8943 635.28613 410.32635 661.50305 5 0.9823131 601.73645 31.129627 658.5477 87.82489 5 0.76352924 157.30432 310.67465 833.4114 655.31323 5 0.6779786 259.76434 582.48883 387.98657 663.5473 5 0.5639119 501.65555 1.9096909 667.8998 88.900406 5 0.563022 604.9708 1.6931858 677.55774 36.55816 5 0.2718765 246.28055 526.8467 815.5604 664.1763 5 0.24736269 603.3369 0.9664459 687.948 74.06872 5 0.22563604 169.08713 405.4098 414.05624 674.9259 5 0.2035585 575.33887 5.600647 614.03284 172.1111 5 0.16300446 823.4595 58.267845 1024.0 270.81506 5 0.15967819 255.75812 580.92365 688.14844 658.17755 5 0.15387097 610.4414 0.0 683.16907 20.737478 5 0.15168856 604.5313 15.586085 670.3249 39.831474 5 0.14813502 507.10522 0.0 627.2566 200.3646 5 0.10510243 116.67645 379.14737 889.43134 802.6301 5 0.10085036 614.6458 0.0 1021.75385 289.49097 5 0.09202973 821.43854 2.033558 1024.0 105.173416 5 0.08868644 129.89746 402.56427 258.06042 685.674 5 0.085848995 564.43964 458.9627 886.7789 671.9113 5 0.07909648 642.2589 0.0 898.95764 168.34958 5 0.07286148 828.801 6.87278 901.52783 87.1194 5 0.07204022 819.6482 10.441765 897.7694 179.02051 5 0.050168414 2.4509525 175.3742 45.123024 296.35986 6 0.99748397 266.24 0.0 399.77246 95.67303 6 0.7631937 136.06741 306.85175 884.912 757.82623 6 0.7054756 267.66623 0.96824265 399.65964 47.14666 6 0.22788273 269.90482 4.698886 401.3793 27.570953 7 0.9967289 0.0 168.36166 228.2341 500.92038 7 0.91691214 641.00793 0.0 898.985 168.86923 7 0.54973394 821.2809 3.058117 1024.0 110.86186 7 0.52538276 833.47925 53.76442 1024.0 308.1903 7 0.24554336 501.85065 1.9094276 667.9959 88.377 7 0.18901436 664.9911 1.1147461 716.7018 68.712875 7 0.1411839 391.1128 1.4288836 452.076 15.276435 7 0.13901062 852.5624 20.584953 1019.6156 173.73047 7 0.09584165 615.0691 0.0 1019.6349 271.57166 7 0.0946632 143.6091 308.35663 858.8019 662.63727 7 0.08678564 392.96585 1.1332092 506.50412 21.332178 7 0.06799931 507.23795 0.0 622.13666 179.651 7 0.067125544 926.1388 55.471268 1023.73303 185.56412 7 0.05764093 918.274 0.0 1021.80255 75.60527 ,test/0248.jpg
0 0.2459778 293.20322 331.23062 509.75644 620.0764 0 0.23160979 450.913 637.30786 512.75525 672.99695 0 0.1844895 472.79886 963.0117 724.33594 1022.9719 1 0.36669117 293.0744 331.03235 509.46783 620.32104 2 0.41055763 292.99576 331.52646 509.32242 620.7173 5 0.1331857 293.03705 331.1678 509.31354 621.3715 7 0.39741367 293.38147 330.70718 508.57697 622.4901 9 0.20271906 498.58118 961.0629 729.61316 1022.89154 ,test/0249.jpg
0 0.06849478 83.66464 147.65585 865.5703 821.9209 0 0.056453496 123.71518 451.67618 804.3368 767.92615 1 0.08685905 120.267 503.2615 230.35397 612.35583 5 0.15151155 93.53015 218.65323 843.33307 799.54333 7 0.9622729 79.802155 121.18747 863.60486 825.49854 7 0.18451147 124.93396 433.2063 809.10016 772.2788 7 0.18300328 88.21785 467.94736 357.9616 551.8117 7 0.11116166 102.41232 202.58301 877.776 559.9866 7 0.072729446 598.5252 438.78162 747.34344 550.6217 7 0.059954792 108.798584 405.62457 790.0157 554.5434 7 0.054035094 100.22153 470.28778 237.34387 567.14325 ,test/0250.jpg
0 0.08259272 497.3288 830.202 532.9882 946.00476 4 0.9965647 255.5705 285.03485 828.773 696.7264 5 0.40901807 51.165024 198.17548 471.00342 715.29376 5 0.058799185 150.56435 207.77934 450.0274 442.01135 6 0.18509367 32.766495 625.9495 275.6125 1024.0 6 0.1438908 54.044495 198.56439 460.71637 724.48615 6 0.12312471 125.819534 209.34264 453.44666 470.45428 ,test/0251.jpg
7 0.99715304 201.31142 286.1068 710.7278 927.94763 ,test/0252.jpg
0 0.050766286 58.478912 469.08673 440.72787 764.32404 1 0.09296954 58.664093 464.03522 440.43115 764.0068 7 0.9997054 529.2028 327.1541 877.7806 682.92 7 0.9977198 289.85913 264.56183 581.7949 625.64435 7 0.98604774 58.072723 418.87268 442.7013 767.15674 ,test/0253.jpg
3 0.9988708 241.37299 347.29065 844.16095 690.4739 ,test/0254.jpg
0 0.32699564 1.4592056 521.2916 60.003162 595.77185 0 0.17321603 0.0 781.8797 232.65347 1024.0 0 0.11746513 571.36945 199.88266 671.9389 255.87854 0 0.08076987 0.0 890.7623 76.15396 1023.0206 1 0.9944541 216.85919 87.92285 1020.4285 638.1532 1 0.987359 0.0 326.9339 412.2409 603.0754 1 0.904158 0.0 789.99335 228.98083 1022.034 1 0.83809316 34.06549 483.9463 547.64856 882.469 1 0.2603457 395.99503 94.06607 1019.7593 357.6916 1 0.12360979 1.0528202 523.5999 60.585815 595.24335 2 0.4241318 35.200928 479.43097 547.69946 881.60175 7 0.14490229 0.0 890.7623 76.15396 1023.0206 ,test/0255.jpg
0 0.5598786 28.708584 1.4547348 149.14572 89.72 0 0.12935461 28.380047 28.434189 79.41269 85.90976 0 0.12472573 243.91394 354.417 291.29193 383.6087 1 0.9473802 1.4985428 470.9228 210.33508 708.8659 1 0.09627764 0.0 510.60187 82.479416 582.3421 1 0.08180181 2.859703 466.4713 139.97845 635.3186 1 0.060658485 12.935474 595.5494 132.00468 658.8525 2 0.29045168 0.0 29.477627 81.61934 85.434235 3 0.071298406 660.3351 277.46518 709.3884 318.71133 4 0.09828674 121.44534 351.07953 204.25229 421.2157 4 0.058790725 192.18985 295.6045 276.66 346.39197 4 0.051431723 81.90341 316.7616 207.52194 420.71307 5 0.96798307 121.54329 351.04642 204.34908 421.06796 5 0.11397856 81.90341 316.7616 207.52194 420.71307 5 0.06536415 192.18985 295.6045 276.66 346.39197 5 0.058465376 112.53959 310.62018 172.26254 347.972 5 0.055449657 661.0401 278.29788 708.56964 314.71835 7 0.99993 156.67323 448.07315 574.7965 833.803 7 0.9995247 543.0474 192.48264 834.08856 500.8397 7 0.9936783 501.41583 391.0608 801.5777 704.0796 7 0.83401304 573.75867 407.16782 667.39795 457.70737 7 0.4713857 1.4638519 343.9906 153.91275 476.60706 7 0.1929962 2.6863098 346.5539 104.90452 441.12793 7 0.18465 1.0465775 303.95642 212.84244 499.09064 7 0.1843547 549.915 397.00092 605.2503 449.40955 7 0.1339829 7.876011 682.95105 79.407 727.09326 7 0.1310621 455.57755 409.64893 607.8064 594.2793 7 0.10241568 544.3663 393.93378 641.71967 454.0631 7 0.08534665 480.60248 402.9049 710.61786 599.97736 7 0.07047318 559.15076 391.15045 760.776 574.8588 7 0.057855226 12.75013 315.77933 203.39478 415.61624 ,test/0256.jpg
0 0.772287 242.57918 88.67941 638.6471 782.6322 1 0.08054084 243.5074 89.89148 640.2295 772.3868 7 0.5103 243.58556 92.924194 640.2327 777.07794 ,test/0257.jpg
0 0.5074952 545.90283 323.2926 912.4719 783.87244 0 0.1427754 76.8414 216.8798 499.24173 674.9056 9 0.97149974 69.51262 227.98412 507.21698 666.45703 9 0.68939275 545.6524 322.62756 912.1359 782.74976 ,test/0258.jpg
0 0.843219 539.5701 627.8548 595.889 687.19867 0 0.3392068 511.62604 667.07275 627.9937 770.3148 0 0.11899237 396.80478 262.98026 539.1688 306.01883 0 0.11342672 829.6963 345.35428 875.57825 371.89218 1 0.99983144 278.9765 256.4709 875.31573 783.96747 1 0.6405482 329.75732 609.7117 798.2129 797.9071 1 0.25454822 511.982 666.89923 628.14374 770.36505 1 0.21107803 514.2119 663.40796 792.2324 792.94336 1 0.15870629 376.91803 265.2266 755.44305 367.03073 1 0.14979133 351.5896 619.6991 611.333 780.41797 1 0.050325785 539.5701 627.8548 595.889 687.19867 ,test/0259.jpg
2 0.99956614 370.82388 420.9796 593.1226 585.6019 ,test/0260.jpg
0 0.1239753 505.02652 423.59125 537.99243 455.51288 0 0.115563445 523.5933 361.10657 595.3378 424.4828 0 0.05760999 441.35043 392.43283 489.43137 516.1513 1 0.073289186 441.35043 392.43283 489.43137 516.1513 5 0.24410541 454.1087 392.24982 487.50604 440.00128 5 0.062824 437.88074 389.3327 490.68115 516.63873 7 0.9989343 208.8618 393.44952 447.96973 989.773 7 0.9980585 535.7562 0.0 856.0625 741.229 7 0.9922651 419.5818 301.80798 625.94763 887.9579 7 0.8029821 522.6714 361.12823 595.63696 424.2895 7 0.65547895 504.94836 375.66833 541.75085 424.31384 7 0.61215204 504.46616 423.83994 537.74036 455.2935 7 0.46471956 440.70477 404.16986 490.14984 515.5378 7 0.2527033 497.95816 283.34338 614.9937 456.15912 7 0.17584781 662.8984 0.15425396 702.8918 22.079353 7 0.07481124 534.31793 0.0 767.5267 442.7836 7 0.058269918 604.52686 1.3156967 700.07874 88.44543 7 0.056861784 494.9175 355.7766 597.7772 452.81757 7 0.052685805 522.5975 378.391 539.8531 423.28278 ,test/0261.jpg
0 0.5371833 399.69345 392.50757 716.171 645.9673 0 0.06380972 99.67271 222.89983 182.78137 293.76306 1 0.21770957 99.82762 222.91098 182.61726 293.73428 2 0.6256154 399.2621 393.23138 716.1914 646.2983 5 0.21729557 400.0894 393.5044 715.77295 645.4552 6 0.12915012 399.63574 392.86176 716.10913 645.55865 7 0.06423051 398.35312 392.6483 718.17725 646.84937 ,test/0262.jpg
0 0.097485945 242.79639 392.95654 360.3277 466.92096 0 0.060976997 593.31726 569.7291 833.76086 764.2405 3 0.9725824 448.82404 571.2574 848.07635 778.12103 3 0.90101063 241.5377 450.4782 371.94586 528.2243 3 0.7971581 15.10054 323.25305 381.03455 568.15875 3 0.5773711 215.13486 389.43164 374.8878 548.52985 3 0.15344776 239.6997 392.7408 361.63794 466.33017 3 0.15330243 168.19116 451.6485 375.92993 554.73444 3 0.11695006 241.50598 467.0428 377.22083 588.93463 3 0.07593285 146.69785 389.1549 317.83685 570.9612 3 0.058619253 129.124 445.9053 266.35983 567.4855 4 0.11470139 242.50745 393.58524 359.4162 464.6459 5 0.24910034 242.50745 393.58524 359.4162 464.6459 8 0.11274077 242.79639 392.95654 360.3277 466.92096 ,test/0263.jpg
0 0.9981219 235.31259 253.77765 871.71875 822.3404 0 0.21145304 262.56357 688.2144 341.31308 724.18414 0 0.18263587 215.36226 458.72714 294.95715 571.94196 0 0.16404124 344.14655 260.51822 639.14923 335.06723 0 0.078709334 267.06958 663.7916 329.5824 727.11365 0 0.057284098 223.36287 254.0702 437.39978 604.3649 0 0.050467644 359.68274 288.3013 460.58398 334.4833 5 0.13564919 938.0946 376.9385 1023.0657 581.9993 ,test/0264.jpg
0 0.21561165 269.3452 206.8219 856.45276 663.94073 1 0.94480264 273.30426 212.40933 856.87665 664.38586 ,test/0265.jpg
0 0.90817344 265.5653 312.9943 381.98895 416.36215 0 0.24178095 322.22504 302.45093 373.4306 415.87573 0 0.05030823 531.11053 335.23816 644.3045 531.95526 6 0.99138063 32.06537 319.85718 772.928 581.8409 6 0.9726868 7.9219666 517.29364 755.2887 762.6944 6 0.40640062 25.157135 458.82648 766.6698 575.57306 6 0.15602541 523.88196 322.07047 764.0602 542.38934 6 0.0890035 2.1516914 438.23328 52.36267 731.89197 6 0.06472075 15.693573 520.68494 772.7073 638.38574 7 0.7436014 783.2552 416.27875 867.3337 464.62726 7 0.2624213 715.71423 329.8518 867.5936 466.10095 ,test/0266.jpg
0 0.10023957 717.1749 198.45567 1024.0 373.66388 0 0.08031271 732.18005 253.74788 894.57336 378.18234 3 0.96929604 119.301056 551.6423 699.9098 739.59503 3 0.15144108 718.24335 193.40416 1024.0 377.00256 5 0.36961633 718.7632 201.45792 1024.0 371.18576 8 0.27516967 121.21307 551.56885 688.5243 739.1084 ,test/0267.jpg
0 0.07049342 538.6142 451.106 595.35455 538.8663 1 0.9867981 494.14554 257.91748 623.6237 435.6941 1 0.6513618 266.56842 421.6066 374.41217 556.3681 1 0.4207245 197.59718 417.46454 303.6908 555.40784 1 0.35644686 452.17383 243.88861 540.9621 434.13074 1 0.21528691 539.0166 452.5849 595.22656 538.71045 1 0.19386904 159.76648 189.20624 620.2419 549.01135 1 0.19020502 113.27307 181.32135 883.9299 773.2914 1 0.17525595 515.9004 211.3058 823.4944 461.6032 1 0.13609822 362.53632 243.98434 552.5228 428.95737 1 0.100192785 445.62164 420.47165 597.60284 535.1015 1 0.06237117 349.64935 240.29402 605.58685 599.4315 1 0.061635695 127.57263 297.72623 589.40967 701.0477 1 0.059897162 164.30011 405.8479 381.12726 583.192 1 0.054566376 154.864 454.31342 310.62378 586.5993 6 0.11696438 604.69104 242.84534 800.30347 481.9402 7 0.9993973 31.499634 0.0 387.10025 220.63617 7 0.98397475 110.289734 173.47437 861.5944 775.7685 7 0.44594646 452.48578 234.8375 856.9183 749.9099 7 0.35461208 163.38235 189.08173 568.55994 545.23486 7 0.20471177 515.0799 206.36992 815.9139 462.82184 7 0.18394226 359.04617 459.00967 482.889 670.70447 7 0.080484964 309.0613 0.8922119 376.96597 194.58824 7 0.060580082 810.1429 535.6442 880.63495 620.49506 7 0.055482164 112.36694 398.73438 711.11926 775.8816 ,test/0268.jpg
0 0.6172624 566.103 611.13245 811.3628 863.08606 0 0.4349525 304.74423 170.37495 406.43088 241.3395 0 0.3108728 222.55911 252.47705 577.86755 690.8351 0 0.096685834 616.3509 595.50757 642.1121 623.2212 1 0.89631647 220.7087 251.28079 576.3201 692.20325 1 0.06165028 563.5639 611.71497 812.58954 863.82275 2 0.07547628 564.1632 611.8636 813.14307 863.86957 5 0.31933874 566.7864 611.6039 811.4276 863.23474 7 0.37054023 563.5639 611.71497 812.58954 863.82275 ,test/0269.jpg
0 0.9978676 344.19687 388.31177 466.35892 497.09198 0 0.71263826 342.20547 431.82184 445.37497 499.76874 0 0.12041835 294.80392 542.73035 324.98447 556.61743 7 0.99991834 253.28142 438.766 760.51495 838.85364 ,test/0270.jpg
0 0.6171887 276.8194 215.90863 410.43884 272.19696 0 0.07375666 554.44556 436.58978 690.7821 595.79034 1 0.92535 569.1852 434.05542 833.2357 681.45557 1 0.46226856 0.0 75.29045 33.068497 99.86717 1 0.36430413 276.96823 214.15665 409.27866 272.96344 1 0.30379206 554.44556 436.58978 690.7821 595.79034 1 0.11923901 564.3479 568.45685 740.444 674.01715 1 0.1078566 612.6632 440.21487 689.6239 558.1803 1 0.0853279 604.6627 440.23016 700.1664 660.8647 1 0.07841604 606.46716 435.4192 788.74146 608.76355 1 0.0710674 530.7585 606.4986 715.9163 671.967 1 0.05676088 591.62756 614.5252 705.344 666.42523 2 0.19492057 598.3916 434.26672 831.1102 679.2239 2 0.08383425 557.3412 448.53925 653.2145 598.0318 2 0.06868598 611.8273 439.7758 690.08923 556.57306 2 0.057129007 276.93936 215.11647 409.68124 272.76706 5 0.9990716 452.68027 631.4813 666.2267 880.5211 5 0.9934277 383.7908 233.19011 824.79736 372.3037 5 0.9853991 268.57977 444.53998 577.6732 847.6326 5 0.9738841 138.40092 68.33641 335.12054 198.08138 5 0.9593419 272.00858 92.043945 569.60913 247.73087 5 0.70079446 538.18866 613.72345 596.13544 637.73065 5 0.576921 272.98285 618.72107 497.54437 829.7428 5 0.38579187 105.90278 83.72169 159.66183 132.51883 5 0.34100565 334.1761 460.15695 577.03644 711.8302 5 0.23999658 88.8073 75.77828 578.38605 265.35388 5 0.18774578 235.69904 221.99489 321.11945 248.5981 5 0.14921656 0.56588745 88.67007 219.46487 308.13995 5 0.1388146 359.55634 487.92218 679.1701 876.1187 5 0.112126224 270.97726 215.65422 410.14853 271.87244 5 0.069211446 0.0 98.02794 883.43384 350.1502 5 0.05192674 555.2072 435.82993 693.63104 602.81836 7 0.98983544 0.7270889 86.10057 216.20914 308.38464 ,test/0271.jpg
0 0.47277683 2.6313553 335.5337 213.1499 713.4303 0 0.13831453 0.6544037 17.565796 261.8274 732.5151 0 0.11578687 870.3184 136.8302 1019.17316 715.9105 0 0.08889711 1.8432846 11.495239 140.0055 372.5182 0 0.053127542 882.4502 178.93121 1024.0 241.88965 1 0.06028254 2.313858 7.8881226 141.27542 373.17538 3 0.45682395 836.7824 602.4591 895.3278 730.2367 3 0.37582552 549.8249 676.81525 842.43256 897.65216 3 0.2746837 838.83044 475.16003 917.39954 732.8163 3 0.14129986 248.88779 424.19955 481.10825 851.34265 3 0.061946046 2.313858 7.8881226 141.27542 373.17538 3 0.060899194 854.2759 472.65533 920.47986 636.8382 3 0.05427019 871.43353 121.8432 1019.91425 710.2155 4 0.9548478 672.5004 26.48111 912.23016 752.7007 4 0.87244284 239.74724 424.60687 478.11517 846.7878 4 0.83981466 549.40265 675.10175 842.61444 897.7951 4 0.19669905 838.6503 474.84546 916.6608 733.484 4 0.0993556 868.6833 66.85901 1020.69525 722.3794 4 0.08882108 670.323 336.03763 886.1322 744.57886 5 0.5667696 904.32306 56.38366 1024.0 125.44817 5 0.4872029 130.39243 0.0 323.55215 456.45264 5 0.47446984 891.13104 58.252434 1022.40643 244.48029 5 0.35029787 873.0771 81.02237 1019.7586 714.71814 5 0.33042485 656.433 29.19461 913.0166 877.35767 5 0.28828162 240.38843 421.55505 479.3416 846.25366 5 0.26095995 136.56625 0.0 577.7086 504.44037 5 0.16395432 249.52122 18.15332 607.2065 746.97107 5 0.15072677 346.04468 383.08524 563.68207 481.80472 5 0.077129364 838.83044 475.16003 917.39954 732.8163 5 0.07433753 336.15454 389.78494 471.03827 520.9424 5 0.052967172 837.9298 584.582 896.6294 732.7613 7 0.6103918 2.4884872 8.694778 141.00516 373.52167 7 0.10271056 853.3402 570.7122 922.75806 633.83417 7 0.07841862 853.09326 470.7411 921.9584 649.06116 9 0.1087789 2.8206482 335.9339 216.34099 715.8422 ,test/0272.jpg
0 0.99917847 67.13266 323.7674 827.72595 768.69196 0 0.11760766 70.46136 325.80176 318.19922 558.499 0 0.056183178 88.30373 223.21732 149.75581 304.55106 7 0.080984525 0.0 917.17676 75.02321 1024.0 ,test/0273.jpg
0 0.82966965 242.60938 358.68817 767.7625 708.69415 0 0.097593546 163.90584 439.847 285.33966 529.21967 0 0.05813495 867.23627 940.4068 992.4207 1023.9035 1 0.34537992 246.39777 356.96555 766.0058 707.6738 5 0.15899365 866.5065 940.71564 985.125 1024.0 5 0.1339307 163.90579 439.8753 284.739 528.3734 ,test/0274.jpg
0 0.8877444 2.5045395 32.61194 219.31262 530.1485 0 0.2809597 464.76114 432.95874 821.04675 735.8513 0 0.240155 0.37652588 20.33252 133.01102 213.96028 0 0.18128604 208.58228 369.506 826.85925 768.2517 0 0.10414216 463.67194 930.1183 777.79987 1023.0419 0 0.07018424 161.74277 402.0182 205.11697 471.67792 0 0.063580655 230.51195 366.85977 739.5467 599.0644 0 0.05754882 297.01727 974.6206 476.24664 1023.60266 1 0.18044126 467.82333 456.9408 709.626 598.26965 1 0.10921223 468.2564 453.4479 799.2083 696.8335 1 0.068071954 0.78123474 134.27065 218.186 522.286 3 0.09453662 130.81287 376.48865 837.1885 794.4204 5 0.8951858 131.05283 375.59564 837.6428 797.45197 5 0.77289325 466.98343 929.97766 777.4424 1023.42236 5 0.2656509 296.90393 974.43646 476.22968 1023.6623 5 0.2147972 449.70755 415.86847 858.3976 768.47394 7 0.0635207 463.03772 422.19458 831.7887 750.61804 9 0.41468844 1.7209778 40.680573 218.89943 527.81445 ,test/0275.jpg
0 0.18773276 603.924 263.0619 885.91656 517.4353 5 0.3721899 84.25107 230.54378 890.7346 654.97284 5 0.15908314 79.17743 384.1565 692.7718 637.77795 5 0.12284549 401.7989 443.4271 689.88837 627.06573 ,test/0276.jpg
0 0.0767638 596.8253 0.0 659.3917 152.56801 7 0.99965775 75.93805 63.107605 960.30426 933.6717 ,test/0277.jpg
0 0.45015278 733.2095 637.80334 808.71216 701.0033 2 0.9895885 209.16241 326.49573 740.76697 707.5503 5 0.93205917 189.31985 315.5779 435.2639 545.12854 5 0.29596338 203.04193 323.8121 734.69604 709.63635 ,test/0278.jpg
3 0.9999349 387.12668 188.78989 760.0803 845.4358 ,test/0279.jpg
0 0.20170541 169.33452 287.53033 655.699 766.57733 1 0.6949507 154.02977 287.23834 659.4733 774.1047 7 0.769161 148.71593 284.62573 658.24084 777.2357 7 0.21770397 137.76527 564.46735 643.47845 776.1933 ,test/0280.jpg
0 0.99774593 195.72955 589.7843 540.72644 845.71106 0 0.9719849 177.35353 163.07666 478.80975 349.3327 0 0.90267825 333.2745 5.28141 554.6349 183.06201 0 0.8100358 512.1818 313.69214 629.36847 369.72498 0 0.79948634 134.28055 46.27887 576.5554 351.50098 0 0.6604622 380.88086 7.8923416 552.5447 121.70673 0 0.6057032 87.81179 0.0 330.63596 215.03966 0 0.56623715 668.20154 1.4210052 791.2169 268.12402 0 0.55102825 278.66278 83.76016 379.37738 171.85257 0 0.54674387 85.61803 364.51398 221.19853 443.25586 0 0.5113304 444.497 157.63403 654.6547 316.24258 0 0.5088833 625.7558 408.58755 793.13776 599.3886 0 0.42896178 658.9394 450.26315 789.41437 531.0487 0 0.3913077 351.43323 105.51152 490.57385 196.39699 0 0.3692931 527.0989 71.6181 594.5449 92.84726 0 0.34077078 353.7647 113.11339 637.7598 332.71558 0 0.30734482 168.91939 76.70903 473.85046 533.01874 0 0.2743934 75.39346 6.232422 664.67017 260.35556 0 0.24283753 10.571152 354.9474 256.8333 446.1087 0 0.23957156 664.73224 403.32455 791.9058 461.73013 0 0.1716114 530.54395 686.88885 720.2103 952.41974 0 0.17077294 259.6724 71.19084 572.2175 211.57372 0 0.16580112 212.3684 351.45154 253.0848 422.1949 0 0.118682966 382.19305 492.3636 552.62634 563.0889 0 0.110063516 506.85828 72.622055 596.4447 120.47774 0 0.10854258 445.86975 193.52243 561.43726 301.1675 0 0.102660224 2.8895416 188.78696 473.906 398.92783 0 0.088916756 671.2954 211.75308 714.57385 258.41205 0 0.08015625 511.07745 330.42426 594.36334 363.2699 0 0.077927895 192.95131 356.1703 458.17084 516.6715 0 0.06447222 449.48462 7.8990784 800.2898 289.12726 0 0.06381113 539.83636 165.31967 644.5302 318.90628 0 0.0554495 672.393 232.87141 711.741 256.82013 0 0.05515651 221.28629 508.7851 449.09293 684.91425 0 0.05282341 79.73305 246.46754 247.68657 453.06757 0 0.052275807 411.35715 121.497284 486.4252 195.81787 0 0.050898094 167.30325 5.555237 785.13293 558.2503 1 0.76126707 628.7728 495.57245 789.50806 596.51764 1 0.33357495 81.41666 0.0 330.42053 194.86462 1 0.25370675 668.2826 0.9485626 789.58057 267.63147 1 0.11282894 0.88098145 0.0 157.64316 159.9959 1 0.074048504 512.7332 316.83603 629.1076 370.44754 2 0.13569054 668.777 0.79655457 788.89856 268.1419 5 0.55192524 220.44785 354.93402 455.66306 500.8429 5 0.2320887 668.506 0.6855316 788.6605 268.24994 5 0.21738636 527.46484 72.37508 594.421 91.84633 5 0.14294466 95.87727 4.144417 330.47772 213.22583 5 0.0750153 212.3213 350.89694 253.15565 421.99173 5 0.055342827 632.92206 398.4674 795.83246 459.92865 6 0.05382227 87.274574 0.0 327.62714 214.7838 7 0.65311074 212.24715 351.2271 253.2173 422.23328 7 0.4448096 196.026 356.31775 457.8706 512.10803 7 0.31790683 527.21466 72.48801 594.4371 92.51343 7 0.31114036 4.73365 1.7502747 215.15369 409.4814 7 0.24470228 84.95666 365.35654 224.55527 443.43832 7 0.100555494 628.7892 408.68948 793.0687 594.79443 7 0.06764488 125.75304 111.304565 459.44568 525.2854 7 0.064598605 668.20154 1.4210052 791.2169 268.12402 7 0.054595802 663.16907 402.8606 792.75586 460.88348 9 0.45964804 534.69714 699.95245 718.5602 951.0955 ,test/0281.jpg
0 0.2725146 499.89774 344.28247 649.6868 403.8592 0 0.10113131 145.88692 1.4562378 284.5782 103.716324 0 0.08195614 389.71014 343.15704 657.9266 443.21936 0 0.07817025 555.4731 350.36386 629.1265 370.61856 0 0.06252081 550.1136 343.15216 651.83527 375.04102 1 0.9972953 240.18353 325.80566 854.1558 613.98584 1 0.95001715 536.0861 0.0 763.61725 92.63519 1 0.7767694 541.91736 1.090271 565.301 56.59142 1 0.41122082 308.09903 438.9765 819.2893 609.0007 1 0.38474402 407.99188 580.1235 596.6194 634.18353 1 0.32850868 527.57416 0.0 569.84076 64.644226 1 0.30546606 350.46368 334.94708 689.3726 566.02747 1 0.28078616 380.9566 469.3114 526.94305 517.53864 1 0.25548148 385.56125 423.9497 527.7994 535.63074 1 0.20980057 379.52893 457.3306 598.67084 561.0095 1 0.18846022 247.92769 410.62732 674.35004 584.15625 1 0.08897466 540.69183 0.7182083 587.7729 73.143715 1 0.084341764 258.37152 492.35074 690.9898 621.3358 1 0.07214646 353.44904 493.02072 640.2277 586.2333 1 0.06926586 379.79822 342.3196 657.3158 453.00467 1 0.057599053 262.4368 419.8235 536.98267 554.4772 1 0.054567024 399.0652 546.0522 665.0221 608.23285 1 0.05343703 781.9641 452.33734 840.0543 483.1115 5 0.6002985 161.47333 5.633728 488.41827 275.33133 5 0.082320005 149.96997 2.0656433 489.97986 107.01821 5 0.075688675 146.60156 3.3871155 292.95767 104.40218 7 0.7921396 752.0979 1.6113853 920.8772 73.840744 ,test/0282.jpg
0 0.5274617 0.0 775.94836 57.008575 816.26953 0 0.22265549 247.55481 140.36815 318.477 241.24907 0 0.08927217 345.23486 464.61554 391.68237 568.3547 0 0.080276154 350.41766 457.753 456.39276 575.6047 0 0.053229555 220.30893 617.613 525.83203 806.09357 1 0.95494086 184.34305 519.1186 530.4878 811.88495 1 0.38159615 361.05573 510.3798 537.4809 654.95294 1 0.16846758 217.92209 638.3811 508.22812 793.2318 1 0.16143352 349.8692 459.57483 456.91534 574.59155 1 0.117377594 648.6178 0.0 811.60315 27.504772 1 0.11662869 945.86383 337.211 1021.9797 697.61725 1 0.10958757 0.0 775.748 57.14378 817.0334 1 0.08566828 67.26631 671.23926 208.84776 820.37427 1 0.062987775 187.52379 587.2203 456.94293 768.3317 1 0.056204036 356.39233 621.17596 517.4086 708.7607 2 0.9944147 68.07224 671.0056 205.94318 818.89905 2 0.39493755 360.97293 515.3784 538.79956 651.42456 2 0.33439913 161.32889 643.4254 208.6708 785.4104 2 0.05922035 182.61363 523.5793 531.26825 800.4903 5 0.9853624 516.3708 479.27316 932.8925 707.15497 5 0.19363016 514.4003 510.50366 597.0329 589.9418 6 0.97260034 208.51427 0.0 611.9503 210.89166 6 0.6300779 526.926 213.65393 910.6874 561.35077 6 0.55789745 536.7988 3.56353 612.40735 206.2891 6 0.34932667 580.65027 19.604912 653.4419 213.03134 6 0.21717483 343.5275 221.9691 567.58136 479.53003 6 0.13753901 263.17084 116.908585 586.1615 544.7926 6 0.12247041 318.04483 173.12897 577.7117 294.54932 6 0.12041846 362.0177 367.95538 586.195 542.8622 6 0.09902626 256.8131 115.07984 609.21844 241.58871 6 0.09779713 358.40778 454.39154 446.4809 574.6259 7 0.9996729 44.898117 142.2803 396.3175 640.9905 7 0.8851964 316.85056 200.80617 584.7737 574.00885 7 0.50999415 345.13898 466.0443 390.9195 566.6118 7 0.30451292 505.3734 371.4145 629.8207 528.5442 7 0.15268445 248.3818 140.29454 317.80045 241.36674 7 0.121061645 341.78918 352.799 607.5354 554.21216 7 0.114111096 515.4888 478.66455 933.44434 706.40466 7 0.09037185 514.4003 510.50366 597.0329 589.9418 7 0.088252366 349.6383 459.00043 487.641 575.1519 7 0.06568076 345.9159 401.1433 544.59296 600.59296 7 0.057290982 546.2027 362.75436 632.39557 494.3881 7 0.053049788 361.05573 510.3798 537.4809 654.95294 7 0.05019646 62.828156 120.02115 854.20105 628.2976 ,test/0283.jpg
0 0.14181674 0.0 915.9892 121.99513 1024.0 0 0.07885366 107.12488 264.446 835.1491 703.27795 0 0.07678618 113.08252 239.88046 831.4841 475.7405 0 0.06737389 245.9455 626.4156 918.12933 852.25116 0 0.061281096 0.32523346 765.1276 103.75146 1005.87775 0 0.056313775 83.91885 703.1108 122.41168 756.48627 1 0.9883978 0.0 529.281 161.6524 715.7805 1 0.9399799 0.0 653.3449 100.29572 959.9549 1 0.45080215 0.40509796 523.4424 137.74997 1021.53687 1 0.21640375 1.4135513 676.69495 69.90501 772.8788 1 0.13606928 3.1704788 654.7667 105.30725 790.5836 1 0.08890161 29.531448 800.1861 101.81351 941.86554 1 0.05949887 63.358467 800.0657 99.79684 925.7837 5 0.32990584 0.0 914.97943 118.47966 1024.0 5 0.28034076 1005.7947 689.2021 1023.3899 741.92303 5 0.17812516 84.20369 703.8193 123.35512 755.9588 6 0.98793995 95.911896 163.58012 844.4065 480.7107 6 0.88963926 2.8180466 234.49463 185.30872 723.87714 6 0.8786326 2.3779907 251.35806 124.01659 400.17783 6 0.848927 207.52261 538.25745 927.2512 856.0685 6 0.8216377 100.88464 410.69592 861.1597 706.9088 6 0.7033813 2.7531738 365.34692 169.45511 616.07605 6 0.61041415 92.582886 169.69351 870.5515 811.87976 6 0.40608662 185.80682 575.6968 921.7349 733.756 6 0.3875654 49.144783 385.2293 121.73583 475.6729 6 0.36176643 28.982288 383.4343 121.66855 426.4556 6 0.29412624 149.46661 445.0803 826.36896 604.2451 6 0.2372596 134.19922 321.04404 822.90204 490.7061 6 0.17337468 121.71175 518.5954 183.68742 659.25336 6 0.14085783 4.61446 375.83746 124.9021 454.245 6 0.13503641 6.841957 354.47894 128.58862 398.24188 6 0.11955544 54.991203 418.19846 115.0118 458.74893 6 0.11660751 2.1466293 385.68124 83.201935 435.43484 6 0.11528838 358.9989 440.19464 833.2572 488.24933 6 0.07252067 0.0 529.24866 178.86714 715.135 6 0.06994209 139.16638 557.5759 192.4473 680.16504 6 0.06529795 568.05347 1.5364685 1024.0 503.50604 6 0.062416248 840.6189 550.1432 926.8202 713.4999 6 0.059038978 115.861176 326.1384 189.60797 680.053 6 0.054159295 0.0 255.39319 179.17627 479.34357 6 0.053389248 102.76561 333.48074 472.51117 500.97537 6 0.05246936 105.21433 221.65733 261.22394 716.87177 7 0.7617718 0.0 917.63074 122.06641 1024.0 ,test/0284.jpg
0 0.058102373 1.8975372 5.999939 286.52625 757.35474 4 0.7678328 551.27356 252.70337 671.7656 369.8053 4 0.6419725 140.15344 0.0 964.20154 1024.0 4 0.53782856 117.92764 124.51865 669.71204 734.4968 4 0.47164923 321.0719 609.46313 785.7781 1024.0 4 0.387977 581.6919 2.0805664 824.6394 236.04686 4 0.37091365 707.96936 763.8975 876.03613 1023.1381 4 0.30272517 425.7138 398.68735 603.9091 665.1239 4 0.1932717 385.45105 0.0 826.95715 411.31354 4 0.104455315 309.82162 126.30478 676.64795 465.02805 4 0.09166937 431.94543 358.95654 922.2948 743.60046 4 0.06312567 383.05194 404.00958 817.0352 664.5046 4 0.058990173 424.7251 261.4272 602.97766 460.4317 5 0.5522706 123.114624 0.0 980.1404 1024.0 5 0.28660402 335.18365 558.92456 798.5938 1024.0 7 0.96319115 5.8959503 12.100067 275.73468 770.25964 7 0.09105877 52.17453 0.0 996.9935 1024.0 ,test/0285.jpg
0 0.86419386 511.5385 447.99033 553.368 546.57654 0 0.080334686 483.80133 637.2357 721.1785 769.8257 0 0.06437116 510.71136 461.6722 534.14484 543.24225 0 0.061999246 455.27557 243.91458 804.51666 886.3063 1 0.64245313 465.1798 544.00354 739.2787 891.41284 1 0.3517666 455.27557 243.91458 804.51666 886.3063 1 0.18602727 253.3571 342.50705 548.3473 669.1284 1 0.13890441 231.80563 386.25128 791.2959 837.9587 1 0.103228085 484.72314 671.9786 730.12463 852.3968 1 0.09492224 510.67102 442.0645 555.0525 547.5542 1 0.08807729 254.9812 465.59842 755.9062 653.2794 1 0.07616338 230.90024 494.51727 576.28784 687.0898 1 0.07373902 269.59967 436.51407 542.9037 570.7368 1 0.05610715 485.22192 651.32947 719.5575 771.1769 5 0.96732426 211.93518 476.54578 272.90625 757.2273 5 0.9669016 206.5988 285.62732 325.99933 454.96307 5 0.221392 263.65964 338.9027 543.2113 592.2862 5 0.15861046 198.08447 294.62952 268.409 768.2483 5 0.055049036 188.07599 289.76245 240.19962 614.62164 6 0.99876827 275.51328 95.57672 649.21875 467.6568 6 0.051686086 263.65964 338.9027 543.2113 592.2862 7 0.93126726 585.67865 258.34387 818.79425 752.95966 7 0.35714626 561.8189 441.13354 721.1967 553.9236 7 0.08111411 511.28128 449.5841 555.5765 547.8638 7 0.06753738 560.3153 261.84375 769.13245 566.04443 9 0.054802183 253.3068 341.01855 548.83325 667.98157 ,test/0286.jpg
0 0.99778 356.74805 86.197876 792.6366 881.4787 ,test/0287.jpg
0 0.9970688 292.43604 326.17844 704.689 738.84595 ,test/0288.jpg
2 0.9999584 382.00446 408.47034 697.74506 716.3721 ,test/0289.jpg
5 0.08670272 238.05292 288.4556 855.9639 825.9586 7 0.9018042 212.04861 254.3284 857.40063 816.29407 ,test/0290.jpg
0 0.71864414 251.73936 366.78918 656.1462 497.91974 0 0.05449228 608.48517 687.74963 667.0546 725.6288 7 0.86082065 249.76212 367.49158 657.1764 497.97723 ,test/0291.jpg
0 0.10782741 669.08875 287.5528 725.44006 304.32635 0 0.07510711 648.2092 286.27872 730.8042 315.36136 0 0.06270341 258.37418 485.4438 346.33945 512.7423 5 0.08347708 895.3816 207.9575 1024.0 258.10962 5 0.06968385 895.00336 206.31093 976.8565 245.52376 7 0.9999114 587.21106 280.36456 861.48047 609.9725 7 0.9998505 326.3589 318.45532 617.0649 638.34186 7 0.9987651 807.7466 234.40546 1023.3767 561.1311 7 0.99795794 1.8203659 622.57043 129.41144 887.26306 7 0.9951109 107.4913 511.4116 357.19965 904.54895 7 0.98156744 528.26794 111.96515 920.69116 366.98154 7 0.9153809 0.0 468.01974 141.99461 632.38904 7 0.9105525 8.316132 487.33405 347.60037 705.5811 7 0.32404462 590.3239 280.20538 773.164 390.1524 7 0.22140956 642.1984 286.21475 750.0064 324.37155 7 0.19683582 1.8417587 472.36035 143.88037 527.38306 7 0.17478995 726.09344 276.9235 794.8017 324.79123 7 0.14537942 868.17725 180.9955 902.33203 211.31276 7 0.1373401 0.0 512.4999 75.4929 641.1366 7 0.095479995 596.4583 275.75323 808.5538 463.13556 7 0.08522496 651.71436 287.48392 719.7992 316.59598 7 0.0825031 669.08875 287.5528 725.44006 304.32635 7 0.07855014 253.8607 483.2731 368.07648 709.44934 7 0.06724118 15.588791 461.40222 276.42133 839.569 7 0.051258244 737.8927 107.26407 909.01196 205.84946 ,test/0292.jpg
0 0.09465806 142.36157 655.7803 933.4689 805.1012 1 0.07617523 654.27686 482.92032 778.92126 576.20374 3 0.93942416 654.34314 484.44934 778.8679 575.59045 4 0.050072804 654.4763 485.34158 779.1835 575.1492 5 0.9999348 255.02109 259.54462 426.24088 570.11255 5 0.79200953 145.55344 654.27765 931.01294 806.2131 5 0.062783964 654.42664 485.2656 778.8015 576.0226 8 0.1811131 654.4183 485.29266 778.4373 576.03485 ,test/0293.jpg
0 0.754734 342.06885 581.3613 494.4724 652.9595 0 0.72656375 433.83395 534.86426 469.5402 608.62585 0 0.5071194 359.70862 526.6066 481.98975 653.5588 0 0.43623137 0.71660805 620.5653 37.31566 684.13855 0 0.3164784 408.59225 532.4947 469.82394 633.8145 0 0.2514595 344.9484 577.3497 403.684 654.5184 0 0.14276573 638.6181 482.96054 757.8576 540.72723 0 0.11076859 398.053 591.8973 461.2123 631.0911 0 0.06581261 619.6815 471.51782 771.8843 630.3728 0 0.057066742 305.35498 492.51248 508.8333 645.70844 0 0.05195746 53.9634 920.57477 126.10519 982.9959 1 0.99422836 28.259705 461.80447 656.46924 993.8279 1 0.9574631 343.90994 349.7132 913.1731 843.6032 1 0.37794003 340.14474 319.81763 754.4896 680.67944 1 0.3476927 335.44165 331.06512 721.6483 510.49683 1 0.2997244 55.82791 835.11664 550.4176 977.76337 1 0.23748171 324.30203 491.18787 609.188 668.2388 1 0.18073677 332.50513 494.38745 486.32654 656.3544 1 0.18014748 84.77409 493.75238 470.32404 656.1761 1 0.10989351 315.37637 380.16483 383.95584 469.68918 1 0.09441701 326.90668 471.09348 653.953 864.9347 1 0.07947485 518.2684 472.0571 898.43427 853.65063 1 0.06114034 288.95065 359.7827 478.054 645.31744 1 0.059351765 28.19992 716.4275 576.82227 985.0083 1 0.054953802 324.60144 332.2105 468.98438 476.89532 1 0.05216471 218.15137 473.3308 525.99835 641.5249 1 0.051309552 317.8638 358.59647 350.30545 469.41928 5 0.38659635 776.65375 511.96118 812.4799 566.4491 7 0.46044824 1.3002815 619.4241 35.243183 684.27673 7 0.052875947 341.2497 583.2211 494.8247 652.0384 ,test/0294.jpg
7 0.99712294 491.51044 322.9662 849.7299 803.2173 ,test/0295.jpg
0 0.9874824 703.38605 110.672226 803.55536 243.07664 1 0.17664899 702.062 111.954414 802.32837 241.2738 5 0.15700112 777.37354 948.17303 948.7554 1022.56464 6 0.999595 237.01404 351.4532 757.2348 748.65985 7 0.18237942 776.8006 947.3375 952.0601 1022.5941 ,test/0296.jpg
0 0.27031094 262.29498 195.0656 310.485 253.20262 1 0.09228295 262.2555 194.81464 310.49 253.24237 7 0.9998926 0.22213745 179.64651 805.8165 765.57825 7 0.4671229 262.45752 194.31749 310.57635 253.09273 ,test/0297.jpg
0 0.7197356 235.49168 385.73798 681.21826 727.7613 0 0.6439526 291.271 195.79344 685.6 418.1358 0 0.20769711 236.80888 474.7177 671.8194 541.89484 0 0.07248924 233.89108 493.65314 677.0315 592.1628 2 0.05876813 235.20428 373.8009 681.80383 733.4059 3 0.8201948 232.84937 377.3191 688.4566 734.9431 3 0.09943978 230.25803 370.2017 692.375 470.41666 3 0.05839432 247.77962 48.993454 716.0829 461.71857 5 0.055639368 238.486 403.4768 680.5502 729.70874 ,test/0298.jpg
3 0.99987566 417.85504 365.21246 760.6971 874.10236 ,test/0299.jpg
0 0.98265994 633.0941 307.7878 705.07446 419.92905 0 0.79568654 250.03998 848.66284 372.5227 1021.9634 0 0.31703886 589.78516 317.64563 715.8882 432.57074 0 0.107887715 586.5288 310.03864 775.3978 480.32123 0 0.05203175 118.60172 837.0792 373.17545 1024.0 0 0.05125732 55.173477 162.51546 471.92596 287.30762 1 0.99951756 30.44342 124.6481 892.3407 946.14856 1 0.22876744 224.10378 302.6503 735.83093 914.7012 ,test/0300.jpg
0 0.88959825 268.63187 228.91074 704.92664 792.00696 0 0.3762935 287.89938 773.22534 340.71664 1018.051 0 0.17083937 302.39362 575.67914 348.2163 1022.6512 0 0.12005533 263.2904 552.1306 580.8225 779.3949 0 0.064833194 293.37436 636.93854 348.1287 769.3715 0 0.056381404 277.7327 566.01245 387.46646 1019.42957 1 0.92719984 262.6619 546.4733 580.7772 780.85333 1 0.26434973 262.8382 234.02423 703.09705 795.6667 ,test/0301.jpg
0 0.5383287 294.56482 398.31094 915.6455 841.5713 1 0.5268049 295.25787 399.00043 914.29974 842.2404 7 0.6037548 295.2505 398.5755 917.10815 840.60455 ,test/0302.jpg
0 0.38864702 0.0 404.43237 274.7609 843.88477 0 0.31593415 473.16858 811.254 765.4132 854.98645 0 0.15482138 162.04837 541.18304 332.77072 865.90045 0 0.13461643 121.188774 129.59262 303.53937 348.56174 0 0.12830396 460.6994 531.389 808.6064 840.5701 0 0.11751545 690.50183 316.36423 834.0122 415.98196 0 0.10079258 970.4535 112.62605 1021.8788 412.0282 0 0.08097216 943.95306 952.3419 1022.8112 1024.0 0 0.072386354 0.0 391.21725 478.10126 938.2223 0 0.06788931 505.99814 83.96982 703.34375 337.5611 0 0.053480204 97.64432 513.8219 388.78958 909.3633 1 0.831043 461.06305 542.52637 776.99725 848.64514 1 0.2938949 0.0 401.82632 292.5936 854.38354 1 0.09202795 969.2413 112.76471 1022.446 384.28882 1 0.06490682 162.04837 541.18304 332.77072 865.90045 1 0.057766233 120.54479 129.25404 303.45154 348.79205 3 0.5131937 120.03309 129.15585 301.84283 350.6378 3 0.275621 508.31128 79.81206 703.4435 381.15082 3 0.20873705 286.8313 261.18173 411.13824 425.34854 3 0.109996535 824.1695 215.33307 959.78864 376.78064 3 0.10620302 943.835 952.4811 1022.77264 1024.0 4 0.8664119 811.14496 203.43066 970.25214 469.31494 4 0.8388611 65.219406 320.96768 137.01303 407.03366 4 0.7503421 0.48892212 380.4394 413.41562 940.3022 4 0.69249445 285.843 261.93683 412.033 424.9027 4 0.62436587 62.589417 323.1071 296.01788 421.41397 4 0.6006631 357.0042 375.9117 892.7247 1001.5437 4 0.4494071 120.73269 127.781006 302.2947 374.36142 4 0.37851724 0.9880867 346.3812 74.35948 428.343 4 0.30818835 749.74805 310.0104 1024.0 999.58826 4 0.24184668 971.2567 108.76788 1021.9669 415.1974 4 0.19473132 507.43774 78.59621 703.23706 381.4547 4 0.18160652 6.5689926 319.00623 139.45587 435.38574 4 0.112704866 791.1947 339.9787 984.50305 459.61377 4 0.08102917 503.495 256.6396 974.0658 453.41376 4 0.06640839 949.62555 227.16663 986.7537 379.48346 4 0.053277366 824.35486 225.38821 956.16016 375.8425 5 0.56848663 342.6708 373.30374 983.7234 1001.2661 5 0.3424031 509.55542 85.45625 705.69214 376.26233 5 0.2961371 944.1394 952.3128 1022.62976 1024.0 5 0.29550985 820.9864 371.08185 1023.88446 978.8974 5 0.23176034 970.4535 112.62605 1021.8788 412.0282 5 0.19361246 0.0 391.21725 478.10126 938.2223 5 0.07676737 431.6764 361.69446 841.0698 860.4551 5 0.05982363 119.97649 129.18939 302.8205 348.4286 7 0.2060513 748.3349 423.83554 1024.0 979.29736 7 0.16580147 379.58035 528.9685 871.1907 994.3356 7 0.15056789 0.8316498 390.29498 420.97443 937.8852 7 0.113654085 390.4516 753.15 856.11127 1003.5333 7 0.08045507 113.541725 535.553 366.7223 911.2827 7 0.06974006 971.2567 108.76788 1021.9669 415.1974 7 0.0549534 473.16858 811.254 765.4132 854.98645 8 0.34202167 507.07867 90.14639 701.73724 332.53177 8 0.24896862 121.07388 129.34143 302.98535 348.6347 8 0.19902404 824.41376 206.38431 968.0749 378.37784 8 0.12642919 286.04434 261.53156 410.1837 425.03357 9 0.097467646 943.9881 952.4947 1022.8575 1024.0 ,test/0303.jpg
0 0.7407732 460.59662 247.11761 485.95685 295.86194 0 0.12365652 419.34177 50.400955 630.91876 211.2141 0 0.11229696 408.65558 143.32281 665.5417 930.2509 1 0.38542527 76.06949 741.9219 389.9295 1015.7903 1 0.21170248 439.29486 49.361885 628.61444 212.30554 2 0.46092296 428.93365 50.036568 634.382 221.86298 2 0.2402318 410.67044 180.67322 654.8528 240.39758 3 0.82965165 407.94507 128.18298 666.1371 926.7189 3 0.065302074 416.24695 325.41318 452.8241 475.63034 5 0.5630175 415.12653 71.190765 662.8724 933.7971 5 0.12706265 423.9755 50.0522 632.73804 216.6269 5 0.059202872 410.80316 183.41083 654.82086 258.38376 9 0.077175915 411.65436 50.48697 636.5926 229.35983 ,test/0304.jpg
0 0.99261487 408.38077 243.0481 774.453 861.7174 0 0.052283958 423.5006 640.7953 647.3031 865.9927 ,test/0305.jpg
0 0.8330675 154.6569 527.1235 507.1634 823.27924 1 0.2018398 154.92688 527.09283 505.59473 822.93976 2 0.19372924 154.92688 527.09283 505.59473 822.93976 ,test/0306.jpg
0 0.79490954 278.81937 98.70948 337.17148 201.0947 0 0.24169506 637.77026 631.3271 737.5431 768.21295 0 0.18538603 598.95404 635.8034 783.9991 787.59406 0 0.1212636 609.81415 675.451 753.1104 758.4434 0 0.11504036 607.2423 556.8622 855.2417 783.90283 0 0.07435082 632.35583 639.46655 789.59827 695.69055 0 0.07030488 650.7114 564.49396 845.5841 700.28485 1 0.97011715 587.3322 551.38245 851.2891 801.6288 1 0.49535903 660.47174 550.26447 853.1723 690.4152 1 0.4853252 608.7612 618.8468 814.4575 767.6924 1 0.13905427 592.84357 651.18115 768.3355 801.7239 1 0.12597585 632.35583 639.46655 789.59827 695.69055 1 0.064927265 800.3077 606.33606 852.63055 683.2269 1 0.050729666 698.59283 546.0514 801.28375 648.6848 5 0.13562459 598.3898 628.60596 791.0702 797.5725 7 0.9997389 331.35016 338.26147 811.47565 749.94653 7 0.9988701 88.82324 432.95255 356.74988 768.7456 7 0.09987173 659.16943 578.75745 744.94446 643.8074 7 0.05561306 626.6155 551.2626 851.4252 747.9038 ,test/0307.jpg
0 0.22619122 340.262 335.70883 771.05237 814.03674 1 0.28874138 342.60608 332.04913 771.3827 815.67596 7 0.81932324 338.09552 336.65887 770.9965 811.83673 ,test/0308.jpg
0 0.07436467 355.44104 537.3136 691.6571 645.77185 2 0.99657756 370.39874 286.22165 698.0567 601.9093 2 0.10513157 355.83936 525.8386 690.7351 651.21436 2 0.09418675 360.22046 520.8099 693.29114 590.47516 5 0.66939735 354.97714 537.32635 691.58826 647.1347 5 0.11256489 0.0 470.67755 1024.0 1024.0 ,test/0309.jpg
0 0.92193985 144.8002 694.78674 236.6232 761.5585 0 0.6606574 641.57025 626.8713 723.2598 704.65936 0 0.57432336 659.19574 522.5769 821.1873 621.53674 0 0.11741501 240.55362 512.2539 312.64127 542.5038 0 0.105141446 266.46265 657.31995 368.87286 685.9591 0 0.05455641 539.63385 553.50494 659.2165 654.79596 1 0.98972803 545.3246 423.3238 990.02905 732.8372 1 0.97918415 289.95197 419.4156 511.8219 701.4001 1 0.95083106 243.67963 526.92456 394.13794 679.99304 1 0.89663905 180.33755 465.63477 397.19138 693.22253 1 0.59089625 641.6353 624.4821 722.7685 705.1264 1 0.5550065 138.25836 458.14337 516.3746 730.64276 1 0.34631214 192.77982 583.64 264.50342 657.4414 1 0.256728 242.31024 513.91205 296.9134 542.18463 1 0.22556002 539.63385 553.50494 659.2165 654.79596 1 0.14417577 295.95892 460.8543 479.1006 626.9317 1 0.12149264 242.57596 511.32797 330.76566 546.4202 1 0.12014132 219.62695 511.16803 325.83508 587.6368 1 0.11805034 195.75624 508.87137 358.94482 643.1379 1 0.11579859 291.99863 637.6482 516.39215 735.808 1 0.11195809 633.339 311.7297 726.43396 352.163 1 0.09934101 638.8815 610.8835 810.2534 734.649 1 0.08403932 188.06825 466.0826 342.86212 554.1443 1 0.07090182 551.4273 427.30408 888.71576 629.7003 1 0.06440201 186.51675 530.2229 271.42136 683.33655 1 0.06304538 302.1736 411.5705 364.23447 450.8922 1 0.06199545 296.171 449.9846 385.9567 502.01657 1 0.05693744 652.7358 515.2296 822.0478 638.28174 2 0.09430171 243.09712 514.13654 292.5157 542.3039 5 0.070051745 674.2351 522.63306 816.453 610.2665 7 0.095040895 656.02795 522.57886 823.31335 623.871 ,test/0310.jpg
0 0.25730485 316.2411 268.14417 801.9684 654.67957 0 0.18228337 5.5392303 425.58835 184.29066 731.97705 1 0.0777657 307.47662 267.44095 804.2172 659.24927 7 0.904679 315.941 267.04553 803.1183 654.85925 ,test/0311.jpg
5 0.98596823 294.77057 388.1841 649.5809 644.83057 ,test/0312.jpg
0 0.069141775 211.58987 435.42822 912.33203 806.8013 0 0.06215214 67.32593 40.61682 796.1377 635.68115 1 0.9468736 71.67374 28.95819 915.6251 825.7639 1 0.61373556 236.46262 438.12198 909.8142 807.1968 ,test/0313.jpg
7 0.9988662 180.71732 270.93152 871.4243 584.65265 ,test/0314.jpg
0 0.26230055 0.0 490.6261 307.85876 1017.1516 0 0.15763353 13.853516 214.39719 968.4047 988.00903 0 0.05310424 289.50546 910.3716 947.4354 1023.1582 1 0.14580043 265.28836 334.1442 320.03812 403.98593 3 0.985677 266.56967 241.57587 680.463 512.2565 3 0.62184507 245.0521 234.22644 946.6373 862.39966 5 0.08362832 264.18326 243.81665 376.34708 371.84375 ,test/0315.jpg
0 0.9983657 0.16023254 796.29 244.29976 1019.9969 0 0.9842629 546.4455 920.3746 768.2054 1023.86786 0 0.97529864 267.29367 90.83182 446.7274 626.1874 0 0.65757316 45.86377 470.09866 727.8267 825.2224 0 0.5493702 71.566956 108.72958 728.51184 1017.44446 0 0.23620056 130.06552 734.63824 626.59644 1016.68195 0 0.22110713 483.56604 934.38605 577.70264 1020.3421 0 0.085795514 10.44104 797.3087 157.27612 881.7462 0 0.06911074 158.74622 838.949 242.54895 1007.60706 0 0.056788307 427.22952 960.54083 589.45905 1023.1811 0 0.053270686 67.967926 787.50085 365.39673 1023.2792 1 0.97473085 148.25015 719.9354 630.9343 1010.0901 1 0.25919446 25.312347 473.5803 746.1852 999.6467 1 0.11848599 132.56006 709.9665 665.53033 852.4666 1 0.09577528 225.44228 877.3219 592.1333 1015.6017 1 0.060869183 489.35046 775.90216 898.9934 1024.0 1 0.05428965 255.72485 754.45746 622.2999 840.37006 5 0.29359075 42.868134 469.1742 727.6897 842.30066 7 0.6276025 227.72688 961.3562 580.8276 1020.24744 7 0.24012543 223.84117 908.3018 600.5033 1021.6701 7 0.08212651 431.12488 961.2378 579.183 1023.5603 7 0.07659567 40.100006 472.46527 733.8635 908.8223 9 0.07693408 476.6007 956.5475 576.78503 1024.0 ,test/0316.jpg
1 0.0514945 551.4979 2.1974945 1019.98694 133.45808 4 0.87386656 388.95728 101.17969 557.63165 673.2355 5 0.500165 389.41876 102.19409 556.3239 673.9105 ,test/0317.jpg
4 0.99307775 440.20868 420.7526 882.2171 633.47327 ,test/0318.jpg
0 0.8428962 570.3073 563.23236 658.4765 631.2537 0 0.3945809 120.14726 188.56033 172.70003 246.37567 0 0.14533435 605.37915 560.93463 659.5707 595.42255 0 0.1106916 26.1666 75.98229 87.81752 96.422264 0 0.0914119 295.8864 193.94077 370.50928 258.96384 1 0.99924266 597.9505 378.01715 950.1739 585.50055 1 0.9900125 368.0254 599.34644 752.22534 931.078 1 0.79821146 296.37085 200.72423 367.2981 258.39932 1 0.22272457 432.1662 727.55945 761.6464 924.6151 1 0.17241767 570.3142 562.03564 659.1304 631.4629 1 0.099014476 24.581581 74.365074 90.45711 95.79691 5 0.11754649 1.3745995 173.92517 126.767334 306.48276 6 0.17399964 296.28464 202.12866 366.4728 258.25528 7 0.9952043 123.73024 169.06973 619.2677 632.8096 7 0.9761628 107.38609 167.98372 416.6999 476.45593 7 0.6588286 6.4474792 165.99963 225.93918 448.96277 7 0.4781641 1.3563309 173.53757 127.01943 306.82404 7 0.2847612 100.72501 162.49268 260.70047 468.37427 7 0.095226824 569.992 563.158 657.5037 631.32135 7 0.087281466 119.767166 187.39792 172.34093 280.18958 7 0.07329856 66.42575 202.57698 177.29364 431.34796 ,test/0319.jpg
0 0.12991819 358.81558 298.4712 527.21326 319.38696 0 0.09571184 356.94208 282.76224 641.2298 505.76663 0 0.09216064 357.9256 307.09433 531.5556 324.39005 7 0.9948671 358.03076 279.18057 637.28107 504.53226 ,test/0320.jpg
0 0.98822975 479.65363 412.47852 563.4865 535.4457 0 0.21592988 536.8792 328.99048 581.9805 403.57507 0 0.12197898 545.99854 231.38286 692.5779 401.13 0 0.095973216 919.86945 0.0 990.5712 62.83795 0 0.08936073 580.8391 305.98358 682.98267 400.62445 0 0.07737553 572.8121 329.71643 634.144 401.458 1 0.881649 548.0046 231.14235 692.3062 404.373 1 0.7657909 919.75903 0.0 990.7063 62.816833 1 0.21536198 536.33655 329.25522 582.3956 403.84872 1 0.08366547 583.96295 307.42374 680.15826 402.08688 2 0.7294486 536.5077 329.2024 581.7698 403.82587 2 0.059521277 545.93365 231.57516 692.6951 403.20438 3 0.12921488 373.56702 220.21323 502.78766 363.9335 4 0.9972083 226.7016 622.54156 433.86578 746.30096 5 0.9989588 588.1304 409.0196 712.8165 577.1605 5 0.85495204 373.99667 220.18332 502.5554 363.8101 5 0.2074526 337.3932 209.8301 369.66528 253.35912 5 0.15562193 675.77167 411.37445 709.08844 448.65247 5 0.1101318 581.8766 337.43832 634.0735 394.36844 7 0.2774869 374.0996 220.44965 502.58868 363.62854 7 0.11700532 545.99854 231.38286 692.5779 401.13 ,test/0321.jpg
0 0.99984646 162.98605 433.73566 835.64844 744.3781 ,test/0322.jpg
0 0.4114636 472.99026 160.55179 577.5934 283.74573 0 0.10183793 321.67743 435.87506 580.05634 762.60175 1 0.99601495 292.3175 62.764404 784.58875 699.4231 1 0.7549926 306.45526 420.86542 579.51685 767.4766 1 0.519369 515.6614 322.84177 784.4977 646.8108 1 0.37229696 435.16467 50.11708 791.27246 389.50366 1 0.10129961 341.153 180.27156 774.48004 528.2279 1 0.0984733 298.12695 333.8258 742.36035 640.77106 1 0.0812499 871.3014 576.56616 1020.2643 1022.14856 ,test/0323.jpg
0 0.11060812 945.97595 411.53705 1022.9352 603.1157 7 0.9997228 71.8024 17.757568 626.0022 1021.84607 7 0.99933225 601.4275 203.5859 974.3191 867.8187 7 0.9924028 810.6183 856.7017 1023.29236 1024.0 7 0.99053895 677.50183 943.73 881.4487 1022.24243 7 0.76537347 896.22845 723.6465 1023.65485 945.6693 7 0.37738162 677.65765 870.169 954.8005 1023.233 7 0.26937798 754.47 720.9506 1021.78455 1024.0 7 0.26364368 716.1688 238.05106 767.00757 259.20474 7 0.09103265 575.2615 814.7011 1015.2782 1024.0 7 0.08917277 851.254 391.98383 1021.77185 1024.0 7 0.08284764 694.8492 203.95142 879.2575 284.5606 7 0.082539275 696.9773 235.33379 773.37476 266.7729 7 0.0786492 771.82935 906.2058 824.7478 949.1963 7 0.07516458 910.1688 895.4232 1021.26575 1023.0576 7 0.05187366 705.3661 234.4161 750.1161 260.54443 ,test/0324.jpg
0 0.99875486 252.76694 301.58252 710.9657 551.4095 ,test/0325.jpg
0 0.11964957 154.41132 332.6371 871.32623 776.63257 1 0.7683486 154.10559 330.4292 872.6107 775.85095 1 0.13173932 665.926 327.40643 770.1166 349.31348 1 0.077367514 670.51025 331.35233 735.99316 347.38425 1 0.0687952 545.0582 340.72256 623.3583 352.24374 7 0.4649894 156.85278 329.0617 872.0405 775.90717 7 0.050603915 154.42778 390.30408 209.68904 769.32495 ,test/0326.jpg
0 0.31071478 308.62372 273.25018 894.5335 783.91705 1 0.46834537 307.2984 275.02362 891.7955 789.61066 7 0.69442093 307.8893 275.09982 895.6969 787.244 ,test/0327.jpg
5 0.99776864 297.8828 229.30916 733.7329 668.6085 5 0.27085283 297.03503 249.31616 499.4431 676.6343 ,test/0328.jpg
0 0.6761523 105.49242 408.53195 140.54414 463.4645 0 0.5724277 243.1085 577.0696 320.7459 663.5233 1 0.99707866 525.47656 318.58026 920.23755 865.86115 1 0.959609 319.7548 369.45288 613.1019 757.8977 1 0.9341614 395.81418 372.67587 616.12195 604.0081 1 0.5925319 255.45949 577.68365 556.4706 860.2524 1 0.46535075 243.19524 577.0349 320.63995 663.48267 1 0.4579911 689.6891 615.5629 823.77673 748.9589 1 0.34763175 254.0448 687.4334 490.239 864.0529 1 0.3362044 720.30347 472.5917 859.078 667.1013 1 0.29250553 711.1876 634.6925 793.76086 739.62134 1 0.22894648 337.11844 623.5993 474.3066 750.9738 1 0.22382234 445.82953 750.8208 499.4619 798.58923 1 0.21459602 389.64694 388.62314 483.41623 510.50186 1 0.1762836 450.4298 571.4148 584.07227 743.6747 1 0.14313237 305.25632 593.2267 351.35898 711.3336 1 0.13216221 795.35046 570.06726 886.00024 767.7555 1 0.10801413 351.9148 321.71735 794.7169 817.07745 1 0.103681795 105.22 408.32672 141.09505 463.7845 1 0.07899873 616.4248 486.29544 888.32275 797.354 1 0.0776579 331.84894 530.67303 499.1795 752.2193 1 0.06942138 852.5825 431.58533 906.4066 607.2731 1 0.060333464 697.2469 617.8683 751.9682 709.91406 1 0.052200068 689.9222 619.16815 803.49554 689.0197 1 0.05215427 713.5042 384.8227 908.9644 696.455 5 0.20830138 6.2790527 387.3913 150.31674 759.64264 5 0.11557378 45.23558 382.545 250.26671 612.89886 5 0.098917164 114.65347 385.451 152.36768 422.38373 5 0.09561281 251.91127 305.0819 398.20343 603.02844 5 0.058170334 119.358154 244.79176 351.99536 534.01935 5 0.053879887 81.849045 450.14917 132.21872 498.7395 7 0.9990433 64.243805 561.44354 250.36694 751.9163 7 0.32909477 222.62851 517.1783 327.1711 595.1507 7 0.14044778 242.78899 576.86554 321.1858 663.50604 7 0.08923491 0.0 393.188 286.61285 758.89087 7 0.057071157 48.308468 377.596 153.16489 519.0232 ,test/0329.jpg
0 0.05386616 886.01373 563.7049 957.1629 582.1972 1 0.15939493 860.78674 515.2551 958.8247 587.00903 7 0.9967591 159.10165 156.66351 780.48315 679.4223 ,test/0330.jpg
0 0.395201 267.21948 495.1826 294.1667 544.6626 0 0.2335987 503.8737 641.02045 591.3769 755.05096 0 0.20001197 376.34525 193.60431 429.77182 252.26419 0 0.14670111 584.6425 414.16748 628.84015 456.48865 0 0.054998796 603.70105 416.33875 626.4812 453.37976 1 0.37968475 267.13736 495.32013 294.22336 544.33514 1 0.050830573 584.6425 414.16748 628.84015 456.48865 2 0.35353798 266.88943 495.1241 294.30582 544.42285 5 0.4689913 472.91342 287.0415 517.838 324.46484 5 0.13656078 553.69446 430.99036 628.5614 644.2925 7 0.9998416 464.8735 35.921326 757.0199 433.37692 7 0.99981517 263.96582 206.41339 591.38257 788.28827 7 0.99979633 346.15353 720.8771 580.1148 1022.71204 7 0.99609464 594.8131 415.35242 773.21484 727.2721 7 0.97821826 245.20747 319.79425 305.2461 484.922 7 0.88799226 501.66058 639.96234 591.5561 754.48676 7 0.74644375 552.1618 370.34296 638.26776 645.52454 7 0.16995148 452.09897 77.88423 543.2844 254.82784 7 0.14840335 455.64044 128.56203 520.34735 246.19682 7 0.12736948 517.2451 221.2341 764.91675 742.72046 7 0.12416323 490.26953 216.4688 605.35657 663.85986 7 0.1154057 576.7219 343.70178 630.59155 455.83063 7 0.10215599 438.64804 206.6531 480.14395 243.56909 7 0.096356705 267.29114 495.30548 294.4007 544.94916 7 0.080405526 582.5173 412.85782 628.5124 457.06906 7 0.07574828 440.29755 243.85408 589.82684 369.45853 7 0.07256483 550.21906 333.96082 720.7164 653.6703 7 0.05215785 595.6112 643.3001 775.9938 722.27374 ,test/0331.jpg
0 0.9995591 392.4123 369.51233 702.96063 687.29626 0 0.94741684 623.69666 510.1471 704.5825 592.3406 7 0.2096721 246.53314 1.4999161 468.79993 107.15634 ,test/0332.jpg
7 0.99932957 0.0 137.95352 952.6564 884.9586 ,test/0333.jpg
3 0.9710283 239.97397 226.09482 752.4387 754.4607 5 0.9928098 570.4895 355.8708 687.261 464.1264 5 0.10219903 240.11996 226.09573 754.74475 752.33594 7 0.11280877 576.5767 350.00803 619.26886 370.61227 ,test/0334.jpg
0 0.5116886 231.18346 252.80405 660.8883 680.88635 7 0.76785076 231.13414 252.87437 661.37384 680.9937 ,test/0335.jpg
0 0.37606934 529.0874 221.2523 1023.21643 598.72565 0 0.3143592 336.32764 676.1086 432.10425 721.5512 0 0.28684276 682.95215 432.3907 776.7909 517.19055 0 0.20775162 0.0 227.87929 733.76544 492.8615 0 0.19689591 788.1599 666.4756 1024.0 879.43054 0 0.16872063 674.4849 390.76627 1020.242 600.6826 0 0.16823937 69.08566 226.62016 1024.0 622.99713 0 0.15646635 706.574 451.62006 910.1234 581.9434 0 0.13560404 777.1176 494.33017 832.6689 523.02386 0 0.128445 2.2496796 312.0121 156.46278 467.9359 0 0.11956546 423.01465 224.4881 1024.0 847.1497 0 0.06245602 769.8244 492.07117 894.58575 542.84143 0 0.05780312 0.0 277.66504 1024.0 930.82227 0 0.055689067 404.79773 543.2556 1024.0 885.80725 1 0.8197879 0.0 267.765 239.52869 355.5003 1 0.60938144 109.06648 283.64175 235.33684 329.5347 1 0.5930348 683.92816 432.57135 776.54315 517.01526 1 0.21069793 498.61282 356.012 668.32104 486.9526 1 0.17313296 0.57779694 265.81348 145.28333 492.74908 1 0.15585817 0.5231476 268.06992 131.5569 373.17294 1 0.0928656 337.63983 676.0508 431.53107 721.9955 1 0.082334794 5.9282837 222.07376 1011.61615 594.33716 1 0.08095949 681.8862 437.40454 915.4463 541.8689 1 0.054696742 769.8244 492.07117 894.58575 542.84143 1 0.051089182 777.3039 494.35696 833.3587 523.42615 1 0.05004705 0.0 268.387 67.833046 319.05093 3 0.073257335 336.57 675.9293 432.08655 721.5873 5 0.9859496 504.49518 355.83942 706.5312 602.69946 5 0.57702464 498.77377 356.14713 664.7864 487.10794 5 0.122588105 788.5419 676.3045 1023.76025 868.6319 7 0.9921783 2.9752808 434.59808 778.9327 924.83136 7 0.664889 788.2245 677.4083 1024.0 874.4917 7 0.19211182 716.1838 462.6814 906.2836 584.7178 7 0.16499817 682.95215 432.3907 776.7909 517.19055 7 0.15715215 342.81412 400.34912 1024.0 863.0574 7 0.15632866 180.47282 462.40546 676.0676 816.4831 7 0.07306493 764.96533 504.33582 906.2754 577.56995 7 0.05605889 0.0 414.4822 391.14587 930.22705 9 0.06164152 0.0 227.87929 733.76544 492.8615 ,test/0336.jpg
0 0.7198355 317.59857 244.59814 585.18964 473.34106 0 0.14184046 528.2036 326.7208 689.4934 478.12692 0 0.07747359 506.417 235.2036 608.3152 396.75623 1 0.89321905 314.73 235.95367 659.26074 474.77863 1 0.831812 262.76376 479.84943 634.0132 713.51117 1 0.37543258 304.98334 248.33768 669.96497 698.0687 1 0.12795526 526.6763 327.9061 688.6201 478.53903 1 0.052006494 507.84467 234.63144 608.6661 394.55893 ,test/0337.jpg
1 0.99782866 90.246 288.45224 755.8605 813.11865 1 0.8074466 283.0192 282.48026 755.22363 489.43082 1 0.71057075 148.10365 362.44556 365.85406 481.71735 1 0.639331 60.80548 292.2978 406.22906 441.74768 1 0.44461885 132.01926 333.5461 682.7621 496.12802 1 0.4030721 112.30786 374.50006 696.2557 571.844 1 0.3811731 545.1029 473.4535 603.3009 538.39 1 0.3286395 123.568535 338.8223 370.97272 440.49728 1 0.3251402 155.85948 368.19803 273.47247 428.51273 1 0.3226809 77.74568 358.3913 140.6514 422.83777 1 0.197857 185.58707 434.65594 301.47037 481.7647 1 0.18140881 227.77774 450.61984 408.02512 481.0845 1 0.17778456 234.61203 456.0791 303.3638 481.2624 1 0.13965197 219.26355 461.94885 556.3483 567.8915 1 0.124088116 282.182 463.44467 333.30988 481.00662 1 0.103502415 546.43896 514.48016 574.30725 545.14056 1 0.101742454 270.27167 403.67297 652.5506 488.51715 1 0.0785617 286.20682 455.15213 392.2175 479.3691 1 0.07571817 165.24506 425.14703 408.78717 481.05066 1 0.07236376 244.6689 342.61948 591.0168 471.2203 1 0.067682326 77.628265 335.3682 163.18108 434.1174 1 0.063553266 198.96632 443.04123 260.86102 475.78745 1 0.05325497 254.66335 333.80893 340.34494 350.6423 ,test/0338.jpg
0 0.070773125 301.06107 520.37054 682.65454 748.54095 1 0.9989378 208.82535 240.50093 896.69324 733.3557 1 0.9438026 248.8189 280.7473 321.62283 361.6626 1 0.18558736 301.06107 520.37054 682.65454 748.54095 1 0.05874647 261.4718 163.94048 393.3629 262.44806 ,test/0339.jpg
0 0.2880141 393.89658 389.9745 613.9268 472.22913 1 0.06988301 737.0545 379.85767 853.94696 511.55225 6 0.9996277 268.67896 161.5846 756.56714 840.0129 ,test/0340.jpg
0 0.35641894 753.8253 461.94867 797.8779 513.1955 0 0.063542545 173.74854 349.21307 235.18713 391.18585 0 0.06349627 174.53049 364.55972 205.22675 390.8538 1 0.95919466 63.427128 469.34885 147.86084 568.27374 1 0.41416094 68.38757 463.2728 137.22107 520.7496 1 0.29676494 101.63377 489.1866 147.52373 521.27905 1 0.27517596 754.05914 461.87244 797.9006 513.25507 1 0.20280543 109.45888 474.57794 148.1736 567.0964 1 0.1267361 114.06648 489.5418 146.60048 542.10785 1 0.12519516 97.20747 466.066 147.45493 530.1016 1 0.121670656 93.4089 464.17245 127.69746 520.62836 1 0.12166207 99.96413 477.3493 137.97176 515.8695 1 0.11688671 127.712 491.59097 147.71849 555.6388 1 0.0758033 131.13847 512.13654 147.31252 564.74335 1 0.056894396 102.22043 502.3217 148.02269 527.96045 5 0.056330103 183.76318 376.78073 252.89209 449.55124 7 0.9998092 718.5083 451.31342 930.8712 817.61456 7 0.99948126 225.49591 558.05975 332.90643 790.83075 7 0.9990054 376.71378 407.02588 481.14346 569.1413 7 0.99878496 563.283 387.32187 756.55133 755.9834 7 0.9982253 140.29845 355.38885 253.46535 614.06165 7 0.9981743 477.75055 448.70996 606.4534 734.79175 7 0.9981608 322.4778 530.89325 411.94498 748.32904 7 0.9968442 393.45258 529.50354 505.90143 751.7832 7 0.9964958 244.93599 358.85382 406.3305 580.51044 7 0.99157494 177.08759 531.12036 254.10352 744.8794 7 0.42352352 254.00966 359.58978 313.9902 421.5207 7 0.26141882 567.9522 428.6492 610.7695 508.1965 7 0.24111938 316.35217 356.4015 407.17053 430.1922 7 0.23849253 753.88135 454.8478 888.1986 513.94965 7 0.22219528 190.42604 347.8669 254.1306 392.01303 7 0.21055913 473.5262 456.12784 556.45575 596.8176 7 0.20461048 785.07263 460.58453 832.91956 501.47595 7 0.20199086 708.4709 486.59198 764.41327 734.7902 7 0.14858934 554.4514 410.1931 614.0564 678.3871 7 0.13231535 426.32382 526.031 472.5983 553.531 7 0.11678912 187.46024 352.648 253.45401 575.4656 7 0.11552234 179.17848 379.63403 253.61787 450.80518 7 0.11413465 251.66302 360.06403 408.72137 448.3858 7 0.10908425 319.07214 358.6162 403.0824 561.95905 7 0.073733576 183.22021 352.31915 268.33487 424.50537 7 0.07082143 198.53606 347.56815 231.44682 390.02145 7 0.060254946 380.01733 410.419 492.65082 710.439 7 0.052239902 523.1167 400.7683 624.7302 723.0386 7 0.052236754 567.4609 487.02332 612.7126 662.00037 7 0.051747434 556.2041 395.2893 672.9115 525.7086 7 0.050297026 495.80396 450.7951 555.4524 526.8196 ,test/0341.jpg
0 0.39728495 366.15326 471.25232 441.08734 512.23584 0 0.05537605 438.26663 533.4345 485.99014 590.69977 1 0.48820707 365.49734 471.88055 518.0414 590.0684 1 0.30893874 365.84735 471.20236 441.24298 514.9367 1 0.19903848 571.606 520.2539 705.75616 551.87 1 0.1905291 365.62994 470.60165 449.76 558.5714 1 0.1826669 648.4181 520.7689 702.91724 554.46594 1 0.057582747 383.0372 495.36642 419.62668 548.42175 1 0.051274262 438.26663 533.4345 485.99014 590.69977 5 0.08648376 569.11115 520.19824 652.73944 548.56177 5 0.051802028 567.18475 524.8312 697.1652 584.4221 7 0.99203146 122.710815 135.28177 1010.8844 970.7031 7 0.65989137 437.57825 533.08014 485.7364 591.27704 7 0.21371303 366.26703 472.1515 517.4307 590.0906 7 0.1664376 885.7852 966.4557 1024.0 1024.0 7 0.094712876 571.7821 516.9269 698.3767 592.0713 7 0.06343825 415.2446 528.322 516.3055 592.00073 7 0.057486326 529.01404 123.58154 980.93726 936.9402 ,test/0342.jpg
0 0.9276941 238.85251 70.74149 415.079 183.33105 0 0.1531689 143.38843 516.4186 771.99524 637.4252 5 0.40106618 151.48785 515.27185 778.12964 639.647 7 0.846356 146.05554 516.1754 776.3831 636.8237 7 0.071782984 238.6228 70.129234 414.53192 186.92151 ,test/0343.jpg
0 0.9179275 326.5133 384.9624 380.40625 446.0869 1 0.21930651 332.62494 460.31882 726.0196 795.31726 2 0.7008754 329.09927 450.79507 726.36926 794.7699 5 0.9734041 300.36304 409.64645 730.1194 796.67236 5 0.6673988 293.57446 406.52402 567.7428 587.2891 ,test/0344.jpg
0 0.44969904 213.59955 144.73315 332.5567 472.29102 0 0.24414709 761.72205 515.94543 817.9984 719.6603 0 0.08456996 743.501 463.76752 786.21045 518.9511 0 0.06393596 300.6448 292.86237 790.9386 749.86456 1 0.254706 213.4806 144.41394 332.58508 470.27594 1 0.19951756 298.39386 293.9694 791.294 730.46606 1 0.098981485 761.6079 515.67175 818.9684 716.3037 2 0.98994815 299.93152 294.7414 791.7816 742.7774 ,test/0345.jpg
0 0.7849116 423.05774 387.14066 686.62976 595.90955 0 0.3127717 304.73593 65.527374 496.3353 180.44124 1 0.13144287 421.92343 389.2293 686.5165 596.7932 1 0.11730318 304.73593 65.527374 496.3353 180.44124 2 0.43061772 422.67505 389.45923 686.0571 597.37134 5 0.9996731 191.93349 616.48193 614.7543 764.70105 7 0.07470666 422.73376 390.67502 684.23413 597.2468 ,test/0346.jpg
3 0.99996495 313.5691 296.04608 746.24963 798.8741 ,test/0347.jpg
5 0.99969757 152.35971 380.8413 878.8966 734.8956 ,test/0348.jpg
3 0.924736 296.2833 235.55447 728.22925 835.59045 5 0.33257324 295.4512 237.49438 729.6008 834.0139 ,test/0349.jpg
0 0.97667783 167.8996 694.82544 267.02982 763.19556 1 0.9994721 251.53406 115.70749 775.3225 878.2937 1 0.10480849 168.08398 695.1498 267.38535 762.9376 ,test/0350.jpg
1 0.9882889 908.6052 250.66458 1022.5919 519.4602 3 0.709923 228.83286 146.41919 874.8838 879.0403 3 0.3288792 625.6295 124.671265 853.8319 646.9739 3 0.19097348 611.55426 113.89502 841.57465 237.83563 4 0.4703057 231.64911 171.49908 833.07404 877.53204 4 0.23290065 625.6295 124.671265 853.8319 646.9739 5 0.62866867 642.69904 166.02023 853.83636 637.14453 5 0.20198391 230.7529 146.09003 871.4735 879.72504 8 0.18747097 611.55426 113.89502 841.57465 237.83563 ,test/0351.jpg
0 0.70192 580.81915 616.5295 691.5008 642.18353 0 0.6084742 517.05914 724.8812 592.22723 842.63196 0 0.18140027 553.0412 254.08434 753.3107 300.83765 0 0.11576117 574.539 592.31384 697.9792 655.2477 0 0.11236918 655.37756 205.45755 670.3646 266.21832 0 0.10544003 564.80286 230.92116 703.9396 506.18713 0 0.062344957 650.74603 215.94333 677.60126 257.80893 0 0.0523235 576.78284 606.0049 697.8972 626.8794 1 0.14218144 516.27234 725.21576 592.0393 842.41205 1 0.09353942 986.6173 583.2756 1023.8507 707.76447 5 0.0647564 335.17972 640.10565 353.1539 690.4797 6 0.99295276 576.67444 595.6079 697.2163 783.58484 6 0.93882954 535.00244 247.24011 758.46484 493.55774 6 0.9270441 430.57928 250.9719 773.4373 617.063 6 0.81168324 569.32135 473.08008 704.8962 610.50854 6 0.80348045 430.08478 265.03635 577.7138 613.4652 6 0.78597987 542.6758 243.75061 755.50073 368.49353 6 0.42686358 572.9009 591.114 703.8019 627.9324 6 0.39184073 732.5121 254.55814 759.24426 361.1193 6 0.28951615 452.9436 398.4071 719.4956 609.47864 6 0.25270724 576.7584 617.9921 695.25476 651.39655 6 0.22883323 575.49176 567.11163 706.89496 613.3736 6 0.2218766 460.99258 423.73993 587.913 615.65607 6 0.20092414 449.75726 488.74976 704.53766 628.1782 6 0.19287547 439.35147 418.8919 503.02054 526.8863 6 0.18241374 577.1842 613.3567 693.01 632.9696 6 0.16772501 526.4005 516.50073 582.0842 616.64087 6 0.12492746 428.00015 265.84653 549.8583 369.7809 6 0.11725633 421.41815 266.81378 523.6211 537.8478 6 0.11676185 575.4497 569.19183 700.01953 656.7962 6 0.11617812 573.40845 452.58295 702.52893 726.13837 6 0.09427411 567.588 475.63098 703.03125 513.95264 6 0.053725433 446.53265 264.63745 549.4965 316.56287 6 0.05016619 230.07379 240.20992 515.45654 649.2084 7 0.9999486 314.08844 521.3977 598.6536 831.30115 7 0.9995888 659.60944 310.8612 985.5656 972.0021 7 0.99955374 65.72351 43.400864 328.59534 475.12286 7 0.99904376 22.83194 360.71054 267.645 700.64624 7 0.9981097 231.03879 244.75954 466.54062 658.3754 7 0.98102355 190.11993 556.4192 360.15295 762.3849 7 0.1955655 307.24817 622.3549 384.30237 793.8138 7 0.068697065 517.05914 724.8812 592.22723 842.63196 ,test/0352.jpg
0 0.34527603 624.44836 316.50864 709.88477 493.01083 0 0.11879057 783.0563 909.60504 1022.48267 1008.217 0 0.06375306 601.7236 233.44807 711.49457 663.55304 1 0.60277957 779.15515 909.71155 1023.0504 1008.1399 1 0.18093209 480.66742 530.97394 564.0013 623.61053 1 0.08240536 953.83344 887.0246 1024.0 929.7786 1 0.07218629 624.8529 314.36298 709.98926 500.31494 1 0.06194116 946.56287 243.85304 1023.7722 337.81616 3 0.1483003 773.8948 887.13885 1024.0 1014.7391 4 0.99168056 433.44336 412.98315 565.5037 640.9619 4 0.99117094 65.584465 403.03992 239.08646 650.1365 4 0.9862925 241.94133 407.09802 412.32855 667.2864 4 0.9700623 718.31775 442.19714 829.5371 627.90686 4 0.9570606 562.46875 423.7318 729.1749 646.5814 4 0.87818515 226.72736 455.79855 272.51483 626.8754 4 0.55121857 573.1599 437.27374 657.4061 652.5673 4 0.28350443 623.1919 319.76257 711.0823 547.5792 4 0.2698619 601.7236 233.44807 711.49457 663.55304 4 0.25927818 564.3963 450.15372 609.37714 610.0121 4 0.15957439 665.99054 470.71317 737.94086 653.7739 4 0.15093957 366.78354 455.9201 478.3765 610.44403 4 0.13399875 414.7592 494.7825 589.8277 661.10077 4 0.133095 677.6183 451.64087 883.1185 639.59424 4 0.12977026 481.349 530.56775 564.063 622.4203 4 0.1269364 689.9582 453.85776 740.36945 563.64844 4 0.10654254 682.94794 427.26273 717.5186 532.5565 4 0.09711218 167.50308 418.215 248.34229 625.9562 4 0.079934634 592.5209 533.6775 660.8734 628.14636 4 0.065374255 609.853 434.73306 672.2627 627.42255 4 0.06493555 773.8948 887.13885 1024.0 1014.7391 4 0.052208357 150.53499 426.5272 504.989 658.37103 5 0.7946494 316.04602 893.9472 506.2613 1020.5783 5 0.2574657 522.1419 890.18774 638.4793 1023.0897 5 0.20621158 321.40607 979.0889 477.80273 1015.55585 5 0.1675512 466.04218 893.0543 561.4765 1021.48157 5 0.15080722 0.0 572.86597 1024.0 912.4585 5 0.1461381 601.7236 233.44807 711.49457 663.55304 5 0.1277722 697.74945 441.51025 878.8359 646.83826 5 0.110111974 699.27814 162.0625 892.003 635.7329 5 0.08803879 875.66797 260.36633 1020.9286 736.3683 5 0.06793994 480.66742 530.97394 564.0013 623.61053 5 0.06607671 850.9632 243.34921 906.6811 646.1106 5 0.05954474 668.692 270.48602 1017.8749 758.79083 5 0.058202226 626.51276 294.8307 711.10944 529.86725 5 0.054855134 694.4783 126.31464 866.51904 433.40588 5 0.051682685 336.65427 891.12006 437.61984 908.31647 7 0.1415712 480.22125 530.7687 563.5357 625.09436 ,test/0353.jpg
0 0.17804034 500.40085 136.41489 1013.952 889.23 0 0.05921629 50.755447 174.07156 544.9093 973.9498 9 0.98801523 50.110626 170.87927 554.9435 974.25867 9 0.9818396 486.43652 120.27136 1012.4099 898.00055 9 0.06309972 451.0243 284.79047 585.6189 868.96075 ,test/0354.jpg
6 0.9994954 463.32434 253.56966 792.079 540.4318 6 0.9991654 182.08878 388.48416 472.5684 608.4016 6 0.26275814 460.5837 406.60483 769.66675 542.125 ,test/0355.jpg
0 0.1879593 563.97675 601.3824 618.8864 1016.91534 0 0.12522505 819.78516 883.2357 893.8981 982.1073 2 0.9999666 450.13788 252.2125 717.9819 604.4961 ,test/0356.jpg
0 0.93750715 107.99768 472.37094 889.4725 649.4299 0 0.22594735 0.4106846 248.99211 37.694115 284.05325 0 0.15320747 16.6027 1002.7375 59.99903 1023.9616 0 0.075495765 625.6749 791.7885 660.4027 817.8062 0 0.06034944 158.55766 493.6391 180.0634 551.9366 1 0.21754347 0.4403019 248.79776 37.66069 284.28433 1 0.06947912 16.6027 1002.7375 59.99903 1023.9616 1 0.055990532 625.8075 791.5462 660.31946 817.7232 7 0.07449648 81.17697 470.35248 901.7405 648.84125 ,test/0357.jpg
0 0.55764323 504.13376 250.02469 792.56445 376.96603 0 0.12173584 275.0524 232.86618 954.61145 792.03345 5 0.9758505 200.67752 232.51541 962.7617 797.9938 5 0.9490491 170.11865 316.55383 405.8004 740.67566 5 0.1765176 966.3301 1001.4834 1024.0 1024.0 ,test/0358.jpg
0 0.31634873 924.2971 533.93695 1022.43726 682.3388 0 0.07801873 7.6051025 508.31528 314.37836 768.24194 0 0.057025895 303.14948 872.9547 724.29987 1024.0 0 0.05415126 8.748535 0.0 1009.1974 482.70135 1 0.15820768 925.4632 533.87585 1022.69476 682.74646 1 0.08833398 428.37274 487.94193 655.9504 577.03564 2 0.9630157 427.43066 487.99503 659.2687 576.90216 2 0.087377004 6.8702393 508.54645 319.49 769.5916 3 0.20477785 279.34415 853.91956 422.91855 1023.60205 3 0.17417032 7.2306824 509.7257 322.2565 773.76025 3 0.07192099 925.4632 533.87585 1022.69476 682.74646 3 0.06791907 288.03247 866.55994 734.10974 1024.0 3 0.060088027 278.18243 958.77844 394.05768 1024.0 4 0.06414131 924.19196 533.8669 1022.8223 682.0336 4 0.061547033 6.3321686 509.77542 324.33978 785.38525 5 0.9929958 403.0213 483.93512 910.238 919.8132 5 0.89693844 305.28174 873.2807 724.178 1024.0 5 0.89572823 590.34375 995.22656 706.6299 1023.4304 5 0.75826174 6.0311737 507.66736 323.83325 781.8916 5 0.5658822 924.6145 533.80676 1022.74304 682.2521 5 0.28041393 665.5233 488.93036 888.63965 891.26044 5 0.17892882 250.68167 519.51294 469.50406 865.99744 5 0.14900108 507.02658 933.61945 725.92584 1023.77826 5 0.11178333 301.41147 802.0088 478.9047 892.19543 5 0.07847468 279.82962 853.59393 421.13693 1023.8155 5 0.07562763 412.02322 484.74075 638.58167 899.8572 5 0.07044976 2.3476105 528.78406 85.89837 783.12756 7 0.367324 3.057682 527.556 78.88176 784.61926 7 0.06851886 0.0 648.4071 85.02634 779.4485 8 0.31274202 280.41443 852.1636 422.42566 1023.71875 8 0.11628916 278.18243 958.77844 394.05768 1024.0 9 0.059518855 718.4098 984.4277 856.621 1022.9941 ,test/0359.jpg
0 0.99849284 192.98212 119.0585 737.47485 835.94824 0 0.7448578 664.5486 452.77798 1022.6439 1018.2119 0 0.44504464 446.5633 140.75493 625.5007 399.58832 0 0.29242793 720.71674 442.95535 967.9465 611.881 0 0.1948212 333.2376 97.052055 506.53918 252.62091 ,test/0360.jpg
1 0.99811625 237.26694 373.02826 694.96204 748.0196 ,test/0361.jpg
0 0.9739102 177.8081 385.34604 764.53253 919.27576 ,test/0362.jpg
0 0.97351813 822.4847 420.95712 1023.78644 1021.06274 0 0.16027786 994.2962 287.64587 1024.0 441.08856 0 0.11691795 0.0 276.88696 21.943699 482.73206 0 0.09082355 576.3488 543.4513 848.1098 920.2927 0 0.08367735 697.6947 302.10925 1005.40906 1013.9431 0 0.06947904 418.46423 130.25539 675.7224 179.77318 0 0.0692876 499.22836 152.27582 618.61487 165.20346 0 0.05435223 444.8794 145.58838 628.41187 170.12024 0 0.052765105 994.49646 326.59073 1014.03674 430.41904 1 0.6545052 11.636444 0.0 557.95605 132.08698 1 0.4013655 32.459732 99.91621 409.65454 156.57085 1 0.28570932 230.96133 104.07152 411.66525 141.56789 1 0.22166985 0.0 73.1577 599.2318 151.48627 1 0.14114898 234.88945 96.373886 638.15643 140.40787 1 0.12027101 543.0788 94.82413 609.6097 128.304 1 0.09651056 39.228172 106.65126 229.16315 154.32259 1 0.09208927 542.3366 112.03905 600.731 128.69402 1 0.08523827 594.5716 86.8159 674.2297 142.15271 1 0.05006324 538.5101 267.48547 960.23175 537.6727 5 0.07725706 903.7217 166.59795 1024.0 270.75845 5 0.06714821 0.0 275.47186 22.362408 482.66882 5 0.051024504 909.30707 167.31125 962.94476 260.3061 6 0.97008836 407.91162 128.07977 737.16406 382.47388 6 0.9147878 540.0609 267.89752 960.15125 537.1519 6 0.08430176 414.7695 135.08339 681.2976 198.69441 6 0.07852845 408.8954 148.18547 727.7643 226.18721 6 0.055148188 6.9243355 308.31033 114.1893 766.71936 7 0.99969506 0.12489319 808.3763 130.41132 1024.0 7 0.998475 354.70538 712.36914 717.24615 1021.57153 7 0.9971814 10.806305 231.76453 784.20337 853.71606 7 0.80937487 576.00214 542.17725 849.9388 922.93604 7 0.676038 0.0 274.48328 21.892796 482.206 7 0.29764766 359.70163 501.2005 852.08264 1012.6584 7 0.22348775 22.879013 100.79956 413.61182 149.96729 7 0.2065801 988.7701 288.41098 1024.0 446.73428 7 0.13991891 159.09631 841.06226 235.49545 903.87524 7 0.13122462 3.7879944 805.4408 418.5433 1022.73096 7 0.100590035 10.114349 81.55536 535.1116 158.36627 7 0.09739841 0.0 445.60065 15.742033 550.16785 7 0.059783813 467.98883 642.0369 792.48676 994.4284 7 0.054150064 164.70918 862.75397 227.49821 893.5445 ,test/0363.jpg
0 0.999938 342.42477 80.71582 878.5189 660.11597 0 0.6917604 987.1225 625.27545 1024.0 746.40753 0 0.49860552 19.9169 71.138245 873.4375 870.652 0 0.05814742 454.76514 462.79425 731.08655 669.14276 1 0.9901016 5.6636353 439.1961 545.331 848.8138 1 0.27936023 23.097656 62.713318 874.1312 863.2513 5 0.98797256 454.76846 463.05426 731.647 670.0396 9 0.1400719 989.1805 625.33167 1024.0 747.30347 ,test/0364.jpg
0 0.7834176 212.3929 215.43402 507.28223 434.11255 1 0.9984835 196.46533 209.93152 788.8716 852.1123 1 0.1594312 210.78746 213.83737 507.38043 436.13803 1 0.14941488 207.25975 216.90067 532.968 713.8594 1 0.11487005 399.23645 364.0791 784.8502 847.7114 7 0.21927887 211.12004 213.93668 507.17108 436.11447 ,test/0365.jpg
0 0.797256 597.55273 659.60266 930.7584 1021.20264 0 0.6703213 798.645 275.41177 820.35645 423.78012 0 0.6300903 0.0 166.84502 163.63675 423.00592 0 0.41190976 651.81305 347.74564 673.72076 527.53265 0 0.35591748 330.56223 979.1567 555.59155 1023.82684 0 0.29298073 480.9903 605.33777 587.64435 666.2986 0 0.24760546 496.04446 301.07422 556.39575 387.74347 0 0.22592203 635.79846 278.6239 654.3408 355.38904 0 0.14793564 527.2525 304.3371 551.82465 372.2566 0 0.12928772 482.35867 340.00555 555.5933 387.6975 0 0.112090625 799.43726 282.2762 811.88904 388.88095 0 0.102886826 453.00754 388.46335 668.3463 416.57205 0 0.09544195 484.598 383.5574 560.44415 398.6445 0 0.09280913 805.81366 296.8587 820.3919 394.79755 0 0.08213923 613.9867 341.97607 685.1466 530.2954 0 0.07570955 435.57523 374.08057 762.79016 522.8874 0 0.06826191 456.90677 302.3122 629.2519 392.42706 0 0.062792525 196.07513 603.6824 512.72253 732.8418 0 0.059839338 788.00165 304.91693 807.51276 384.61438 0 0.05350895 465.19327 603.78204 515.53577 622.1857 0 0.052831195 0.0 936.662 319.21136 1024.0 1 0.19586316 0.0 167.37329 163.75424 423.23016 1 0.13247815 635.0365 109.294 703.3502 140.51099 1 0.06355719 855.64404 964.1729 1015.6505 1024.0 3 0.1921208 528.1409 302.39117 552.25165 372.9381 5 0.81960803 704.02856 48.02343 775.47656 111.6683 5 0.5244192 543.54065 280.04178 718.3323 383.53415 5 0.212196 563.3879 339.8237 660.7115 390.4243 5 0.21147096 626.3445 275.9513 696.1931 382.20856 5 0.2102113 669.05035 47.4079 779.85236 144.06708 5 0.20620692 0.0 937.0235 318.94666 1024.0 5 0.14654033 730.9985 58.625942 778.6445 137.33273 5 0.1364053 524.33246 299.17896 558.8232 372.89337 5 0.120224945 445.40677 370.6359 716.13745 529.17426 5 0.11913518 567.55914 514.315 664.33 533.0372 5 0.102818824 480.889 605.36414 587.5903 666.16064 5 0.09961959 501.4979 299.67316 554.02747 388.42688 5 0.08632237 482.34473 341.18 556.01965 387.6391 5 0.071696386 798.645 275.41177 820.35645 423.78012 5 0.06736992 540.36774 255.10182 643.1452 304.76447 5 0.06504595 550.7395 282.59906 593.03894 386.4502 5 0.052884437 474.16052 294.39578 563.0542 399.47055 6 0.43446606 437.1643 373.8665 767.56116 522.6951 6 0.2219964 439.42252 380.03415 746.1903 417.84793 6 0.09514148 441.98608 380.92816 638.4375 402.8145 7 0.99957055 234.65842 797.623 483.08517 1018.3505 7 0.9991702 281.7259 716.11273 538.7816 856.4289 7 0.99901414 753.5204 376.6598 890.69495 531.9534 7 0.9987368 3.526596 678.4342 279.73962 957.55493 7 0.99873465 305.7646 405.22028 574.9381 614.32025 7 0.99815995 466.85092 875.0458 628.67346 1021.56396 7 0.99794644 174.39853 475.20282 352.21848 646.4202 7 0.9970276 290.233 323.2716 458.72726 461.7754 7 0.9920471 345.49597 179.58311 566.43335 385.6801 7 0.99075574 470.96338 601.67773 606.92615 743.54517 7 0.99035305 490.11618 683.5012 707.5082 905.7108 7 0.9779183 568.39813 501.7501 898.9589 698.6284 7 0.960107 491.9958 125.120575 783.2891 284.31183 7 0.92361504 193.977 603.4783 516.57025 734.00757 7 0.7624719 506.4319 631.847 952.4983 1024.0 7 0.7231065 326.24594 979.872 559.2151 1023.84247 7 0.6798701 517.45294 218.70682 685.42206 296.15732 7 0.67421055 638.5565 54.781376 777.39185 153.07501 7 0.57389855 537.46045 241.43054 708.7145 386.42188 7 0.5723898 235.22043 701.4529 307.85623 755.07556 7 0.50482327 560.67676 340.13828 662.5504 390.03116 7 0.32180086 199.5353 823.2196 287.45584 1017.9413 7 0.2900506 236.18544 699.39905 316.61557 798.18225 7 0.27116024 659.3843 80.30768 751.0254 161.40518 7 0.2503809 202.58151 535.3047 363.63095 659.43384 7 0.24318364 610.758 99.911674 764.0556 288.24103 7 0.22322921 225.58247 571.3334 528.0959 870.87915 7 0.21987131 258.40866 725.01294 315.67667 791.057 7 0.19873211 482.35867 340.00555 555.5933 387.6975 7 0.18701103 190.09775 652.7201 325.2399 790.70667 7 0.14067018 444.26404 300.71024 565.8062 410.3939 7 0.13917354 656.81555 621.03503 880.91406 691.16077 7 0.11775649 480.9903 605.33777 587.64435 666.2986 7 0.10289504 483.86148 294.59152 554.29333 391.1768 7 0.10159482 635.0937 107.0917 715.7547 150.39087 7 0.09904377 334.31296 187.53214 711.18445 526.65784 7 0.09460604 694.5739 48.593853 779.299 141.22842 7 0.09077216 650.57153 679.8642 698.7577 707.50726 7 0.089331046 171.78622 706.62195 329.6476 997.4408 7 0.08457006 205.83566 552.67957 398.77383 800.9144 7 0.08225327 684.467 629.9911 886.7027 833.81396 7 0.07317734 297.93375 798.6755 353.86642 820.03656 7 0.06817868 212.35114 854.82904 246.28912 909.1779 7 0.067488745 590.79205 955.41565 626.1921 1020.6987 7 0.06522317 427.74823 377.54477 706.8934 531.2652 7 0.063912496 474.3832 728.0973 698.2729 1019.0542 7 0.056827877 404.0158 210.78189 651.58527 411.50223 7 0.056397755 291.65625 327.222 554.31433 517.04956 7 0.05317274 466.3736 974.6947 593.7668 1019.3827 7 0.052154932 209.0986 856.681 265.63202 994.6638 7 0.05190757 441.84406 341.67514 699.0368 401.66733 ,test/0366.jpg
0 0.3116923 208.13736 334.74298 229.97351 391.612 0 0.15244545 187.36687 288.59772 232.00752 327.25946 0 0.11477939 495.8053 628.8061 523.63696 718.987 0 0.09108605 188.84737 238.32346 282.75803 324.89493 0 0.07934061 326.967 178.83163 364.957 206.19943 0 0.0595465 784.6154 7.637924 800.6944 139.87994 0 0.05820703 342.65582 148.97234 425.0279 163.61943 1 0.9808322 417.7502 649.0845 733.3906 911.02905 1 0.8455265 465.00388 212.68881 524.83185 255.9024 1 0.6177855 563.93384 261.9322 595.7766 302.71515 1 0.46967608 496.18396 630.8541 521.85187 714.7483 1 0.32044098 335.02783 145.50557 436.44995 200.43721 1 0.26365533 602.6131 705.2594 769.66766 798.167 1 0.25271696 187.07838 288.2584 232.3293 327.29825 1 0.24844562 208.13736 334.74298 229.97351 391.612 1 0.23905109 402.19073 660.23303 610.15753 819.27563 1 0.15111746 498.41672 626.32574 529.02545 655.9174 1 0.12274185 584.5305 289.94662 686.751 336.89786 1 0.12096629 335.02148 126.6205 459.88306 292.65985 1 0.11877954 448.82657 554.87885 706.9912 820.1579 1 0.1187215 586.1399 699.3943 728.0973 914.76526 1 0.116457686 507.24463 626.0511 525.62427 710.53217 1 0.108867936 459.35315 557.8777 550.3203 713.431 1 0.10655652 683.5959 689.21265 709.82965 730.45215 1 0.07970611 186.20563 236.85962 285.28275 328.8822 1 0.058255706 312.735 123.440414 451.4297 211.67747 2 0.05142118 209.00558 331.4721 229.47885 393.182 5 0.43515086 785.5466 7.3552704 799.05426 141.244 5 0.38767347 369.86752 446.15942 410.93668 546.85345 5 0.25636774 334.80704 145.35986 436.49466 200.64966 5 0.25321707 191.07387 238.17935 281.56378 315.92038 5 0.20292178 313.2165 98.68804 392.2209 167.48425 5 0.10365261 305.92548 100.07039 444.1446 194.73146 5 0.075548664 307.31918 111.284454 355.95718 182.62247 5 0.07022346 308.3531 139.20558 349.32812 165.69765 5 0.067790166 309.13998 120.68559 343.83725 161.79982 5 0.0608752 342.65582 148.97234 425.0279 163.61943 5 0.05306334 316.6286 117.62604 436.79852 164.62402 7 0.9997079 712.95044 431.44037 929.97253 779.0201 7 0.9986578 204.95189 241.18417 351.8343 568.2803 7 0.9981104 526.1341 275.28113 681.7493 490.07587 7 0.9954847 513.8117 543.1149 698.023 789.9963 7 0.994713 377.9483 468.26038 507.69977 679.46497 7 0.99400926 396.36807 251.99536 557.9623 556.6871 7 0.9914215 709.9381 313.52115 839.99634 485.43423 7 0.91524255 512.95355 457.37033 745.29706 650.2163 7 0.8134633 185.95622 236.64551 285.1615 328.96802 7 0.7938737 312.70746 118.775314 458.99652 489.6422 7 0.5813984 369.9912 446.01218 410.2577 547.1865 7 0.49049374 477.43735 226.12436 573.232 472.54953 7 0.4485353 642.8513 416.6173 776.73914 554.3845 7 0.38339123 209.05804 332.09662 229.77658 392.53088 7 0.30807006 441.51355 242.72845 587.6637 392.48987 7 0.2675656 852.08496 715.4353 935.0598 774.9171 7 0.21165451 343.27902 318.60608 412.21713 537.5803 7 0.16906309 187.07838 288.2584 232.3293 327.29825 7 0.16747467 658.6341 398.33997 772.4766 727.4093 7 0.15465392 519.03845 411.7241 761.69006 779.90186 7 0.1544089 504.31723 242.86491 603.2713 455.1197 7 0.11841751 321.4997 174.26239 364.4007 296.70154 7 0.11030831 318.01584 134.86964 460.32022 298.21967 7 0.10567173 450.0025 240.55011 591.5013 310.44922 7 0.10528759 614.63574 422.82977 761.92554 641.2076 7 0.097515695 588.26166 296.77396 642.00616 325.82816 7 0.08868649 495.8053 628.8061 523.63696 718.987 7 0.08829536 556.17426 241.6071 579.2983 303.0888 7 0.08580993 507.25827 462.8223 675.1193 558.0573 7 0.06638572 581.1885 292.22482 666.84436 331.73007 7 0.06612006 340.23553 241.56848 665.6238 558.9916 7 0.065709054 215.77429 257.6854 336.2586 437.52896 7 0.06343374 370.4979 444.93024 448.34268 675.0158 7 0.059781104 326.967 178.83163 364.957 206.19943 7 0.058833227 447.96246 520.84106 725.1121 917.23096 7 0.057558883 354.7013 256.18497 450.03644 552.25037 7 0.056636486 314.5533 155.68298 427.37503 377.62494 ,test/0367.jpg
1 0.1825709 384.0141 414.5974 527.7348 648.7549 7 0.9464869 384.78653 414.7342 528.39246 649.11664 ,test/0368.jpg
0 0.24056289 238.80081 253.40384 882.30054 839.53784 0 0.058265135 44.209686 32.93466 934.8462 925.02673 1 0.80929345 239.59174 240.85217 889.5671 840.20276 5 0.3703041 111.39343 80.65671 914.2445 882.51526 5 0.24457566 11.394714 30.929138 930.81287 306.75436 7 0.1662945 242.37497 229.9014 893.1133 834.0167 ,test/0369.jpg
0 0.5992716 576.8688 185.20358 820.19604 301.77966 0 0.55639315 857.6319 428.50302 927.32477 643.7958 0 0.43797296 561.1189 499.49744 872.6986 649.2831 0 0.36379713 484.94788 252.6415 938.67456 306.96942 0 0.29577795 596.1549 184.7024 741.66626 262.56412 0 0.2906113 526.38135 547.3472 860.9022 745.9997 0 0.28744042 584.2627 519.9579 867.89404 590.3146 0 0.24474621 481.38525 200.9895 930.50525 314.16046 0 0.21502507 505.18097 347.66446 924.8819 794.2103 0 0.18742149 758.63306 285.56506 869.4873 506.3039 0 0.18175098 530.12286 554.2254 610.41986 723.8586 0 0.165485 721.13055 288.16534 921.4886 465.62225 0 0.15735723 724.3198 403.10223 814.3136 754.22565 0 0.1427495 844.32245 626.56226 884.27765 642.77234 0 0.13857666 473.74655 245.5808 941.4523 359.23654 0 0.13544507 717.93524 379.58856 928.40753 461.95654 0 0.13345046 482.3695 184.17007 756.5427 271.09982 0 0.13160908 566.5694 548.92346 807.35114 645.22375 0 0.12664188 848.8393 537.0605 932.6005 643.80756 0 0.12599641 604.23334 457.28964 926.8787 612.8078 0 0.110903084 838.4508 365.88873 943.97095 662.6684 0 0.10805349 629.5528 494.7269 902.6861 574.7408 0 0.09935156 493.23804 363.5114 945.72205 473.38342 0 0.09491458 712.37354 412.58084 822.7449 460.1362 0 0.09350106 649.8219 284.30328 882.90125 769.08453 0 0.08986353 525.56305 318.23434 942.1475 557.8817 0 0.08927484 495.9181 254.84708 941.4647 452.9738 0 0.082939446 691.1472 253.19754 876.71594 303.59677 0 0.07482658 755.0307 354.93304 841.9825 675.96014 0 0.07385047 285.02115 721.19495 540.765 807.2634 0 0.07092753 570.6819 616.2353 856.8489 715.116 0 0.06887718 726.0481 422.33472 906.7323 495.73615 0 0.06615034 192.33748 524.73474 610.06494 810.2186 0 0.06564028 701.5609 321.30927 931.83154 417.02057 0 0.060211554 759.6837 413.40967 941.0415 643.6294 0 0.05945301 577.99365 475.35388 913.98376 535.6821 0 0.056921855 797.83966 311.1941 841.3282 473.17163 0 0.05186363 639.1523 603.7758 846.6613 767.51324 0 0.05005836 883.0191 404.87067 931.3615 504.09747 1 0.97762865 15.213837 317.89795 592.8358 792.5487 1 0.8525901 193.07146 523.81824 597.8427 812.67505 5 0.1362364 713.023 412.3316 821.53705 458.85327 6 0.92972887 491.9627 258.62296 939.06244 392.74332 6 0.9200963 526.51184 530.967 865.43665 799.35236 6 0.86854273 208.65639 734.018 602.3257 893.9516 6 0.61726195 493.23804 363.5114 945.72205 473.38342 6 0.57214665 546.7125 555.0799 861.33215 667.39984 6 0.41232112 500.92355 408.00653 917.0331 527.58154 6 0.37127498 451.24274 192.55496 944.80084 447.1166 6 0.3149186 501.26727 333.374 934.5113 431.46854 6 0.2836751 489.1007 333.68848 960.4552 557.33124 6 0.27659985 505.18097 347.66446 924.8819 794.2103 6 0.264542 541.44543 457.54486 888.01917 672.9771 6 0.19246899 543.5506 621.6834 855.2293 751.7718 6 0.16920742 558.93823 475.61026 918.59937 548.9641 6 0.15547201 484.94788 252.6415 938.67456 306.96942 6 0.114261165 335.44397 175.52652 845.8716 290.27487 6 0.105660744 281.0615 800.89624 555.28577 913.552 6 0.10361422 490.35608 501.97235 571.09485 544.1928 6 0.096447475 717.6881 375.60522 938.15393 459.63873 6 0.09343361 573.09784 498.01556 903.9161 578.1862 6 0.09303941 553.66425 285.8152 933.5828 496.015 6 0.08233774 458.30908 191.54736 897.2274 325.12946 6 0.06597275 574.56964 526.8925 633.102 571.79767 6 0.061675575 537.3937 546.42267 615.58496 724.01605 6 0.058324832 188.9287 468.1825 594.6272 916.0675 6 0.057179593 580.0862 513.4302 862.2123 614.6991 6 0.055210065 719.8494 299.62836 929.0424 466.1432 6 0.05473549 488.3319 377.20667 744.776 483.39337 7 0.98758715 170.9166 806.1982 552.265 1003.8122 7 0.16977127 712.2514 412.3065 822.8758 459.93588 7 0.089506604 214.88815 755.8858 596.4625 953.8505 7 0.05092057 261.68597 838.10425 482.73315 971.78613 ,test/0370.jpg
1 0.998728 104.73178 398.8871 731.70654 672.23083 ,test/0371.jpg
7 0.9999012 215.39775 128.00122 719.13025 746.9778 ,test/0372.jpg
0 0.7154821 203.37537 384.51324 296.5863 458.84424 0 0.53955126 111.74011 414.50555 225.88898 495.18634 0 0.4029201 111.258194 362.67017 326.32452 624.70624 0 0.23690334 117.81424 467.89362 278.27573 613.39984 0 0.2232375 144.72015 360.22058 294.99725 484.21246 0 0.17266133 131.58179 567.3555 184.61813 619.3503 0 0.090233214 459.58615 178.22253 524.11615 384.67627 0 0.06451942 490.32898 170.95879 525.1942 368.346 0 0.054029766 152.02254 362.86243 270.2307 429.4992 1 0.9980299 331.0304 138.78397 694.75903 718.88293 1 0.9900518 860.32495 193.59322 1023.02905 481.27838 1 0.96889997 868.62756 387.31738 1023.2953 637.9873 1 0.94271225 434.14597 163.29005 523.96326 413.6045 1 0.86632127 898.73096 411.61127 988.5735 475.35583 1 0.79216564 815.0445 275.06598 1020.7264 630.90533 1 0.6435841 115.44113 382.90298 327.41867 617.6171 1 0.6368428 435.33417 341.52448 488.8169 410.33923 1 0.45661718 114.79618 354.36145 285.0268 501.6562 1 0.42697704 903.40393 418.07266 952.18787 461.76028 1 0.3207558 870.8356 402.60535 907.14294 513.16724 1 0.31528008 871.7035 400.0061 1017.8828 487.8355 1 0.3146127 434.05444 156.38347 681.2118 545.5889 1 0.23786533 831.7699 378.86566 880.43054 494.35126 1 0.16178775 481.15125 335.98898 525.7368 418.5632 1 0.14185226 184.96756 379.12405 300.24716 459.457 1 0.12714235 111.99205 408.57043 223.52126 497.85248 1 0.12556309 117.81424 467.89362 278.27573 613.39984 1 0.121728584 919.55176 422.86765 962.526 465.1271 1 0.11532916 834.8013 237.41579 909.12146 430.82104 1 0.104654826 438.78528 182.33963 481.33478 398.30197 1 0.104297504 882.93274 402.7187 964.0231 465.17267 1 0.096366666 489.10385 174.33685 670.0718 424.00952 1 0.09030055 887.9362 406.50262 908.99677 447.6261 1 0.08689646 867.0447 395.22565 878.99316 487.51727 1 0.084668264 482.21634 319.13815 553.17914 417.6893 1 0.07582921 982.24146 451.0273 1020.62415 479.15976 1 0.075763814 871.248 397.85995 934.67816 497.89163 1 0.070104145 868.439 399.58676 886.94525 493.66794 1 0.06503866 828.39606 358.93076 1003.2142 494.59305 1 0.060173593 823.99445 284.22726 898.85406 491.43613 1 0.05081766 176.88069 372.22888 264.462 439.99127 2 0.21738575 903.3896 422.52222 949.3548 460.77515 4 0.10596734 822.60846 358.83624 876.8985 498.50287 5 0.6777521 820.60095 357.66946 857.5409 437.30606 5 0.3258618 822.6525 346.8446 876.28815 497.47162 5 0.17114173 802.22174 329.7151 848.12885 435.49536 5 0.1693539 815.44904 357.63358 839.4057 433.9169 5 0.1460823 784.30896 333.52362 829.38135 447.72638 5 0.09955299 802.43787 349.20517 828.4739 431.45505 5 0.053629182 782.7875 346.30637 812.8883 389.369 7 0.9986619 630.17584 334.116 953.2548 1018.3196 7 0.9944608 916.29944 550.4806 1024.0 996.8584 7 0.3887761 111.550934 414.85178 226.30801 494.8044 7 0.38034022 593.9342 579.32214 653.0764 718.47205 7 0.21830063 609.64825 581.503 645.8847 655.49445 7 0.17657697 115.37267 354.52026 275.205 499.97632 7 0.09118554 822.60846 358.83624 876.8985 498.50287 7 0.076763645 640.0127 318.5406 897.2645 751.02765 7 0.06327485 591.8454 639.67615 615.883 701.2025 7 0.061702628 831.3666 290.85184 1023.8938 952.6831 ,test/0373.jpg
0 0.23789649 1.4449158 487.51685 158.38123 649.3761 0 0.1419358 463.94238 491.12982 772.48816 760.4235 1 0.93616116 464.35052 491.61505 771.77386 760.8371 1 0.15945698 1.4449158 487.51685 158.38123 649.3761 6 0.43322918 1.9451065 489.4828 158.05698 647.021 ,test/0374.jpg
0 0.2847136 642.6035 262.24716 789.75574 444.8901 1 0.9954455 198.81851 174.83237 792.49023 722.11145 1 0.11424442 371.6856 170.18394 792.7498 512.1928 5 0.05698249 643.38464 263.5109 789.6869 443.553 ,test/0375.jpg
0 0.8734595 699.70624 17.47699 1015.96075 700.4237 0 0.46798623 323.65756 610.89166 394.3337 763.1662 0 0.13963778 739.2685 519.26794 821.0085 604.87537 0 0.13533412 0.0 867.91974 27.390839 946.12213 0 0.06913103 726.4584 480.96136 864.558 612.6098 1 0.35189217 389.5992 967.99194 428.88205 1021.7302 1 0.12954478 635.6554 93.08166 655.22876 161.4657 1 0.07563774 739.2685 519.26794 821.0085 604.87537 1 0.066268235 409.99902 300.1596 469.16077 528.63715 2 0.06952249 389.13696 968.12317 428.75586 1020.3567 5 0.847708 534.7798 13.981369 621.81067 261.50525 5 0.32719827 596.56055 267.19482 657.1991 405.12207 5 0.29097 589.13025 386.99274 645.9541 503.91724 5 0.15526679 388.85492 967.78357 429.20667 1021.72705 5 0.13408741 448.3993 214.69905 644.52893 552.21405 5 0.11995676 420.9911 226.06952 634.25195 911.4893 5 0.11112985 528.7837 12.613945 584.9608 234.94604 5 0.074851096 528.11346 393.95993 590.38776 496.02615 5 0.064214915 422.22403 481.9113 517.60693 890.9076 5 0.061544582 531.90454 237.74605 654.02783 425.1211 6 0.8460291 419.0241 219.73975 651.04645 932.9142 6 0.5443669 445.79886 215.82048 642.897 575.7449 6 0.17865516 479.25583 222.4184 607.52405 491.40417 6 0.1345482 425.36487 474.55655 519.07996 893.67615 6 0.13230535 455.32693 225.65424 541.14136 515.28 6 0.079918616 424.3071 364.21164 574.3419 897.23596 6 0.07330555 322.21304 613.3027 400.41586 764.1236 6 0.05484646 456.59903 225.53368 535.87897 350.99213 7 0.99955493 528.94244 461.0509 912.00616 1024.0 7 0.9994666 0.0 789.6682 415.36334 1019.98926 7 0.9985476 153.54924 302.21 425.5473 638.3102 7 0.9536824 387.77444 959.82434 479.29086 1023.7799 7 0.5422094 421.10547 813.48706 547.7749 997.6609 7 0.51845044 322.2865 610.7731 402.84473 765.6852 7 0.28837606 361.84326 514.3422 443.81592 860.20856 7 0.1760621 147.21544 598.71716 403.6023 865.7178 7 0.14955628 0.0 542.7808 426.93832 1024.0 7 0.11135106 389.19757 968.1925 428.96454 1021.8473 7 0.10424747 692.49554 469.2296 901.71515 687.8086 7 0.08932164 0.45256805 870.9638 60.464096 960.6092 7 0.08269314 420.04605 216.85031 649.9548 932.6848 7 0.07074955 739.2685 519.26794 821.0085 604.87537 7 0.06769118 0.0 867.3843 28.120535 950.2882 7 0.06745137 719.20685 481.0535 867.32745 613.845 7 0.06430253 1.2762566 854.44196 120.65221 1021.20074 7 0.058010336 330.194 519.8968 427.13535 796.9285 ,test/0376.jpg
9 0.9878356 175.4751 270.58392 712.1337 798.83246 ,test/0377.jpg
0 0.26925656 20.872772 716.66516 558.8705 813.80945 0 0.22104342 19.11139 666.9263 640.2201 790.09045 0 0.18696494 18.849274 197.96378 648.96814 747.41187 0 0.11332586 11.358826 641.63446 597.2088 896.65546 0 0.105100974 214.4154 688.29333 607.3317 758.844 0 0.09253389 503.677 146.63045 642.1914 568.66943 0 0.08124001 2.5090332 699.20447 566.6885 1024.0 0 0.080683865 107.491745 128.10698 163.97469 257.24432 0 0.071284935 2.9227524 1.0187988 230.2284 292.41602 0 0.06766265 4.027252 425.03842 240.00131 1006.67456 0 0.059406467 135.62856 709.12494 556.4198 775.83575 0 0.055831827 56.252014 607.8756 659.8461 759.61926 1 0.9078092 124.76224 120.863525 528.75073 249.24387 1 0.83646816 74.060486 3.138153 870.91223 267.7371 1 0.8222617 423.27167 5.73407 762.33075 294.8164 1 0.634681 151.13242 29.396263 525.50757 227.49533 1 0.4084962 146.55748 0.0 467.53662 112.87515 1 0.3579694 519.9037 3.7772026 692.5139 76.63048 1 0.2939551 425.35126 3.5290985 899.3957 452.88977 1 0.29307476 609.24445 251.16371 685.0195 609.9547 1 0.26789552 644.3977 0.0 883.3002 415.65375 1 0.21924704 621.4305 244.37885 756.1584 442.81708 1 0.21128936 183.21652 45.96146 533.7268 135.46585 1 0.16191204 176.6775 4.2660713 673.56793 122.663956 1 0.16159037 150.70238 94.63367 513.8194 187.49677 1 0.15515962 174.22624 159.65134 503.76965 237.16733 1 0.13929434 600.2832 222.91165 766.92224 565.7223 1 0.11171369 2.1509705 0.0 228.1787 289.8796 1 0.09344193 389.0259 101.26596 864.6311 322.90295 1 0.08876648 612.5001 91.383255 759.30664 286.8531 1 0.08652347 430.20847 3.4330082 706.6874 55.54477 1 0.08552706 503.677 146.63045 642.1914 568.66943 1 0.065835126 588.56165 68.14679 774.41943 477.77332 1 0.06441863 107.491745 128.10698 163.97469 257.24432 1 0.061305165 705.5367 0.14746094 882.0457 179.56438 1 0.061140947 109.094086 120.602325 236.82623 255.76718 1 0.054000475 92.91455 728.64124 558.06915 858.2468 1 0.05370539 595.3069 225.96396 648.33154 648.5785 1 0.05305781 497.52295 109.97668 770.62463 265.41724 5 0.16498739 0.0 621.23505 13.568108 689.263 6 0.9937663 25.481232 162.79248 644.8356 802.56433 6 0.47183418 36.537323 726.05554 561.00256 834.9674 6 0.4102151 152.96606 154.59308 589.11285 288.55615 6 0.30813506 19.11139 666.9263 640.2201 790.09045 6 0.2187778 117.87573 124.46814 517.61475 345.2697 6 0.1612715 21.782867 556.21625 657.03296 854.5643 6 0.1497363 214.4154 688.29333 607.3317 758.844 6 0.10179242 4.027252 425.03842 240.00131 1006.67456 6 0.08517139 17.445911 255.60962 119.61594 764.76904 6 0.08500234 56.252014 607.8756 659.8461 759.61926 6 0.078282565 486.85706 148.95143 634.21826 590.5349 6 0.0725035 37.349915 28.366104 575.512 295.25867 6 0.06487758 135.62856 709.12494 556.4198 775.83575 6 0.06149711 30.853672 261.9423 158.30591 437.17722 6 0.055408303 161.07393 147.2135 647.9731 494.3106 6 0.05443747 24.202454 246.08209 265.63602 777.5007 6 0.051291287 117.44946 34.87097 896.82916 440.70856 7 0.99978465 648.5953 290.6098 997.6258 721.6178 7 0.9910334 0.0 667.48474 247.15009 1018.87305 7 0.9877236 454.51605 0.0 561.7654 54.900486 7 0.949998 2.5925827 0.0 230.887 294.18018 7 0.9387356 0.0 360.22073 30.04782 635.94556 7 0.58032227 442.91522 3.084694 712.3991 49.368793 7 0.5191824 543.31287 0.79852295 658.88574 37.781544 7 0.11944677 2.5090332 699.20447 566.6885 1024.0 ,test/0378.jpg
0 0.9159553 555.63794 798.2241 591.7798 831.25 0 0.052535594 472.38074 338.82047 519.21216 356.87234 1 0.0970148 555.5118 798.443 591.92194 831.5161 5 0.069655515 73.36743 576.31494 237.07812 680.54224 6 0.9984219 465.5531 210.89735 615.5874 381.33167 6 0.89318943 433.81424 287.39706 600.5571 381.33096 6 0.4960047 440.2616 291.1751 523.72003 359.63916 7 0.999658 378.7846 288.59204 609.2758 829.6937 7 0.9996444 554.3428 325.99176 794.56226 590.56793 7 0.99959177 139.13591 515.865 422.18372 888.5864 7 0.99828464 282.79813 437.54285 399.12717 568.65955 7 0.9979892 598.0252 524.7715 842.92377 882.17444 7 0.99660444 217.5065 151.82614 302.75076 439.05612 7 0.98519367 572.7628 65.26099 650.23975 113.989944 7 0.9828824 143.41048 482.8441 284.9521 621.68787 7 0.95634884 214.19894 403.40262 299.82236 496.53946 7 0.43433917 142.15784 391.1361 292.93985 680.5232 7 0.216361 296.8012 437.3416 403.48175 479.29657 7 0.10079366 220.59709 407.40976 407.88953 596.75665 7 0.053575937 326.19974 441.3863 396.47354 468.46564 ,test/0379.jpg
0 0.7716855 0.0 870.1075 236.4098 1024.0 0 0.6659973 156.0727 914.6554 234.37534 1018.7201 0 0.4626302 585.97626 74.76348 629.80536 126.85775 0 0.40788513 1.9865875 450.1179 103.95177 738.0054 0 0.20697254 66.578705 918.42523 234.15329 1022.4639 0 0.13078164 475.0694 38.64199 736.7526 219.41959 0 0.10135486 2.2357483 586.3359 114.027565 738.4028 0 0.08317353 421.36554 22.44545 745.23224 383.78156 0 0.079163685 364.0117 372.97986 498.49265 471.8152 1 0.9990289 616.75275 326.62445 967.34015 799.68524 1 0.99668056 62.907562 278.93045 645.50757 933.7422 1 0.9946532 127.21773 113.705444 479.83374 455.29858 1 0.91056573 393.5401 17.59668 746.2994 386.5048 1 0.893656 56.23143 657.83246 434.60278 949.53546 1 0.59366137 0.0 872.0116 229.05276 1024.0 1 0.5819471 1.8878517 450.72427 102.27559 732.90247 1 0.49269614 363.83252 370.15625 497.8271 473.74628 1 0.3127139 413.7729 28.417938 746.6844 214.80463 1 0.25010893 3.26297 288.0058 141.51831 825.5839 1 0.21949719 0.0 864.36523 116.624466 1023.45496 1 0.1464804 700.96594 179.36206 751.4889 213.18582 1 0.14511362 0.0 445.18784 49.038048 647.8675 1 0.14129652 0.0 557.0714 17.354824 633.41833 1 0.11081714 0.18013573 540.3396 29.59078 696.91736 1 0.110409394 0.0 855.68835 86.90533 966.9751 1 0.10060562 1.0103197 611.21497 15.990844 703.55396 1 0.07357365 0.0 433.03094 28.834303 599.59503 1 0.0735139 82.36264 326.89587 504.072 466.94067 1 0.058892533 28.600967 886.30225 160.67754 969.00183 1 0.056920126 0.0 923.3744 78.730606 1023.6284 1 0.05559575 394.886 35.97505 430.68896 121.32277 1 0.05050727 7.535736 557.5919 224.83917 1024.0 2 0.07550143 363.83252 370.15625 497.8271 473.74628 6 0.21911336 1.819027 680.4612 113.81798 826.141 6 0.13914832 1.8431854 451.37854 101.08437 730.25757 6 0.06719198 562.7658 36.134697 727.0019 132.4708 7 0.34574917 585.709 75.35515 632.3164 129.48112 7 0.26407734 719.1554 141.73897 765.1997 187.9272 7 0.06962107 385.91522 17.176376 746.8846 387.55103 7 0.06448916 0.726841 213.62813 54.92588 474.69012 7 0.052958935 440.69778 34.068092 745.6964 213.10095 ,test/0380.jpg
0 0.92131996 390.67145 213.32669 576.4147 276.1556 0 0.08359279 566.0236 818.43317 725.4963 875.3505 4 0.9979194 399.9135 419.1178 610.40454 853.65405 5 0.40323797 392.9642 211.48033 575.85114 280.61066 5 0.20034431 566.09076 818.1336 725.76935 875.27106 ,test/0381.jpg
0 0.46457285 733.2171 530.4054 762.732 595.23047 1 0.998226 284.4019 112.6048 756.0105 839.9998 1 0.99514127 396.7296 38.566536 682.93774 251.00919 1 0.62297714 447.09955 250.04729 739.8383 720.07275 1 0.43323445 604.0743 345.5213 766.43243 815.86884 1 0.16390765 395.67322 12.693176 706.0436 444.2094 1 0.14624675 280.1729 640.55927 683.3652 834.382 1 0.08421673 540.493 313.7781 764.4848 616.66956 1 0.08401036 281.61554 676.09106 398.9311 797.84717 1 0.069490194 400.18726 361.3449 670.7706 824.9245 1 0.062231984 699.3361 331.705 738.65607 392.8198 3 0.17572342 861.63214 13.142426 893.8626 535.7721 3 0.07750367 857.255 0.0 924.4978 537.1532 5 0.9992637 399.94882 3.502304 469.02304 47.384743 5 0.536322 70.87732 753.90295 152.1283 813.4734 7 0.08720459 70.98945 754.2935 152.17682 813.3448 ,test/0382.jpg
0 0.6885385 417.2777 847.9465 539.4612 956.77655 0 0.32201025 0.3682766 89.111176 37.300514 120.277054 0 0.26515105 395.36536 950.25183 456.95648 1018.92993 1 0.9932051 234.94005 297.67676 647.61786 578.4194 1 0.8990829 385.4212 385.03943 526.7204 460.77887 1 0.80685824 494.0714 425.66153 714.68835 578.10406 1 0.7278302 352.11554 286.68393 633.95264 466.50778 1 0.57755244 503.30875 450.83768 553.03546 483.73923 1 0.526197 417.70352 847.9654 538.6875 957.0467 1 0.5245388 389.7608 385.2777 450.51196 460.87646 1 0.3575144 0.3682766 89.111176 37.300514 120.277054 1 0.34040266 554.11456 0.0 1016.86664 207.76666 1 0.20297696 360.1227 338.38696 530.6566 464.45282 1 0.12845905 429.2115 448.79166 555.462 488.26382 1 0.102768295 383.19638 378.04456 622.4538 468.82117 1 0.07577414 0.3225603 87.33913 15.533004 121.39888 1 0.061889127 436.94772 457.71744 528.354 478.55045 1 0.051062483 425.12805 449.3102 534.9029 518.0781 6 0.07291744 354.99518 289.04657 635.79816 466.73126 7 0.1011622 394.70322 949.8716 459.08438 1018.8384 ,test/0383.jpg
0 0.84321576 750.6687 107.362854 927.7656 539.8667 0 0.46411532 184.24323 71.22604 633.57 791.4767 0 0.08415055 289.96228 0.0 404.00415 340.20853 0 0.055462006 16.192398 36.216675 360.15546 826.004 1 0.10558118 184.76743 55.64505 631.1802 795.27893 7 0.7459368 183.09798 70.91608 633.55023 791.08154 7 0.12618811 290.44754 0.4721985 404.7875 340.339 9 0.13471667 82.23565 207.4848 289.40665 577.7413 9 0.06574631 38.468445 27.635895 362.27493 629.2379 ,test/0384.jpg
0 0.45465258 697.5742 423.2244 726.4813 454.663 0 0.15235132 314.9542 494.204 374.48123 519.92896 0 0.1407779 639.9819 324.24335 688.4654 411.50128 0 0.13111728 645.87103 252.34322 721.38165 270.63263 0 0.12807454 313.26178 494.9112 371.99554 508.09772 0 0.102066144 275.2869 601.4388 552.3025 641.28094 0 0.08266704 315.10504 480.6429 377.74146 541.2108 0 0.06961556 309.5164 489.30115 372.27493 504.2768 0 0.06727888 319.63995 503.4812 375.28833 528.29065 0 0.0670093 581.39545 237.93546 735.8145 255.94382 0 0.051235735 643.8146 322.7386 719.3091 332.9278 1 0.9985285 140.61157 512.8712 662.2005 955.0709 1 0.98379284 604.18524 179.35239 727.78815 251.03394 1 0.89382267 414.80734 321.3587 717.4906 534.3984 1 0.8572719 485.74036 258.39203 651.7561 363.70306 1 0.82827234 482.77673 322.02585 645.7135 367.8936 1 0.8102343 273.80756 599.5834 551.0957 638.7512 1 0.8037711 641.9223 249.11217 729.0684 322.22083 1 0.732372 642.0134 248.25227 733.5708 408.42468 1 0.70641124 223.75967 500.45538 652.8965 645.48175 1 0.6698317 550.87024 400.67407 720.6311 533.5111 1 0.66920483 319.2484 384.88776 492.69745 513.2499 1 0.6422146 308.34888 381.49683 673.79224 648.228 1 0.59612876 716.7538 234.82628 774.4857 308.67847 1 0.4168242 615.5039 173.4614 729.90515 435.3242 1 0.37850353 640.0219 324.26834 688.20026 411.29825 1 0.36561537 477.08966 323.43082 689.8908 412.22733 1 0.35868374 483.5839 245.45724 729.92224 412.40518 1 0.3511943 606.6122 192.2585 631.9668 243.79741 1 0.2983177 558.55634 188.98297 621.45953 250.4231 1 0.25627303 645.87103 252.34322 721.38165 270.63263 1 0.24845128 594.17523 242.20517 734.8913 254.75919 1 0.2111065 670.836 424.48776 726.42255 537.241 1 0.19541726 605.1734 222.91626 773.263 310.6991 1 0.19280852 592.9752 184.25363 728.6902 316.31293 1 0.165969 580.9237 230.53836 732.67456 257.47464 1 0.14209363 499.1484 251.11566 710.5129 328.86395 1 0.13284671 147.07382 614.99506 290.4331 798.8388 1 0.12712513 276.49075 604.69415 607.8823 674.02936 1 0.10495541 635.9018 529.09283 664.0539 710.6397 1 0.09340608 703.66266 261.3048 725.95917 312.09033 1 0.08891199 714.53815 174.07123 731.8333 243.75836 1 0.08275306 602.3152 533.4154 657.9723 900.2267 1 0.07827225 0.0 0.9153099 108.51111 114.366165 1 0.0714123 605.9825 245.63278 728.72003 271.09036 1 0.06924618 346.73627 714.43427 503.57477 736.19806 1 0.06417632 702.1602 245.00899 725.90314 420.88354 1 0.059898775 539.9988 516.6309 667.6749 959.5285 1 0.054446124 484.79947 301.55212 680.1968 378.74823 1 0.053291462 700.8207 187.54008 774.9751 311.98016 1 0.05284028 273.5005 676.62854 571.97253 742.9474 1 0.05036886 646.3027 305.44824 719.9948 524.8958 ,test/0385.jpg
0 0.99864835 364.72296 167.05676 728.8282 800.09955 0 0.84844327 248.60489 756.99603 607.21497 973.64813 0 0.25946143 316.39124 162.1924 662.9195 236.6331 0 0.119925156 384.828 161.45294 549.2457 185.88544 0 0.116479896 50.827362 143.77887 724.79016 987.18134 0 0.102336116 0.38563156 853.7507 99.59378 1014.1591 0 0.08629978 355.09372 746.7549 603.99115 880.35706 0 0.085534 233.7462 550.1184 637.5351 988.58435 1 0.54212296 0.2976303 856.3797 97.685455 1013.98334 ,test/0386.jpg
0 0.061557095 0.0 967.20215 90.31534 1023.0891 1 0.83053476 0.7720394 445.9165 39.59783 716.2283 3 0.5159987 984.63196 754.0763 1023.82666 853.9878 5 0.08118676 0.0 967.35956 90.0867 1023.25104 5 0.055213526 984.17865 754.58167 1023.91046 853.5077 7 0.9999682 197.91989 389.6093 821.9064 698.7625 ,test/0387.jpg
9 0.98143643 228.95786 267.76147 810.85156 948.3827 9 0.1524388 272.44388 280.12268 776.58594 418.6931 9 0.07371183 435.5437 658.82745 589.60034 766.9836 ,test/0388.jpg
0 0.99038213 850.2748 167.97276 946.7206 251.76863 0 0.35826185 4.130684 38.86374 200.57812 862.65356 7 0.9973181 402.14435 439.26712 765.7034 630.5484 ,test/0389.jpg
0 0.69880056 534.5872 464.41632 786.893 532.2365 0 0.27462113 489.12436 436.1271 550.85187 501.7242 0 0.23857376 358.77225 497.30832 416.442 539.88544 0 0.21629877 596.9864 450.81488 723.1745 484.9206 0 0.17493 712.5299 666.0593 1021.58813 1024.0 0 0.13101391 732.3479 750.8767 781.8356 819.0862 0 0.12870024 413.67593 469.6527 504.92776 521.9197 0 0.113470726 733.72424 753.81995 747.20825 825.3208 0 0.09323262 476.03156 429.77463 615.4244 491.43552 0 0.091689244 850.62854 59.812275 883.4136 134.01762 0 0.07624818 539.3242 430.5263 605.7483 491.47314 0 0.07602205 512.1141 429.7753 780.62213 563.8324 0 0.074599855 402.62936 217.59291 435.5339 249.09904 0 0.064489804 441.59396 463.5258 824.6598 776.28894 0 0.05980167 308.64227 495.35748 417.1129 546.8399 0 0.0589515 484.2954 383.89886 786.89197 524.65137 0 0.058513645 540.1895 400.47763 678.5682 483.67368 0 0.057270374 353.92648 546.6281 370.60007 607.2806 0 0.05644832 536.5003 439.67322 747.78546 497.69226 0 0.056320425 298.24457 453.99503 464.15906 540.1236 0 0.052747183 771.2491 257.99728 848.1661 271.90933 1 0.9923637 412.5404 456.159 823.1763 819.05145 1 0.9760325 27.614105 226.90466 546.8678 535.7422 1 0.9197331 36.108566 438.8514 517.6346 683.94214 1 0.8607907 168.0143 196.92224 545.7678 396.0855 1 0.8435727 611.07623 201.46378 772.36957 382.26663 1 0.796366 673.9464 249.53783 769.31433 345.09125 1 0.5498532 294.05566 455.81088 486.64563 544.98706 1 0.52048963 594.97797 197.37535 830.14105 463.39246 1 0.5119559 375.35873 642.2679 474.34824 734.22406 1 0.5076039 385.4168 686.8474 786.7286 823.2477 1 0.49350095 297.15027 492.1864 419.1676 545.2042 1 0.38991883 796.5774 15.080406 1015.46936 270.73264 1 0.19501433 539.3242 430.5263 605.7483 491.47314 1 0.19407585 369.54166 626.1092 525.6893 800.72614 1 0.18509942 400.6323 615.6091 450.05624 649.85614 1 0.18019965 364.08627 460.12277 459.6968 517.2253 1 0.17611215 412.02185 472.73413 505.05975 532.67773 1 0.17499486 474.38107 427.8312 615.2362 487.88223 1 0.16807015 385.8381 455.75308 531.7217 760.29785 1 0.15946773 303.81976 450.28787 467.58893 617.71204 1 0.15401444 611.8907 303.52216 778.0019 378.17218 1 0.15104324 540.1895 400.47763 678.5682 483.67368 1 0.14960599 376.78207 708.51874 556.06555 799.5275 1 0.12465515 61.71707 423.4038 809.9746 836.94604 1 0.11048737 518.57947 250.97333 802.7859 428.75568 1 0.10733775 489.91165 435.47 548.0577 471.53183 1 0.0886185 491.46503 432.85046 550.1788 502.38226 1 0.08590931 521.4076 439.48264 785.453 547.86676 1 0.084448546 539.7638 333.12177 777.59094 424.2553 1 0.08141498 597.78577 449.68274 712.4951 484.3299 1 0.07183624 544.36707 427.02875 662.70276 463.71423 1 0.06712683 147.66786 269.08267 444.71912 351.8696 1 0.06480054 415.08563 461.8447 542.12695 639.4592 1 0.05962843 258.52606 259.23694 542.76385 490.89954 1 0.057913493 540.5725 446.17926 604.6493 476.6579 1 0.055603832 696.90955 516.7057 752.912 547.3428 1 0.051755354 352.99814 496.5728 418.35287 544.1801 1 0.050865155 406.09875 744.33765 752.6865 823.24866 1 0.050761193 386.01822 642.65155 475.85648 692.0534 2 0.998063 412.56522 686.5206 503.35532 740.04504 2 0.8672891 377.76993 645.3213 502.12888 740.7905 3 0.22148448 401.96927 218.25447 435.84018 248.76204 3 0.07451012 729.3584 752.4312 745.2035 826.2708 5 0.97866356 752.2939 266.3614 841.491 329.81873 5 0.1317575 484.45535 417.62964 553.83405 510.9378 5 0.12207135 356.0556 99.84613 681.7691 225.24173 5 0.12186583 494.72946 413.56036 548.86865 438.60992 5 0.06826994 755.483 308.69553 803.24835 348.272 5 0.055581614 597.78577 449.68274 712.4951 484.3299 7 0.9855769 701.7902 54.34674 1023.462 727.86786 7 0.19465351 534.9448 464.2771 784.8717 534.92194 7 0.16492203 297.1621 453.9951 465.4677 540.81616 9 0.6733287 712.5228 669.76245 1022.63513 1024.0 ,test/0390.jpg
0 0.9261154 179.21907 385.18146 541.36255 473.97424 0 0.5399686 171.81804 362.14203 546.70135 540.8984 0 0.4319634 393.0763 408.11484 556.81055 465.49203 0 0.41626573 478.97598 405.72488 550.70874 453.01712 0 0.16256909 636.51355 746.9747 887.0388 867.413 0 0.15693882 518.44464 142.80785 698.1469 268.00064 0 0.1453681 531.285 405.75513 866.2746 534.40735 0 0.0941506 459.36002 236.37656 752.6367 344.3253 1 0.7420967 636.9628 746.7941 884.80255 867.59015 1 0.14011279 518.44464 142.80785 698.1469 268.00064 2 0.05256092 636.519 746.9421 886.46063 867.64496 3 0.1415191 501.3654 142.18085 700.2667 267.4661 5 0.10060821 461.2612 237.61383 752.162 344.03204 6 0.99947935 226.58482 490.87933 545.175 702.3105 6 0.9013841 169.82199 348.2579 553.79663 550.3263 6 0.59611994 636.32806 746.8129 887.2465 867.7078 6 0.18082437 240.05807 322.1196 456.5635 404.01437 6 0.12080912 221.92789 334.5836 549.5476 465.71512 6 0.07393391 336.34476 344.51584 450.89847 404.8422 6 0.06351601 526.4043 405.9143 866.69385 533.5679 6 0.05777864 231.7665 507.76166 540.0592 578.36945 7 0.9995535 104.07265 96.93167 462.76825 384.71655 7 0.95846945 528.6522 405.7944 866.7147 534.60767 7 0.9526634 708.865 121.241 1020.6553 320.96298 7 0.08047272 239.39981 323.71457 455.09067 403.85904 9 0.093037 458.77637 235.7825 752.9857 344.5095 ,test/0391.jpg
0 0.85657257 178.44962 260.83362 887.2848 638.1913 0 0.22375457 153.0354 270.1583 909.76904 964.547 0 0.1377032 775.75806 493.82324 910.5043 760.88184 0 0.1361214 145.84308 315.89526 302.54205 661.08435 0 0.08304465 1.1291351 0.0 506.3119 373.0932 1 0.051406387 1.0099335 0.0 505.65967 373.55823 7 0.12467448 1.9155273 0.0 502.70963 376.46564 ,test/0392.jpg
0 0.28970438 501.05792 271.2212 546.4886 328.0312 0 0.20536192 577.30035 661.528 615.89984 767.5114 0 0.1846614 640.05334 83.89267 939.6852 187.17569 0 0.14827628 515.0318 577.68225 605.4334 661.6821 0 0.120209225 453.98108 604.78375 614.50415 794.2183 0 0.09350173 638.71375 287.36398 684.87354 301.38364 0 0.057785697 715.0205 332.0747 862.0193 395.1032 1 0.9886507 201.96822 894.0007 269.1877 1021.9644 1 0.9715307 382.6369 349.3921 565.30255 619.99634 1 0.957802 495.45935 255.55658 624.5774 431.3047 1 0.94681966 608.8992 256.36838 920.9149 832.853 1 0.9074943 233.60713 262.40695 655.7361 810.4824 1 0.893296 453.67523 571.7068 612.6441 797.9551 1 0.8263249 714.2037 333.07288 863.52264 394.76703 1 0.80757946 516.4499 577.45264 607.98444 661.598 1 0.7703028 382.78625 219.32495 503.1977 377.7874 1 0.6768571 550.5927 412.9616 602.69855 585.1715 1 0.6620098 236.73059 286.99106 440.37653 584.2328 1 0.55070394 544.1723 406.50797 587.29706 447.26358 1 0.46447212 290.45734 504.3902 464.38397 807.5561 1 0.45287305 377.6877 244.59174 624.65234 438.50256 1 0.43616712 382.07803 359.4333 626.55273 791.6707 1 0.41915482 548.83167 424.77213 589.2119 446.5853 1 0.34233078 243.96254 302.78888 472.98816 806.4069 1 0.31619728 489.06744 260.81573 632.4462 583.8206 1 0.25897995 366.48892 279.9212 398.56967 370.0807 1 0.2439905 521.24725 414.38873 610.6712 660.5988 1 0.23919557 545.9874 438.5184 581.3058 595.6855 1 0.1941707 449.80777 313.34424 622.70856 676.3823 1 0.18127966 559.9887 444.66534 579.30743 561.8698 1 0.1789767 542.57196 399.008 559.3173 446.01672 1 0.160846 530.5034 373.16055 629.81946 568.7195 1 0.13893676 578.1866 661.5841 615.6247 765.4718 1 0.1329365 674.5464 328.39203 866.5996 473.30597 1 0.13051769 381.63913 233.66977 638.9656 606.39294 1 0.11612828 638.71375 287.36398 684.87354 301.38364 1 0.11220751 554.1098 452.22522 571.529 557.7803 1 0.11179909 615.97235 403.03552 894.42584 698.3987 1 0.101358175 466.31488 320.38107 526.49194 364.48825 1 0.096135736 467.83215 308.56235 848.6332 822.2975 1 0.07811669 534.96216 380.18237 593.1698 444.76202 1 0.072500326 683.87976 286.00037 862.6417 395.06476 1 0.069485076 516.1283 585.6648 560.90393 629.7743 1 0.064205095 508.0285 579.62305 589.8775 633.2561 1 0.06399156 542.0079 402.28207 588.77826 544.8828 1 0.056657568 380.7062 285.56317 401.95682 371.088 1 0.05117018 565.1468 257.54773 627.81854 589.4294 1 0.051107347 576.16693 618.1788 608.1519 661.90656 3 0.21043143 516.94324 577.5172 607.82837 661.61 7 0.06305292 638.71375 287.36398 684.87354 301.38364 ,test/0393.jpg
0 0.09469305 617.7976 767.7247 716.88416 898.55316 0 0.093568 333.38687 555.83105 396.87326 692.9209 0 0.061275642 354.49548 8.776798 363.0033 56.8802 0 0.051590938 205.73956 713.40784 737.57574 1022.406 1 0.9187959 193.72195 667.15137 751.3721 1024.0 1 0.9117542 373.36383 549.234 768.8056 900.344 1 0.83754265 393.91937 590.4111 795.65094 780.4661 1 0.7422698 293.7252 690.47253 742.8563 897.0051 1 0.67627615 333.18723 553.20996 396.71658 699.8069 1 0.48553222 406.67413 674.61316 766.1246 780.5426 1 0.3488159 307.37146 685.12427 449.71356 794.5094 1 0.24811059 394.55597 556.12054 510.09137 676.98627 1 0.1328474 390.1011 556.5338 607.41846 685.9042 1 0.11927887 448.67627 759.616 682.8673 879.35126 1 0.112050384 307.13434 554.90924 387.6842 778.4018 1 0.09295781 164.49226 674.00104 456.76038 869.85016 1 0.07487517 742.1946 689.5226 826.02026 767.4789 1 0.06830806 308.78537 659.29407 383.84964 792.05444 1 0.06557523 369.6917 458.56805 853.9565 796.19476 1 0.06499939 611.5366 766.578 712.6333 898.65063 1 0.051389538 322.02002 568.33826 432.28607 732.5043 4 0.07013211 680.5662 779.6048 734.19586 850.36554 5 0.18260197 680.5662 779.6048 734.19586 850.36554 5 0.1348346 611.7442 774.20654 735.12177 872.50635 5 0.07455053 343.20505 41.395782 466.8265 559.6404 7 0.9995573 380.2764 15.709595 939.1511 695.5384 7 0.34879738 802.71423 38.35614 952.2948 541.7511 7 0.21827854 617.7976 767.7247 716.88416 898.55316 7 0.15620112 334.09174 553.4185 394.77325 691.73505 7 0.103941955 742.053 683.57153 825.0206 771.51245 7 0.09133998 678.77985 781.624 735.0025 851.4265 7 0.053549945 624.53253 0.0 819.5164 155.37 7 0.05151868 865.8552 72.41666 960.0725 605.5759 ,test/0394.jpg
0 0.1016567 258.48444 311.01547 705.1664 959.5593 0 0.06512742 411.80133 293.64673 725.2503 752.64417 1 0.05007174 258.48444 311.01547 705.1664 959.5593 7 0.9482835 409.6806 298.21674 717.89325 721.4163 ,test/0395.jpg
0 0.586965 709.30896 177.3439 778.6362 198.94931 0 0.5600044 206.14566 323.37793 248.43533 349.30994 0 0.30811423 204.72208 298.27396 271.11984 350.42032 1 0.084967785 709.94196 177.70094 778.05084 198.54042 1 0.06021484 204.47546 323.7009 248.32654 349.1429 1 0.054090973 679.29095 229.48633 721.60187 300.58746 7 0.9996922 328.52704 222.34605 627.7021 608.41907 7 0.999642 551.1872 170.09825 856.892 525.23505 7 0.9983878 171.94395 302.0315 379.8907 564.773 7 0.4630742 576.64905 202.47943 640.8568 224.01578 7 0.3592327 201.74179 297.4878 288.08286 352.27155 7 0.29002357 599.3025 181.80603 729.6421 222.72803 7 0.2655111 490.27847 244.44579 517.52386 290.9734 7 0.10120935 705.9976 177.57246 779.09076 199.92973 7 0.090156816 205.21802 322.7519 250.63 349.18658 7 0.08995709 671.8176 166.1824 708.0868 196.11829 7 0.0817837 561.373 202.06033 731.6358 304.0808 7 0.063227005 600.7189 170.55806 791.8805 214.34358 ,test/0396.jpg
0 0.5547952 243.89316 341.83 769.15295 398.50876 0 0.4088528 247.29984 342.16418 508.78592 379.73328 0 0.20773523 267.82202 343.1169 788.62354 531.44727 0 0.18146946 649.0946 358.01007 794.26636 397.35254 0 0.12259403 560.14526 355.2417 687.4977 546.2696 0 0.10791279 1.876236 100.71355 60.873623 412.12976 0 0.07575934 694.7111 355.6559 761.8553 397.04337 0 0.066662736 593.34344 361.39343 650.73566 388.13678 0 0.05504016 647.3553 371.46747 793.9887 410.02478 1 0.99822277 243.25146 201.84705 825.2218 841.7506 1 0.3330244 256.73035 213.36761 802.7467 387.1043 1 0.12051506 220.81693 15.353577 763.04065 365.00574 5 0.08321826 1.70718 100.44661 60.88077 411.00787 7 0.41309437 1.9544659 101.38789 60.809196 410.31573 ,test/0397.jpg
0 0.060957894 228.42557 175.7827 434.48257 451.21344 7 0.999859 413.69736 186.3045 850.70654 851.5535 7 0.9974433 176.8247 191.56601 495.628 753.6813 7 0.26828948 228.42557 175.7827 434.48257 451.21344 7 0.05282876 694.3787 212.90529 742.6431 266.27426 ,test/0398.jpg
0 0.92442816 599.76843 680.6245 881.05493 973.9977 0 0.22369473 572.52783 776.2604 660.5399 916.9562 0 0.08211074 570.4082 760.45166 706.38794 951.04675 1 0.17373717 522.35376 0.0 612.73596 130.40933 5 0.089551 0.0 714.4455 204.02643 1017.5411 5 0.052131947 0.0 519.7722 40.828323 694.0172 7 0.99980706 32.831024 252.88199 687.4618 977.7577 7 0.9949687 0.0 713.1633 195.6149 1021.4287 7 0.99167633 459.1447 109.6044 950.6082 731.6372 7 0.98536336 0.0 8.992371 388.2583 576.7816 7 0.97966605 169.08882 0.0 546.79443 233.19687 7 0.92948174 0.28158188 378.14374 70.65033 695.20123 7 0.890879 351.72766 115.424805 903.6062 466.44244 7 0.33494517 3.7218475 263.6317 383.80743 646.56824 7 0.21754605 166.65833 3.2919464 357.21204 324.22394 7 0.105164856 509.2973 0.0 611.87164 130.48712 7 0.09077571 486.11655 0.0 538.76526 128.25467 7 0.06463822 0.0 518.1494 40.665565 699.048 7 0.059419632 129.91364 266.8907 322.86884 577.1978 7 0.05462664 1.5106277 283.39282 206.31436 1022.7261 9 0.16288754 622.69476 713.0338 808.601 972.4531 9 0.1283549 573.3258 770.0464 680.1365 933.70935 ,test/0399.jpg
0 0.76598895 493.82275 119.88693 798.1803 875.8916 0 0.53971434 214.35126 158.8956 521.8275 901.8109 0 0.31672177 222.8422 151.88031 810.7368 893.8162 0 0.10423544 607.3413 111.45755 690.5585 198.66873 0 0.052542567 481.09167 133.15674 620.2019 821.94763 5 0.08344983 494.0946 102.17444 797.59204 878.32935 5 0.05476752 212.78833 160.30688 522.186 900.9264 9 0.53994626 210.42322 155.94412 523.3306 901.4813 9 0.37865227 493.70386 116.68518 799.21497 876.24457 9 0.06915543 217.73148 144.80005 815.3219 891.95447 ,test/0400.jpg
5 0.99573994 292.1051 262.72485 657.21716 574.8826 5 0.07211407 325.74963 346.90634 622.8776 500.10117 ,test/0401.jpg
0 0.20883659 598.9316 0.0 1024.0 483.72232 0 0.16836147 270.03604 831.27985 402.8868 892.9605 0 0.07283953 394.74594 358.23016 596.7146 575.81824 1 0.13639536 393.71997 348.3187 597.17267 575.66125 3 0.4934649 391.65024 329.3996 596.4374 577.62146 3 0.09293301 268.4034 0.0 633.6926 438.75397 5 0.17156512 391.38675 337.57123 598.4657 577.0034 5 0.052174434 270.03604 831.27985 402.8868 892.9605 7 0.19788226 631.1947 0.0 1024.0 509.39798 ,test/0402.jpg
0 0.12801091 2.0434456 645.23126 129.76826 942.3682 7 0.9983139 294.1836 27.738586 691.58026 1000.94403 7 0.32409525 453.2995 26.507706 637.2209 304.57953 ,test/0403.jpg
0 0.15878358 271.65057 437.88837 371.88013 531.0905 0 0.15243654 690.06146 253.32 707.8715 310.06677 0 0.11514853 520.51013 600.2341 632.5243 766.0275 5 0.95317745 240.81499 39.688324 614.2693 569.2766 5 0.095058784 518.0429 599.7724 632.11786 768.9399 5 0.08349717 501.85178 823.8048 533.58875 893.23816 5 0.07797438 500.5124 740.52106 541.95966 885.46674 5 0.07631314 178.84885 504.84186 565.9983 1003.63007 5 0.063141085 8.034058 83.465515 324.37515 919.3733 5 0.060804326 507.53473 811.37646 534.41693 868.78845 5 0.060151268 525.84216 795.6632 571.78235 879.4215 5 0.053608797 533.7546 811.05804 560.5584 873.3221 7 0.99954945 553.91235 285.67676 783.43713 779.1023 7 0.99903166 179.83443 509.42783 566.42285 998.8701 7 0.9745473 705.207 37.096436 976.3747 602.7489 7 0.78569573 727.1638 412.39594 959.33496 652.5035 7 0.52763146 429.61975 519.3781 546.7245 642.2078 7 0.28149915 507.54938 791.41754 575.585 980.116 7 0.11092878 690.8756 103.340294 798.5945 300.0307 7 0.0821171 602.8005 290.71072 782.6634 600.12244 7 0.07530509 604.6747 293.69824 742.4237 369.0033 7 0.061706185 540.5763 782.7942 572.24304 904.3014 7 0.058775045 353.5856 518.90094 441.27982 602.36237 ,test/0404.jpg
0 0.97024655 163.63593 94.181946 729.44403 826.10046 0 0.4967086 0.0 676.2257 169.08853 850.7395 1 0.06169114 160.36707 92.0936 729.66547 825.78125 ,test/0405.jpg
0 0.71708786 342.38293 324.34683 864.4745 815.5989 0 0.06426792 351.13385 329.77548 606.89453 561.3917 1 0.47484815 345.71024 327.25974 864.29016 816.29456 ,test/0406.jpg
0 0.99973077 455.92874 423.91895 586.3974 529.9454 7 0.9888405 685.5234 69.277504 829.12396 138.62311 ,test/0407.jpg
0 0.9698327 423.64282 453.25858 602.5919 587.7135 7 0.07053356 423.72925 453.39557 602.9165 587.5511 ,test/0408.jpg
0 0.0833864 712.7551 425.1061 747.2826 522.0463 3 0.9994797 261.5459 426.76413 713.3572 631.4975 ,test/0409.jpg
0 0.2580548 250.36797 112.39522 563.6287 170.20561 0 0.2041387 387.67242 123.66426 439.46863 150.41905 0 0.13574246 272.1283 122.51928 459.9344 156.50385 0 0.056275908 525.72675 31.621132 571.70685 125.05506 1 0.99960214 470.27295 720.88824 665.54614 1011.0423 1 0.9817098 189.38808 33.719254 600.8981 358.2343 1 0.44666687 244.51622 262.7023 611.964 502.10745 1 0.13123411 528.4031 892.7065 557.44006 947.5323 1 0.11160811 471.3722 535.68115 767.1741 1009.34985 1 0.074733175 214.03096 108.12021 609.66235 751.42834 1 0.06519096 198.35162 188.45477 613.5094 375.97772 1 0.05880203 549.0768 244.76318 601.1212 526.2793 1 0.051832728 526.1855 32.21335 571.7818 120.646484 5 0.58799016 884.4778 351.3588 929.1881 400.93887 6 0.998336 234.56245 330.76956 539.2037 922.31177 6 0.38566914 249.89915 264.12793 612.43604 495.12323 6 0.171572 241.29825 373.04776 378.4836 900.5913 6 0.14776433 241.08861 361.5268 517.69025 496.9367 6 0.13608697 236.93285 200.76746 603.8895 736.92346 6 0.05530405 381.11557 286.05576 500.47177 490.74124 6 0.05311655 221.67526 46.300934 611.0016 541.08777 7 0.9976215 729.36676 460.26526 936.861 740.41406 7 0.9971263 535.3085 245.25536 925.83984 593.03345 7 0.97737724 533.8058 542.0553 765.59204 902.5913 7 0.5341192 884.19244 339.46115 938.9434 581.33014 7 0.34582385 885.008 351.46396 928.57367 400.8409 7 0.18388425 828.51215 245.03394 866.45917 302.52173 7 0.17204301 878.6336 308.18463 924.32196 400.03912 7 0.13137536 889.6165 398.0796 935.387 508.2423 7 0.12684432 534.7677 551.7566 733.402 746.6079 ,test/0410.jpg
0 0.7594443 455.41534 771.9069 659.5452 867.62006 0 0.45652238 500.02292 777.5267 661.9999 837.9891 0 0.22185145 3.7326965 639.48413 156.20645 789.69934 0 0.18146475 132.08606 181.55887 594.1141 778.40393 0 0.069005765 432.9678 740.52234 534.84344 871.0906 3 0.08979455 140.18614 181.01431 592.7198 779.505 4 0.073194325 3.7326965 639.48413 156.20645 789.69934 5 0.9785674 134.17569 179.25696 592.29175 782.8512 7 0.07721481 132.08606 181.55887 594.1141 778.40393 ,test/0411.jpg
0 0.96744263 665.25525 465.29117 687.79346 548.3108 0 0.80671054 435.46414 164.96895 605.5587 190.94868 0 0.7232897 672.02216 301.78806 700.3737 339.4888 0 0.6752454 241.49496 131.5195 287.7831 177.24585 0 0.48863477 450.18423 44.505264 637.7085 66.50695 0 0.08937313 238.71333 136.0343 326.83975 182.776 0 0.0867213 457.8058 101.05011 624.4729 120.396515 0 0.07608242 15.576202 125.441605 284.587 471.99268 0 0.062529884 246.31918 664.83185 308.81955 714.8144 1 0.9986185 211.57217 522.9371 776.15027 991.3188 1 0.9922227 410.08276 85.30827 843.5233 585.2134 1 0.96963656 474.05264 523.20123 777.5558 806.3182 1 0.7770235 417.78247 36.46412 839.33105 118.37188 1 0.37779585 451.71872 100.426605 625.53656 120.18338 1 0.18194759 415.37982 63.775463 841.88617 182.4382 1 0.16361783 497.42197 666.3734 726.7285 811.3329 1 0.13969244 241.65544 131.23108 287.44943 177.72842 1 0.09882846 478.14294 107.20458 626.8928 118.76008 1 0.086806856 419.73785 86.67652 841.493 122.85821 1 0.07724463 420.41006 101.19091 845.7379 154.91591 1 0.06088422 671.32697 106.921524 846.404 614.1417 1 0.060536448 417.0326 94.72183 840.6731 261.61957 5 0.17082283 24.05745 140.09834 270.99524 470.18262 5 0.14532007 235.98364 134.69516 334.49677 195.40198 5 0.09546979 223.44131 145.40439 398.66898 535.5027 5 0.075937495 74.35451 198.90077 110.46117 296.5894 5 0.050041948 239.92664 135.16754 307.92834 178.13287 7 0.99601585 361.50928 57.685387 423.07172 258.0466 7 0.74544585 62.426437 118.820114 272.72357 476.85706 7 0.72595716 96.84052 113.2876 214.62814 218.80399 7 0.23158258 99.43625 125.91478 164.7417 217.03673 7 0.14933756 95.4301 120.42247 232.91185 286.34473 7 0.10182776 120.8186 113.538605 213.13586 168.29553 7 0.09306176 468.52246 102.355606 625.08154 122.39082 ,test/0412.jpg
0 0.925842 343.53925 895.9189 383.35303 935.7482 0 0.83394486 335.2976 61.808247 411.36682 146.6174 0 0.6921846 460.77032 106.61537 533.55707 262.73676 0 0.19992045 321.3442 126.33522 398.36826 148.71367 0 0.16629657 273.78308 247.38263 342.49768 279.4793 0 0.16572636 365.88495 865.4488 732.9449 1021.0944 0 0.14799118 460.34146 842.91223 569.4309 901.901 0 0.09268168 474.12238 866.4973 559.2646 905.30786 0 0.089888394 633.0538 683.92834 736.0623 743.1743 0 0.05753673 347.27838 94.724396 539.5729 263.2393 1 0.99505377 250.4437 0.0 636.7571 265.7425 1 0.99091923 0.0 234.7426 306.71558 651.3194 1 0.97004426 358.59677 644.9726 894.791 911.58624 1 0.9325612 267.97778 220.94418 642.853 456.5402 1 0.8692468 1.8604279 47.715393 76.878586 128.34831 1 0.7624467 315.54065 239.21124 618.7485 374.20728 1 0.67507833 185.41933 42.892914 644.1198 455.32068 1 0.499913 363.45032 876.79425 703.36584 1024.0 1 0.42872998 306.3178 325.50208 658.1681 454.03418 1 0.42311952 13.963196 230.8042 637.9037 649.7458 1 0.34438393 193.1774 336.5215 481.01425 630.46387 1 0.33911324 361.21255 644.2552 505.37302 758.12726 1 0.33854264 178.0076 145.85414 336.57144 283.30542 1 0.30503774 354.79993 651.12103 555.1362 902.66034 1 0.2814381 220.07668 465.4658 486.6147 620.9736 1 0.25991508 333.77106 61.176205 410.8382 147.88542 1 0.23311229 218.5875 211.46072 306.1511 262.5111 1 0.19986954 263.6657 246.75627 343.22272 279.34552 1 0.19452068 171.87367 118.10971 396.7774 327.40555 1 0.1892578 183.45532 114.366066 575.339 277.91843 1 0.14188793 183.06932 154.93074 264.3038 216.89168 1 0.13372709 358.13342 808.24817 823.9016 1023.50134 1 0.12805982 431.49414 620.7737 842.22327 789.4851 1 0.110824265 353.68106 100.09155 543.08765 266.0363 1 0.10331942 1.2484894 48.82083 48.760677 103.847565 1 0.10079498 213.83122 171.47032 301.9194 273.48868 1 0.09376415 272.1444 0.0 359.2868 162.5375 1 0.08560508 370.14587 875.5379 504.50787 927.53644 1 0.0763289 205.25731 211.78308 341.74518 282.79224 1 0.07573953 373.4713 868.7678 503.3775 905.3369 1 0.0676769 372.65085 873.5015 449.1746 898.16534 1 0.06699665 321.02942 125.97513 398.61798 149.41592 1 0.0626644 305.21512 362.52112 443.41238 460.83148 1 0.057119966 292.85712 27.543137 408.01764 150.80292 1 0.05591461 171.70123 224.12952 328.94485 322.19342 1 0.055010494 357.8504 803.3538 581.0978 909.6453 1 0.05396932 364.35443 0.0 430.42395 28.94776 1 0.052896645 352.88324 299.0537 615.8629 385.61407 1 0.051341675 643.6987 648.5605 928.9397 1024.0 1 0.050523635 336.3662 0.0 539.7528 170.1413 6 0.6871489 359.31238 806.72076 574.5432 905.2685 6 0.102333486 7.102585 230.33153 164.98769 255.88231 6 0.09351159 432.72528 815.237 545.67755 892.5489 6 0.06892678 370.82504 865.6097 507.5239 904.6088 7 0.9946332 491.19965 561.0616 838.29803 766.9504 7 0.82261515 358.93475 613.18524 921.93024 1016.49664 7 0.48223704 473.40762 865.1439 561.0102 905.1908 7 0.30229145 645.029 648.57745 928.2719 1024.0 7 0.24260305 371.76886 806.8013 851.9582 1022.7012 7 0.17113382 459.12778 842.36926 572.9764 902.29114 7 0.16266656 365.95776 873.78864 726.5985 1020.77997 7 0.06838312 794.53217 631.0818 878.3243 668.3815 7 0.06318756 473.6887 894.66394 502.21823 925.94275 7 0.056249827 469.52313 870.0413 585.5026 921.543 ,test/0413.jpg
0 0.6295747 792.28625 336.65372 843.2522 397.3168 0 0.40299967 690.96155 367.22098 940.0658 488.3129 0 0.27709576 293.8817 388.5525 503.87238 536.23615 0 0.24589308 702.0145 319.93262 797.5006 407.52557 0 0.20126452 691.322 291.7281 843.275 440.02856 0 0.17459634 746.6615 338.36893 847.54297 403.55264 0 0.16321911 355.01953 568.6758 451.6848 657.5875 0 0.1591197 771.4642 313.2956 830.98456 403.29883 0 0.15807351 921.98615 471.70914 950.6016 494.68283 0 0.14883918 655.9426 306.67926 885.7162 479.00983 0 0.10847253 782.0699 300.83023 859.7127 399.6768 0 0.100417025 784.61066 319.84787 808.6872 386.86356 0 0.10028113 692.73413 317.56778 795.9271 355.91434 0 0.08915264 708.626 318.7217 837.994 379.59146 0 0.0891303 791.88666 339.70596 815.29974 397.6564 0 0.08455579 550.7277 463.27997 589.05634 555.95026 0 0.078871354 669.3664 286.76978 853.9869 377.0976 0 0.07373787 285.61984 357.89627 558.4778 629.09705 0 0.07013333 627.09015 311.83713 943.1662 705.8544 0 0.06790872 798.07043 319.17123 837.5499 356.2427 0 0.061723474 686.2339 355.6352 899.016 427.19946 1 0.99093693 73.20944 458.98892 657.6531 952.7368 1 0.98911256 623.4567 311.46838 943.66364 706.4847 1 0.9816902 224.17285 228.70087 482.34497 515.87897 1 0.93506527 236.9372 306.83545 594.4421 663.59985 1 0.89090544 663.30066 247.53157 858.7909 419.3858 1 0.67190033 304.4378 376.15637 534.73505 616.6193 1 0.62305206 921.95825 471.46954 950.6062 494.70148 1 0.613219 669.3664 286.76978 853.9869 377.0976 1 0.5289862 354.7605 567.7888 451.6947 657.52637 1 0.52634734 597.2725 534.50256 642.2105 582.5807 1 0.4632949 206.72876 471.59442 452.52295 678.4416 1 0.39650267 197.85057 490.73196 303.7773 668.2796 1 0.37163785 238.00159 430.7974 309.3222 626.5988 1 0.36383682 73.81908 472.5538 291.52612 808.67346 1 0.3119688 296.40414 389.00647 501.38882 531.9784 1 0.29862732 657.0262 322.12042 851.1075 439.40967 1 0.18994464 689.96924 317.66147 794.0084 357.20328 1 0.1576283 650.4485 356.66235 936.30164 459.98236 1 0.1394174 645.23065 349.85107 800.0036 466.13135 1 0.12181744 475.22696 342.96442 678.1724 676.92334 1 0.11707041 287.70886 453.2669 593.9989 661.3698 1 0.10978714 201.78702 514.2638 278.71707 632.8866 1 0.10891622 215.90515 337.26297 268.05832 446.6926 1 0.10772086 223.7453 428.31982 262.84906 517.33344 1 0.106527895 239.52954 490.4492 289.6679 619.6736 1 0.09390326 697.2597 319.71432 798.8659 413.96646 1 0.09193744 217.15341 333.29303 279.40848 384.38507 1 0.0891006 834.79266 302.34875 862.8968 373.99615 1 0.08079018 641.2599 359.4917 705.4148 479.28955 1 0.07425266 690.80237 450.78323 702.0686 478.59366 1 0.07338336 796.1831 317.5662 834.6754 350.83176 1 0.07086698 692.0123 380.31543 775.6968 460.33026 1 0.070406795 239.44762 423.48672 367.18237 676.2462 1 0.0664794 782.0699 300.83023 859.7127 399.6768 1 0.06585051 695.1089 304.80734 830.9917 353.09927 1 0.058428213 692.30115 320.2638 737.4081 356.14752 3 0.076524235 735.59607 240.96556 781.1675 278.20258 ,test/0414.jpg
0 0.99808574 373.51862 461.765 611.2392 822.07007 0 0.21870482 288.90875 566.8355 535.672 819.50946 ,test/0415.jpg
0 0.20246859 247.20514 440.54614 573.5008 897.5272 1 0.6621411 246.7305 439.28467 573.4657 899.3462 7 0.36362413 250.23898 439.61255 574.83325 898.18823 ,test/0416.jpg
0 0.42363968 87.08574 30.524761 185.8831 135.02866 1 0.9481027 261.56403 195.9821 870.17426 565.31616 1 0.056813616 275.932 192.5654 749.93445 378.5222 2 0.6495422 264.97354 203.72197 855.0752 566.62067 2 0.12156715 296.74298 192.13086 738.4274 361.04333 3 0.7460684 87.448715 32.391136 186.29417 135.13513 7 0.24048379 87.67525 32.53093 185.74635 134.79913 7 0.080442004 817.7746 427.08954 848.6668 497.40057 ,test/0417.jpg
3 0.9999931 406.7672 361.979 712.3458 664.6295 ,test/0418.jpg
0 0.15636073 626.9877 468.211 724.3009 579.37897 0 0.099964045 553.31384 421.58514 736.4685 572.23737 0 0.052419674 415.54587 409.35242 618.9771 564.08264 3 0.97811013 415.89374 408.28418 618.6547 563.8454 3 0.16593426 691.3303 405.82706 773.2977 584.1784 4 0.06145833 416.8373 413.06836 764.6642 580.16614 5 0.26936936 413.32797 411.08087 763.0442 580.3104 5 0.08184523 652.4793 410.93408 775.85565 576.34534 ,test/0419.jpg
0 0.80456686 170.58891 587.59344 276.3627 710.3493 0 0.7463315 550.80444 493.05566 754.3595 518.21515 0 0.48597202 169.90239 650.14264 254.89012 708.59 0 0.38754988 21.722015 27.233551 1024.0 996.7023 0 0.25384706 559.01917 497.9647 696.595 513.78815 0 0.17312138 175.28284 583.70325 363.35175 699.8125 0 0.15586115 161.88272 701.759 181.548 741.6419 0 0.13966551 101.0934 0.92858124 189.69359 20.957287 0 0.09901666 613.2624 642.45825 663.03766 670.8613 0 0.07563678 233.63037 645.02246 701.48694 913.01917 0 0.07189937 0.5969925 513.3414 118.94772 558.8807 1 0.678167 405.26678 368.53418 512.5742 435.85822 1 0.4634362 43.84134 4.681366 1007.4447 175.73326 1 0.4215673 749.26294 121.687485 1024.0 323.56445 1 0.27301234 789.9351 123.40056 1018.0809 180.42479 1 0.1729569 275.80533 387.53125 372.09744 438.1364 1 0.125827 101.0934 0.92858124 189.69359 20.957287 1 0.08188216 95.645065 6.6822214 188.41005 28.233269 1 0.08008407 249.2258 433.54956 416.13132 533.4979 1 0.061123554 1.8877678 254.0459 78.68117 440.5666 1 0.06070538 167.54143 583.2124 281.31174 711.42737 2 0.9827328 505.8152 642.2704 710.62537 837.515 2 0.8130618 536.31854 371.79828 769.9217 501.4635 2 0.074032225 405.31647 368.89655 511.99176 436.26654 3 0.9486479 362.9285 568.4695 561.13135 757.59033 3 0.74311185 292.14676 713.3498 531.2626 892.7747 3 0.6216006 170.68799 641.0776 378.23615 858.25653 3 0.5463018 330.4158 580.4601 546.4668 873.8628 3 0.3300585 258.45093 650.8905 699.1049 894.59656 3 0.17980598 352.96945 691.8577 531.1716 841.3504 3 0.1526484 126.318726 609.1293 728.1641 978.8573 3 0.06697733 378.0497 568.22546 535.2798 675.6262 3 0.054602254 266.54816 520.2096 594.4278 929.16736 4 0.09668786 485.01178 509.31396 773.1989 659.1195 5 0.98664564 170.17084 436.39816 484.52155 674.6446 5 0.89615697 486.0275 509.0111 772.7295 659.24 5 0.87577194 169.91867 642.11566 378.57083 853.5362 5 0.74476844 534.7097 370.71002 771.00586 504.19202 5 0.5702813 169.93633 420.97278 560.95276 813.97534 5 0.4152155 7.8206787 22.82782 1024.0 1024.0 5 0.34047702 163.17642 414.62842 736.8866 681.1311 5 0.29945347 405.10925 368.55136 512.506 436.24423 5 0.27178717 139.79352 399.27795 742.93365 986.9314 5 0.25229198 366.59152 473.74014 569.5066 760.2357 5 0.24157098 397.81158 429.16562 529.2886 576.1155 5 0.23237295 198.98328 426.56537 564.95496 568.09357 5 0.18007055 249.2258 433.54956 416.13132 533.4979 5 0.16274825 276.19498 395.37076 369.28738 437.93686 5 0.09995656 170.39032 650.22473 251.16345 707.68286 5 0.074018516 266.54816 520.2096 594.4278 929.16736 5 0.06994068 390.2862 427.203 770.31 645.8937 5 0.06562164 508.58893 492.43622 765.0767 522.064 5 0.06097372 559.3239 639.9285 666.6486 672.20197 5 0.05915423 535.84015 379.4933 756.4594 672.2916 5 0.05677922 339.098 569.9381 557.2433 843.4425 ,test/0420.jpg
0 0.09242371 199.65411 370.4353 822.16626 682.35095 7 0.9847734 196.91263 369.6792 826.47327 681.2898 ,test/0421.jpg
0 0.6152468 224.81516 468.8455 408.7372 519.91907 0 0.40248173 217.2346 471.22156 420.0396 565.65845 0 0.1344472 634.7921 549.005 974.26404 600.33923 0 0.07673953 140.65608 355.6507 197.01723 421.18982 0 0.052760854 434.74594 645.74005 455.59616 714.3654 0 0.05046519 634.9989 579.3582 687.23474 602.7856 1 0.99922657 15.574585 324.44406 470.45712 848.661 1 0.99234325 600.1539 306.17847 929.97577 569.92584 1 0.98412216 562.83966 380.86118 993.3348 851.11194 1 0.7283997 625.85736 481.14618 709.8204 576.3173 1 0.70627445 667.76843 438.13214 932.59985 573.73035 1 0.18062904 14.169937 390.13556 438.36255 670.0732 1 0.1316607 201.1936 464.7252 424.7929 608.4226 1 0.090627946 681.32947 445.2915 807.33325 572.05927 1 0.08638289 679.84814 503.7082 705.40955 575.84174 1 0.07603751 629.96356 493.64297 672.26373 572.85974 1 0.07251622 634.7921 549.005 974.26404 600.33923 1 0.062128242 612.309 438.72656 991.1822 662.4828 1 0.061509304 632.74524 517.2997 697.48193 576.84656 1 0.05423757 604.73505 482.6684 710.77716 686.7723 ,test/0422.jpg
0 0.32534656 371.67285 437.46484 555.76056 466.26404 1 0.9826446 340.3914 258.19626 559.3899 462.81583 1 0.9685526 141.03238 425.63123 753.1841 894.83105 1 0.9541896 211.58232 343.9823 654.6713 709.0499 1 0.66997015 96.77027 529.77045 341.9927 756.7259 1 0.64530885 201.67471 186.40149 737.4795 798.4116 1 0.6046165 254.94504 177.23056 559.70996 475.13577 1 0.26283216 219.12328 415.15967 399.6754 703.32935 1 0.25591525 350.68488 328.0483 618.2112 485.96164 1 0.16729614 266.51746 412.06824 378.30334 468.53558 1 0.15803668 335.31702 530.0126 760.9946 872.81213 1 0.14678174 99.82773 500.75604 668.0381 779.50275 1 0.115536526 240.7869 349.8522 649.64087 519.2448 1 0.075029664 376.60242 437.70258 554.35394 465.98615 1 0.06593524 527.466 332.8581 636.0253 444.79895 1 0.05667143 367.73505 410.4328 584.5748 473.5426 5 0.9900057 691.86127 623.6774 782.60297 724.67084 5 0.32460693 292.26273 172.69974 495.3198 295.63892 ,test/0423.jpg
0 0.83662426 273.76678 344.2856 426.07593 423.1462 5 0.08674548 271.79385 345.7191 427.6038 423.43558 7 0.99916744 342.36172 253.8365 818.4977 703.1768 7 0.45797983 426.78433 235.18362 663.8876 414.18845 7 0.34123456 444.81537 245.92078 813.831 508.52325 7 0.27281845 507.17685 230.77937 640.6085 325.94684 7 0.12157885 571.06494 452.27133 705.1776 510.77225 7 0.09599978 763.67346 451.02182 866.73145 535.2253 7 0.06653566 685.6034 530.77484 869.12695 666.93646 ,test/0424.jpg
0 0.8209901 177.61665 433.2472 605.5335 702.1621 0 0.081911206 301.02786 624.8371 381.43057 698.62506 1 0.27718034 202.95944 435.2036 604.2976 694.73425 2 0.11543832 216.40929 434.76758 603.5725 692.55054 7 0.13246156 216.46072 434.69293 603.6465 693.07855 ,test/0425.jpg
0 0.6385929 730.08813 0.0 1010.6233 264.2105 0 0.38624626 411.01605 673.59436 503.06635 964.8778 0 0.29736507 225.38849 759.3277 320.80377 924.5539 0 0.2574018 220.9542 205.33585 268.76263 337.49344 0 0.086259656 3.119812 619.4986 529.9048 955.7973 1 0.08871412 729.8871 0.0 1008.9479 265.4552 2 0.12695122 0.0 566.6998 30.316296 633.9707 4 0.34699038 548.4236 330.0658 998.33325 774.21045 4 0.25541866 482.73483 634.733 1024.0 995.17523 4 0.13624735 3.119812 619.4986 529.9048 955.7973 4 0.11304896 95.72447 237.18906 533.44025 977.41614 5 0.97507226 109.45506 334.0835 535.7666 756.6891 5 0.9250375 550.4501 330.7297 991.3706 775.29443 5 0.34463033 729.2234 0.0 1010.7103 262.58508 5 0.24498558 0.0 566.5536 30.365612 634.31177 5 0.21794625 3.119812 619.4986 529.9048 955.7973 5 0.18413946 355.97247 662.23956 1023.5899 990.07965 5 0.10478626 45.887665 354.9424 1011.6787 937.92664 5 0.08603619 2.0399933 477.80994 260.9546 968.3054 7 0.11993638 109.82196 334.51672 535.4879 756.7256 ,test/0426.jpg
3 0.06739785 267.63168 403.79193 750.2987 653.20746 5 0.99042845 261.22028 404.1312 772.73334 648.0957 ,test/0427.jpg
4 0.9998697 321.82855 318.9076 472.67883 556.4609 ,test/0428.jpg
0 0.58130026 346.1238 0.0 912.26013 308.92984 0 0.5090575 312.68884 862.0138 677.9501 1011.73804 0 0.29091054 209.36499 145.01395 283.134 331.0641 0 0.15171532 276.1242 272.2126 769.50494 497.68835 0 0.12924455 209.77556 232.90167 281.4046 328.35278 0 0.095432825 311.39188 97.92653 778.52734 392.79535 0 0.077408105 269.67038 13.9813385 886.34204 514.9465 1 0.08343973 358.40958 0.0 912.98145 307.3653 1 0.05525857 277.8736 270.7843 769.0882 497.9431 3 0.8725425 209.69936 232.31325 281.79407 328.13132 5 0.20323841 312.7273 860.3916 677.6437 1007.84985 5 0.061601102 209.13527 233.70331 281.38782 328.57703 5 0.05559641 277.6457 271.7397 768.39557 500.38885 5 0.055308215 0.0 0.0 133.55525 194.46117 7 0.99751604 185.83084 429.9178 742.8557 777.34296 7 0.84937763 278.07672 270.84256 770.0733 498.0765 7 0.66436607 271.97427 61.41565 845.6549 507.8092 7 0.60595316 203.3602 109.82425 774.51624 789.162 7 0.5921391 320.3985 12.543289 903.0474 340.66394 7 0.50848866 314.32443 860.1554 677.3871 1009.63196 7 0.15190013 209.36499 145.01395 283.134 331.0641 7 0.10843569 313.40274 156.63666 773.72925 323.49704 7 0.065872 209.77556 232.90167 281.4046 328.35278 ,test/0429.jpg
0 0.8338263 394.58405 557.7444 447.36615 615.824 0 0.4996994 616.81903 1001.69617 655.1248 1023.79333 0 0.47439176 542.72504 492.95807 684.5832 593.53973 0 0.35250166 333.29523 583.3181 401.90393 669.40796 0 0.35133252 520.4913 404.10843 605.53644 479.15103 0 0.25314227 641.2716 675.23035 857.6941 785.63525 0 0.24442488 639.42737 686.06006 730.8605 766.1974 0 0.23498963 540.9437 478.06155 600.26575 553.9797 0 0.12852846 548.81726 479.82492 589.3179 523.6387 0 0.12307826 772.3882 767.4885 848.6946 847.2992 0 0.12100953 584.8916 485.51736 626.4469 538.96606 0 0.10290517 600.62164 407.8949 645.6557 458.46167 0 0.089416355 642.369 758.14056 823.34607 839.84406 0 0.08918793 747.9037 256.52628 883.0122 338.2858 0 0.08353318 334.3076 584.2157 372.8633 626.7435 0 0.08030939 642.1819 611.10895 881.655 829.12994 0 0.07176223 488.1765 416.44186 531.2441 456.0803 0 0.06944545 789.26746 280.50662 879.48157 336.85764 0 0.06621004 509.7782 418.48346 534.931 463.93793 0 0.06586382 547.5411 486.93045 635.59393 549.5582 0 0.065554075 485.6642 355.30225 573.34937 428.29907 0 0.06325254 523.6007 564.43665 568.26685 597.81616 0 0.058248404 502.29218 650.0695 572.0339 670.45575 0 0.05822976 526.0385 423.46655 603.32623 450.99127 0 0.05622266 361.8819 359.33496 577.3025 467.0127 0 0.055181887 410.02142 622.14685 675.40424 689.199 1 0.94512606 646.37366 510.89972 1017.3098 701.8337 1 0.8675142 334.8139 316.9024 714.76935 696.37537 1 0.85768026 640.80664 677.1958 851.62024 783.7605 1 0.7972097 520.0564 403.9867 605.88464 477.61786 1 0.7669876 361.3417 356.12997 572.64404 464.53525 1 0.7552013 964.74414 684.48364 1023.2489 719.557 1 0.51161623 539.7111 475.00287 677.50006 593.9023 1 0.5060199 333.22598 583.31793 402.16647 669.4267 1 0.48266584 382.76624 478.92078 711.1522 684.06335 1 0.2773019 642.1819 611.10895 881.655 829.12994 1 0.2027441 362.39398 400.762 446.78784 472.8751 1 0.17704228 780.3474 667.08875 900.0255 785.9359 1 0.16499238 354.14914 321.25638 646.3373 557.4116 1 0.1572505 485.6642 355.30225 573.34937 428.29907 1 0.13403024 539.6717 478.90356 628.2481 552.7152 1 0.10413163 394.00534 557.7094 447.11252 615.75616 1 0.1032462 887.8343 674.27966 1024.0 725.6593 1 0.08565867 891.4311 687.87976 975.0943 702.59106 1 0.07195982 582.36127 489.51346 625.63617 540.26886 1 0.06409439 374.25446 427.8843 439.88098 471.47574 1 0.06275794 616.9246 1002.13885 655.68 1023.9117 2 0.48345223 365.27432 362.83832 524.1467 469.7884 2 0.07093344 363.34885 401.56427 442.63766 472.97327 2 0.054551024 519.9908 403.90112 605.8068 477.7088 3 0.17737225 418.3534 496.76624 544.5604 597.001 4 0.73344064 420.57092 497.867 553.9529 597.757 5 0.40128803 373.8575 436.09927 429.64584 471.21738 5 0.3306773 418.10065 496.79395 543.5741 597.49084 5 0.08373043 366.10748 361.71286 531.1437 468.61795 5 0.050642494 368.1818 466.07526 560.86694 595.13934 7 0.61409765 560.1094 527.8836 681.32886 594.6884 7 0.18636166 367.08847 426.61084 452.0021 610.6781 7 0.17120634 375.4029 466.87778 428.37488 576.55 7 0.15675673 362.13 414.6176 565.3442 605.979 7 0.0979717 375.71246 468.9558 412.8061 546.8556 7 0.09757768 542.27405 477.31955 674.1305 593.9067 7 0.071272925 550.0397 480.17334 581.82556 520.46735 ,test/0430.jpg
0 0.2484134 164.08112 424.3716 299.3154 463.0449 0 0.11645547 840.3995 495.5334 938.6298 537.033 0 0.09662196 299.53717 418.1822 348.16577 492.56207 0 0.060717646 317.5183 411.41766 354.31506 516.79706 1 0.9783539 102.47604 371.8952 332.06265 611.6995 1 0.8188234 104.32392 552.0193 328.84024 687.33716 1 0.8000757 135.21881 673.113 341.12915 713.36835 1 0.6870173 140.84978 582.01917 257.6258 609.0249 1 0.6711331 116.41003 399.41766 310.65244 510.565 1 0.58608 148.96613 422.04346 300.58575 464.70306 1 0.36505753 134.60329 607.62573 349.4856 714.772 1 0.34824887 118.593864 365.13248 314.31622 452.61118 1 0.15602069 290.14377 439.9269 310.3068 504.25998 1 0.14833193 298.8784 457.88742 324.06393 673.76904 1 0.14417116 107.15049 553.9542 136.24973 608.8602 1 0.117538065 135.45511 676.1451 171.7663 705.0251 1 0.10239889 183.88956 425.15482 318.29285 505.82437 1 0.09949987 280.87195 443.68268 304.59766 502.61163 1 0.09660468 289.6977 510.61328 349.02533 709.5553 1 0.095168136 244.60573 438.19656 307.41605 500.67984 1 0.08357189 304.64633 480.8852 321.64627 636.5943 1 0.08141099 144.50917 694.44727 340.97614 718.3721 1 0.07956804 142.70242 592.82214 230.72763 611.8071 1 0.07520086 284.57532 434.8937 323.4505 504.30722 1 0.06481534 247.9448 445.0691 295.83426 481.5202 1 0.06187649 320.33688 564.4868 351.34 708.65796 1 0.058522895 296.9547 452.97025 319.8864 501.4293 1 0.051265623 113.50757 367.8245 171.10223 445.76846 6 0.5655382 497.3735 480.1316 728.1603 694.95593 7 0.9998425 729.37463 395.51935 981.7529 752.861 7 0.99928397 326.38083 361.04028 512.7043 710.72473 7 0.9955397 502.89508 357.1308 695.5811 592.9729 7 0.7626813 391.59927 404.16653 427.28134 441.6508 7 0.20910303 348.31323 396.2508 424.779 444.36346 7 0.16817515 356.01273 423.74756 396.04294 457.76886 7 0.08659047 153.20926 422.40677 300.62262 464.14175 7 0.05514977 491.94574 401.1858 736.87286 688.0254 ,test/0431.jpg
1 0.1723529 851.20917 451.9145 1024.0 714.033 5 0.0688882 151.22797 424.7597 729.62085 635.7038 6 0.9850964 67.968414 466.0439 965.4165 914.0773 6 0.9823026 310.4909 161.24808 872.2946 521.4409 6 0.92756927 141.76929 429.78473 802.9231 660.06903 6 0.5891883 497.64188 447.84875 804.949 641.8054 6 0.4850822 752.4006 467.82416 963.7869 902.2515 6 0.41445503 153.8088 232.44109 858.4729 645.9913 6 0.30555677 218.34442 570.4832 767.9346 662.6495 6 0.16552632 733.70886 457.1609 1009.9169 725.53845 6 0.09688258 166.28882 352.275 961.051 763.0072 6 0.081804454 857.12085 454.24048 1019.65515 793.13574 6 0.07153179 149.92639 644.7129 853.17633 850.7727 6 0.06433439 215.05237 597.482 791.7285 702.29205 6 0.06432416 147.87436 590.96936 270.96255 658.44214 6 0.058368668 156.5204 439.3813 590.3034 608.59686 6 0.05332174 149.45776 417.41562 359.44406 622.25214 6 0.050654635 688.34607 480.1632 802.2897 663.20154 ,test/0432.jpg
3 0.9999906 240.63663 404.98102 606.94116 700.82855 ,test/0433.jpg
0 0.21221037 51.796803 529.2034 141.47816 599.4228 1 0.23699357 51.447224 529.0973 141.67899 599.579 2 0.18964215 153.25699 496.09915 219.35187 540.32965 5 0.76381725 534.81494 352.3701 670.06384 484.918 5 0.5221283 443.9671 355.29565 674.2679 507.87476 5 0.5147937 51.534054 529.24835 141.59982 599.5275 5 0.36986336 451.36243 384.6604 600.6417 526.6954 5 0.32356447 193.14241 365.6723 541.7111 576.11664 5 0.2293964 229.24355 430.0647 538.3531 686.30273 5 0.21979444 486.6141 413.2044 562.0877 508.96997 5 0.19627394 272.81412 406.20233 489.05783 522.0147 5 0.19571489 593.3406 363.64185 674.8168 481.91052 5 0.17171726 157.20038 493.89215 221.07285 541.7691 5 0.16226417 443.6312 408.356 566.3921 581.67914 5 0.12053296 531.492 349.51196 631.241 424.00604 5 0.11415916 314.86566 429.69122 553.59265 599.09906 5 0.113129884 528.68054 492.26932 568.574 522.36914 5 0.078747004 382.26178 349.38025 602.6182 570.2625 5 0.077813074 540.6078 517.4168 574.42065 555.69403 5 0.07289657 173.6776 499.43506 231.31877 565.251 5 0.05622168 646.2357 423.61804 678.4049 464.05762 5 0.05186658 528.2636 504.24023 577.9545 559.1223 6 0.32058677 592.3709 362.93176 674.7862 481.9453 6 0.11380273 229.24355 430.0647 538.3531 686.30273 6 0.063110255 317.83078 425.7855 497.4393 522.5124 6 0.052038066 258.51392 437.91153 508.80267 566.87915 7 0.9993309 140.05972 308.26553 709.401 887.0095 7 0.34386918 160.42154 324.22122 551.42786 568.56036 7 0.10677321 51.796803 529.2034 141.47816 599.4228 7 0.10442921 229.24355 430.0647 538.3531 686.30273 ,test/0434.jpg
0 0.5554322 707.5697 38.98568 805.36755 134.46014 0 0.36600512 828.4529 280.86758 1023.8513 327.1614 0 0.19525701 934.59796 457.7723 1022.7928 529.5486 0 0.10782507 211.76718 365.6243 592.95874 750.89856 0 0.06767664 410.2982 793.1134 503.519 998.896 1 0.13079016 211.76718 365.6243 592.95874 750.89856 1 0.052643448 828.4529 280.86758 1023.8513 327.1614 2 0.9618085 215.4682 362.00336 592.1702 750.73016 3 0.13902274 215.59999 363.5559 592.41 751.6471 ,test/0435.jpg
0 0.4220084 736.0583 387.20993 783.2579 414.39536 0 0.15188669 740.02026 376.31555 825.1737 416.38354 7 0.9999082 723.5173 373.3139 977.93146 798.87885 7 0.99990356 35.323906 471.2148 275.09723 812.91797 7 0.99979335 530.668 499.48694 767.9832 859.21375 7 0.99978095 233.27373 412.61823 520.07434 815.6525 7 0.9996106 418.31393 243.49364 633.78906 577.98834 7 0.9810369 105.65519 204.57542 291.9309 555.69055 7 0.9090687 768.97296 372.76636 825.32697 415.8343 7 0.19290829 736.0583 387.20993 783.2579 414.39536 7 0.053219996 259.7922 411.49872 430.07193 549.5585 ,test/0436.jpg
9 0.99908316 49.087097 224.25052 996.5866 890.6117 ,test/0437.jpg
0 0.25359976 7.607895 0.0 135.37846 61.559006 0 0.2456393 214.15533 616.8238 443.4063 784.013 0 0.19001283 487.94553 397.38834 707.0144 556.6355 0 0.06950744 141.48462 793.5513 223.60114 816.2937 1 0.61810654 214.5719 616.78174 443.15332 783.7782 1 0.11088369 487.94553 397.38834 707.0144 556.6355 2 0.9612355 488.311 395.38788 706.27515 556.02563 2 0.36661428 214.39128 616.646 443.25653 783.53723 5 0.080262154 214.24124 616.6353 443.56155 783.34406 5 0.05485459 488.16754 395.78616 705.957 553.5845 ,test/0438.jpg
0 0.29758182 792.7179 423.6391 835.2925 689.0667 1 0.9887134 222.61832 367.50287 826.0165 688.1409 1 0.3216855 792.7179 423.6391 835.2925 689.0667 5 0.05665936 792.7179 423.6391 835.2925 689.0667 ,test/0439.jpg
0 0.062206082 300.0238 407.8675 534.19336 665.4484 3 0.14307903 300.0238 407.8675 534.19336 665.4484 4 0.9619374 276.40387 408.47522 715.688 785.4995 4 0.6682703 296.3144 407.44662 570.55865 710.83154 4 0.40497872 475.71863 480.43896 712.3356 782.0095 5 0.14754787 272.9225 408.9086 730.4766 788.84753 5 0.12503012 480.24445 473.74524 709.1943 786.6061 5 0.059743986 306.248 407.53424 532.34595 665.70184 ,test/0440.jpg
0 0.98192465 0.0 0.0 402.7048 413.0135 0 0.12205752 605.1408 313.30316 680.23456 333.93475 0 0.061238695 594.934 312.06366 678.2021 357.45288 1 0.9937769 524.94934 264.86417 729.92786 455.18137 1 0.6622188 595.6863 311.97034 678.5869 356.44543 1 0.57344353 605.1408 313.30316 680.23456 333.93475 1 0.51682097 597.8277 310.10828 676.7337 397.08557 1 0.27489474 663.0614 265.24527 750.5508 340.21585 1 0.22895037 552.92255 289.60925 683.6036 433.59955 1 0.17444512 665.038 260.81808 745.7889 422.91013 1 0.1721091 623.931 363.1581 663.10583 399.66446 1 0.15110579 665.49 268.17255 690.0405 326.74518 1 0.13570224 593.349 329.32947 672.47766 352.5705 1 0.13337478 573.10486 348.7798 677.51404 457.9978 1 0.106105514 615.8446 342.76776 671.53687 399.597 1 0.103722624 625.3731 310.0078 683.73895 329.66156 1 0.08097417 570.47864 306.30304 723.93274 398.07025 1 0.07282686 0.0 0.0 405.51068 414.58682 1 0.07113714 633.9557 361.5209 679.3102 388.09573 1 0.05683429 661.6638 264.434 690.4807 383.7128 4 0.095534585 589.3455 333.42944 678.1425 388.338 5 0.07252321 589.3455 333.42944 678.1425 388.338 7 0.9752911 720.0331 1.2466431 1024.0 563.9676 7 0.26465735 762.128 8.843414 1019.2945 339.59354 7 0.06734893 748.211 280.07635 1022.55756 564.4165 7 0.06578415 589.52026 330.40463 676.85693 383.32736 7 0.06519817 593.291 332.5503 666.1006 355.72723 7 0.0540369 876.4806 14.298027 1024.0 251.60864 ,test/0441.jpg
4 0.99958795 396.0608 375.57092 568.1501 582.8422 4 0.16186483 398.2695 447.09543 527.1056 577.23816 ,test/0442.jpg
0 0.15407817 257.0294 154.7822 720.02075 300.40073 0 0.10906194 269.4636 153.47162 809.7698 393.7271 0 0.09035133 454.55167 223.58598 693.1732 296.4951 0 0.07502262 466.09424 608.3679 805.97 912.7405 0 0.06819291 0.0 1.4084473 233.79309 829.4412 0 0.058600474 399.29495 158.59442 477.0961 409.1515 0 0.057075072 817.0644 183.3934 831.2243 261.10114 0 0.05353286 268.48572 125.1662 483.37622 728.9253 0 0.05067654 778.8504 382.37842 902.7785 925.1592 1 0.69185644 767.7776 383.01794 889.30225 747.8524 1 0.59666747 796.87573 291.8286 869.8469 400.16302 1 0.2280778 788.61725 181.26822 868.8748 401.55936 1 0.06763986 454.55167 223.58598 693.1732 296.4951 5 0.42913708 212.37868 138.42032 466.24402 884.901 5 0.42716894 61.72705 16.303558 898.6643 972.23315 5 0.30983943 399.74496 239.55902 761.7899 657.6578 5 0.30012074 467.07092 606.9315 806.0028 915.0532 5 0.15958607 280.5052 113.62225 854.373 756.7435 5 0.106181845 761.1089 379.72855 891.2395 837.03296 5 0.07549216 456.68152 275.06677 808.1798 960.0947 5 0.061312187 399.29495 158.59442 477.0961 409.1515 5 0.058907427 207.71893 161.57153 782.2453 388.6065 5 0.058156766 164.71143 217.86621 721.16437 871.7252 5 0.056135446 238.3959 145.23318 756.8092 288.9474 5 0.05223568 343.33044 120.69136 964.2296 398.84393 7 0.82660675 30.922363 0.0 1024.0 979.6834 7 0.63031566 464.7659 607.48956 805.43884 918.79083 7 0.62667865 764.5578 27.576416 1020.3996 1012.9613 7 0.4355303 402.15088 202.2054 762.12244 646.8396 7 0.43018675 375.52826 103.81497 832.8659 959.37585 7 0.17364569 0.0 1.4084473 233.79309 829.4412 7 0.1539781 479.543 727.0551 804.74744 888.2049 7 0.15216063 529.50354 12.842957 1007.43945 1023.92706 7 0.14664212 778.8504 382.37842 902.7785 925.1592 7 0.091360025 362.49 139.94485 868.683 459.91403 7 0.086013906 60.099213 16.86499 545.7512 904.69507 7 0.07248478 424.9596 375.67032 896.7555 653.47217 7 0.06724395 507.29117 853.08636 747.2272 952.49835 7 0.061565936 33.48474 791.1121 893.0896 1023.6988 7 0.06030561 164.71143 217.86621 721.16437 871.7252 7 0.05373826 257.0294 154.7822 720.02075 300.40073 ,test/0443.jpg
0 0.3821027 772.0048 812.9431 960.11017 856.10693 0 0.3074002 414.46716 288.3148 490.8117 323.62454 0 0.25128797 749.89087 800.141 993.1542 867.92566 1 0.80676144 414.21182 288.1739 491.077 323.5227 1 0.18195318 758.5748 799.5761 985.64124 866.8437 3 0.05256794 469.14996 362.14267 567.09344 444.97238 5 0.060027435 471.30276 359.61267 567.55365 456.66803 7 0.99920756 346.165 302.6551 669.2075 478.9389 7 0.9989992 228.6413 438.76233 921.9047 996.938 7 0.995717 378.79135 801.59503 1019.1229 1023.0131 7 0.95366085 366.55957 923.0245 518.3641 1021.0695 7 0.42504302 414.6682 287.66632 491.05676 323.96808 7 0.1917147 749.89087 800.141 993.1542 867.92566 7 0.14002144 772.0917 811.9251 959.7344 855.2028 7 0.05712256 326.46478 631.03674 874.6735 973.92566 ,test/0444.jpg
0 0.09878493 353.14087 642.4774 477.4046 734.173 0 0.059625432 459.2325 514.3804 553.733 705.08826 1 0.9955042 96.34747 382.4475 504.77283 640.5654 1 0.99228424 449.678 335.307 867.25903 646.68787 1 0.89774936 353.45447 641.11017 476.97467 734.6309 1 0.84638685 463.01544 538.05743 882.0983 666.03253 1 0.23664473 550.5121 330.49323 798.6188 368.13202 1 0.16795538 456.54074 523.93744 585.23694 701.1849 1 0.15978193 800.9311 543.6113 885.61395 635.13 1 0.14442511 449.4083 385.52646 507.87784 524.45496 1 0.08590202 799.0272 435.99762 884.906 697.9826 1 0.08302626 445.53482 351.50848 546.67303 515.89056 1 0.071109526 95.977264 330.2407 863.3147 683.5659 1 0.05481631 493.00012 596.1464 881.8082 658.12885 ,test/0445.jpg
0 0.40185416 435.07257 440.78577 628.4578 703.10547 1 0.07332038 434.70312 440.66504 628.33826 702.63416 7 0.8940367 438.53217 443.17963 625.2692 704.2038 7 0.05265459 222.6948 76.583755 394.54776 198.338 ,test/0446.jpg
1 0.07303803 124.60341 330.8531 150.44795 362.6469 3 0.07486473 329.97263 116.08832 375.1923 197.4956 7 0.99975187 318.62228 78.50601 707.25366 853.7827 7 0.99951696 81.96896 301.6771 329.77197 867.5449 7 0.64291865 130.5729 313.73758 286.85175 404.49008 7 0.18527699 267.09518 299.30615 321.1013 406.7611 ,test/0447.jpg
0 0.35418445 216.22482 364.99344 808.35535 696.1433 1 0.7265799 215.92877 366.40952 809.2806 695.53284 7 0.05616381 215.2757 364.74957 808.88666 696.10394 ,test/0448.jpg
0 0.10256409 206.15073 440.633 278.1394 509.21497 0 0.05533583 203.94696 477.08978 257.83603 559.5275 1 0.98103917 77.24097 373.05914 261.6511 516.4477 1 0.9715953 118.27901 503.20193 185.98088 552.4122 1 0.93670297 76.71716 386.5146 322.02286 666.5865 1 0.91649395 151.89032 526.52734 231.6066 608.7124 1 0.5633452 145.88068 390.22284 199.99069 424.26575 1 0.45421916 77.369995 439.0274 144.28067 513.7488 1 0.44700485 197.51566 450.49542 314.91165 563.8398 1 0.4176142 205.58142 477.96802 273.91425 557.57324 1 0.38722813 96.52408 385.73193 206.96454 456.3576 1 0.35349676 102.296776 408.62955 167.88193 451.9706 1 0.3263764 119.38666 487.85516 284.72873 673.9809 1 0.28663534 208.5221 440.52844 280.7051 530.29144 1 0.26148692 134.82762 346.3438 311.94232 587.79364 1 0.21573006 77.27203 403.89728 171.27875 510.78406 1 0.21302973 196.82318 306.95218 301.96185 489.64926 1 0.2115694 116.88172 505.16003 265.0076 611.2483 1 0.16688682 260.60556 473.7156 321.76877 567.8809 1 0.14844418 178.11368 453.55875 276.69962 600.4149 1 0.13937026 123.05714 399.07117 270.687 554.10187 1 0.11730043 167.90549 540.35956 230.65665 590.92914 1 0.11524814 194.89842 488.83432 243.51625 585.3841 1 0.1126104 258.7975 429.58777 309.75085 498.20648 1 0.10095701 264.40085 480.82693 292.6185 521.192 1 0.0966981 226.42546 315.00906 317.95947 559.50684 1 0.08991271 111.09302 426.87994 168.09314 454.44556 1 0.084391944 189.08473 310.0773 273.42624 441.4575 1 0.084029295 260.93027 443.16782 303.73123 551.7667 1 0.08399008 209.78296 498.73727 254.15463 551.16077 1 0.076536134 178.51938 348.52118 232.64972 398.9101 1 0.07588784 223.3454 442.65555 268.86917 505.9161 1 0.069085084 201.55138 520.61633 231.22688 585.1095 1 0.06418579 167.25006 493.62433 234.5329 594.81354 1 0.06355121 192.71347 439.62146 314.18198 664.5073 1 0.0542037 156.64796 546.11597 319.6242 678.1737 1 0.053589754 203.00433 479.79608 233.00113 554.0307 1 0.051737454 266.55927 442.71964 290.18854 519.43475 2 0.2416876 208.98169 441.65698 282.9999 510.17847 2 0.07734502 204.5853 445.44324 286.90607 559.36993 2 0.07505549 265.24487 472.46378 292.26892 520.9687 2 0.071876 205.07187 476.41168 236.81577 521.2327 2 0.052844156 259.76093 441.17004 291.30743 522.221 5 0.054918714 182.41231 484.1848 210.50816 526.3156 7 0.99995553 482.03586 267.6787 996.156 890.78357 7 0.99970466 245.76468 498.68207 530.61414 875.1652 ,test/0449.jpg
0 0.4588448 730.2908 481.89984 776.42285 529.8665 0 0.45125976 276.53497 517.02246 357.35138 572.19617 0 0.10883464 378.72803 153.76791 904.7101 652.20703 0 0.07457784 685.0177 527.9192 712.4082 562.1052 0 0.061001852 281.17938 549.01605 354.72375 572.7404 0 0.055367276 595.93494 440.74237 871.4678 718.6667 0 0.053186912 714.8522 496.6332 761.09875 531.3969 1 0.6998017 110.60688 261.3786 294.56006 449.547 1 0.45220372 189.1098 321.26636 437.02393 530.2149 1 0.26151338 730.32227 481.91153 776.48193 529.6601 2 0.19952996 582.34204 499.61972 607.8816 536.0578 3 0.41059947 369.1547 166.9252 982.70886 500.24625 3 0.2418553 115.151245 17.979431 775.04877 356.1816 3 0.1704108 327.8963 59.418213 822.92316 576.0535 3 0.14752698 764.1888 189.73856 978.89874 495.99222 3 0.12268252 378.58044 40.649086 781.42554 290.55267 3 0.09781711 331.37125 10.819458 1018.98364 406.90515 3 0.091198765 434.18024 158.32751 762.3925 478.708 3 0.06984971 529.1737 88.21329 988.2682 714.5592 3 0.0675826 407.10513 294.6713 789.3657 463.4412 3 0.067387715 779.2258 2.2585678 1023.40125 242.75958 3 0.05960076 389.36765 23.180054 1024.0 238.2062 5 0.43236414 277.9284 324.38788 430.6626 459.9084 5 0.29021245 205.76508 321.90576 434.74725 518.9957 5 0.053445414 584.14056 530.58484 607.97797 567.1609 7 0.998912 356.04813 404.94363 648.68774 651.7833 7 0.99645007 596.6918 441.41608 872.114 719.14044 7 0.082171 726.03705 482.47192 777.25494 530.86786 ,test/0450.jpg
5 0.9918932 122.16818 244.97772 888.40344 761.14874 7 0.09048482 89.52048 244.4859 889.94165 763.728 ,test/0451.jpg
0 0.11624377 743.4731 628.6775 1024.0 920.93164 0 0.10674673 574.3274 313.8335 702.01013 368.58887 0 0.052085567 198.5386 440.90576 327.2148 715.31006 1 0.23804161 743.4731 628.6775 1024.0 920.93164 3 0.99908733 197.19354 227.48126 878.91693 846.304 3 0.13335316 197.94647 438.5829 327.16553 715.6987 ,test/0452.jpg
0 0.1983843 275.6875 879.09076 363.10944 956.5682 0 0.10853927 10.406368 3.6197662 91.8035 243.37344 0 0.08276056 50.033955 397.7287 108.1635 444.3261 0 0.059039313 34.690613 370.82065 136.8328 429.21945 0 0.051621024 49.468285 395.24384 86.668465 428.41913 1 0.9362626 6.346596 213.94136 108.327286 369.0293 1 0.92011654 275.3659 878.8407 363.03802 956.4607 1 0.8999985 49.430298 396.743 107.51666 447.2181 1 0.56984633 45.693356 224.39792 97.017654 369.83456 1 0.4527598 1.8700733 216.14023 61.036522 351.68192 1 0.4328379 22.030632 225.77094 77.3459 361.95648 1 0.39300415 42.8412 236.27109 64.94557 359.6647 1 0.37291166 0.0 4.3400574 114.000244 269.99765 1 0.2671356 61.838856 14.935791 127.62521 373.6407 1 0.22500736 61.90017 217.36493 117.28527 370.21375 1 0.22058007 20.156288 241.80246 42.312225 349.5972 1 0.16792683 36.128464 250.25993 51.907715 356.271 1 0.12114395 2.3600616 189.22353 138.96704 447.67786 1 0.08954809 50.34691 245.45653 73.27437 355.74298 1 0.076767094 1.4719458 236.71066 31.833012 349.88382 1 0.07583136 46.353493 373.22086 136.74554 442.40164 1 0.06974347 16.22092 5.100403 136.53398 410.58862 1 0.05720835 82.872894 175.67007 129.76872 371.19473 1 0.054437745 49.468285 395.24384 86.668465 428.41913 7 0.9999243 250.53381 66.764984 820.074 912.2733 7 0.09340435 498.54584 184.13544 520.7651 226.70242 ,test/0453.jpg
1 0.9992279 256.67874 355.01346 765.16565 832.33716 ,test/0454.jpg
0 0.5334042 48.60529 601.09265 106.55994 642.91235 0 0.11913424 810.4608 349.58334 985.016 398.60007 0 0.06463452 688.2311 328.73996 998.879 499.8635 0 0.06352442 785.08154 462.01413 901.751 497.89017 0 0.06204208 235.29985 581.2604 632.08936 672.25464 0 0.06128527 915.3692 349.39072 990.8963 368.4424 0 0.050315958 737.5598 344.74948 997.97876 427.45883 1 0.9941374 315.71368 303.01392 642.77075 597.29095 1 0.99406296 94.73719 376.88107 337.64954 720.9346 1 0.97942525 610.66003 136.43517 920.20874 376.69598 1 0.9174209 94.68811 426.96362 682.3805 719.1107 1 0.7934256 252.95229 460.2171 337.3584 584.29083 1 0.7201786 611.8317 537.0551 973.7233 793.3614 1 0.6866359 289.08072 430.42316 329.64938 497.5597 1 0.63895124 606.7111 113.2986 981.66376 526.655 1 0.42899972 597.41675 280.5131 777.7505 582.4263 1 0.42753872 721.17126 336.8792 1003.2937 507.20343 1 0.39784557 594.41516 277.56665 997.9098 793.47864 1 0.38556725 285.1511 485.74756 333.37393 581.8832 1 0.3612702 621.76385 457.6098 739.9312 589.1578 1 0.28260466 229.08922 464.89676 329.87405 675.9779 1 0.2807548 224.27907 540.907 648.77234 709.88574 1 0.2780017 614.976 342.8589 992.0981 604.4527 1 0.22549976 772.0589 343.86227 978.7493 411.42703 1 0.21511064 625.62103 594.37976 653.7253 630.7617 1 0.18998767 562.9894 232.12125 991.5089 444.53152 1 0.1818 590.80035 181.75699 857.2646 490.204 1 0.17260599 715.8733 485.90405 960.81335 583.2423 1 0.16978458 271.65857 636.2615 642.90985 716.28723 1 0.15398341 742.6575 503.75037 807.74133 524.886 1 0.15024641 87.788345 510.82953 267.3827 720.25543 1 0.12991393 251.75824 502.66907 321.26355 579.7704 1 0.11769563 731.687 137.86331 911.60254 325.32364 1 0.11524772 86.276024 493.20364 189.62006 566.5441 1 0.11278137 230.0558 580.38776 630.65015 669.8372 1 0.10391879 289.05664 276.25735 777.5513 727.16675 1 0.1028169 288.56332 375.3379 336.4606 591.0893 1 0.0814523 131.99597 371.85443 275.12415 573.1719 1 0.081069134 810.39905 363.7258 982.8496 394.97958 1 0.07786299 708.70685 139.93216 783.1541 214.23367 1 0.07476948 726.66296 497.44547 867.53503 529.9196 1 0.07142589 510.2506 240.94153 624.15295 313.6504 1 0.071162574 161.89421 430.50812 332.66486 607.90265 1 0.07098704 741.17316 144.69966 769.4838 212.3961 1 0.06942736 138.78464 393.85992 561.39404 611.91705 1 0.06795258 277.61652 360.54773 332.02618 506.0454 1 0.06769716 915.3692 349.39072 990.8963 368.4424 1 0.06551236 703.2839 83.07533 999.2858 370.08386 1 0.060632445 723.6039 456.9437 1014.1621 550.6349 1 0.055821005 342.79996 305.07413 642.4702 382.4785 5 0.14226303 738.28284 0.0 999.1531 155.77954 5 0.10356028 611.51044 537.193 973.58417 793.5298 7 0.18431999 794.3768 344.64246 983.70917 401.59503 7 0.1012999 810.39905 363.7258 982.8496 394.97958 7 0.0799656 884.9279 374.69482 966.6971 392.24854 ,test/0455.jpg
0 0.06879858 301.46313 294.8822 790.2213 666.18945 0 0.060290903 503.26587 361.96634 605.30286 444.9675 2 0.060610145 300.63162 293.57373 790.02246 667.7351 3 0.97047365 298.31522 295.42358 792.85376 665.1559 5 0.07379655 297.58618 294.8756 791.14014 665.981 ,test/0456.jpg
0 0.22467805 326.49942 879.4154 389.63486 900.3838 5 0.631575 326.422 880.1109 389.48126 900.47394 7 0.9998647 533.99475 376.09344 891.56506 630.66016 7 0.99980253 119.82727 437.84018 556.5826 732.21924 7 0.9992712 0.63975143 461.64374 76.105804 712.9073 ,test/0457.jpg
0 0.060034536 308.59222 153.2861 634.7355 361.46384 1 0.27459127 352.8532 314.2168 616.75745 541.00214 1 0.20326506 353.05414 315.86832 607.5648 418.9543 2 0.94229406 353.57306 312.4333 617.78723 541.31976 2 0.19526304 353.05414 315.86832 607.5648 418.9543 5 0.9895224 309.31015 152.25662 634.7709 362.93582 7 0.88220197 888.61145 798.52014 1017.26843 933.1327 ,test/0458.jpg
0 0.50067055 290.27228 414.65314 355.45117 521.22375 0 0.42175797 255.8876 103.343864 394.6271 159.67818 0 0.17056887 135.17659 0.2823696 174.70256 34.7193 0 0.15740226 369.76468 579.04987 891.9276 687.7049 0 0.15207765 579.5653 613.3837 840.80457 684.35114 0 0.14462677 86.09764 116.852295 129.28525 149.20789 0 0.14334923 220.72089 81.05455 456.52777 181.25563 0 0.10750312 0.38355637 1.4200821 113.200485 178.55753 0 0.091405824 466.48148 103.614784 483.46432 190.84268 0 0.09084447 594.6574 629.50574 767.59125 675.73206 0 0.080683656 169.49593 3.1967888 253.48763 130.42218 0 0.07793683 375.41547 584.8611 843.90985 849.7008 0 0.06720216 219.82007 87.24089 356.8883 400.53107 0 0.0665265 213.17511 27.537643 465.54327 410.49115 0 0.06244805 287.47482 388.6848 371.99234 576.29443 0 0.062362004 219.62851 58.391624 446.36508 268.6855 0 0.061177105 328.61633 409.47357 925.8718 826.49335 0 0.054993566 329.08838 562.7582 367.6192 613.64026 0 0.053507455 173.28114 6.840145 191.48604 78.7374 0 0.051041424 213.64288 275.84372 232.93301 346.11533 1 0.9373582 79.01727 270.79617 292.28024 435.84995 1 0.93226427 84.31572 12.740799 187.68529 146.05327 1 0.38767827 0.12169647 5.8005066 189.61566 179.04364 1 0.27177972 135.04391 0.29697037 174.78967 34.692944 1 0.14441356 467.21777 109.83951 484.9682 189.25299 1 0.1234922 164.33466 5.3542824 253.82101 131.02386 1 0.08748273 86.36725 117.90793 128.75517 149.27267 1 0.079385385 114.65559 0.11264992 174.81012 50.04338 1 0.06872864 195.5289 225.12836 241.35916 265.01022 1 0.057696838 174.24303 12.582348 192.4728 80.168884 1 0.053668924 472.001 116.1978 491.7847 190.14449 2 0.6243102 285.95563 519.83374 327.463 583.5724 5 0.5581534 285.94803 520.133 327.7996 583.35077 5 0.06048563 288.84265 409.18588 354.74585 523.1365 6 0.9897804 213.3354 26.879547 472.1524 412.88165 6 0.9524367 708.1265 346.30417 905.2996 642.9547 6 0.9482013 310.10278 144.41621 742.58325 642.42847 6 0.79524565 383.05725 604.9711 810.7549 849.243 6 0.58515084 315.55054 330.2899 927.90173 845.2722 6 0.5638289 224.91447 30.948807 461.98926 196.2866 6 0.5235861 284.69113 323.5127 400.5294 604.7622 6 0.4959981 288.72467 390.52295 358.59595 559.95624 6 0.42539746 322.02673 468.81873 747.1195 656.85205 6 0.3010008 292.4867 133.18616 492.77887 570.0714 6 0.24678585 371.1321 571.42505 894.2217 693.37585 6 0.17475586 564.4022 153.59894 938.57007 659.82684 6 0.12869382 219.56445 86.94519 352.63232 401.47806 6 0.10444764 211.0596 112.9852 469.106 257.86005 6 0.09252404 463.6283 356.37262 924.2472 623.00214 6 0.09231399 211.53825 175.11493 430.80402 365.59308 6 0.061189644 283.811 237.93005 422.77188 413.37994 6 0.05816366 305.26666 339.90637 401.94922 403.701 6 0.054038383 566.4553 591.29425 876.8688 681.4942 6 0.05272495 466.0526 102.46045 481.48865 190.0347 6 0.051168784 598.9207 143.65839 740.05023 631.17004 7 0.22367439 867.3695 365.524 950.83655 566.2437 7 0.09948763 135.03181 0.2539749 174.75307 34.928658 7 0.073538296 894.08936 376.30798 952.83484 502.98596 7 0.06535681 289.6385 411.41382 355.50494 523.5614 ,test/0459.jpg
0 0.7861886 148.41205 390.86102 848.7558 557.35016 0 0.29473743 407.53772 398.7377 537.85706 428.84982 0 0.18420239 390.97656 406.7102 626.25507 435.04547 0 0.17994918 427.1816 383.78207 535.94653 410.17593 0 0.16649002 160.5185 449.15085 857.5961 506.8809 0 0.15042008 152.88312 444.51447 858.614 617.79974 0 0.13286318 710.68427 783.21783 778.34576 796.9892 0 0.10868421 562.4233 779.18524 631.0866 814.75714 0 0.08027941 360.37207 390.03195 711.4385 439.34396 0 0.069112636 712.3879 772.9325 775.65045 790.3103 0 0.064524405 426.38812 397.18686 532.6209 410.37363 0 0.061621077 254.52606 375.62042 659.33057 434.3944 6 0.9095 147.06473 366.81854 862.7322 620.294 ,test/0460.jpg
5 0.99921286 433.2519 444.16025 775.86176 647.9521 ,test/0461.jpg
0 0.3452372 217.91078 138.44696 669.7281 271.4638 0 0.23301595 248.08783 182.97687 795.3377 898.78204 1 0.4380136 248.11841 170.30984 795.27966 898.6633 1 0.10857635 728.78687 327.62 790.3667 382.54053 1 0.0988241 752.6551 342.9142 790.2624 384.9877 7 0.8534477 234.11841 133.7529 797.24036 897.4164 7 0.12929338 611.7089 868.0419 854.7226 1024.0 7 0.07477012 244.72333 193.26889 651.7566 664.3788 7 0.06053271 222.87589 135.04123 578.4061 265.46292 ,test/0462.jpg
0 0.40787816 86.59851 475.578 692.99524 769.7644 0 0.108788185 0.0 231.2801 232.57521 546.9171 1 0.27799723 86.89194 476.5232 697.28674 771.4263 1 0.14442214 0.0 231.2801 232.57521 546.9171 2 0.5357697 83.58472 475.5545 701.19775 769.91156 5 0.13845648 87.83136 475.65497 696.4181 769.1436 7 0.37354726 86.76114 476.09143 696.96704 772.3876 ,test/0463.jpg
0 0.34742808 885.9588 166.58273 1013.3121 265.00708 0 0.2116167 694.43787 146.17546 826.91565 282.5312 0 0.12751469 87.166626 434.91885 362.28137 575.7751 0 0.088020444 910.9492 207.09097 1024.0 262.61514 0 0.074526966 883.25867 183.22464 991.8541 243.09036 0 0.07383415 867.57996 80.43898 1023.23096 380.82977 0 0.06958897 643.83746 87.1826 831.63153 345.93152 0 0.058070928 637.4387 241.65155 1005.0736 434.75867 0 0.055519782 479.93015 255.5268 538.33295 309.06726 1 0.99588495 494.06207 70.32214 840.1545 327.14188 1 0.8591266 244.02129 224.4275 603.2153 460.91815 1 0.7464034 170.9866 320.69894 387.57254 472.02402 1 0.21262255 526.8307 69.9223 1020.3689 464.8321 1 0.20765372 86.15344 434.9878 363.17896 575.84674 1 0.15983944 699.11084 148.86699 826.91833 276.97498 1 0.14929612 152.73132 186.03644 534.4672 595.33276 1 0.0914037 474.59268 212.5315 683.2836 338.43634 1 0.06797867 170.99818 302.4101 543.7658 505.5608 1 0.067304365 893.205 42.82965 1022.8199 171.53955 1 0.06702455 643.83746 87.1826 831.63153 345.93152 1 0.057484876 254.87347 298.34784 303.46216 322.05975 5 0.12019923 642.8302 345.5177 735.0311 409.33124 5 0.10191206 683.683 388.5605 745.51404 414.72192 5 0.056112595 646.2347 346.46738 705.4948 378.86813 6 0.9036824 574.0742 352.93982 922.41455 525.5205 6 0.88724154 888.46875 41.27362 1017.4348 175.59937 6 0.8546406 883.27747 38.004776 1023.7899 355.1504 6 0.83739877 883.5392 126.17687 1021.65344 268.73465 6 0.6499603 887.66113 120.27664 1023.7672 176.24371 6 0.38159078 85.71608 435.76624 365.281 576.2719 6 0.35877776 866.8291 174.77272 1021.5 311.66437 6 0.23754464 557.8503 244.38184 1003.9311 520.56726 6 0.19859321 795.99896 118.104416 1022.6695 373.46716 6 0.14276417 882.28357 177.34 1006.26 252.01956 6 0.12523599 907.3476 106.28062 1022.5173 157.40253 6 0.08127093 933.02155 349.27692 1024.0 429.52026 6 0.07488687 834.4444 222.77107 1024.0 332.73572 6 0.06560309 636.7797 384.51154 901.6795 487.50995 6 0.063030146 624.5281 96.98346 1019.72974 480.5276 6 0.055004556 623.06604 423.644 902.0465 524.4137 7 0.9983084 241.32327 100.49584 522.27515 314.32706 7 0.9981925 170.92416 414.87723 715.52136 952.6544 7 0.961505 629.9247 246.70229 1003.04895 437.05377 7 0.8215627 410.04572 420.36377 514.86646 578.6671 7 0.71769667 473.1886 151.45712 541.8469 249.86935 7 0.4867484 179.78362 537.08295 428.22034 788.0682 7 0.48012355 413.34943 420.9456 713.832 786.46326 7 0.29555786 84.61064 435.55463 377.3697 577.4776 7 0.2834908 729.9301 148.26497 829.14606 244.14876 7 0.23682064 151.40022 466.365 355.77338 706.47253 7 0.23660706 830.77686 252.85175 971.04834 425.91937 7 0.17998396 562.2539 177.54999 1011.23596 513.0522 7 0.16821893 310.4378 417.58044 561.2519 572.9037 7 0.15688036 690.4287 146.35944 824.8517 284.8092 7 0.12049493 127.537674 501.1375 384.1505 574.51886 7 0.112687774 348.7717 418.2908 640.3606 662.5316 7 0.10228462 484.13763 154.02249 538.9785 185.69131 7 0.08766621 641.74066 347.4156 749.24945 412.85535 7 0.072543286 812.52686 56.88382 1022.4708 436.53918 7 0.064201914 150.36246 340.1911 682.65686 727.8044 7 0.060301155 654.0455 245.91162 830.71063 425.06592 7 0.05798654 253.32948 508.85168 353.57 553.23303 7 0.05753113 576.06726 340.86877 992.6194 499.1684 7 0.056510597 203.76706 443.48355 417.7977 564.23676 7 0.05584521 117.17473 420.44464 434.01825 736.92365 7 0.053553518 683.683 388.5605 745.51404 414.72192 7 0.051826056 254.86664 307.4563 403.1919 458.53772 ,test/0464.jpg
0 0.7355979 683.894 448.52213 714.24713 509.59824 0 0.33736914 615.3444 491.52423 680.1612 564.7443 0 0.12543426 660.7766 484.6802 828.6682 662.66327 0 0.091038465 67.797455 296.04913 145.26231 437.6338 1 0.99678683 489.30322 311.99158 955.8375 869.9784 1 0.98917854 101.43935 91.23538 364.67065 488.54343 1 0.9761648 488.25958 167.6312 705.6484 425.4362 1 0.9364312 64.33149 296.72778 146.63135 437.8573 1 0.8663869 660.5359 484.73264 828.6067 664.36334 1 0.2217474 83.399734 273.1159 346.26117 491.92566 1 0.19103727 497.66464 384.61484 648.62946 543.54047 1 0.1804293 490.55377 368.79053 888.9323 679.1377 1 0.16716036 615.3505 491.7552 679.78754 564.91644 1 0.13478664 558.5126 171.83896 631.67395 255.76968 1 0.11769383 595.0085 169.90955 701.63617 318.48175 1 0.10529882 106.81893 122.63492 346.92612 338.83398 1 0.06315596 723.536 481.18185 830.2565 554.1072 1 0.06108398 484.27426 217.18454 695.33044 566.8335 1 0.059943568 494.5096 248.67178 614.47406 422.46243 1 0.050164968 688.43384 265.2944 720.6516 319.2382 2 0.470408 615.0505 491.43976 680.2282 565.25494 5 0.12080484 614.8496 491.45596 680.4143 564.88403 ,test/0465.jpg
0 0.09127854 275.4145 206.37524 710.08746 753.3121 5 0.095732965 281.56158 202.87842 699.4653 785.322 7 0.9676536 276.7947 206.54596 701.1399 756.9474 ,test/0466.jpg
0 0.08363377 230.6066 119.201416 744.83545 617.55725 1 0.9778031 171.71461 728.00305 385.0039 928.24316 1 0.36954316 225.25696 439.05682 448.13525 596.06647 1 0.0663315 237.77232 115.566666 732.7274 612.8221 2 0.9613014 234.08868 112.50284 743.167 613.62646 7 0.20661715 367.67532 524.94244 442.1299 601.52313 7 0.0519797 325.4615 528.4004 478.38434 609.9602 ,test/0467.jpg
0 0.29529285 416.34607 361.18967 630.00037 593.24146 1 0.9207069 414.6611 363.48587 631.89435 595.96497 ,test/0468.jpg
0 0.059566803 893.7967 555.3799 935.6629 577.395 0 0.052456312 729.40765 508.5534 991.85406 695.18195 1 0.98430586 59.98416 370.85495 497.6191 617.0821 1 0.13167763 455.6579 344.0518 715.97064 591.21014 1 0.09514612 549.16394 530.15295 609.994 548.98804 2 0.05292363 647.6944 403.5216 683.72833 448.3684 3 0.0859182 727.84076 511.6022 990.31647 699.8993 5 0.9528194 727.2522 510.80286 990.4712 700.2737 5 0.09648029 929.2205 502.08273 984.08417 539.04016 7 0.9795258 451.33142 344.26355 717.22144 592.98395 7 0.12180927 59.4225 370.67212 495.80804 617.1222 7 0.07108156 211.78575 292.91763 411.72424 399.56296 ,test/0469.jpg
0 0.9978042 101.94238 288.51764 913.0745 725.5288 ,test/0470.jpg
0 0.1889177 566.3229 680.34814 710.4667 738.32764 1 0.20642477 682.93146 46.195145 805.0212 210.85277 6 0.9997621 516.1671 692.80493 803.8081 983.7666 7 0.9992847 455.92932 61.391754 784.46765 724.9575 7 0.999161 100.90106 469.3982 511.73572 847.56287 7 0.50688505 566.41846 679.75616 710.2772 738.3326 7 0.18950747 320.40784 318.96204 444.88812 462.15656 7 0.08876058 448.40878 610.07715 731.9907 744.06165 ,test/0471.jpg
0 0.18748626 395.3562 465.7343 439.79102 534.0379 1 0.99673444 300.6351 206.7602 757.94714 791.86053 1 0.7678868 674.7096 425.30698 720.2798 512.5238 1 0.15577921 676.83875 432.3557 693.6201 519.11743 1 0.10795195 600.4783 246.41632 759.8401 822.47833 1 0.105429016 348.5175 688.1343 607.97546 744.55493 1 0.09724449 697.47644 423.33002 718.90356 508.35748 ,test/0472.jpg
0 0.38601643 169.38737 540.1309 227.32118 566.3256 0 0.175014 78.04788 973.9543 176.12444 1023.9804 0 0.058669828 127.02583 994.327 177.2765 1023.3159 1 0.99843794 40.632477 364.81854 974.44836 732.6622 1 0.18414266 592.1222 627.5469 928.5265 688.8185 1 0.17187978 342.5788 627.37244 727.1285 675.91016 1 0.1535197 718.74634 632.8733 931.3253 677.2195 1 0.12049602 78.04788 973.9543 176.12444 1023.9804 1 0.116425164 313.98288 634.40686 736.34863 713.7274 1 0.10760446 39.405792 597.9616 965.3767 725.37164 1 0.07783798 128.04774 994.58093 177.61086 1023.44324 2 0.23719294 136.0983 994.0219 176.2912 1022.4943 2 0.14481665 77.583916 972.5454 176.18808 1024.0 7 0.99897325 0.82385254 926.2392 253.41438 1024.0 7 0.36919555 78.20192 971.7331 173.2022 1024.0 7 0.35171947 127.750435 930.9736 250.3675 1023.43463 7 0.080789514 27.877586 946.961 182.16214 1023.6281 ,test/0473.jpg
0 0.12264342 173.0199 481.25595 859.3562 590.82764 0 0.05258503 118.771515 492.1705 902.7637 799.29895 7 0.9085043 172.50296 482.5536 858.917 578.34485 ,test/0474.jpg
0 0.09342646 414.5746 361.43356 475.1048 438.07376 0 0.060756147 295.42645 132.97913 390.16217 297.96124 0 0.05214097 283.48727 435.3793 303.05478 465.14957 5 0.9954732 248.47679 240.6994 555.4816 744.7941 5 0.70578396 246.79684 0.304039 400.66934 145.58142 5 0.37180498 224.50171 79.51587 269.49545 129.93228 5 0.23153424 512.1592 62.7565 558.56616 120.03963 5 0.17778978 194.42351 0.0 489.0238 152.47955 5 0.10572772 327.92096 406.7271 554.00775 730.5412 ,test/0475.jpg
3 0.99830747 199.73056 208.48851 698.52893 628.8533 ,test/0476.jpg
3 0.9999769 501.011 158.32426 861.1891 402.5808 3 0.1927024 97.92824 412.46637 497.78577 835.9019 5 0.97482365 97.93259 412.1619 498.80435 840.9297 5 0.06754221 404.92896 406.18066 508.22662 472.01514 7 0.06481965 99.13454 413.95032 494.31042 838.4127 ,test/0477.jpg
0 0.8734787 431.4829 150.40353 584.3075 391.21323 0 0.42482385 341.3688 131.52444 658.00464 403.82358 0 0.25640136 311.14255 163.75815 701.9429 606.6907 0 0.15002164 447.3849 179.69258 669.22034 443.6789 0 0.086858466 265.1369 484.9036 586.3026 842.0029 0 0.066108935 317.01157 353.27817 566.92883 471.85953 0 0.065142825 565.44104 95.8755 636.526 176.7111 0 0.058994997 265.96036 434.23505 698.5055 696.1032 0 0.05152007 264.02582 487.87363 505.15936 722.9249 1 0.996086 261.39774 469.86307 744.86426 921.1825 1 0.73237723 688.94366 480.44308 755.9102 550.9646 1 0.5390447 260.09198 574.2719 596.4354 850.5026 1 0.49852 526.6345 446.8369 745.95703 874.63354 1 0.22671787 587.7419 433.8657 712.2613 570.8794 1 0.10724823 498.8191 440.7242 737.7329 668.4415 1 0.106368214 655.7434 430.8156 741.24316 564.63196 1 0.09873797 319.63287 407.94775 701.20856 779.932 1 0.09282627 264.02582 487.87363 505.15936 722.9249 1 0.08849569 260.5253 580.58527 477.1481 746.05426 1 0.07902476 686.23035 483.46497 722.53796 544.3544 1 0.057588935 597.975 472.409 750.29626 690.2879 3 0.15560809 754.9186 188.65067 1024.0 644.8275 4 0.062103376 383.20386 203.00636 409.58362 252.05003 5 0.15571392 754.8741 187.81635 1024.0 645.08484 5 0.06952311 383.20386 203.00636 409.58362 252.05003 6 0.97660893 310.74066 113.73624 694.6367 617.3623 6 0.5114653 339.29456 131.86559 649.31683 395.28156 6 0.111480996 325.6264 360.47952 713.8465 614.66064 6 0.055606678 587.17316 431.87665 711.4882 572.33875 ,test/0478.jpg
0 0.053457994 0.0 825.9994 219.1762 1019.803 1 0.9995815 320.45117 291.43903 988.6749 724.31744 5 0.098652035 0.0 828.1761 218.0425 1019.3975 6 0.07443934 0.0 827.18494 218.49872 1019.54626 ,test/0479.jpg
0 0.37193286 590.31134 896.7981 663.42084 942.41565 0 0.12547079 133.48956 559.95105 688.76324 947.792 0 0.1136088 279.04425 40.329178 857.7149 492.29785 3 0.8694403 278.80438 39.308823 857.2128 492.26025 5 0.15325011 277.96637 35.909607 857.73724 492.3994 9 0.953404 132.4036 560.4684 689.0685 946.6937 ,test/0480.jpg
0 0.99844956 194.49622 357.73895 908.0316 620.35394 0 0.9014031 599.4783 392.0957 891.1671 629.62994 1 0.17107737 726.17957 393.3006 893.9513 625.8034 ,test/0481.jpg
0 0.064222015 424.3446 175.89842 757.2008 495.04462 1 0.9067439 443.54495 175.12079 758.85486 489.42725 1 0.8565669 467.8478 322.0079 765.5786 478.86966 1 0.7329382 155.15753 282.79755 774.0086 744.0229 1 0.619148 58.22988 0.0 209.98721 34.852306 1 0.18868676 181.31891 187.31697 747.3463 563.07623 7 0.3238041 58.043274 0.0 210.06952 34.77881 ,test/0482.jpg
0 0.3125989 908.16113 822.71674 1024.0 914.61017 0 0.17942993 223.27362 331.36084 534.9857 776.2771 1 0.9630471 222.97318 331.1716 536.0165 777.0405 1 0.23114216 908.22205 823.68835 1024.0 914.09143 ,test/0483.jpg
1 0.9974899 103.88458 109.771454 757.03 647.2975 ,test/0484.jpg
0 0.3512374 223.6748 504.64197 831.76404 642.3994 1 0.40580156 224.08536 504.27792 829.9099 642.0614 2 0.34590602 221.47931 505.00177 833.94525 642.48846 7 0.16165622 223.72113 504.9058 828.4328 642.1653 ,test/0485.jpg
0 0.9991314 257.50198 299.04443 793.45386 743.3059 0 0.10308858 57.120102 938.25024 272.4323 1023.54663 0 0.050350666 163.93732 985.2519 272.43063 1023.9849 7 0.06985677 250.90363 310.31036 791.7574 742.6464 ,test/0486.jpg
0 0.3751332 334.2967 330.89996 650.77295 539.6191 0 0.13344714 288.23972 348.77814 328.78146 381.4229 0 0.06275798 349.2987 333.64267 518.75757 473.783 1 0.7282194 333.79962 331.02734 651.1043 539.88214 2 0.055809464 335.26883 330.78137 651.2997 539.58734 6 0.28105193 329.68173 331.14438 651.4552 540.3091 ,test/0487.jpg
0 0.99339384 623.1288 403.2878 790.3971 499.92538 0 0.3756959 232.3974 193.27548 918.76654 880.7931 0 0.10458679 460.12946 408.89774 805.2022 509.7491 0 0.09464508 0.0 4.3855057 35.205933 179.02768 0 0.08758314 453.72168 457.31064 649.01074 510.03836 0 0.07009497 0.0 632.7822 262.65762 1024.0 0 0.06440389 229.19669 362.3781 919.90894 701.3464 1 0.8331431 453.9793 457.4667 645.9588 508.9634 1 0.41741613 481.0295 842.544 777.80457 1021.68463 3 0.8924997 232.25781 191.8342 916.2081 883.0172 5 0.05232774 230.46512 194.68045 919.84924 881.16296 6 0.09846692 0.0 7.5694504 35.256393 178.61133 9 0.089000806 0.0 5.0990906 35.197945 179.2397 ,test/0488.jpg
3 0.99176615 825.2922 160.33304 1002.6976 327.54968 5 0.9994522 401.46802 98.00256 750.8446 818.55896 5 0.8983035 447.30023 515.4761 738.23737 827.8694 5 0.0938445 435.86688 460.53983 738.5704 668.1113 9 0.88652563 6.2248383 591.1848 515.3601 1024.0 9 0.059215233 980.9674 204.68872 1024.0 307.93958 ,test/0489.jpg
0 0.9920711 0.0 365.08548 161.26645 592.84784 0 0.28913727 735.492 66.13063 1020.8559 205.86662 0 0.16508399 974.8609 85.27356 1022.0782 199.0234 0 0.06336059 155.21082 147.4786 447.06238 848.9684 1 0.24796712 613.0603 254.64287 801.9343 335.11215 1 0.13629523 624.39795 241.0241 1021.4508 644.3492 3 0.50624377 736.9382 66.18063 1020.17084 204.33228 3 0.084719144 153.80884 144.01712 447.0973 844.96106 4 0.9288022 490.2058 159.98148 631.4237 701.44543 4 0.32331243 974.51306 85.85584 1021.82043 199.37094 5 0.96611965 79.963806 530.96295 175.63327 722.0318 5 0.95668703 149.4788 143.93472 448.1496 853.19617 5 0.22433436 489.90253 162.67392 631.55096 701.1859 5 0.1357781 735.614 66.25887 1019.7042 205.9253 5 0.114903495 974.4878 86.612045 1021.9059 199.72246 7 0.43212062 736.075 66.45234 1019.74493 204.88297 7 0.0932246 972.93964 83.86659 1021.95795 198.66432 9 0.061206616 974.5879 86.11673 1022.1172 199.24442 ,test/0490.jpg
0 0.7934559 0.16228485 724.74133 174.25296 932.22363 0 0.6803953 372.4285 89.77821 556.1871 208.18016 0 0.49404538 204.44852 986.7682 543.219 1021.8237 0 0.2959486 553.6624 25.940063 846.4788 664.6012 0 0.2524177 336.53162 989.16315 528.84546 1018.9876 0 0.15176159 402.3989 1.1514206 558.9725 213.15903 0 0.13417858 212.52075 986.77924 379.4953 1021.94037 1 0.99649507 159.79413 564.0078 610.1302 1006.7035 1 0.24314785 209.87935 985.34393 541.52277 1021.924 1 0.18243119 330.01294 990.81696 530.92285 1019.10614 1 0.119798124 550.9411 25.095337 846.4854 664.0789 1 0.07514769 0.0 723.172 174.0995 934.65125 1 0.063618146 164.51108 913.477 540.54504 1020.6092 2 0.9742054 553.69653 24.102081 846.8246 662.65344 7 0.5403708 0.093803406 723.5968 174.3162 933.85315 7 0.43844524 212.6959 987.10547 400.49084 1021.5862 7 0.21285062 199.42393 973.4029 517.72723 1020.0926 ,test/0491.jpg
0 0.16282459 633.4001 350.42044 658.7034 456.73782 0 0.15738346 632.14465 342.76962 666.7644 535.7693 0 0.14814973 223.42487 130.98227 538.6486 305.14493 0 0.05762092 312.206 133.41217 522.222 203.99017 0 0.050434615 53.55489 371.67627 149.96706 390.56024 1 0.99951994 158.7652 111.31424 685.14374 639.2123 1 0.8720018 223.92503 125.49882 533.6342 299.4187 1 0.2026222 319.89493 133.84656 510.13406 198.86768 1 0.090018146 277.67984 257.72195 372.98148 295.18954 6 0.9994879 267.97473 543.4184 669.8823 922.0605 7 0.99992144 685.91547 372.18665 916.06586 893.3074 ,test/0492.jpg
0 0.25169945 195.93358 306.30145 507.6695 605.25256 1 0.31622767 196.60387 306.90997 506.4513 606.1042 6 0.8951985 196.36409 306.15918 507.09973 601.8553 ,test/0493.jpg
0 0.93220747 386.36072 562.17224 422.31885 587.61414 0 0.76754844 263.02606 430.97284 290.13135 455.22284 0 0.26596487 189.76773 392.23676 813.43726 692.16034 0 0.08989582 192.11783 276.68192 807.5448 889.84155 0 0.07878712 251.99185 495.83487 792.9712 794.6492 6 0.99866474 191.12933 241.8211 812.1367 896.957 6 0.6359679 209.36795 240.69746 451.99216 456.4568 6 0.35896587 203.25226 364.8131 805.5123 676.9376 6 0.08002259 501.6155 247.39644 813.6846 536.12006 6 0.06317804 415.16614 435.1605 806.41614 700.19006 6 0.050871152 214.36182 242.23822 421.9978 366.40472 ,test/0494.jpg
0 0.13406755 0.5865536 200.48062 42.118454 539.29736 0 0.06615307 219.79778 700.2866 642.4316 934.683 0 0.052349214 386.01852 510.6553 513.1057 732.9862 1 0.06771592 603.46906 726.8908 953.6375 849.35846 1 0.054153915 279.38068 344.89172 378.53717 492.65186 4 0.28055236 168.98666 31.343765 383.18625 516.561 5 0.83655685 169.44681 35.35469 383.82608 515.10254 5 0.22834957 368.53308 531.4849 650.09644 760.0794 5 0.17949095 160.01212 278.09027 1002.62805 951.55585 5 0.17138065 502.95074 775.0645 642.3686 919.4908 5 0.11511137 382.452 509.7632 512.5049 734.24927 5 0.1005512 472.8102 963.06854 558.8381 1023.8404 5 0.09976731 251.79604 435.13617 650.7556 786.8211 5 0.052281402 489.2629 776.072 776.5271 1014.9933 7 0.95500475 158.07721 278.24942 992.35004 950.26196 7 0.54738885 154.38484 862.47144 628.997 1018.0276 7 0.42546034 489.40073 783.23785 886.2064 1017.45734 7 0.3249455 170.02534 34.70497 383.6317 515.5595 7 0.22943307 162.77301 665.32 674.27765 941.53314 7 0.15167265 166.33447 907.9636 368.36102 1021.9553 7 0.14016111 365.64508 717.7803 994.7659 1022.4956 7 0.13763306 276.35822 335.37402 379.26147 494.76086 7 0.13350323 249.07167 905.19305 511.54913 1021.85675 7 0.10594826 127.28467 763.4178 832.3878 1018.54205 7 0.10473977 346.00235 523.4654 938.5427 965.2404 7 0.07654093 153.62616 676.902 283.3395 876.50696 7 0.06773199 423.9458 286.23236 730.98987 349.9903 7 0.054547194 558.55994 623.2198 964.24927 886.7961 7 0.052009936 286.81674 768.3162 679.96313 995.8414 ,test/0495.jpg
0 0.84979606 319.91248 307.70544 799.35034 725.6693 1 0.39685252 319.3708 307.29044 798.84906 725.5779 ,test/0496.jpg
0 0.8265185 18.323566 207.84471 112.286255 252.3415 0 0.5583543 659.6594 184.44067 776.1981 306.77023 0 0.2647242 137.31885 775.5336 216.52759 851.40216 0 0.16735679 634.0646 524.5117 721.557 543.3071 0 0.07507277 23.685724 238.97604 59.193115 255.9906 1 0.1936843 18.249348 208.0697 111.14427 253.23206 1 0.066747256 561.8349 547.41254 637.20135 573.263 7 0.9998535 278.92053 501.44803 652.32764 841.80347 7 0.12816001 18.68177 207.91528 111.725975 251.06604 ,test/0497.jpg
0 0.47753543 572.6791 315.1691 686.80835 410.5513 0 0.08054577 794.17914 882.8409 846.05536 939.2829 0 0.05602577 993.8208 609.4858 1018.15906 678.2541 1 0.4517443 572.21643 314.43484 687.06665 410.34354 5 0.9965327 160.24936 390.34262 714.38367 885.48193 5 0.6981696 602.82117 526.97626 1024.0 713.4067 5 0.17182519 566.2903 301.46124 688.4431 412.50098 5 0.07757307 383.89267 296.26868 1010.6913 694.7282 5 0.07404736 908.3948 536.0582 1021.5687 676.27905 5 0.053732865 739.4133 522.81036 964.3821 685.42706 7 0.11871812 572.1207 315.83813 686.9647 410.39996 ,test/0498.jpg
0 0.8482365 362.14777 360.6946 429.5423 418.60794 0 0.6417384 952.62573 250.86551 1022.8683 318.08505 0 0.6363316 362.5158 356.50122 458.28137 456.6543 0 0.45935175 431.6234 335.97354 490.58124 422.76706 0 0.24681209 397.00296 313.54733 418.97617 369.99014 0 0.23825364 431.24484 386.06393 461.09555 429.25912 0 0.23643535 922.64764 6.5906982 1004.8244 230.8992 0 0.22622372 973.03613 246.65883 1024.0 356.72565 0 0.22566532 1005.9142 288.80264 1023.97864 356.34024 0 0.20821474 757.72754 570.61584 828.56213 651.7965 0 0.18296124 397.0473 397.5116 456.60602 457.22778 0 0.17243466 508.5896 485.27365 574.2566 530.1237 0 0.16306452 396.00174 334.61075 491.9913 455.84738 0 0.15022841 545.8549 335.79547 677.46234 489.7802 0 0.14803527 438.37958 437.8416 502.27545 499.43103 0 0.13749918 254.56699 380.48004 497.58255 593.3464 0 0.13534376 956.09174 191.63538 1022.9086 366.49927 0 0.11618631 374.7756 634.3197 404.8303 668.9199 0 0.10385495 194.80743 465.31073 204.74985 537.37616 0 0.10162098 388.4945 355.9475 447.7621 436.67987 0 0.09997898 975.6677 3.7528076 994.9535 56.077866 0 0.09514297 377.52878 300.58084 447.01224 452.36514 0 0.088585295 980.0174 255.52687 1017.0887 310.57837 0 0.08448394 401.2406 358.59558 435.39642 405.05695 0 0.08248133 440.8439 422.68738 459.42783 462.9958 0 0.06886718 394.39334 307.15912 424.0427 390.9073 0 0.06357927 504.9657 486.00705 545.605 518.38934 0 0.061270557 486.67447 520.0851 518.7234 562.7197 0 0.060703732 323.90826 336.42963 471.7221 440.55103 0 0.05469561 496.49805 520.1055 518.8982 550.62775 1 0.9733044 931.1269 450.95636 1022.3532 550.33734 1 0.964594 189.71423 412.20157 533.5871 897.28784 1 0.9235638 515.8711 220.23833 928.27185 569.2327 1 0.8673136 521.77167 396.6095 921.6369 792.6987 1 0.83771634 237.17844 520.6336 348.25253 643.36334 1 0.8150205 780.35034 447.90155 912.8533 575.27094 1 0.7990213 242.23746 367.52808 509.16507 602.5 1 0.7543853 310.0843 546.274 431.8958 717.7442 1 0.741051 753.251 569.4384 830.8622 651.45844 1 0.6664117 432.45782 336.44562 490.52795 423.45 1 0.62683064 523.30115 557.59717 622.391 664.9343 1 0.6159325 621.9326 191.5334 986.28186 353.35803 1 0.5796787 520.52155 509.83447 830.918 753.30615 1 0.46150535 866.65533 389.0731 961.1617 479.9191 1 0.3737432 785.5489 168.26344 1021.0074 578.0931 1 0.37303394 407.17 250.01782 683.85706 474.54187 1 0.31091624 956.42316 121.61102 1021.9515 319.21625 1 0.28777087 851.8713 259.75662 1024.0 503.44394 1 0.2689165 623.7276 159.89896 775.9793 340.8791 1 0.26564306 392.42136 563.4214 445.57687 645.7395 1 0.24198194 532.22485 375.27048 874.5879 614.22504 1 0.23304002 760.5634 365.88684 927.4539 645.2302 1 0.22509782 202.98589 508.3111 517.6217 729.7028 1 0.19580081 966.80347 129.54173 1024.0 223.13124 1 0.18687926 520.32806 555.7429 676.4128 745.66943 1 0.17647476 322.6528 621.2298 407.35104 717.85126 1 0.15475722 817.79987 380.20554 1023.7011 570.986 1 0.13966493 396.00174 334.61075 491.9913 455.84738 1 0.13617115 555.76575 620.3703 797.2529 804.7879 1 0.12752654 950.8182 33.457787 1020.5871 264.85788 1 0.12414911 398.4085 245.39494 549.849 484.8261 1 0.11771814 715.4237 447.11786 926.7721 752.60016 1 0.117324404 847.99445 371.42365 1008.8555 475.70874 1 0.105820015 574.5842 632.784 624.2295 736.95135 1 0.105787344 966.5278 178.50099 1022.7131 281.6784 1 0.09943888 786.455 316.08014 975.26556 595.6057 1 0.08537779 324.10858 623.3571 406.12317 669.7033 1 0.08163341 323.90826 336.42963 471.7221 440.55103 1 0.08006249 951.4764 250.151 1022.8703 321.02606 1 0.077231884 262.44275 432.51364 522.6753 684.1269 1 0.07318071 342.9082 187.84328 777.229 613.8207 1 0.0689978 939.8464 185.7752 1022.9157 357.20428 1 0.06722099 362.5657 411.86133 504.66354 592.06714 1 0.06690515 362.38904 356.71158 460.15448 457.81076 1 0.06409633 297.70932 310.22363 545.0191 557.95624 1 0.063882895 899.5789 42.777924 1014.1868 487.74527 1 0.06377544 412.84302 251.41342 500.74872 427.33347 1 0.061147254 394.7761 312.22598 421.34683 361.11703 1 0.061092615 949.27185 695.14777 981.1859 716.9937 1 0.05464761 545.8549 335.79547 677.46234 489.7802 1 0.054177266 724.453 236.01115 981.2014 522.57404 2 0.13697535 1005.9142 288.80264 1023.97864 356.34024 3 0.48505437 399.9101 392.34128 456.713 455.8691 5 0.99929726 537.4573 655.22797 591.2156 744.6788 5 0.17850108 397.0473 397.5116 456.60602 457.22778 5 0.05991093 753.233 573.76135 829.6236 651.1162 6 0.9193492 910.43384 289.52783 1023.4573 486.2276 6 0.30894658 255.73277 381.49017 479.0962 584.80914 6 0.18537639 956.09174 191.63538 1022.9086 366.49927 6 0.06485921 966.5278 178.50099 1022.7131 281.6784 7 0.913104 922.3498 28.598656 1003.04095 227.13718 7 0.64071065 249.16377 561.4768 334.51773 627.17554 7 0.16356441 363.14923 360.46536 423.4945 419.6393 7 0.15450472 240.54004 525.4767 350.633 639.24646 7 0.10472438 244.50392 377.73712 511.23663 603.13983 7 0.10298367 432.15173 336.63263 490.51288 423.18683 7 0.100628 953.8573 253.42163 1023.5206 309.36853 7 0.09482859 1006.36426 289.4678 1024.0 355.27792 7 0.07932576 950.8182 33.457787 1020.5871 264.85788 7 0.063164175 362.6269 356.687 457.38678 457.4475 ,test/0499.jpg
0 0.79014534 170.53734 433.4787 584.2754 912.2891 1 0.43566072 171.70386 448.5346 584.40216 913.1901 7 0.07134239 178.93617 397.12378 594.8726 908.6527 ,test/0500.jpg
0 0.12792975 506.73663 328.75937 564.9122 399.00894 1 0.9684174 711.6462 95.27324 903.85126 277.21423 1 0.49837705 426.97302 109.42732 592.8376 205.30305 1 0.4284252 370.3572 118.281586 449.80246 251.23877 1 0.26441714 434.73312 139.4885 532.15234 347.24515 1 0.24236389 407.52393 75.07049 703.8096 236.70999 1 0.18528408 366.1682 105.00398 551.91595 351.1834 1 0.1784269 693.01715 96.65767 905.45233 135.47905 1 0.12549354 444.8553 98.57875 635.2398 142.7871 1 0.11401447 396.95312 118.05982 629.84875 312.39368 1 0.08971078 428.59186 86.79678 644.7631 183.54742 1 0.072609246 489.13547 134.60953 625.631 345.24564 1 0.06635015 384.67795 116.08896 544.0593 225.30792 1 0.058595408 433.4808 123.25692 461.5253 261.56906 1 0.055447806 412.1948 130.55574 450.52805 251.3455 1 0.05274576 436.3266 133.9273 549.34 204.26602 1 0.05132215 432.49442 114.58183 582.90735 154.1534 2 0.10386654 350.06818 566.2496 450.20032 685.1901 5 0.7775163 540.4903 322.95584 613.8647 423.73373 5 0.48755786 610.3716 311.9709 719.9606 515.89026 5 0.37333244 349.14758 564.89014 450.2213 686.22986 5 0.36958885 454.60263 225.75723 522.86804 334.64633 5 0.2986999 616.88617 438.21283 671.4692 525.9211 5 0.23156597 388.49185 534.32837 507.1556 711.4912 5 0.057278283 401.73026 690.52155 447.50113 837.6833 5 0.052068926 517.5126 180.92325 588.8534 311.99866 6 0.09814981 349.14758 564.89014 450.2213 686.22986 7 0.9993327 108.40248 253.879 540.97504 959.37524 7 0.9739204 522.37427 327.7349 880.13513 953.5027 7 0.9298408 513.9645 131.98807 619.7488 418.4141 7 0.90591717 734.72864 152.59381 809.36584 401.26038 7 0.6902265 511.31024 114.308426 807.45746 441.4629 7 0.6266423 265.5965 226.9727 589.8954 506.58105 7 0.47198823 370.92102 119.29986 449.63287 251.80905 7 0.35895747 439.6119 180.48343 525.70905 344.20743 7 0.35085467 443.64044 375.15662 613.0289 676.21265 7 0.31514668 458.37473 229.32167 522.51685 333.64752 7 0.26918033 601.2031 67.25249 768.68665 471.33862 7 0.23219338 323.0007 193.36334 536.2246 703.13574 7 0.15651856 111.16795 305.88617 203.98021 601.8292 7 0.13210008 505.80402 328.05594 728.10846 803.9027 7 0.11881099 293.69708 221.09038 444.30817 285.31598 7 0.117161185 93.181076 304.82574 160.94788 622.9055 7 0.11442903 416.06537 129.46451 622.3464 435.8818 7 0.11184149 363.3826 278.78195 602.6343 658.2981 7 0.109605104 375.05667 228.75061 809.6865 871.8778 7 0.066430114 339.56836 121.0013 541.6001 344.57996 7 0.065979436 508.01312 319.39426 574.5345 420.58835 7 0.06415264 499.56635 139.02457 590.1329 338.32788 ,test/0501.jpg
0 0.9601643 824.5183 127.318825 1020.90564 326.07285 0 0.94285643 370.10083 529.09357 651.9182 762.9921 0 0.3878941 535.1996 402.84872 663.6947 553.3497 0 0.16249685 226.15118 7.119507 638.28845 678.73816 0 0.14721936 235.68837 863.4087 412.40808 1023.6234 0 0.113800794 514.9654 19.332184 1007.9223 545.11536 0 0.10310946 833.13477 49.69113 917.9049 327.67468 0 0.10295934 280.23187 509.22433 827.05743 874.4155 0 0.07746812 505.45474 11.053436 613.0495 530.7477 0 0.07381174 537.93134 486.7875 651.55316 554.4105 2 0.73762363 238.53531 863.8573 401.39383 1023.5547 3 0.06700177 226.65309 15.940796 609.5452 631.27905 5 0.35626715 238.18333 863.6544 411.36926 1023.44617 5 0.06018176 835.0237 19.05452 1015.33655 340.63702 7 0.91938645 536.2025 405.0063 663.4552 549.24603 7 0.4564161 508.97 11.420654 616.0579 529.64795 7 0.079171196 237.05179 862.9119 419.72855 1023.79083 9 0.10916278 365.58203 529.0998 651.2738 761.4566 ,test/0502.jpg
0 0.29989493 10.866989 393.23685 376.3263 627.5537 0 0.16204816 818.6923 26.904186 1020.2552 115.01614 0 0.09667921 608.81335 592.85144 797.18115 702.16187 0 0.079814516 100.85786 681.71 338.8841 824.2214 0 0.053881522 3.2573128 390.57025 94.88048 457.89728 0 0.05297994 608.0394 336.3496 799.16125 606.1562 1 0.86244166 608.9845 593.5794 797.24805 701.4013 1 0.35761392 829.0541 30.39526 1020.254 113.25952 5 0.990969 358.42053 614.8821 634.78406 775.43994 5 0.9585 808.7241 605.69714 1022.77344 704.5405 5 0.10482778 336.68893 586.32745 911.47754 770.5926 5 0.10397145 582.1288 594.5237 1024.0 705.4044 5 0.082791805 606.56287 592.623 809.88477 701.45795 7 0.97926784 607.1165 338.6968 800.49945 602.39575 7 0.95772564 100.81103 681.3219 337.7341 824.3429 7 0.92134476 9.893768 393.19467 377.4494 628.10376 7 0.5138299 868.4874 0.79332733 1022.60095 118.43027 7 0.13332239 808.58905 554.4001 853.5528 604.0252 7 0.08387588 358.41705 615.3736 634.5269 775.80304 7 0.06043279 86.55374 587.0082 853.3738 818.56433 ,test/0503.jpg
0 0.9999064 284.4886 356.9423 708.4679 573.6404 ,test/0504.jpg
0 0.22729926 202.94998 391.07355 727.15173 756.0218 1 0.7797681 202.177 391.02954 729.1559 754.29126 7 0.28521863 202.7327 391.44507 728.2119 755.1443 ,test/0505.jpg
1 0.9974209 199.94522 199.4508 846.95764 749.63306 ,test/0506.jpg
0 0.9908584 337.9701 25.812912 787.1605 311.44415 0 0.9358109 4.4445343 235.7663 342.9272 633.8205 0 0.91725844 137.3419 71.504486 217.6361 117.14354 0 0.84017545 0.0 60.72442 234.84181 214.45056 0 0.68567777 3.1000977 230.23068 1024.0 660.78796 0 0.54409873 390.20328 299.93115 1012.7908 705.9053 0 0.5396438 748.42224 310.3368 1024.0 405.77393 0 0.4996365 0.0 12.039246 723.91736 310.95825 0 0.44356462 672.03937 249.03275 787.16815 344.69254 0 0.3887769 376.53992 29.76767 739.8412 76.58734 0 0.33473346 620.85034 18.191662 721.39453 45.21102 0 0.31569302 631.50024 40.353775 779.3406 272.8318 0 0.31034926 0.0 44.98345 127.97015 90.90722 0 0.3005387 0.6294861 11.703995 264.89203 295.94464 0 0.28950965 767.97 251.03229 862.34485 322.0296 0 0.2873818 90.08278 11.510826 394.9552 246.11182 0 0.2265709 367.0924 256.15482 639.3059 332.31778 0 0.21807495 404.02335 401.6617 1018.8275 1024.0 0 0.20078866 0.0 1.1501884 138.29913 92.52956 0 0.19313139 740.5432 260.86832 1022.2814 452.704 0 0.17819774 275.4975 266.37408 1018.62286 537.84344 0 0.16325249 0.0 24.636677 222.49667 109.629105 0 0.15862784 82.50253 0.98038864 133.41948 33.605965 0 0.14324807 415.33215 392.40225 797.5189 646.1014 0 0.12621635 876.59326 349.69617 1024.0 402.35693 0 0.1243307 91.91 14.416473 744.9885 100.80309 0 0.107575335 109.79806 45.388504 221.64355 117.90279 0 0.10180466 609.6794 587.22626 749.3791 685.4732 0 0.094963744 141.19891 192.2684 665.0981 330.47446 0 0.070879675 129.38991 193.71115 368.6714 297.66498 0 0.06494665 283.21304 388.24545 364.90768 396.6843 0 0.057646867 719.52155 298.14423 1021.0595 751.64716 0 0.05418334 156.42906 15.811559 216.1559 39.169044 0 0.0518031 385.77097 641.811 405.53336 678.0313 0 0.051323008 21.39441 95.449295 1024.0 429.0039 0 0.05128394 87.34842 47.684456 209.06296 90.71053 1 0.74883044 621.5069 18.486248 721.86346 43.33322 1 0.7421556 762.9355 250.897 862.675 322.02982 1 0.34848908 671.93976 248.68393 787.4063 345.58603 1 0.15645315 0.0 3.1516418 233.15948 222.64111 1 0.101697125 0.0 38.719757 223.57254 109.53081 1 0.08399971 605.6301 593.0738 718.74036 648.5235 1 0.07571949 0.0 40.420334 130.67451 89.071915 2 0.47784483 672.05774 248.82144 787.20715 345.32523 2 0.12542751 605.6301 593.0738 718.74036 648.5235 3 0.99313617 725.056 574.6168 1009.0303 738.21704 3 0.9886657 287.1805 182.38014 366.6346 263.01385 3 0.8726666 806.62915 583.9665 929.11536 660.66095 3 0.8310372 739.42395 601.4652 804.1532 682.75867 3 0.78205985 750.8361 582.50305 979.1302 681.0792 3 0.7432322 604.7336 591.63074 723.86896 648.7894 3 0.74043465 774.87177 632.30145 1012.741 730.51654 3 0.574589 609.6794 587.22626 749.3791 685.4732 3 0.54196537 802.87006 693.2852 1024.0 794.1247 3 0.5028937 802.7402 695.1678 898.7164 745.23895 3 0.4355619 650.0801 627.76624 755.0121 687.18274 3 0.41961965 734.8393 675.0024 901.50543 745.3769 3 0.34150553 723.1459 574.9739 838.2706 696.5753 3 0.29101253 796.91205 668.3391 1012.20135 746.7401 3 0.2625995 724.6359 616.0986 934.0651 724.66644 3 0.25922868 733.29456 602.93164 803.1107 633.7999 3 0.16381097 878.7583 721.64484 939.3252 740.76544 3 0.13099094 707.2406 563.8013 847.00964 634.7711 3 0.12399814 734.3433 623.5005 763.9815 677.36487 3 0.12205597 129.38991 193.71115 368.6714 297.66498 3 0.12058366 872.9242 647.6386 1020.91846 734.7211 3 0.107058056 735.2332 673.73 839.9277 730.1754 3 0.106823735 859.046 725.4937 1024.0 798.7697 3 0.10682197 701.8492 629.81396 778.1003 686.9675 3 0.09893193 668.86346 609.1038 805.77826 696.05975 3 0.07422831 840.085 727.3225 991.175 759.6238 3 0.06664964 911.91614 643.0082 965.01404 669.6444 3 0.061004475 904.86 656.69415 1022.3297 800.8068 3 0.05664081 871.53723 733.4407 950.6737 751.25085 3 0.052645028 851.1008 693.0691 982.35706 737.25745 3 0.05241579 719.52155 298.14423 1021.0595 751.64716 3 0.051095665 823.8984 643.9725 966.6893 724.5461 5 0.13768987 653.39166 628.9681 750.9517 688.08746 5 0.09274014 609.1003 586.04 749.3007 685.24164 5 0.077224515 604.8795 592.08844 722.49646 648.6922 7 0.9641494 1.5200119 1.051117 137.31213 68.01889 7 0.4433293 385.85492 641.64136 405.5374 677.989 7 0.3499299 749.98804 309.6837 1024.0 408.95004 7 0.2722046 5.4342155 1.2231178 133.402 13.956919 7 0.18836981 0.0 3.6787186 197.98186 93.004135 7 0.10836667 947.5774 337.42175 1024.0 377.8382 7 0.09506099 671.8647 249.21451 786.57806 343.95828 7 0.08290912 876.59326 349.69617 1024.0 402.35693 7 0.07350713 609.94836 586.2756 748.9114 684.9201 7 0.06414677 79.8376 0.0 135.17633 61.27536 7 0.054902863 419.6553 310.67694 1013.6913 748.24884 8 0.0753047 734.8393 675.0024 901.50543 745.3769 9 0.21420601 421.0087 554.37335 1014.26013 1012.15106 9 0.077506416 3.1000977 230.23068 1024.0 660.78796 9 0.06042109 390.20328 299.93115 1012.7908 705.9053 ,test/0507.jpg
7 0.9980848 295.25204 172.21957 655.14124 758.0696 ,test/0508.jpg
0 0.52899796 550.63184 115.82446 862.6919 781.0327 5 0.9894693 194.93376 152.44879 465.3117 830.0094 5 0.74348474 551.0879 115.653076 863.41907 781.22406 5 0.23837532 187.37228 128.23355 870.83826 806.40515 ,test/0509.jpg
7 0.99905664 351.6805 289.61676 696.1942 872.2769 ,test/0510.jpg
0 0.0903497 355.80945 450.37292 647.6574 731.0819 1 0.96233976 355.27878 452.11026 647.7035 729.72656 ,test/0511.jpg
0 0.12963392 376.38174 506.09302 684.6897 677.6771 5 0.62036526 376.49448 505.7608 686.0145 678.4329 6 0.75260115 376.59204 504.9652 686.5991 679.1299 ,test/0512.jpg
0 0.9260602 419.6401 213.53459 754.88086 471.20825 0 0.82647616 242.63133 508.98242 594.61115 786.6349 0 0.76384246 575.1135 877.49365 829.6881 1022.4253 0 0.45166856 277.38895 883.1447 609.4364 1024.0 0 0.14234556 474.23157 399.22955 846.4691 674.4705 0 0.102949224 153.87352 292.6134 514.18994 574.5312 0 0.0722368 221.92947 371.4138 836.34326 792.19836 0 0.06294568 286.15213 803.4422 1016.7179 1022.1335 1 0.96565264 153.40948 292.7348 513.9813 574.81866 1 0.9137865 469.17987 400.96094 848.2177 675.9159 1 0.43116674 166.7312 226.02731 846.05865 762.0907 1 0.066035055 243.54086 508.23434 593.3074 785.96936 1 0.055516254 419.08344 217.61716 755.3846 469.97208 7 0.2234223 281.79846 883.3314 609.3095 1024.0 9 0.2992703 242.1329 508.28952 593.0867 786.7544 9 0.12838186 417.34625 219.52985 756.31476 466.74042 9 0.082614794 575.0401 877.7955 830.4444 1022.2304 ,test/0513.jpg
0 0.33641014 634.9322 253.58394 682.12994 281.47153 0 0.2577065 777.267 683.3054 802.366 711.75195 0 0.09011017 462.29645 590.8411 621.008 732.3392 0 0.076676674 652.0339 701.5283 688.0357 752.1354 0 0.056685586 500.9683 596.65576 610.4853 688.56604 1 0.97526723 422.04184 503.49506 667.12915 889.7962 1 0.41065377 945.7344 97.93542 1023.3192 244.32233 1 0.28838518 634.5133 250.41576 682.65393 282.83286 1 0.19431835 953.36456 142.48271 1021.39716 206.81505 1 0.17529073 971.00464 136.46938 1023.7899 243.66136 1 0.1628312 503.6328 543.4659 636.251 686.4085 1 0.13847691 460.46317 593.11615 618.9957 721.96454 1 0.108465955 947.4788 150.11543 1017.70245 185.69612 1 0.097810015 444.98532 606.54175 630.83875 798.46216 1 0.0867767 958.35394 160.22797 1010.0352 201.24622 1 0.071447894 418.0344 505.8614 533.48553 745.8787 1 0.056629956 422.5828 500.36182 474.24838 844.6146 1 0.05369058 614.72235 628.1764 664.3531 880.261 3 0.08704669 263.35352 548.59753 289.50983 604.00806 5 0.92469484 256.23102 574.27905 401.50043 658.50916 5 0.6884253 263.50766 515.8099 367.40518 607.38055 5 0.67341113 930.4293 101.99716 1022.3375 195.7532 5 0.6698177 321.98328 675.9732 390.4201 726.2536 5 0.52286565 267.63016 520.67065 408.5309 637.985 5 0.30996877 311.51 517.6263 360.90228 590.7659 5 0.2501227 260.90057 575.38324 329.5799 655.6706 5 0.18335778 366.08163 594.3356 401.2479 627.13416 5 0.15141438 634.0973 248.5434 682.95825 284.0263 5 0.11731536 226.42072 508.18475 430.9624 957.5219 5 0.100327365 478.46454 665.9108 568.24774 722.95404 5 0.09365246 323.94495 517.95984 359.26825 567.92847 5 0.09301346 262.4751 592.62897 299.81 645.96124 5 0.09187826 264.7439 549.734 297.66504 604.849 5 0.085948534 317.60318 585.6941 401.7454 659.06177 5 0.085507326 456.9093 616.6031 497.31665 666.9698 5 0.08299958 321.84378 516.5687 382.5986 610.06433 5 0.06989058 253.74106 577.46484 412.99002 722.78955 5 0.055086676 356.59003 526.2386 405.03656 641.0429 6 0.15625261 931.7734 101.33505 1022.3947 196.62656 6 0.07052793 652.52686 703.74243 687.5027 751.0355 7 0.999882 500.91675 134.10873 823.129 702.2495 7 0.9963715 221.82025 515.043 431.38336 958.11066 7 0.8315742 492.31375 438.51743 546.55096 553.36707 7 0.37879676 935.32355 99.198784 1022.95624 243.49445 7 0.2494625 463.55862 590.6912 622.8594 728.98627 7 0.17346771 420.02222 507.35486 666.2881 889.8613 7 0.15843093 634.3111 249.9167 682.732 283.22922 7 0.10253216 515.7152 529.6101 628.84143 689.9308 7 0.08057933 391.16037 589.64417 419.6976 656.8983 7 0.064279035 978.0851 139.11998 1023.8966 243.37181 7 0.054427955 500.9683 596.65576 610.4853 688.56604 ,test/0514.jpg
0 0.14262673 476.61176 347.08224 688.7795 510.79526 0 0.091771156 478.85178 629.6363 527.0135 706.45416 1 0.9214544 476.50546 347.0273 688.6582 510.98868 ,test/0515.jpg
0 0.99169415 8.722748 454.3186 951.59326 709.3508 ,test/0516.jpg
0 0.7676852 345.42703 900.78595 503.35092 1024.0 0 0.66888744 144.85524 3.3836327 159.14357 103.350525 0 0.250802 390.32437 981.30695 509.46927 1024.0 0 0.08872779 163.82245 826.7843 347.34222 1024.0 0 0.06941701 753.9393 233.83012 863.1984 270.4142 0 0.06317128 164.13104 939.7405 259.02618 1024.0 1 0.80980766 163.97546 827.16394 346.32242 1024.0 1 0.28208286 162.64938 938.6914 273.9993 1024.0 1 0.19437191 345.57602 901.75214 504.16263 1024.0 2 0.07808277 164.11954 831.71643 344.27 1024.0 3 0.058087103 165.2023 806.3186 343.76425 1024.0 5 0.7354031 755.43634 233.65033 858.1446 268.71924 5 0.06067789 345.5852 901.3932 503.21802 1024.0 6 0.99839646 98.49277 142.10623 929.95605 830.15686 6 0.059346087 86.98543 344.51544 413.97144 771.169 7 0.982414 321.4852 766.27563 707.0366 983.631 7 0.9616808 303.49576 694.7805 895.3917 990.782 7 0.34276375 345.44397 901.71045 503.529 1024.0 7 0.08261184 755.1151 234.11386 864.78723 271.0263 7 0.05319826 493.69604 695.3799 878.8611 889.2438 7 0.051704645 90.35132 153.23947 911.2269 959.8976 ,test/0517.jpg
0 0.9287486 307.5075 766.2957 447.88678 1021.5136 0 0.63927066 869.5824 0.12844467 1024.0 103.985855 0 0.08555572 393.26764 755.91235 454.515 927.69324 1 0.2145522 307.56116 768.5433 446.84253 1021.43536 1 0.08324122 870.733 0.0 1024.0 103.98311 4 0.99920267 362.53766 229.87039 846.24945 703.3196 4 0.082280956 531.9726 347.29575 827.83295 709.0032 5 0.7315739 675.987 739.442 819.1048 841.8395 7 0.22164193 393.26764 755.91235 454.515 927.69324 7 0.09126641 870.733 0.0 1024.0 103.98311 9 0.06355679 870.5234 0.0 1024.0 103.99359 ,test/0518.jpg
0 0.5534443 471.38922 249.45685 580.4472 317.2616 0 0.12453007 509.69986 535.3507 533.7059 591.54504 0 0.060075298 479.3178 248.01698 639.93964 365.25797 2 0.09719639 446.52087 244.99522 748.55273 607.6688 3 0.87218165 446.839 247.26353 748.4293 608.3523 5 0.40262878 446.92838 247.3322 748.58875 608.47375 5 0.0502068 443.25824 245.24054 748.3118 383.95435 ,test/0519.jpg
1 0.9931196 163.66171 295.36325 885.02234 807.6747 ,test/0520.jpg
0 0.09704611 691.9481 372.16168 766.6627 493.66272 7 0.98975426 195.17084 327.4099 886.4926 750.04114 7 0.12154741 692.2155 371.8424 766.89215 493.3717 ,test/0521.jpg
5 0.9959033 297.5775 275.8339 728.78 779.8834 ,test/0522.jpg
0 0.08973034 710.5269 784.39856 934.8631 899.813 1 0.99966455 247.6983 372.94934 830.8964 930.85547 1 0.95839465 776.1558 788.8209 927.35236 901.50635 1 0.81455004 826.447 388.58 1000.92175 516.5849 1 0.56236994 794.1793 781.9154 946.7661 841.6963 1 0.06871938 847.9441 334.4723 1024.0 491.5819 7 0.9970247 2.4521942 0.0 354.71576 633.11896 7 0.99697304 616.3881 2.3630066 1024.0 428.83566 7 0.25867346 0.0 0.0 780.7158 625.522 7 0.07011826 826.9495 332.01794 1021.5728 499.1701 7 0.06860283 928.47943 339.78796 1024.0 482.38336 ,test/0523.jpg
0 0.99408877 302.97427 0.0 698.969 188.11435 0 0.7426628 266.469 419.83234 292.2943 536.07434 1 0.9953994 160.57004 140.37674 809.6105 778.3374 1 0.94950855 619.3669 71.88414 802.8536 194.15962 1 0.93625283 287.7299 578.16327 396.66678 627.4361 1 0.59430414 273.64188 580.05115 302.51572 621.96484 1 0.55776906 349.59955 581.5027 736.4926 621.8329 1 0.3201407 332.26172 578.4697 387.96582 623.2057 1 0.29375526 302.7061 579.3525 352.53928 629.1668 1 0.27621374 292.65927 580.8895 315.5635 628.8667 1 0.2568448 475.1767 583.8829 728.6639 606.44525 1 0.20517106 163.11816 333.7769 387.82233 633.2201 1 0.15316318 395.11224 571.7191 736.8055 608.34607 1 0.13299316 494.2227 582.82556 575.2725 605.74866 1 0.13053343 381.4016 580.4894 583.16064 616.61206 1 0.12708364 266.50256 419.79987 292.3188 536.0213 1 0.12207593 543.73206 585.3082 632.8667 603.1051 1 0.08727403 158.22708 337.4261 280.62817 629.2296 1 0.06985502 272.6072 524.1889 301.45303 627.3035 1 0.061870374 333.3108 579.7553 362.3369 622.20575 1 0.06152744 156.89725 452.55896 784.00964 776.7091 1 0.058226764 564.33203 585.0363 697.0985 599.6661 1 0.05173085 273.38498 549.48517 293.74142 584.2768 2 0.13192075 495.37375 584.0264 574.2254 605.6683 2 0.09177261 543.73206 585.3082 632.8667 603.1051 4 0.054447085 546.19604 583.9908 633.20557 601.33795 5 0.06069102 544.4568 584.3729 629.38367 601.67847 ,test/0524.jpg
0 0.13405068 650.9316 242.52492 759.23724 446.84137 0 0.10173639 349.32776 84.68561 908.02576 664.5455 0 0.10088605 696.1498 254.12059 757.9431 337.27536 1 0.99696165 339.70325 84.778015 910.48303 666.3597 ,test/0525.jpg
0 0.39371675 3.2642593 404.88007 240.43182 476.86487 0 0.05858722 0.54328156 3.6957703 110.81054 348.16153 1 0.4355552 3.2928543 405.3748 240.32181 476.78903 2 0.13005401 3.2928543 405.3748 240.32181 476.78903 3 0.06403677 0.54328156 3.6957703 110.81054 348.16153 4 0.9984289 412.27765 302.59122 681.6379 829.3596 ,test/0526.jpg
3 0.99962044 330.38077 343.50305 762.08435 612.8164 ,test/0527.jpg
0 0.14345801 332.2515 601.31757 446.15396 664.53094 0 0.09043865 283.49652 577.85645 485.2218 665.0005 0 0.053045448 367.38458 619.41974 462.4704 863.3737 1 0.9969547 224.28708 542.589 783.6792 1002.7626 1 0.96868145 314.92505 582.7028 725.15625 867.9041 1 0.6410161 280.77557 575.9136 480.47467 662.7672 1 0.489506 249.89746 491.3382 544.8677 682.033 1 0.39786837 248.00049 558.85547 511.8852 730.5547 1 0.35522628 277.71216 695.1497 737.03827 931.6757 1 0.22969237 462.89716 548.0633 743.39166 743.5793 1 0.22622988 275.4671 488.2227 541.32025 597.60736 1 0.21756609 495.46967 564.15625 698.424 692.3849 1 0.19853327 332.2515 601.31757 446.15396 664.53094 1 0.18404607 309.31738 704.8339 407.7967 792.9853 1 0.18351118 419.21487 834.4094 454.3965 865.2645 1 0.17534661 336.3952 586.2614 467.5219 846.2305 1 0.17471457 265.06146 610.1515 341.9405 727.46265 1 0.17391136 305.8671 575.1139 559.42615 796.3175 1 0.15821785 327.4174 748.55023 407.1389 793.5629 1 0.15691186 429.02032 803.6338 644.67645 872.5835 1 0.14652117 372.06937 563.6481 481.21774 582.0591 1 0.14535959 596.6476 700.667 712.6378 846.28955 1 0.12324124 320.84915 324.00595 1003.4916 924.75024 1 0.119862825 285.5484 655.86145 343.1507 727.1881 1 0.11782159 273.71558 579.7998 332.12787 609.52295 1 0.11431255 280.3613 576.17053 480.86258 606.4718 1 0.10402782 274.48962 609.63635 350.43658 665.72363 1 0.07237492 259.15396 578.97675 369.42447 622.36993 1 0.07173027 595.6385 778.3598 667.96246 834.76886 1 0.070619486 358.55884 562.57196 478.98883 606.7454 1 0.06740957 279.74918 585.0479 364.4233 605.4344 1 0.06636558 419.45602 827.566 517.6337 875.2585 1 0.065875 284.44812 491.3479 744.8484 717.62585 1 0.06510192 586.0613 828.04047 661.89954 868.7498 1 0.06371065 247.31995 563.4332 485.9245 630.00415 1 0.054849293 794.78424 319.09857 949.11066 373.2749 2 0.060176708 307.68393 659.8578 407.84567 793.0585 5 0.25622043 370.595 273.39728 997.4171 774.35455 5 0.11543917 183.17828 196.51883 398.54572 373.4302 5 0.05171937 113.346344 203.56743 442.33517 519.2167 5 0.051037397 125.98074 189.89919 1009.89856 641.7492 7 0.980963 344.0931 36.239548 1023.60315 458.53302 7 0.71601415 265.17358 610.8143 339.74884 722.793 7 0.70788 370.368 235.51694 1017.271 472.76395 7 0.6164518 113.649994 174.33926 1019.1974 528.41614 7 0.59385854 564.49194 193.48459 1015.09607 347.4255 7 0.45472622 114.27156 206.38612 456.19702 518.9729 7 0.3765777 368.42517 151.1918 1000.95435 743.577 7 0.2895805 522.62854 30.636765 1012.20215 324.64838 7 0.17099659 594.0009 11.209465 1004.1252 110.53114 7 0.11940742 281.34576 655.987 343.92688 717.3935 7 0.06722111 273.67957 609.7389 347.99872 667.7394 ,test/0528.jpg
0 0.33148584 561.76685 343.6644 590.7988 397.34683 0 0.28715706 815.95435 284.12057 888.4485 349.54318 0 0.19400054 563.8931 450.29056 602.94525 517.5873 0 0.15617631 806.74927 316.989 876.4158 353.17615 0 0.112089634 840.7227 219.68803 940.8503 295.01236 0 0.09890101 549.17737 418.82452 608.1697 541.4356 0 0.09624586 803.58734 154.2098 841.1232 181.71178 0 0.08829019 809.7975 279.94995 946.5242 346.6391 0 0.08704895 540.53754 429.8437 669.57 579.375 0 0.07222668 553.1334 367.02563 668.1362 524.89954 0 0.066517755 794.5963 172.25397 839.5228 200.12146 1 0.97791994 655.60034 167.96036 843.3844 373.06918 1 0.94381714 505.32675 103.86716 572.55896 175.05447 1 0.93922824 5.246582 228.71323 248.94336 599.905 1 0.8628197 114.459564 94.57779 605.9507 707.3147 1 0.7956005 56.146084 8.919731 177.00214 88.16117 1 0.78906226 851.5654 409.70013 904.5973 501.1197 1 0.7017838 4.0117493 21.721527 171.59149 475.6795 1 0.47080323 554.61536 365.74857 668.20483 519.7874 1 0.44580075 728.46497 320.6548 904.1322 524.84845 1 0.31183273 563.3023 164.6952 628.3581 272.74707 1 0.26863918 434.73172 271.4705 586.6097 349.63602 1 0.26809376 540.53754 429.8437 669.57 579.375 1 0.23131818 654.755 300.4085 736.4365 541.1688 1 0.20962085 575.31256 318.8368 631.7021 385.64386 1 0.13007736 580.28314 111.95653 835.06683 287.12915 1 0.1273406 815.95435 284.12057 888.4485 349.54318 1 0.12445475 531.4628 310.98145 736.22577 536.9157 1 0.12217848 40.874336 0.0 185.04507 225.70433 1 0.11325052 674.57324 382.90234 737.01697 535.7031 1 0.10806247 0.38223648 395.3106 59.059254 482.6009 1 0.10214264 458.4769 384.49765 547.59344 435.2736 1 0.10068298 552.1571 422.0786 600.35815 528.6329 1 0.09811411 438.51065 267.00427 476.95047 336.25952 1 0.07655339 462.41974 287.19595 561.60406 345.5812 1 0.0730873 421.30573 278.25095 579.913 521.8965 1 0.0669636 477.26453 441.86517 815.39233 998.33453 1 0.0631583 805.71027 181.90816 952.66205 351.74744 1 0.06269527 217.44484 316.5203 568.7716 695.19556 2 0.44541153 556.1618 365.73532 668.84515 519.3757 2 0.105663314 556.9609 439.79056 601.46576 522.96893 2 0.088852644 457.40344 384.1907 549.1902 435.84213 2 0.08036921 438.51065 267.00427 476.95047 336.25952 4 0.26213473 343.62946 214.0215 443.93408 337.64453 4 0.12145282 283.48322 197.86722 364.497 363.98874 4 0.066109784 298.04095 71.09999 450.153 343.24597 5 0.99943775 894.34424 343.17642 979.2179 435.75882 5 0.9868663 136.31589 114.221466 287.74612 335.90967 5 0.92190164 279.03336 195.77502 362.0516 363.35687 5 0.89758396 374.451 332.62286 539.35345 416.0785 5 0.8486346 523.88763 427.6033 559.25836 551.2491 5 0.6681748 344.39395 212.45157 443.58963 338.80606 5 0.65106875 622.83105 282.12936 670.13 388.20322 5 0.6179283 456.10223 383.73172 552.04236 436.41495 5 0.60072494 302.01028 67.65537 406.83652 235.87637 5 0.58148205 207.04782 32.13407 306.25516 161.59698 5 0.40906987 433.27045 272.44775 570.4099 442.62207 5 0.3776912 208.91754 56.86521 284.7063 133.69376 5 0.32145256 459.9045 288.37808 569.871 346.75644 5 0.30903587 373.3822 326.9397 458.75708 408.92627 5 0.3043908 298.04095 71.09999 450.153 343.24597 5 0.25061694 291.43277 273.5747 360.58224 363.15112 5 0.21497104 555.89307 366.1466 668.80054 519.93805 5 0.20828591 667.2169 264.12915 726.74854 340.43903 5 0.19759502 269.30295 21.13618 300.48013 72.76459 5 0.19191827 840.2785 218.92 943.5129 307.07666 5 0.18164766 376.51788 328.33746 409.76874 378.43536 5 0.16135494 549.17737 418.82452 608.1697 541.4356 5 0.15820312 330.42236 344.00732 380.45544 372.41547 5 0.15188375 440.68335 356.17902 574.02136 442.93268 5 0.14869481 257.49646 79.14183 303.99274 159.36447 5 0.13769493 438.51065 267.00427 476.95047 336.25952 5 0.13527112 575.1314 275.94412 674.15656 390.5615 5 0.124913156 387.37366 294.97232 586.0601 516.53796 5 0.12406711 620.3896 277.7262 713.4805 389.5144 5 0.11541248 559.19653 496.28708 606.7152 537.38226 5 0.11486995 261.89478 174.76506 476.76544 352.34558 5 0.107750855 256.4412 18.474709 303.72617 115.12588 5 0.084335804 839.50055 246.10925 883.5445 289.74713 5 0.081569254 428.60052 383.1198 475.86005 407.2995 5 0.08139091 807.81085 266.17987 945.82635 346.7533 5 0.07541471 259.28787 79.54182 508.41635 262.39178 5 0.070959106 517.3705 336.95648 574.2101 435.7049 5 0.0644434 130.98824 124.54136 444.15857 353.79 5 0.06222878 246.41397 77.57567 373.868 357.49866 5 0.06020288 300.91592 65.168785 367.91586 159.61386 6 0.9958644 471.511 544.11896 820.4988 996.00555 7 0.98174894 370.9894 91.87534 623.19727 332.9524 7 0.9590986 559.6684 0.0 850.47955 278.6383 7 0.7719448 728.6682 319.74408 904.0542 524.65424 7 0.7568191 816.33716 206.76723 950.2344 336.51843 7 0.18962203 839.4489 217.18788 939.3619 301.05557 7 0.16088934 807.57263 5.7713776 968.01135 232.62325 7 0.15568599 815.88947 56.280567 863.743 150.0805 7 0.14160094 207.08229 28.441605 306.524 165.18758 7 0.13400382 160.67435 133.7388 197.56729 180.86539 7 0.0734202 287.93146 73.92456 462.97955 335.05188 7 0.067991555 807.81085 266.17987 945.82635 346.7533 7 0.0615666 839.50055 246.10925 883.5445 289.74713 7 0.06148288 160.43492 70.005554 617.11505 384.315 ,test/0529.jpg
0 0.2848238 87.53894 0.0 204.39923 25.87505 0 0.056989383 768.8877 516.6569 889.64954 643.9477 1 0.23518883 775.20184 516.0384 888.3813 645.8796 7 0.9996431 132.05588 333.78107 803.57495 836.0125 7 0.5946065 826.8122 581.05554 974.1723 801.9376 7 0.42982772 754.96674 509.38336 998.0075 805.77155 7 0.21382499 699.7429 321.78912 989.01685 799.0057 ,test/0530.jpg
5 0.91256565 347.38574 670.0229 459.99915 756.38165 ,test/0531.jpg
0 0.07226981 575.31793 473.74756 630.8525 525.68256 0 0.06704208 711.9691 689.2762 745.0166 727.63617 0 0.06258223 194.75963 0.0 310.78784 98.95973 1 0.928568 150.8072 0.0 317.54962 210.64435 1 0.8629948 184.83069 0.1508522 332.9134 91.39534 1 0.6117398 547.1129 337.51083 593.6909 417.72165 1 0.53508914 530.1306 208.98645 683.1212 413.43555 1 0.36878422 429.13452 105.19594 638.67725 379.1161 1 0.31834388 93.09424 0.0 206.9674 436.18576 1 0.23126039 614.92255 217.37668 687.82587 307.70938 1 0.21390453 210.92139 30.162792 304.92053 94.77524 1 0.20709775 90.68794 4.9910126 326.4654 424.2859 1 0.17927901 481.34714 166.54688 667.85486 358.01013 1 0.123331025 566.6601 214.97403 671.85077 361.63284 1 0.112649836 186.90874 1.5512581 294.90942 54.90452 1 0.10474036 545.15594 296.8335 605.5396 421.92572 1 0.095798045 261.58737 27.955978 648.7291 369.98248 1 0.08867711 288.76096 26.521347 342.32547 89.30397 1 0.06999525 649.21204 258.17648 717.05896 295.2972 1 0.06573473 162.28354 3.9710999 633.14185 250.21556 1 0.05648328 575.31793 473.74756 630.8525 525.68256 7 0.9996327 463.72168 640.23834 640.0674 989.8403 7 0.9995877 621.76416 614.57465 824.13855 964.3925 7 0.99953485 784.3568 659.4688 980.8142 953.9764 7 0.9995011 553.8457 245.1461 1008.9332 717.80237 7 0.9990814 191.52246 33.71057 564.44867 798.48944 7 0.96590513 520.49426 513.56146 692.6659 703.1219 7 0.63984615 94.16144 1.3235626 235.04895 420.72614 7 0.4334006 90.772385 7.36911 395.10382 435.28925 7 0.15503947 841.09705 665.97705 883.8811 691.04944 7 0.14905761 197.2748 75.89848 629.80927 423.85065 7 0.12600693 147.8705 0.0 325.43286 225.95197 7 0.110365376 214.06252 35.49067 266.1331 75.21397 7 0.08921556 180.97949 138.75209 374.73273 535.0881 7 0.07479734 535.03284 269.3061 807.199 705.69336 7 0.06149794 307.7353 24.837463 644.6747 316.9775 7 0.056286875 758.5183 728.1114 788.39856 759.6878 ,test/0532.jpg
0 0.96357375 660.5863 320.82867 932.65344 380.46185 0 0.687664 496.46222 261.21503 671.1486 311.99567 0 0.5766986 468.378 262.41144 686.8387 582.7964 0 0.55394816 46.03206 239.7238 507.92365 649.15643 0 0.14358369 502.7774 278.49554 949.40265 385.04913 0 0.06490149 501.9571 245.21523 538.9704 275.15714 0 0.05731362 495.46497 306.068 929.7186 448.80975 0 0.054081094 779.0992 840.8791 814.6685 899.5948 1 0.2954202 468.1861 268.80756 687.91754 583.6542 1 0.23804826 46.55641 240.19943 503.99194 649.0387 2 0.08647943 468.5119 273.391 688.8328 582.6351 2 0.08645038 27.312927 235.95216 662.4651 649.34863 3 0.12976667 45.562714 240.20706 505.14407 649.37524 5 0.45492342 39.759796 235.63173 547.81287 647.18536 5 0.32506606 496.4948 262.84702 671.05536 312.04892 7 0.11289498 46.20781 239.96396 506.82098 648.9888 ,test/0533.jpg
0 0.98630756 854.74304 826.54553 903.4669 858.12537 0 0.3183729 761.9076 920.3918 793.1559 960.19635 0 0.26360676 349.4336 778.75714 384.8199 807.6712 0 0.2531285 372.98007 729.16864 416.65952 759.8338 0 0.22794192 463.48465 702.363 509.85538 745.50555 0 0.18129486 307.69724 707.51434 593.7666 783.31976 0 0.13649751 495.05414 532.53815 634.88434 628.70917 0 0.11853477 314.09094 715.0412 392.15863 749.8427 0 0.11805434 382.83707 714.3079 413.51633 733.6879 0 0.11452772 589.72986 541.09094 633.3862 618.0408 0 0.11331312 598.9201 263.04468 627.642 324.78918 0 0.10409194 548.65967 829.7807 789.1116 972.9366 0 0.09990316 546.78284 831.8091 624.72485 893.27515 0 0.09372003 254.8721 657.342 535.0228 797.5898 0 0.09307841 198.725 896.4634 334.72 1000.8037 0 0.08250007 380.10547 718.1913 480.1902 759.1361 0 0.080980204 440.39966 702.30316 530.6111 749.1076 0 0.07495462 415.7712 296.49484 522.5801 336.08908 0 0.07400949 276.36655 693.35895 611.84045 835.26263 0 0.073489696 394.22775 823.2685 560.4298 864.44196 0 0.06447173 276.78302 688.81335 545.4024 763.31213 0 0.054919332 307.87225 677.9426 412.383 738.1715 0 0.05288357 378.99124 706.8098 511.90573 746.67737 0 0.052836906 244.9756 633.9109 717.9415 876.8635 0 0.051955372 343.68835 779.8214 567.431 867.6465 1 0.39900175 255.44243 650.88916 626.3271 871.8833 1 0.31542924 277.74933 791.9422 601.582 873.32745 1 0.16234119 349.40625 779.23645 384.5935 808.3871 1 0.13767514 254.32675 673.90784 286.52084 823.61584 1 0.13100801 201.54253 903.39105 334.8407 996.1447 1 0.12683931 268.8797 819.8263 433.56885 879.1356 1 0.11411128 299.96536 752.06067 383.97824 812.9369 1 0.10037661 284.7432 706.55554 560.1809 839.7001 1 0.07887689 254.13037 469.6802 329.3327 513.56 1 0.06790434 254.8721 657.342 535.0228 797.5898 1 0.057908684 590.2454 521.88477 631.0245 620.8668 1 0.054024674 307.69724 707.51434 593.7666 783.31976 2 0.09681829 314.09094 715.0412 392.15863 749.8427 2 0.07839449 495.37848 784.9241 594.3724 822.5626 4 0.052104898 313.38052 715.6504 388.5101 749.7888 4 0.05151706 385.43643 711.86865 413.84512 733.64 5 0.8687318 495.09335 783.54425 595.27905 822.6446 5 0.6931846 251.67773 654.9086 622.2735 861.2901 5 0.54985887 287.97183 703.4045 604.04224 822.7974 5 0.16690294 361.2934 796.51996 504.32922 832.596 5 0.16068263 420.41748 794.02966 507.91498 828.0188 5 0.15673982 477.99173 757.2985 607.6216 824.53534 5 0.13593021 446.26785 690.8441 599.7858 815.874 5 0.1225612 422.67764 809.18475 483.6415 830.56683 5 0.083431825 327.3014 761.51013 553.91907 830.5576 5 0.071569815 254.4993 469.79788 330.5663 513.3927 5 0.06405483 393.36597 818.1285 562.79755 858.8514 5 0.053836063 378.99124 706.8098 511.90573 746.67737 5 0.05335032 296.77167 771.1877 556.9124 871.2054 5 0.051239748 451.2256 698.16235 514.87244 748.1376 7 0.99893934 163.82959 178.36465 640.21234 580.58984 7 0.9986224 618.37067 532.85486 986.3389 831.8037 7 0.99413764 784.7686 793.01984 1019.8215 1017.97235 7 0.96121544 547.61554 830.07587 788.56525 973.5413 7 0.9270365 519.3634 619.0536 730.2162 850.1306 7 0.90452856 198.26591 896.7788 334.70282 1000.8002 7 0.66999596 566.3384 417.80634 676.3544 555.6545 7 0.6273793 975.2994 758.0378 1024.0 914.5986 7 0.48265234 497.65125 574.26666 603.0477 630.8538 7 0.46101475 598.24817 263.50934 627.9302 326.80695 7 0.44058484 501.25388 518.48047 625.2201 631.22864 7 0.33406594 510.43774 428.59882 614.62744 701.7768 7 0.27672267 244.9756 633.9109 717.9415 876.8635 7 0.21841952 508.24533 286.26083 611.7729 371.3005 7 0.21583034 626.6393 546.0582 680.3999 594.7831 7 0.20064798 300.13565 182.97928 612.75256 376.64255 7 0.15264733 388.24164 288.61554 610.2439 366.8438 7 0.101241 547.1359 832.11884 758.7581 901.5131 7 0.08239174 568.107 433.5053 625.10443 558.4296 7 0.08099691 504.72812 515.5697 670.59784 690.9856 7 0.07722889 524.80164 411.13394 678.44006 628.6609 7 0.062677786 415.7712 296.49484 522.5801 336.08908 7 0.05614658 339.23364 177.35526 589.43585 288.37378 7 0.05456177 588.4661 524.97784 678.6862 619.3304 7 0.05211864 519.7233 280.93884 608.56647 326.69452 ,test/0534.jpg
0 0.33136094 116.21919 966.8659 488.07275 1022.0865 0 0.07244798 0.0 667.1626 185.65004 945.6887 1 0.42421797 0.0 917.149 66.49881 1023.34076 1 0.063287 0.0 665.3246 176.26164 949.0242 5 0.77926964 1.5838318 668.6869 184.55917 949.1011 5 0.5663384 108.82857 965.7611 485.89807 1022.3286 5 0.09467604 98.874084 838.7806 133.67361 898.768 6 0.050217647 0.0 666.9624 183.07278 942.13464 7 0.9997613 171.38383 351.03192 523.9987 842.1066 7 0.9996424 474.04208 359.58557 883.9103 992.17126 7 0.9992893 135.61456 11.856445 478.96704 463.0451 7 0.99804187 46.822876 393.0268 243.13919 706.7519 7 0.97549236 47.36351 167.84184 193.67139 438.2359 7 0.36157137 0.0 666.4313 185.0953 947.35046 7 0.27819264 116.36345 966.7394 486.1859 1021.744 7 0.05099003 82.0909 656.5175 459.16492 1019.8599 ,test/0535.jpg
0 0.25476164 258.60663 409.1547 324.0031 470.84897 0 0.20654956 497.59683 433.64288 549.20874 453.20874 0 0.1608179 61.17752 449.2207 117.34158 464.80646 0 0.07755054 179.63768 414.347 324.34943 499.2135 0 0.075023256 194.80927 436.81937 295.3027 497.53873 0 0.056247257 59.415863 448.96423 125.33774 476.38727 0 0.054209918 216.10846 451.01508 283.95844 495.87152 0 0.052496105 256.35452 435.83563 298.87527 468.79303 3 0.1960486 372.75412 159.05515 462.2698 276.9166 3 0.18213439 701.3563 365.40198 782.4286 441.75952 3 0.17021947 178.02754 415.07404 223.01808 491.729 3 0.16015643 187.25345 431.5301 221.0943 481.38538 3 0.056564018 180.82956 423.95587 287.62378 497.6172 3 0.056538865 189.28677 450.77042 222.03513 476.5461 5 0.60895133 216.60663 457.22083 279.72733 495.8717 5 0.11499872 178.00723 415.35648 222.905 490.77255 5 0.107587315 286.38348 408.8562 330.10907 435.11475 5 0.09316429 185.53833 431.32684 286.84695 497.71198 5 0.0701441 215.5882 411.07138 326.5572 479.50998 6 0.38812238 530.0666 278.67776 746.18207 358.59335 7 0.9994686 316.79834 314.6123 823.75867 774.3545 7 0.55271155 178.5303 413.85602 317.05548 499.36578 7 0.4693873 339.83636 318.53857 724.9511 586.5898 7 0.32134295 227.96164 410.75464 320.2361 472.84064 7 0.29617572 216.63145 457.07556 280.2248 496.55353 7 0.21747692 368.59006 389.61282 633.70166 583.72614 7 0.2143648 210.47516 429.5608 290.12225 497.227 7 0.18376002 260.71237 408.36478 306.64792 471.30173 7 0.09624768 215.2979 429.83585 299.67078 467.36374 7 0.08796824 434.80243 307.49988 789.0671 476.08533 7 0.081643015 315.91003 406.33112 380.7865 502.49365 ,test/0536.jpg
5 0.9995721 143.29364 298.13147 718.02856 641.6777 5 0.34094676 128.05417 550.4909 241.90518 645.1755 ,test/0537.jpg
0 0.7607674 387.49127 173.64618 641.8625 287.60803 0 0.17108968 395.46213 196.78433 512.37714 284.78146 0 0.15103263 372.32892 60.35814 552.46967 288.54346 0 0.06907618 372.45746 156.38992 657.34625 414.09012 1 0.979572 285.4005 386.96912 928.62695 719.9321 1 0.9651088 213.76468 631.8374 976.7677 942.2069 1 0.93882805 357.98154 57.243675 556.78314 287.51587 1 0.8607788 287.1673 358.45496 568.683 665.05865 1 0.8427095 208.09744 229.82098 988.9181 935.4422 1 0.3735404 169.63565 802.59454 998.57336 1024.0 1 0.3079358 348.65598 60.040848 773.8749 463.9765 1 0.28903645 371.3179 172.3168 661.99536 418.7628 1 0.26715088 273.36017 116.6568 782.186 664.50885 1 0.24853124 392.95398 877.3493 957.6692 965.4051 1 0.24667752 267.71176 898.28076 992.9332 1020.24255 1 0.18864912 640.4256 0.0 662.6491 151.75359 1 0.16129997 382.07013 179.36612 651.63617 285.88306 1 0.14396286 247.03378 610.97473 700.85144 737.98816 1 0.13395242 568.07074 890.1281 848.6962 968.9139 1 0.0705725 324.65115 430.77148 355.96408 512.51965 1 0.07020863 439.1311 336.23434 548.354 403.53928 1 0.05351612 434.43384 350.38882 557.5617 469.10806 5 0.07597028 380.0512 168.5855 661.2786 418.661 6 0.23870659 640.4256 0.0 662.6491 151.75359 6 0.21163648 280.60745 911.263 962.3157 1018.9559 6 0.07431547 597.7799 904.2779 911.7709 980.36176 6 0.07235075 631.6066 894.9051 815.5214 941.4671 7 0.09430632 380.57837 175.31651 650.6183 286.72363 ,test/0538.jpg
0 0.10006595 637.78656 515.18384 690.96 532.58496 0 0.088590026 609.47424 501.47092 656.7742 534.3511 0 0.06516272 607.6449 505.30685 718.67334 534.849 0 0.060344573 74.01593 353.5061 1023.6674 859.58167 0 0.058420338 402.41986 44.15309 1007.67206 530.0805 0 0.053615235 618.2944 314.56778 945.79987 522.80457 1 0.23123744 224.56326 54.308075 1008.5663 525.49365 3 0.92874664 615.6119 314.52615 944.981 523.176 3 0.8085987 791.60315 536.015 1021.95447 855.19556 3 0.58584833 435.66138 513.0469 1022.4962 842.36865 3 0.2483688 247.41 443.62686 483.0007 697.96533 3 0.16830263 448.85297 521.29126 763.78827 745.5845 3 0.1016257 305.26855 315.72342 1011.8408 899.3185 4 0.75255346 449.1701 521.852 758.6519 747.42474 4 0.32268605 438.1562 514.1266 901.66864 819.77844 4 0.07614696 249.0738 442.78555 480.81287 698.2914 4 0.05000285 613.18317 314.44998 941.2724 525.39307 5 0.893912 248.75725 442.9458 481.38342 699.1676 5 0.7724571 1.5278168 95.9402 342.1618 210.63689 5 0.43436918 24.189789 62.39006 987.2374 527.1848 5 0.24793655 614.5355 314.5623 944.84424 524.78845 5 0.21077922 558.87836 501.94873 625.73065 533.2036 5 0.16262649 449.14923 520.7537 762.40875 745.7602 5 0.10543251 264.85532 448.05176 1024.0 836.798 5 0.1024924 438.1562 514.1266 901.66864 819.77844 5 0.10009392 5.293274 73.86128 555.60266 206.51024 5 0.08529663 0.0 230.49066 1017.08716 1005.9156 5 0.068111 219.5308 97.77139 324.53442 151.48216 5 0.06593168 32.794662 97.464066 330.80945 158.82277 5 0.05075751 315.1731 601.08356 383.6836 684.8083 6 0.13888983 97.737335 64.674835 1000.9136 525.6604 7 0.85708326 30.453003 76.5182 952.5512 520.2501 7 0.55180544 3.4543152 703.82935 927.6139 1019.6238 7 0.4505605 14.756897 113.63623 603.46063 950.55005 7 0.41614908 33.262177 119.42807 492.1376 486.0853 7 0.2702777 0.0 195.91011 287.69946 700.31433 7 0.18852727 0.0 230.49066 1017.08716 1005.9156 7 0.0907907 640.2855 425.71005 722.0923 524.0837 7 0.055726316 440.2964 461.11307 649.16675 538.8556 7 0.05497357 560.069 502.12323 625.3982 532.8757 7 0.05216099 26.830551 335.8632 485.85583 833.6443 ,test/0539.jpg
0 0.06935707 489.37366 343.86688 820.97253 634.08856 3 0.10044982 486.7823 343.73376 821.5999 634.9977 5 0.9857277 489.95654 343.8443 820.6957 634.6329 7 0.10884681 644.60944 547.737 719.01385 699.63324 ,test/0540.jpg
0 0.7444049 207.7702 440.47162 600.0934 704.6246 0 0.44478685 215.43723 591.0864 584.7605 699.3258 0 0.32180008 336.87308 447.51782 455.45175 520.9546 0 0.25287873 348.95224 444.00418 598.80334 618.8085 1 0.17959338 207.82133 440.38495 600.45013 704.3693 1 0.09984517 215.94125 593.2191 583.07996 697.7339 1 0.072225355 348.95224 444.00418 598.80334 618.8085 7 0.40105978 215.87741 590.63684 584.54285 698.66345 7 0.35995167 339.36868 446.45667 454.47592 521.14923 7 0.16120458 348.95224 444.00418 598.80334 618.8085 7 0.15733418 207.25826 440.60773 600.5932 704.7957 ,test/0541.jpg
0 0.9999771 304.11737 251.58635 806.0356 730.0402 0 0.9416702 22.934196 432.5177 224.36414 526.2109 1 0.10303248 21.914421 432.1108 225.15323 526.5256 ,test/0542.jpg
0 0.86220396 844.1476 198.50734 913.69653 355.9093 0 0.33984727 0.0 906.5006 173.5278 1024.0 0 0.064266175 284.87714 329.06927 749.0064 783.09174 1 0.98701143 276.85974 332.90735 745.50433 793.42175 2 0.21205944 280.92932 331.44116 750.30493 790.4656 5 0.20382251 0.0 906.5216 173.64587 1024.0 5 0.09533823 843.98334 198.51434 913.59076 356.51807 9 0.43750706 0.0 906.4744 173.41171 1024.0 ,test/0543.jpg
0 0.3564977 377.7278 520.1401 406.2725 574.967 0 0.07141677 416.2526 493.95987 439.15707 540.6959 0 0.060353134 374.69537 509.31152 412.12744 601.2627 0 0.058053855 491.22583 349.09283 534.99634 387.66675 1 0.9982533 252.67831 171.92798 810.9309 834.0475 1 0.9939805 946.06415 590.15027 1024.0 930.833 1 0.8849111 465.65674 280.18414 725.9435 616.63214 1 0.7456581 292.24896 345.8788 472.61774 531.1168 1 0.52514845 277.48608 279.26144 649.8287 542.30176 1 0.4623698 301.3795 449.9394 503.40652 710.7929 1 0.44429895 329.16464 465.89258 454.97336 661.64856 1 0.3021569 425.64282 499.54205 513.49207 691.2741 1 0.25649604 499.16205 284.9986 631.3471 565.9534 1 0.23155251 284.03912 352.49225 550.79016 765.63104 1 0.21372883 298.6986 348.97116 466.5896 442.09866 1 0.20294647 326.583 306.06613 692.4433 734.6981 1 0.19597313 491.22583 349.09283 534.99634 387.66675 1 0.1753575 446.02835 311.43066 596.2659 584.1432 1 0.13864723 386.5473 562.12274 411.33997 594.2358 1 0.12486927 374.10724 364.0993 465.97504 442.09442 1 0.11864894 376.8773 520.87854 406.30185 571.88525 1 0.117430665 617.308 561.391 646.92004 608.5768 1 0.11366079 444.56445 491.98288 489.35712 602.4946 1 0.10747249 296.95166 347.64136 351.01715 434.0426 1 0.09789454 370.26968 473.5327 423.0712 610.1892 1 0.09732406 268.92218 169.95361 693.57434 476.26074 1 0.08669677 281.89438 447.4046 351.7645 705.7968 1 0.085908525 374.69537 509.31152 412.12744 601.2627 1 0.085902125 445.6688 380.7373 544.3517 624.6082 1 0.08486931 453.0082 533.5001 488.88742 596.3074 1 0.07391007 469.6934 294.6095 627.6157 422.10663 1 0.06545016 490.504 309.72977 591.825 382.16806 1 0.058505774 491.90036 340.87613 548.07263 365.57028 1 0.05606857 303.72842 443.35898 356.84177 545.6202 2 0.58159673 293.98804 346.51144 468.0484 531.6881 2 0.34327152 491.7787 353.28 533.6759 387.16202 2 0.09973017 437.75516 455.72284 464.2877 528.55975 2 0.08727914 296.91925 348.12064 353.58942 435.03128 2 0.05222232 429.12604 540.691 457.15906 623.10004 3 0.05195587 491.59222 353.39404 534.11676 384.2823 5 0.11819801 491.1078 348.48416 535.1179 388.93784 ,test/0544.jpg
0 0.73758197 223.58298 501.51706 270.83673 525.8705 0 0.40985423 378.48193 134.0039 872.8275 735.7422 0 0.22658405 197.11847 526.3083 262.3455 612.53485 4 0.7670311 385.8696 288.7555 558.3054 735.27954 4 0.07139552 377.17136 133.25864 868.48804 731.0863 4 0.055903744 0.0 331.84534 218.92502 649.8716 5 0.99773777 514.61194 622.6244 879.9464 920.67285 5 0.77715224 386.66232 286.47992 557.9175 737.1457 5 0.6668988 310.05634 450.33408 398.97626 582.53564 5 0.64542013 197.28746 525.62054 262.2842 612.1678 5 0.20438243 376.87677 135.68481 875.98456 740.4418 5 0.11333342 0.0 331.84534 218.92502 649.8716 5 0.07472133 306.34378 451.8669 356.03256 480.54434 5 0.07073518 631.6415 872.0206 850.80664 937.5708 7 0.701319 311.0521 450.97635 400.6509 582.0515 ,test/0545.jpg
0 0.5916508 134.74706 966.20386 465.7348 1020.78796 0 0.37555313 748.13367 331.6135 811.7661 394.81906 0 0.3572506 826.9663 830.16705 1021.6489 892.7222 0 0.3227499 754.33453 329.38306 782.3189 402.0445 0 0.22787337 297.88562 382.1787 486.7071 467.21387 0 0.17194825 934.17053 878.4216 985.83264 907.40106 0 0.16468863 92.15496 287.06793 325.5058 439.89624 0 0.061338503 133.72888 967.8846 305.23578 1018.6099 0 0.060080033 197.21654 966.79364 421.75677 1005.8326 0 0.052684363 351.495 926.3225 489.9765 1020.3052 0 0.05251741 126.0025 924.27466 647.4294 1018.0436 0 0.05078473 804.65454 307.2491 935.75146 403.7532 1 0.063086525 142.45998 962.7396 435.4854 1021.15027 1 0.05546639 934.17053 878.4216 985.83264 907.40106 2 0.4944233 645.14606 260.97693 731.32294 355.94043 3 0.5310753 804.9543 307.3543 935.34955 403.19043 3 0.12074086 753.2808 285.2777 857.9256 391.33038 3 0.10178989 644.90454 260.92813 731.89856 356.68338 3 0.05600893 92.580475 286.48987 325.10382 440.1861 4 0.16392265 804.65466 307.2247 935.82886 402.5082 5 0.9998784 730.4744 387.00735 855.11383 571.25903 5 0.9565148 92.48038 286.97153 325.54282 440.1672 5 0.92321223 752.5892 284.1208 858.6663 390.25385 5 0.73543936 645.58826 260.54346 731.5065 356.76196 5 0.5897022 804.39813 307.24985 935.9003 402.79874 5 0.111460164 290.48926 381.68027 486.59668 467.15274 5 0.054069545 140.56076 966.1226 450.842 1020.535 7 0.29618317 143.46881 963.2648 472.74188 1020.81604 ,test/0546.jpg
0 0.36844382 572.395 512.6579 728.501 667.20135 0 0.276613 275.91403 208.49413 303.37125 317.0843 0 0.26389542 401.7849 523.9522 424.54602 587.0667 0 0.22105056 1.081665 294.98636 88.58069 593.51306 0 0.1331562 273.6021 202.2301 377.8374 333.2188 0 0.11038024 307.4839 482.69647 611.4719 664.29047 0 0.10561709 465.49136 305.03534 651.5891 416.2837 0 0.099299915 319.0249 603.916 562.0473 774.00635 0 0.07035802 404.56116 528.56506 607.3676 661.55286 0 0.06388678 370.62656 375.27872 422.6382 413.0325 0 0.060982004 305.24744 483.8447 424.19287 596.2745 0 0.05896712 687.2947 224.22273 702.91614 348.50043 1 0.97666615 421.19687 238.82932 640.9952 340.9725 1 0.94897693 274.50406 201.75056 377.8696 333.2724 1 0.91411066 317.47525 604.0207 564.52423 775.4012 1 0.8788759 309.86957 486.50894 615.2899 663.8657 1 0.8742634 619.91205 193.17218 705.12335 361.99457 1 0.8371098 406.06464 531.24304 607.74274 660.57434 1 0.8129392 324.39905 348.9639 729.74255 662.8783 1 0.63637435 646.6306 362.33502 837.9833 534.36395 1 0.5245834 572.42224 499.88818 728.3862 669.4083 1 0.4764363 370.66385 375.20142 422.91556 413.12726 1 0.44817337 306.10608 483.85104 448.99725 601.4552 1 0.38056967 494.9696 303.3878 651.94324 414.316 1 0.2765272 432.79657 271.45172 667.76324 420.86017 1 0.2187732 621.11896 273.60196 695.5252 363.28305 1 0.19580863 608.78864 249.52126 646.83624 281.40768 1 0.08887095 631.0976 275.42007 655.0798 299.03854 1 0.07291635 353.38095 359.62036 502.0226 578.0681 1 0.07076076 424.60364 285.26013 455.97107 338.66418 1 0.06936339 400.1477 523.2441 460.0567 598.4074 2 0.6241131 646.189 362.55853 838.20233 533.36334 2 0.60579383 500.39822 302.3693 655.20337 414.67923 2 0.37072888 370.73898 375.40625 422.75107 412.5868 2 0.24657896 621.2371 273.70618 695.8244 363.253 2 0.17992437 318.57156 604.16644 561.2042 773.85565 2 0.06379181 422.3484 238.99796 638.8428 343.00143 2 0.06206186 432.79657 271.45172 667.76324 420.86017 2 0.058943424 628.0293 195.32037 702.34644 306.3724 3 0.057557717 1.0612869 296.06757 87.9552 594.00464 5 0.15179053 688.48883 226.0277 704.8531 339.37042 5 0.13465504 369.80087 375.0781 423.0377 415.44223 5 0.070412606 621.2371 273.70618 695.8244 363.253 5 0.062807456 1.081665 294.98636 88.58069 593.51306 5 0.053563684 278.03 645.301 307.67398 698.0488 6 0.05528952 571.89777 499.44708 728.68243 669.22577 7 0.100188866 687.2947 224.22273 702.91614 348.50043 ,test/0547.jpg
1 0.78231597 816.96606 347.20987 905.58374 496.54337 1 0.1819419 817.8465 346.21008 976.38934 605.38916 1 0.16068104 877.36646 363.84607 971.64575 570.8173 1 0.15048549 923.87604 404.25705 973.8122 476.3547 1 0.123941205 730.6508 170.98709 787.89484 261.81445 1 0.060382783 895.16974 385.0527 975.7968 490.50266 1 0.05978111 847.5593 343.53528 961.1804 499.0905 2 0.48474023 817.3134 346.35583 906.16046 456.97546 2 0.11937678 852.23804 361.2539 906.42896 494.0323 5 0.8527648 879.16016 454.65167 951.7256 515.36273 5 0.36356765 877.4247 464.7457 964.45544 550.78125 5 0.1557211 864.82275 367.5015 974.16077 600.44434 5 0.075157 881.3331 392.8826 964.8351 518.71173 5 0.05850628 816.5027 344.2653 902.1869 439.16354 5 0.052695002 744.9241 270.29465 796.5303 348.33463 5 0.05194445 771.35657 364.0509 820.3445 437.37726 6 0.21682674 730.4505 176.50398 786.6912 260.3031 7 0.99980587 106.57907 350.16147 505.88907 984.91003 7 0.9967945 392.5125 96.176056 881.38043 949.4077 7 0.8822066 740.56195 262.69318 936.82196 594.22876 7 0.77039015 739.7444 268.55487 910.12134 388.4038 7 0.5170712 408.91534 98.43591 748.1259 606.42896 7 0.34758914 836.2339 355.2259 976.38245 606.86676 7 0.08962967 850.4596 294.9281 914.8191 328.52673 7 0.088319525 768.9346 336.91937 907.94324 531.0517 7 0.06620487 748.9135 269.00598 847.75104 554.421 ,test/0548.jpg
0 0.06762656 770.67084 509.75723 864.41437 616.43066 1 0.060661342 2.4748688 495.63324 77.52369 819.02936 1 0.053030696 0.0 349.6259 45.931194 513.43384 3 0.07119817 2.3401718 495.9508 76.458855 815.47705 5 0.05166565 101.92029 433.94464 373.62015 595.425 6 0.93418044 373.06134 320.72412 717.274 926.14246 6 0.3713129 388.76108 741.79535 654.90247 833.29755 6 0.27757585 368.83453 738.1072 701.2049 918.65027 6 0.20350091 396.2681 567.8989 643.3855 736.27234 6 0.14008275 394.0097 441.27576 672.061 810.7201 6 0.05917569 398.90558 433.0031 620.8332 599.7414 6 0.05121645 392.74734 579.64813 628.95105 606.37177 7 0.9998381 694.95306 289.27167 1001.26605 876.91925 7 0.99405223 31.938675 98.022125 427.2802 929.567 7 0.9737245 412.98233 299.43185 638.4059 399.3918 7 0.80242705 354.90912 325.4613 727.2194 931.6665 7 0.33700106 51.794388 454.1906 395.14954 923.54987 7 0.17488164 715.8568 739.03455 756.9076 882.2916 7 0.17230262 412.30872 306.56924 691.34485 495.975 ,test/0549.jpg
0 0.49207255 708.3511 51.622204 839.2643 137.1679 0 0.23361658 172.75874 1.7047386 466.80762 119.570145 0 0.101159126 492.4789 0.0 1011.9647 188.45396 0 0.08876299 459.09103 296.10135 627.8758 439.46683 0 0.08808252 685.35474 179.3128 1018.4286 1024.0 1 0.9652523 379.66345 272.08597 788.5586 635.8363 1 0.23289518 790.2949 643.24133 1024.0 1016.6846 1 0.120044306 430.87695 285.1268 638.1642 442.1852 1 0.083371244 406.2423 294.08047 621.4404 367.09824 1 0.057233028 356.0266 291.5273 1023.62 820.3004 2 0.11186383 379.2946 269.13513 788.6902 635.9112 5 0.92047703 59.862885 0.9820404 195.94466 108.983696 5 0.40885806 675.3712 161.54022 955.9823 356.50085 5 0.12072682 685.35474 179.3128 1018.4286 1024.0 5 0.07301405 668.11743 81.42128 991.0039 436.9508 5 0.06344968 76.92621 0.0 475.2213 117.551865 5 0.054253556 666.29803 283.50504 768.52875 426.54404 7 0.8834766 172.5198 1.7863808 466.76517 119.551895 7 0.56502336 728.8278 283.07297 831.1187 323.61996 7 0.51642483 954.478 951.93066 1024.0 1022.9752 7 0.47209516 883.697 88.156525 979.99316 152.54463 7 0.3497576 791.3315 644.065 1024.0 1015.8288 7 0.12609474 491.9813 0.0 1013.12256 188.84668 7 0.099598885 462.851 291.52264 610.1005 439.99237 7 0.056237143 666.29803 283.50504 768.52875 426.54404 ,test/0550.jpg
0 0.23609294 195.43803 126.53775 704.4667 855.4956 0 0.08221944 264.60925 350.09308 645.2196 648.0283 0 0.061944995 220.30276 136.27159 688.0642 479.00427 3 0.114596814 191.92194 121.63501 712.6906 844.5494 5 0.9443738 192.35287 122.51575 713.6019 846.89294 5 0.74240005 265.19263 349.93396 652.8371 651.3599 ,test/0551.jpg
0 0.9744601 892.6048 0.0 1021.3322 241.89792 0 0.10866855 370.7294 436.64868 461.34818 510.27222 3 0.7693129 334.19864 406.92126 891.8844 651.98157 4 0.054859962 377.95636 406.73724 889.539 655.7635 5 0.45647055 330.74722 406.8667 888.4352 651.4258 ,test/0552.jpg
0 0.50801593 787.80743 188.71365 913.18964 308.50244 3 0.8899419 273.042 372.64978 784.50354 694.6437 4 0.13465162 272.13135 374.11523 784.4437 694.38306 5 0.6197783 270.70514 374.92316 785.9532 694.01556 ,test/0553.jpg
0 0.6039748 603.3486 268.134 668.13983 314.0214 0 0.3813635 540.2053 0.8173599 590.6924 220.8547 0 0.20014198 3.8469543 238.84494 103.36878 842.95056 0 0.17353986 538.4975 1.0626984 625.2603 316.0432 0 0.17179805 415.82855 22.60294 481.83557 124.350296 0 0.1304913 169.03104 17.807373 402.1777 586.114 0 0.0807509 481.55447 180.94797 648.82336 316.80383 0 0.07229435 572.984 189.91458 670.7373 318.0945 0 0.07041968 11.589584 5.303314 501.10883 590.95276 0 0.06678487 604.4127 280.55487 627.2029 314.57068 0 0.064925194 342.31638 1.1316767 441.44632 18.390484 0 0.052206814 202.49013 476.12256 243.66786 585.1891 1 0.5193188 590.84406 198.40265 672.35834 280.52316 1 0.47411636 473.68973 163.85161 525.9836 252.44771 1 0.19072211 154.70572 1.1349316 467.2336 56.337967 1 0.17566122 194.31729 35.48593 383.95816 584.7108 1 0.17357123 160.24208 1.8267536 181.283 49.72477 1 0.16230407 5.2062073 231.03894 112.5251 841.54834 1 0.15807429 191.78206 91.2973 246.1689 510.80627 1 0.15241618 167.39853 39.014297 234.04178 530.69666 1 0.15128334 475.22534 169.20773 558.9888 298.9327 1 0.1261716 486.16928 182.11227 611.7304 326.1271 1 0.10971566 338.1018 6.755844 501.1446 303.73413 1 0.106592536 206.53554 475.75684 243.85213 583.272 1 0.08009035 11.589584 5.303314 501.10883 590.95276 1 0.079175204 0.0 13.098328 224.27148 665.98126 1 0.06555302 507.63812 193.87494 561.23285 298.69122 1 0.051727492 25.183167 277.0971 174.14397 393.16162 2 0.82787514 507.0381 209.34631 559.50244 299.44485 2 0.54623353 501.85437 208.91281 609.91895 318.48337 2 0.05568911 547.74005 232.05687 605.2293 315.60248 3 0.14672703 273.6999 784.0405 302.93323 827.1278 4 0.054012556 3.3298874 225.6502 101.77253 843.1746 5 0.9241989 57.278168 315.4901 218.32867 604.7248 5 0.73714316 0.0 10.432343 222.70999 695.40247 5 0.26937258 508.67554 192.3167 606.30054 329.24158 5 0.20191246 3.6107674 229.44455 108.42543 845.5281 5 0.1079686 560.08685 304.48273 605.148 326.99255 5 0.10292673 506.79108 211.45367 559.81305 299.56073 5 0.096428305 162.67343 315.1079 215.89548 592.1927 5 0.06985077 189.09113 33.125885 382.4015 581.9806 5 0.051951904 540.2053 0.8173599 590.6924 220.8547 7 0.9997075 324.44427 228.23544 748.2536 1022.60486 7 0.375949 0.0 206.88687 44.94449 417.94467 7 0.26307106 195.99155 37.289825 382.85898 585.0958 7 0.23315059 4.802395 225.86676 95.481766 838.57806 7 0.21136779 349.00824 289.6277 445.2146 356.07898 7 0.18296102 603.5676 269.0688 667.23804 313.83142 7 0.13475901 505.00427 190.89024 610.5077 323.22382 7 0.09463001 162.22195 25.034637 554.48816 584.8419 7 0.09348583 520.3901 189.0886 576.72675 220.68365 7 0.092263155 327.4255 197.58809 544.3378 589.308 7 0.080770165 340.7798 243.21526 604.7819 403.3767 7 0.078704394 0.0 2.6785889 224.27551 742.2497 7 0.06869898 3.2370014 307.10147 43.28492 417.86783 7 0.06737604 449.53354 185.76854 605.13544 357.65118 7 0.06240667 476.28674 243.77235 558.14844 297.14038 ,test/0554.jpg
3 0.999778 290.2677 251.09987 511.43646 454.5345 3 0.6306968 247.99931 275.99634 579.3899 718.1196 3 0.06280054 525.94135 354.05228 565.6037 380.5109 7 0.9992561 579.1784 517.2113 820.54095 712.181 ,test/0555.jpg
0 0.44161135 300.65945 208.73734 916.47046 930.5381 0 0.21913238 308.23077 269.7571 566.4218 451.0582 0 0.07800233 312.16275 273.9052 520.0867 358.57843 0 0.05335309 283.85663 249.85413 589.89453 635.9227 1 0.99351764 263.24475 103.464905 690.6208 638.79785 1 0.1675643 276.4764 96.79239 919.1998 935.2052 1 0.07837391 278.31824 266.29816 606.84863 525.65173 5 0.16480775 274.55212 99.36273 919.3926 929.9974 7 0.55760455 184.27252 568.96796 268.9758 668.32855 7 0.05594335 300.97 218.905 917.93396 931.6929 ,test/0556.jpg
2 0.99977475 404.46564 431.97067 768.61835 825.1505 2 0.40601113 666.0587 465.85492 777.40796 831.4881 2 0.08677823 729.2834 476.71094 781.93317 811.20215 2 0.05849259 659.5155 470.07983 710.6426 832.4999 5 0.35246485 666.0587 465.85492 777.40796 831.4881 5 0.105954036 729.2834 476.71094 781.93317 811.20215 ,test/0557.jpg
0 0.98182184 276.19232 420.90054 786.4123 675.89386 0 0.05209494 268.3404 523.98895 334.2113 595.53204 1 0.06915603 275.6898 421.58688 794.07324 676.9419 ,test/0558.jpg
0 0.09314193 658.4585 576.45337 692.6637 635.5 0 0.08993747 271.66016 354.13773 690.61426 834.3285 1 0.33933625 284.49554 357.10178 672.5047 819.76624 1 0.17838988 658.5787 576.95917 692.7176 635.37665 1 0.08381478 294.0421 359.28186 634.61926 598.8152 2 0.13141316 658.1735 575.5511 692.1657 635.238 3 0.08362297 271.88824 354.7043 692.0562 835.43835 5 0.69827336 273.9083 352.58667 691.8148 836.9452 6 0.059536852 658.2823 577.38586 692.8968 634.0569 ,test/0559.jpg
0 0.44314936 110.20378 391.5736 183.23778 419.23212 0 0.073344305 867.81366 462.16248 922.1525 481.86462 1 0.87913144 106.9907 294.53485 186.47122 426.1366 1 0.8706442 179.84045 617.5891 345.88397 814.7986 1 0.6798468 109.91824 352.80847 187.43594 420.406 1 0.3532421 114.42197 592.66833 221.02267 712.8888 1 0.30560938 114.42242 297.9376 172.88687 356.84262 1 0.30041528 110.18945 392.33472 183.22028 418.52698 1 0.23475812 174.12585 607.82153 636.8705 845.90955 1 0.1927383 314.25336 656.40515 709.2502 868.458 1 0.15170747 99.57062 140.72041 268.66452 321.68066 1 0.1490155 194.54747 597.1744 442.63983 880.35175 1 0.12303174 140.05698 303.2191 169.08893 355.08572 1 0.07012439 196.86615 624.3057 737.7163 757.299 1 0.06759996 868.2262 461.92325 921.09863 483.40176 1 0.06562981 87.80609 350.41675 190.61697 473.97925 1 0.053986367 114.40282 388.4848 182.45265 405.85455 5 0.98828155 331.10867 781.3457 675.2351 1024.0 5 0.1764376 183.52637 602.91876 389.80145 902.7242 5 0.16756046 185.20963 585.3972 758.15356 1023.3734 5 0.15852046 268.26163 0.0 611.36084 164.0994 5 0.14008066 195.5286 771.32745 367.9208 935.0816 5 0.09231652 307.3692 681.11566 726.0484 865.65985 7 0.9994234 166.52078 85.33386 918.7865 747.24207 7 0.7333962 217.2059 610.77 740.39624 733.34106 7 0.38201076 715.9066 462.6175 1022.55286 732.4588 7 0.1585094 189.8532 108.36046 440.77844 412.42767 7 0.07330822 496.8854 100.078995 582.13257 160.7289 7 0.070332035 497.8414 98.92698 596.2648 133.08244 ,test/0560.jpg
0 0.090936534 5.50206 3.0883484 291.3612 915.8334 1 0.09499049 0.0 472.93335 103.15724 793.73987 2 0.06200096 213.16904 26.847656 819.9933 991.0248 3 0.99708694 205.8988 48.274628 827.0348 987.5624 3 0.7488053 228.31674 42.707214 810.7145 429.29474 3 0.3109753 10.903473 1.1324158 292.98773 927.8352 4 0.09014519 0.0 241.20255 315.1767 892.85254 4 0.054267887 168.35165 357.0813 312.04483 852.6686 5 0.96389216 415.62946 251.3001 748.2376 415.15985 5 0.5091987 5.50206 3.0883484 291.3612 915.8334 5 0.14438982 652.26917 5.4902344 833.89856 363.592 5 0.089516714 0.0 471.00772 102.19792 776.47534 5 0.06302381 0.0 427.898 308.81335 885.5998 ,test/0561.jpg
0 0.40052262 31.086914 819.9603 304.3404 1024.0 0 0.10743465 578.8762 551.1106 1024.0 834.0973 0 0.103249334 268.03012 763.99475 371.04245 912.7499 5 0.31673464 275.21094 309.17596 671.85425 650.2252 5 0.11056586 362.83414 307.94885 657.70667 533.07043 7 0.9604319 275.21106 559.7442 1022.7228 865.83905 7 0.6861238 31.992233 820.5826 307.1183 1024.0 7 0.29862115 229.59045 330.11502 682.25085 651.843 7 0.2800665 229.00421 310.1984 920.34906 853.656 7 0.18283707 661.50806 551.81244 1021.5702 815.4859 7 0.08141409 12.630005 749.3794 656.5671 1020.7905 7 0.08078359 21.234406 589.35034 890.771 1024.0 7 0.07890444 611.74 633.2512 887.4004 839.95874 ,test/0562.jpg
5 0.99168336 168.30423 183.7428 876.8069 761.5702 ,test/0563.jpg
0 0.85362816 271.82053 396.86176 844.67566 791.1243 0 0.078800954 829.0721 940.50397 951.0671 966.6414 2 0.09447227 270.80206 398.51093 843.33856 795.4747 5 0.22500315 272.11664 396.86148 844.3652 795.42834 ,test/0564.jpg
0 0.28753942 2.0793152 16.749634 746.6444 1021.54407 2 0.9872299 515.3902 394.79077 744.4495 910.11096 2 0.2979733 510.95938 392.59982 759.8732 447.4028 2 0.28716925 514.19556 343.82025 752.42944 464.84833 2 0.21738341 515.01263 391.19025 751.42377 528.5814 2 0.20110162 511.378 415.67874 750.019 477.04135 5 0.9874977 513.22644 343.8165 747.70276 435.9321 5 0.13190596 509.20004 386.4695 755.0963 425.32773 6 0.19726399 515.7374 409.01093 741.02026 907.4327 7 0.99055016 948.2649 532.3664 1021.99316 825.8382 9 0.12002471 0.0 24.009216 754.52515 991.3224 ,test/0565.jpg
0 0.061283268 361.018 410.64978 386.65454 537.6747 1 0.23922989 685.047 619.6028 765.89856 843.22595 1 0.12114233 742.85095 614.8463 986.04785 808.9922 5 0.952543 351.09766 367.84717 573.59534 630.61255 5 0.09249617 684.33716 619.1824 765.92554 843.3937 6 0.30122796 360.9102 494.40204 386.92978 535.4305 ,test/0566.jpg
0 0.27798867 216.74011 121.25018 872.77124 763.965 1 0.40543538 191.07358 119.0596 877.45264 770.94495 1 0.056973107 164.77086 267.1568 316.76422 782.61395 2 0.3862963 227.50217 120.447784 874.4209 762.1666 3 0.095772445 212.94318 122.938416 878.9395 760.39197 5 0.9565873 135.414 488.96002 216.11209 857.21576 7 0.3325926 202.97455 119.963776 877.6191 767.0134 ,test/0567.jpg
0 0.08535447 317.65436 514.10016 836.57733 877.5008 4 0.58686745 154.05472 393.327 720.8989 732.6876 4 0.08801456 201.7408 493.93976 553.3268 717.0817 4 0.054677796 280.1848 489.79584 841.9752 880.6524 5 0.9848141 152.25818 369.80927 810.21497 858.2531 5 0.05959275 317.65436 514.10016 836.57733 877.5008 ,test/0568.jpg
0 0.05557045 320.60156 585.26935 396.6776 663.0213 1 0.99883956 298.13672 286.03043 821.0624 617.0498 1 0.9853116 0.77248764 625.1546 45.657623 753.408 1 0.97213113 222.20752 519.4786 782.79004 928.1055 1 0.7840389 717.64087 468.62335 789.70325 621.3238 1 0.71956235 301.65433 559.58905 760.11816 788.6165 1 0.7007596 376.6059 590.23553 521.8406 694.23517 1 0.65265137 488.01108 582.558 756.1804 729.3229 1 0.6374143 320.7478 584.6636 394.59735 662.85974 1 0.58089155 352.1445 700.8517 697.66016 800.2117 1 0.5163438 320.93973 588.48456 376.26773 765.0529 1 0.47732902 275.71738 412.66986 799.95337 746.9943 1 0.47350746 308.3285 484.73026 781.89404 604.0945 1 0.38363332 318.35892 670.1881 372.54453 762.9647 1 0.31451076 320.6847 633.76953 366.27655 722.5006 1 0.3075379 322.338 582.62463 414.32312 709.08813 1 0.27675518 361.3315 627.16156 382.22885 709.12164 1 0.24376543 358.78946 662.3271 385.90878 705.6868 1 0.24158965 330.93182 582.3081 692.59607 713.88916 1 0.24040571 416.57983 661.08606 443.70032 708.5364 1 0.22617124 332.3711 707.2449 366.45398 760.2693 1 0.2117334 261.8097 682.4723 756.9013 858.79565 1 0.1822015 359.76654 668.513 375.53186 708.02386 1 0.17318413 784.0889 401.543 816.9156 444.1735 1 0.15328127 360.63452 592.1822 405.82568 708.7736 1 0.15192258 462.10645 477.81226 788.4264 760.3585 1 0.11893002 357.82315 657.68884 426.57913 707.2788 1 0.11779524 329.7754 613.7973 381.32153 713.106 1 0.10261941 370.20972 624.7132 388.6018 707.07574 1 0.09131099 339.2526 679.5598 740.13806 754.43994 1 0.08585035 696.02057 461.146 786.8923 812.40076 1 0.085812114 350.65536 721.3086 368.27725 763.5963 1 0.08380237 373.43735 657.0487 398.26083 705.266 1 0.07187998 448.60593 660.80994 513.2621 684.328 1 0.07052705 418.4865 675.15454 454.5055 706.83606 1 0.068556644 404.07782 661.4 464.79474 708.2993 1 0.065596186 444.58682 636.1091 515.29407 686.9489 1 0.065417886 338.1718 753.7673 667.0219 809.98615 1 0.063280255 326.04785 619.24115 502.2459 710.56354 1 0.062856056 721.2853 561.43365 744.9707 619.648 1 0.05584384 355.98474 630.33215 375.40625 700.9938 1 0.05548425 341.0388 498.97614 752.7992 692.31903 1 0.050713357 331.60345 637.1105 368.25177 691.5343 2 0.6857826 390.93582 590.83057 523.86096 686.0885 5 0.89597684 433.7706 683.03894 489.02182 712.334 7 0.05590603 374.3897 590.419 520.4004 699.314 7 0.050264016 359.26083 593.9469 423.38724 708.0083 ,test/0569.jpg
0 0.2674938 0.0 903.40076 36.90605 1020.5686 0 0.17444111 24.68396 214.31316 545.65985 505.8473 0 0.1608932 13.472412 476.7151 544.68744 765.3529 5 0.77783495 20.570923 216.38124 542.9286 505.79932 5 0.7468852 13.767731 476.88687 545.5547 765.2511 5 0.08555859 564.81854 307.80334 981.0754 553.1759 9 0.9837419 517.14136 526.11865 915.3386 914.8248 9 0.94247127 565.0562 309.19717 980.64886 555.74854 9 0.41963702 21.684814 215.9747 546.443 506.4357 9 0.4138887 13.821106 477.61447 544.5374 765.4498 9 0.13068786 23.618927 202.85995 971.7219 902.50085 9 0.1114383 0.0 903.59863 36.96132 1020.67236 ,test/0570.jpg
0 0.33885974 455.22418 652.5887 487.9406 784.9461 0 0.3280097 197.89925 782.6363 270.89023 838.7702 0 0.12323837 205.88724 671.99207 455.91965 783.6372 0 0.12104808 879.56525 329.40488 912.4323 588.71655 0 0.11101345 393.68353 697.0352 474.28326 821.27216 0 0.09156308 346.1855 701.96814 470.13342 852.18835 0 0.07598754 359.82843 789.88586 430.9679 852.05774 0 0.07162131 351.74347 699.1323 459.03003 752.157 0 0.06781381 261.0157 694.6405 470.72375 812.8815 0 0.051700953 169.73518 668.2197 474.0841 867.55786 1 0.9897535 645.256 240.29453 891.5475 673.5514 1 0.98715043 493.62415 227.59303 652.11914 495.65045 1 0.97425485 80.792786 256.73566 536.0875 745.32294 1 0.960111 172.90936 670.5946 463.3728 873.0453 1 0.93757457 184.77585 363.61966 319.74567 517.2001 1 0.87644905 505.69617 447.591 684.8008 749.1585 1 0.63495797 576.96106 454.82822 675.07324 654.22 1 0.51116174 197.98473 781.6259 271.45844 839.01373 1 0.4466826 350.60526 697.2075 474.17508 849.0609 1 0.40814254 455.9423 652.73596 488.1105 784.4447 1 0.37448096 879.56525 329.40488 912.4323 588.71655 1 0.3239124 635.4221 380.3575 662.6041 478.23856 1 0.30517146 226.56952 704.14453 472.78876 830.0353 1 0.303595 303.18097 310.185 418.82013 469.51233 1 0.29469803 208.39066 686.63336 460.8961 782.6014 1 0.25200465 499.23587 619.6112 682.884 752.2793 1 0.22191119 652.7898 505.03976 734.9718 577.84155 1 0.21167941 415.68292 241.44853 904.2658 634.30743 1 0.19559 400.424 236.10999 695.5439 520.3878 1 0.15819846 637.524 460.08475 666.9609 569.58234 1 0.15411986 395.19028 703.1499 475.36777 819.53503 1 0.14444663 638.2222 376.15417 657.6662 444.778 1 0.1345123 185.8402 716.3815 385.1991 848.5432 1 0.12759723 180.65916 331.39844 420.5699 516.2903 1 0.12620537 508.8203 279.24762 667.5729 646.59235 1 0.1251341 453.30896 642.4366 525.1121 780.20404 1 0.12291994 163.17993 331.92538 630.7088 846.0762 1 0.12205573 452.6545 219.46149 683.06836 734.8744 1 0.12203496 610.91754 456.73865 725.1999 619.15 1 0.12157369 240.678 774.7693 277.0272 803.6039 1 0.12109006 668.8272 503.67227 783.538 663.59686 1 0.119883426 393.6393 227.63205 528.09076 637.406 1 0.116119884 55.18757 349.27783 247.02292 699.00696 1 0.111439995 617.28845 233.45134 765.8634 661.6898 1 0.10718345 359.82843 789.88586 430.9679 852.05774 1 0.10329008 657.5539 504.95062 679.0461 566.0914 1 0.093779415 579.49866 449.07272 822.8192 673.67285 1 0.085622765 483.59314 638.8815 524.98517 730.7261 1 0.08531508 639.4431 369.15924 725.787 597.6606 1 0.0823308 612.45355 243.77315 687.35345 477.78705 1 0.07987593 674.3073 560.7917 726.924 652.4074 1 0.07737435 366.86273 419.3257 408.8003 449.49673 1 0.07566681 629.2694 238.64261 836.3071 521.9431 1 0.07448993 181.88208 409.58905 238.5878 512.08704 1 0.071068875 618.28424 459.2458 673.49884 627.93427 1 0.06733938 674.587 583.7904 718.0866 607.0845 1 0.06386973 318.43198 415.7508 413.63083 465.56793 1 0.06309992 203.28844 665.34607 463.21295 733.8584 1 0.060469706 243.33925 362.2399 319.7061 484.63077 1 0.060101677 880.32776 453.3476 894.79456 584.60455 1 0.059550595 673.8385 598.5922 807.1698 663.86835 1 0.05805105 640.01514 370.0529 669.57825 526.42645 1 0.057244517 180.58955 456.61017 497.05792 754.9338 1 0.054925922 237.86081 273.4774 677.9033 581.902 1 0.05382556 191.77165 731.25055 344.39716 782.3941 1 0.0530465 351.17322 781.2138 432.85645 827.3746 5 0.06874474 676.8702 605.7372 726.627 631.82434 6 0.18228085 521.51025 616.3486 679.33264 744.57745 7 0.99280614 0.63352203 324.91437 44.142754 517.383 7 0.098900974 355.284 697.75073 472.38068 849.17993 7 0.054266952 396.7879 700.7764 478.40625 820.62506 ,test/0571.jpg
0 0.47553185 543.5174 415.4348 618.81635 486.3064 0 0.24574733 575.5467 420.9213 614.117 518.6143 0 0.09211265 579.1035 446.1258 611.11694 504.5736 1 0.97749376 487.61047 510.3877 652.72656 714.094 1 0.051056456 544.022 414.90933 615.371 486.2065 2 0.99403113 270.74915 417.473 451.2776 852.7057 2 0.63244015 270.36926 366.91614 449.00842 515.0323 2 0.10934855 489.002 508.10947 653.774 719.3833 2 0.06598497 270.35397 477.4058 439.47885 516.4722 5 0.99924964 478.08084 360.36447 663.31647 738.55164 5 0.6922448 271.72873 366.76047 448.47366 514.2902 5 0.24091035 488.29285 504.88312 651.1344 716.13434 5 0.053944692 267.88666 382.98236 454.36804 852.72784 ,test/0572.jpg
0 0.08170189 701.62634 177.17374 785.3716 615.80884 1 0.99508554 341.75726 689.23126 559.2845 879.6772 1 0.99274933 202.4105 78.07843 565.64465 555.79425 1 0.9841336 585.50287 154.41982 911.2059 639.7149 1 0.9777256 309.89117 478.5242 632.8373 714.39905 1 0.72184706 554.3505 37.224213 819.00653 233.54773 1 0.64929044 589.07404 203.02974 751.37006 645.5283 1 0.38123515 297.68994 564.9125 594.704 885.24646 1 0.34550473 331.60986 495.33154 591.0065 552.282 1 0.22714925 698.5217 173.73509 788.7562 619.54114 1 0.16727857 341.2152 687.38416 553.1606 737.9491 1 0.15951355 345.98877 508.23447 505.93335 544.78986 1 0.117518865 339.95743 303.7121 626.69763 885.1093 1 0.100559086 103.995544 108.00391 641.69336 734.68207 1 0.08258962 478.10004 703.2685 552.2094 734.77496 1 0.081338465 540.16425 68.57303 841.04193 391.25275 1 0.07438578 331.02127 452.22247 565.8081 559.8724 1 0.07197974 240.69437 64.44125 316.77267 130.16028 1 0.06914362 54.230377 0.0 317.5913 780.1377 1 0.060961824 423.32965 44.05609 852.4797 603.4973 1 0.05844389 384.82544 519.69543 482.1161 541.9934 1 0.056327324 545.91486 196.77364 638.36505 690.6386 1 0.05128631 242.2706 66.8864 314.57455 94.31914 1 0.050674066 758.10034 127.159515 937.2594 591.6769 5 0.30972725 46.042892 0.0 314.90814 781.5774 5 0.13249062 877.50916 50.04062 1024.0 657.9031 7 0.9991849 573.89307 581.73004 891.76245 967.95685 ,test/0573.jpg
0 0.43853554 417.06754 144.02797 480.6061 165.07338 0 0.2963616 259.5367 139.96564 1005.09644 877.8882 0 0.2388436 579.2127 137.29797 850.68463 183.64182 0 0.22202437 276.09256 160.79689 487.46097 637.11993 0 0.09838667 923.5645 147.73927 1019.6497 283.38983 0 0.091347046 302.4665 848.84766 391.11078 997.87646 0 0.053791672 103.06181 235.58221 180.87437 347.34528 1 0.875547 226.31705 605.1391 459.07358 816.4267 1 0.5233128 252.46918 134.3052 1001.3066 873.77673 1 0.5065406 276.09256 160.79689 487.46097 637.11993 1 0.39481956 417.96576 235.40654 491.66876 343.68594 1 0.17705508 416.85187 144.05325 480.79126 165.06735 1 0.0553017 266.23816 69.421005 373.57916 196.26604 2 0.6855757 266.17923 69.45596 373.39438 196.28879 2 0.11717435 419.3297 234.57024 490.58118 338.50403 2 0.05301371 225.92953 609.2429 458.09433 805.69775 3 0.05706895 266.3569 69.50151 374.06747 196.10542 5 0.8536317 102.95532 235.23389 180.93 347.19586 5 0.7011696 419.19742 235.02524 490.9172 343.08694 5 0.5819841 267.53494 69.03831 374.63266 196.77875 5 0.077640496 299.56604 66.9283 373.4074 160.35527 5 0.052239507 399.59103 165.78398 491.76468 347.1156 7 0.99196905 0.0 400.365 235.58507 858.59644 7 0.6700758 266.5016 139.25845 1002.8334 878.44885 7 0.100233346 276.14966 160.03386 489.5097 636.4998 7 0.0785334 6.5238113 593.2275 225.20535 808.65155 7 0.07402489 387.26135 324.9951 479.43884 516.204 7 0.07370331 579.2127 137.29797 850.68463 183.64182 9 0.057831902 288.49875 137.10593 998.8165 871.5166 ,test/0574.jpg
0 0.05223349 583.6726 915.2893 706.4789 968.0587 3 0.99937326 241.99817 449.43536 619.6636 685.0639 ,test/0575.jpg
3 0.99679923 376.2398 456.04138 644.1177 649.46826 3 0.46864608 630.4353 530.30096 661.17334 568.7309 ,test/0576.jpg
1 0.13914025 510.82993 512.35657 596.1176 575.4972 2 0.156845 511.8336 512.11835 564.02435 573.5157 5 0.7635546 509.43863 512.2746 601.9888 580.14874 5 0.2923808 529.6856 538.5552 606.09064 583.5261 5 0.27693725 531.7084 545.00195 567.4579 576.72095 5 0.25263593 510.31232 513.115 563.38837 570.5442 5 0.22073954 515.239 492.06323 604.6057 552.07056 5 0.20878707 507.88394 449.56418 622.6111 576.91693 5 0.053201754 518.57605 512.7416 598.3268 538.9027 7 0.99996305 90.638016 296.60464 423.1529 847.95703 7 0.99990535 404.19672 407.92233 723.6163 722.2881 7 0.9967809 670.9935 38.66565 1006.52673 671.58813 7 0.37037632 667.0079 65.68109 1002.8903 386.04044 7 0.1302663 184.40067 334.93445 247.41357 443.32794 7 0.11389817 188.2063 297.8771 300.80515 446.65475 7 0.08904222 681.562 197.03992 1000.09705 493.35205 7 0.07190524 215.12677 322.01086 260.4537 395.75403 ,test/0577.jpg
0 0.9959645 220.0311 355.22653 354.73178 484.0883 0 0.06927513 215.92456 489.5971 357.49597 630.9992 3 0.99632937 366.9481 582.7213 735.4066 810.1869 3 0.08827884 360.01715 695.0547 511.3081 818.51794 ,test/0578.jpg
3 0.111375794 215.1943 145.08517 464.0618 322.60892 4 0.9948961 194.62807 151.04916 532.4933 845.04346 4 0.9733873 497.11807 209.61148 872.0504 791.2623 4 0.054141976 215.51614 145.50131 463.01492 320.0289 5 0.2784716 495.6629 206.93045 875.5463 789.8584 ,test/0579.jpg
0 0.054423977 280.1817 356.72458 617.4668 720.7849 1 0.9965563 277.8463 366.13297 617.6577 721.51294 ,test/0580.jpg
1 0.98848665 322.51785 202.82901 863.02734 784.76575 ,test/0581.jpg
0 0.12119109 747.43823 206.66855 788.6312 451.6622 1 0.530223 749.2792 206.63696 785.36816 451.1601 7 0.99783236 178.07085 355.87213 686.8286 826.1097 ,test/0582.jpg
3 0.99944824 251.20302 185.59946 758.95184 463.67593 ,test/0583.jpg
0 0.6215153 378.28375 166.13013 901.5964 996.9603 0 0.14871128 416.44473 305.814 600.92896 832.5908 0 0.082432605 666.2076 35.046677 765.6381 270.06897 0 0.05794453 416.0101 662.33716 503.8986 808.6129 1 0.952401 162.9938 202.27365 526.5747 809.97974 1 0.91485953 191.13269 148.85333 902.2145 1003.0174 1 0.07449027 385.36917 796.8402 453.34225 862.8275 3 0.14149278 432.6485 161.57938 929.0976 265.07224 7 0.3056857 418.766 334.6147 597.7809 812.60455 7 0.13698478 390.1856 167.14597 902.9379 993.20996 ,test/0584.jpg
7 0.95889556 467.22516 528.85406 567.8896 602.1862 ,test/0585.jpg
0 0.72749716 617.89355 685.5375 774.91223 821.73267 0 0.067302495 510.0021 347.00955 576.3957 404.55362 0 0.050118994 105.78896 472.70444 163.02702 553.40845 1 0.99217236 209.0155 231.48553 523.22784 459.23914 1 0.9832503 170.41551 338.05002 566.93005 722.579 1 0.9804182 526.02216 331.2232 861.6917 813.88715 1 0.9222852 0.0 0.0 455.23297 389.02985 1 0.8534506 158.93452 352.4307 402.46838 514.9547 1 0.7682867 541.23914 427.71625 820.3131 676.9538 1 0.7500858 407.14728 3.8069153 1001.2016 393.1024 1 0.5322124 559.9632 317.68558 1024.0 664.5017 1 0.5178991 530.2213 518.8251 796.16907 816.4673 1 0.43136525 534.77496 331.33673 641.1512 518.6516 1 0.40574393 168.92183 339.75134 527.4516 549.0743 1 0.40446916 315.21924 415.41516 540.1411 636.13367 1 0.38144815 402.5665 302.67645 527.82324 465.726 1 0.1813064 370.5635 604.3777 431.37497 717.12646 1 0.15918858 460.01398 319.29776 530.98944 407.4022 1 0.15154183 431.80804 64.328094 1021.83856 641.3218 1 0.13014154 190.05876 146.27736 463.55902 416.87463 1 0.08551617 215.84523 447.08954 397.6731 625.039 1 0.0845104 197.33157 325.2188 448.6783 463.9068 1 0.077590466 509.30444 341.271 576.188 404.78906 1 0.07673707 161.38419 78.860565 578.8873 597.537 1 0.071267694 476.27786 320.24048 579.45605 407.4015 1 0.059951626 390.59772 0.0 450.6541 285.01736 1 0.05968162 20.324905 175.16513 434.386 401.9122 1 0.059597336 426.77515 107.443825 461.4828 252.63608 1 0.057007033 429.64838 235.39037 529.1753 415.83545 1 0.05130619 656.09814 524.4389 811.3358 691.6097 1 0.050926752 106.404526 473.16714 162.42897 553.46594 2 0.99248874 435.14233 232.96814 496.5268 299.49554 6 0.52376133 105.800514 473.10956 162.91426 553.26544 7 0.11878422 105.63839 472.07828 163.15532 553.5971 8 0.228939 821.8735 270.79147 915.7198 333.62173 8 0.08827536 792.10376 234.20428 918.1433 335.99786 ,test/0586.jpg
1 0.498727 7.025116 681.36163 1017.93494 968.88666 4 0.961894 357.3512 367.5141 678.5029 589.43304 5 0.10470013 5.7090454 681.68677 1018.0965 969.0659 6 0.27722517 6.6235046 680.9873 1017.6953 968.9752 ,test/0587.jpg
0 0.9781913 290.93945 364.8307 580.4346 725.74316 ,test/0588.jpg
0 0.9319725 0.92430115 835.62213 278.87903 1024.0 0 0.21294133 256.56876 456.42798 294.63107 488.98938 0 0.1360306 1.400959 832.4996 108.12697 1021.98346 0 0.07741306 254.363 405.848 355.08023 492.06436 0 0.05877947 93.70284 549.19104 270.39627 873.6824 1 0.9990134 328.04602 197.7873 820.1986 649.11505 1 0.99895597 105.28912 446.10855 648.8253 986.6382 1 0.63598424 320.69037 189.0526 499.80115 284.13373 1 0.6293053 114.17688 189.08539 825.1186 868.1988 1 0.5289621 254.54509 405.51654 354.4134 492.4948 1 0.18166198 93.70284 549.19104 270.39627 873.6824 1 0.13966313 399.60608 208.99646 792.083 413.59448 1 0.060681734 256.60367 415.4531 594.34973 669.006 1 0.05846824 0.0 830.94 347.64465 1022.6722 1 0.05599136 245.72787 806.9767 353.43356 936.0327 6 0.249047 255.53293 406.20703 354.5261 491.9026 7 0.061343372 1.5796967 838.4249 279.34308 1023.3899 ,test/0589.jpg
7 0.995723 177.98813 195.7598 813.6123 965.6992 7 0.28972805 268.25146 507.81274 661.60474 959.67126 7 0.08377204 0.0 754.9734 351.90112 960.08386 ,test/0590.jpg
0 0.21514916 619.7662 493.91583 703.19415 550.9465 5 0.9996952 278.73575 339.9704 859.6067 757.7546 ,test/0591.jpg
1 0.31641096 899.8906 290.26898 1004.7766 387.33484 5 0.22881694 0.0 547.8827 224.2448 923.07874 7 0.9943506 73.581116 178.64694 912.90436 1003.70496 ,test/0592.jpg
3 0.99679667 291.1386 263.87207 757.7065 787.5171 7 0.9956137 313.16937 102.76079 369.10962 308.98663 ,test/0593.jpg
0 0.72342163 541.499 809.3558 671.1044 938.68024 3 0.99578744 139.03809 289.9073 779.17596 653.6452 ,test/0594.jpg
0 0.71163243 394.15894 211.49739 428.20343 306.799 0 0.1649858 395.326 34.054916 577.1813 277.83112 0 0.08251983 489.89975 46.16475 572.39624 269.31213 0 0.07760878 500.03345 208.6369 573.42285 262.65918 0 0.06905333 502.2449 110.99615 604.2759 261.61563 0 0.061269686 654.5167 215.26616 687.63904 302.38382 0 0.05034179 390.39758 214.48709 698.08997 282.71008 1 0.066977315 394.33423 211.31517 429.1256 306.3304 3 0.05050099 529.2386 149.89201 542.41815 221.16325 5 0.5518665 390.39758 214.48709 698.08997 282.71008 5 0.31972754 394.23538 211.40466 428.72562 306.6878 5 0.3191831 500.03345 208.6369 573.42285 262.65918 5 0.18566081 571.6594 258.00223 656.4946 271.56412 5 0.17937653 653.7409 215.14725 688.2885 302.16495 5 0.086426616 459.6688 256.58923 659.1108 275.81573 9 0.9746685 288.1354 197.8594 744.27136 929.4176 9 0.8954071 297.56165 241.49857 479.5479 902.59546 9 0.29517305 394.40002 174.54211 602.959 921.55457 9 0.2273792 421.16354 34.542435 575.02124 270.66528 9 0.18399428 550.7693 226.00455 742.48035 914.407 ,test/0595.jpg
0 0.123372614 652.2939 2.3729782 830.7342 152.22464 0 0.09400532 601.0164 341.19055 985.3415 691.0863 2 0.9973441 284.77344 475.80316 591.99615 721.5627 5 0.94884795 601.14246 340.67798 986.1957 691.5718 ,test/0596.jpg
0 0.10718953 243.91025 68.25278 829.26025 749.14905 2 0.8910634 244.18582 66.42334 828.40015 748.39435 3 0.15966299 243.02805 64.066986 828.60156 748.67444 5 0.10083265 245.79724 64.85794 828.65686 748.2645 ,test/0597.jpg
0 0.072388664 196.40811 313.86163 778.77466 715.49457 1 0.3689752 196.6333 316.02017 774.99884 717.3778 2 0.8371151 197.45145 317.1659 775.4453 714.1123 8 0.9962447 203.66826 498.63766 361.50793 725.95874 ,test/0598.jpg
0 0.12251009 904.12195 26.422016 949.1636 78.95688 0 0.098256126 489.94223 692.9469 633.6008 948.53955 0 0.05779098 497.96887 643.205 603.45605 689.4079 0 0.051645197 0.9647217 386.8667 227.04489 1023.87195 0 0.05164185 802.3654 2.4058762 905.4831 169.97769 1 0.9682264 841.4523 13.211792 1024.0 390.5768 1 0.77621984 880.45197 6.657646 1023.7215 220.1911 1 0.7272765 904.593 18.837666 951.9536 87.138245 1 0.5555285 879.8563 20.376945 950.46606 153.95898 1 0.4454085 803.1267 2.6808853 903.5814 170.55795 1 0.30185193 877.54254 32.455593 915.858 156.5847 1 0.2374269 885.75366 153.07599 1020.88477 389.14832 1 0.2248255 799.9722 1.5929565 1001.1628 171.66833 1 0.18547691 0.9647217 386.8667 227.04489 1023.87195 1 0.09476972 832.07715 25.010498 946.10046 176.7893 1 0.08103117 884.56934 2.4873009 1024.0 88.47505 1 0.07321189 845.4698 42.302364 893.1596 166.81638 1 0.059620902 693.8539 408.14532 808.6864 482.351 1 0.058929745 870.44977 39.727703 901.27594 161.72328 5 0.4440818 581.7505 438.06046 669.56165 496.3508 5 0.2347921 694.11896 404.48825 810.5723 483.1052 5 0.23231722 0.0 418.3424 226.14886 1017.97925 5 0.18893835 550.40216 424.12555 619.25775 484.8086 5 0.17761938 218.1418 598.8254 454.9831 684.8863 5 0.10026371 344.2405 587.50757 441.41037 668.04114 5 0.09283685 591.0861 512.7522 667.6829 559.7987 5 0.0706136 433.94647 302.19662 520.4179 369.9147 5 0.06309702 605.52765 453.8654 667.36505 492.95413 7 0.99952126 531.92847 413.24976 845.6022 742.0166 7 0.99024105 328.41074 650.36523 647.1367 956.51355 7 0.9874701 584.9027 282.41144 860.8893 468.3714 7 0.98455924 20.70076 295.46143 414.063 660.0863 7 0.96090746 273.18546 278.07672 516.62976 485.89923 7 0.9544798 485.2098 365.42697 523.287 412.74295 7 0.92451334 434.62573 303.1869 519.2678 364.81244 7 0.8749404 356.5475 431.5907 557.4579 672.0757 7 0.7673042 389.949 672.94196 435.60666 746.6326 7 0.39954484 146.11024 428.37323 646.7785 690.1058 7 0.38766983 197.99036 512.4575 537.78845 686.6769 7 0.36722958 214.18646 288.5848 300.20898 320.57724 7 0.27277198 260.69458 285.47687 564.3642 660.63257 7 0.2302657 430.91135 299.2969 527.256 413.8348 7 0.22451572 204.82645 597.90955 486.15305 683.7035 7 0.1565003 581.7505 438.06046 669.56165 496.3508 7 0.11168386 497.461 644.99097 603.38715 688.4507 7 0.08886163 533.4597 430.127 611.54944 689.21344 7 0.0687497 489.94223 692.9469 633.6008 948.53955 7 0.06874468 347.84213 336.86383 534.1452 607.2323 7 0.060988132 273.84558 524.3733 444.71277 682.9071 7 0.053319413 386.794 654.0963 496.10382 744.58044 7 0.050535604 434.86972 435.44574 542.7019 500.43372 ,test/0599.jpg
5 0.9064877 283.1116 322.47455 714.3347 772.4891 5 0.819679 858.37646 970.0312 1023.8142 1024.0 7 0.47107515 283.74225 320.902 717.6623 774.5066 ,test/0600.jpg
3 0.9998455 484.84564 344.72357 716.98175 687.38715 ,test/0601.jpg
0 0.14512317 190.00095 301.00482 851.9215 891.57135 1 0.9622633 190.7511 299.68097 844.70447 892.9119 5 0.06648775 7.0300884 197.7613 40.730392 234.04292 7 0.10427567 186.79419 294.99887 854.0144 891.64136 ,test/0602.jpg
0 0.3726401 1.392334 720.55743 153.36684 920.3276 1 0.98374486 255.03725 213.177 714.8232 781.7456 1 0.91845214 273.99384 195.60294 856.7587 480.30167 1 0.7480721 282.357 451.2671 649.17883 783.8729 1 0.22403303 1.4947815 720.17975 153.39975 920.1434 1 0.12599474 637.81494 366.59485 874.97925 469.2605 1 0.11728725 307.9473 354.303 880.3114 476.02817 5 0.0804113 1.5238342 722.07306 152.30232 921.30707 9 0.75657755 0.9053345 723.0489 152.6748 920.6661 ,test/0603.jpg
0 0.9981066 129.70142 418.2682 787.5238 730.7479 0 0.6485764 714.87604 511.56802 1016.23505 557.1631 7 0.31366035 695.16016 735.39795 743.9907 790.5381 ,test/0604.jpg
0 0.33581954 515.0789 486.48203 671.91925 587.9553 0 0.24244802 422.56522 502.11462 654.1329 578.20605 0 0.1539285 535.09143 513.5733 642.33105 593.842 0 0.14308007 423.86533 419.8991 704.4512 585.0365 0 0.109671876 407.04974 632.7302 831.10846 850.2572 0 0.07019435 365.0645 476.4782 746.6469 627.2618 0 0.06796599 0.0 247.0773 407.18912 940.66724 0 0.05198439 371.77112 497.6548 801.10803 781.322 6 0.9849668 367.87677 452.0694 748.3852 715.95184 6 0.9842832 0.0 140.39273 452.68652 977.9269 6 0.9396948 400.28906 612.96295 831.56384 854.44293 6 0.9080876 1.2468262 64.76843 206.55911 367.31433 6 0.8473453 161.83011 174.8247 459.2922 430.82806 6 0.8045995 387.7998 414.18506 739.2396 574.2842 6 0.47089764 1.0651703 105.68823 456.77167 519.9958 6 0.37592417 10.5091095 249.83202 289.32007 500.67426 6 0.30384213 0.4225769 236.03398 423.14532 642.85077 6 0.24300534 178.41563 231.39716 314.50476 274.36176 6 0.20683661 158.9799 157.31612 410.7268 299.41675 6 0.198028 1.4708405 148.97531 129.91534 370.892 6 0.17546445 379.15814 552.66315 797.18805 772.4438 6 0.14833345 55.947937 261.58826 286.1088 371.6043 6 0.13646294 186.98828 248.34662 260.54608 290.2843 6 0.09658128 511.9579 478.3069 744.5471 593.98267 6 0.07476317 440.81415 660.6637 833.42194 785.77454 6 0.06820142 181.80266 222.06635 384.40875 293.77155 6 0.063606426 0.7984123 239.44617 79.383606 393.43427 6 0.063488364 187.26813 193.44003 440.03027 658.6195 6 0.05306672 178.64449 246.45761 286.633 309.53708 7 0.5327367 974.9894 989.5459 1024.0 1024.0 7 0.49583787 541.0238 512.3083 638.40955 595.7922 7 0.26306024 426.77106 503.8763 585.1704 568.59863 7 0.18878207 488.10382 502.76086 650.1789 584.7549 7 0.07305344 423.86533 419.8991 704.4512 585.0365 7 0.0606474 543.3365 474.63745 672.2326 601.7991 ,test/0605.jpg
0 0.16612583 231.16614 239.66075 832.949 745.9062 2 0.8409977 230.21683 239.92354 832.36633 747.3524 3 0.1698886 229.80463 239.41216 833.68976 746.7432 5 0.8314233 288.04712 240.54355 727.1282 422.62308 5 0.6773123 228.33679 239.94115 833.09216 743.26447 ,test/0606.jpg
0 0.0546116 61.104946 386.4979 134.7891 426.7361 1 0.06724763 343.3268 237.0876 386.19797 297.04498 1 0.059538137 130.80664 332.4867 173.21915 443.5428 4 0.9994234 421.36282 331.4223 522.82263 686.09753 4 0.98759437 301.60004 307.41125 412.15662 680.4772 4 0.9734081 2.7073212 329.82343 93.06798 669.9062 4 0.9281749 193.40445 422.83948 305.66898 689.1655 4 0.80714524 98.42463 480.998 206.38708 668.8709 4 0.6525515 293.27655 299.1488 346.22723 619.1005 4 0.4702442 130.73819 331.37668 173.17172 443.6512 4 0.43000174 109.00163 334.3659 217.38423 675.66766 4 0.40495902 59.295506 404.05585 132.26176 542.15924 4 0.3537276 4.7265186 330.4017 67.69949 538.24 4 0.21856116 778.1282 340.8708 822.51697 444.35638 4 0.20281735 530.3509 225.80882 628.9736 687.97986 4 0.13815776 60.84354 387.33148 134.60225 425.70367 4 0.13074209 0.66339684 327.61676 22.915552 511.24908 4 0.10210396 77.504295 421.25635 282.81757 657.11914 4 0.098484956 110.22919 417.71265 226.39798 581.89703 4 0.09811058 560.5826 230.24379 599.2542 369.57672 4 0.07628613 171.70627 357.43387 188.07971 430.7001 4 0.07203904 110.94011 425.84335 300.52545 543.22046 4 0.07106962 194.9102 497.32593 210.0071 670.5244 4 0.06639011 61.54125 396.9918 107.19464 609.9386 4 0.058220588 8.90321 399.46606 128.55473 566.64655 4 0.05191151 86.95701 407.9145 131.54883 614.52637 5 0.96285903 860.5165 324.43582 962.18604 683.7899 5 0.82023966 529.495 303.2702 628.4182 687.71844 5 0.6464442 616.62683 136.12491 742.19714 690.77026 5 0.5845325 750.9165 429.49417 859.5751 668.67145 5 0.19488092 560.39716 229.59035 598.9655 363.87787 5 0.19390638 641.7376 299.75296 730.1125 670.568 5 0.07378286 0.66339684 327.61676 22.915552 511.24908 7 0.6787722 59.219917 411.51398 131.59796 531.0849 7 0.57409066 750.6952 429.5215 859.2284 669.51434 7 0.5086919 1.4026794 74.4382 39.845642 346.16483 7 0.30513632 0.085930824 336.64435 22.930157 501.54047 7 0.19413058 1.4771824 69.35574 59.098114 496.81076 7 0.07487799 343.3268 237.0876 386.19797 297.04498 7 0.0540895 0.16974258 450.8416 94.28197 661.7962 ,test/0607.jpg
0 0.98220176 614.7463 733.153 677.29474 786.53265 0 0.54732126 294.16583 164.86131 372.18774 203.4428 0 0.47495657 337.29993 168.58884 370.19934 204.4512 0 0.2929629 527.2993 343.59335 558.3131 442.14212 0 0.26968965 529.17834 346.62762 549.0054 406.1742 0 0.20414361 614.6173 370.83475 648.5215 430.9976 0 0.06444042 334.98285 571.5221 373.37476 601.9337 0 0.06213519 280.1967 166.90128 371.3121 230.08734 0 0.061430316 543.1666 416.7251 617.1382 439.76373 0 0.050440527 2.4206924 397.5077 49.53913 743.77234 1 0.8909049 521.58984 307.85577 640.2671 440.71533 1 0.7752955 425.42343 307.90768 645.6943 512.43 1 0.349536 2.4206924 397.5077 49.53913 743.77234 1 0.25398326 614.37683 370.4117 648.3015 431.81955 1 0.14862968 527.0336 344.11905 558.77985 443.3635 1 0.13130027 543.1666 416.7251 617.1382 439.76373 2 0.8043958 525.1195 330.74304 622.37524 442.65387 2 0.22256525 555.55023 314.4146 620.69916 415.9713 2 0.077637516 550.72754 345.54483 603.27356 415.14236 2 0.07289223 569.4886 319.3709 616.56244 384.17798 2 0.057460833 535.4476 416.75812 617.53107 441.2021 2 0.05672225 527.0336 344.11905 558.77985 443.3635 3 0.2221241 878.551 421.67844 908.9502 454.01004 5 0.1254286 265.51938 397.17035 301.51157 441.70636 5 0.11633977 543.1666 416.7251 617.1382 439.76373 5 0.09158515 292.76767 165.47852 372.23215 204.71368 5 0.073427565 282.10617 198.41417 335.37015 230.63261 5 0.05514398 277.6595 169.7038 371.70227 230.87991 7 0.99985564 734.91095 408.69897 970.2801 800.1991 7 0.99972874 386.551 429.67963 780.45276 806.24335 7 0.9991359 136.74619 230.42667 403.3915 755.72974 7 0.9988219 239.70738 161.02357 471.86493 459.32556 7 0.19962941 543.1666 416.7251 617.1382 439.76373 7 0.19162223 275.8563 167.51186 371.2357 222.43913 7 0.1580486 294.73657 164.02591 372.2603 203.67691 7 0.06761374 3.1987019 397.68842 51.300316 741.7287 7 0.054819427 163.65991 218.44447 416.14716 473.68933 ,test/0608.jpg
1 0.9993998 398.9004 135.65439 721.6383 569.9276 1 0.74014527 691.4308 284.0074 833.16394 497.1801 1 0.15179662 821.3865 340.39117 917.0272 424.7799 1 0.12140247 697.4405 384.99298 836.44684 495.95056 1 0.10328129 752.9564 410.17023 843.15076 467.02692 1 0.10278392 687.5597 382.55673 762.3436 498.3621 1 0.06761179 687.9301 388.09595 706.4174 469.5578 6 0.24395064 694.15265 282.9546 832.80914 497.6411 ,test/0609.jpg
2 0.9995902 493.57367 400.74915 724.71246 744.40137 ,test/0610.jpg
0 0.92936885 605.95996 383.64346 733.98975 1000.2615 0 0.81358814 272.41165 898.5866 991.5187 994.47064 0 0.7677864 293.99442 404.8288 426.48117 536.47266 0 0.7107791 298.39368 453.89197 385.9657 537.35583 0 0.56694454 796.9307 370.89868 938.3084 513.52386 0 0.5621088 264.34586 771.4783 1002.72107 1008.2206 0 0.5589142 507.75708 253.71362 804.9667 998.12683 0 0.53645843 788.2113 395.38422 904.4508 446.12 0 0.4940323 308.36188 691.3404 641.8657 729.502 0 0.48536894 339.25336 407.96762 425.95996 482.0472 0 0.45815918 257.45694 597.86206 627.0238 642.0017 0 0.447572 306.7936 439.1281 988.489 999.78815 0 0.39519498 283.23495 699.2165 316.87503 739.465 0 0.33498624 389.16528 398.67633 916.05396 596.3709 0 0.32167527 281.58633 683.2422 305.57425 738.54297 0 0.30368173 245.89859 534.4308 979.66113 670.1245 0 0.29808915 1004.2064 790.88495 1023.855 879.7159 0 0.28894174 364.88367 444.94556 992.8977 661.4507 0 0.25285015 703.4452 689.22577 984.61804 737.4742 0 0.19866362 260.05606 393.7979 893.5758 726.84784 0 0.1888911 252.63406 602.53766 621.4011 681.5828 0 0.17894143 303.31464 679.4693 778.56537 821.78485 0 0.17871793 254.60878 471.5245 616.7683 687.65454 0 0.1421435 902.02155 906.3814 998.19684 948.00653 0 0.14077435 591.33704 361.83432 865.105 929.8618 0 0.14064713 272.8936 853.3951 785.00146 1014.9777 0 0.14039755 246.80403 543.18823 630.2509 639.68994 0 0.14031377 480.36633 342.5163 842.37366 689.3471 0 0.13688722 607.7312 644.24146 986.7732 870.7201 0 0.13606577 556.00134 386.88538 968.1941 718.08215 0 0.12316258 563.5191 895.4152 999.32306 1021.1093 0 0.11339124 274.638 454.60748 395.27954 592.9305 0 0.111552306 847.5276 410.37158 946.8032 562.36755 0 0.11106794 292.7006 664.43475 1004.93506 898.9317 0 0.095694385 298.2397 675.028 614.95667 700.1607 0 0.09382148 289.6238 672.45996 948.19165 772.34924 0 0.09356201 529.6509 652.9932 990.80444 749.76105 0 0.08484967 982.8622 757.00665 1023.6438 1022.51044 0 0.08228041 572.3549 652.0985 859.94806 1019.4702 0 0.07955285 412.19623 371.83356 748.5544 844.32855 0 0.0778376 640.8919 385.43408 925.06854 444.8861 0 0.07772463 323.1285 471.6945 391.44296 549.3871 0 0.07539986 746.8372 367.03406 968.3814 574.4436 0 0.07480312 264.45956 707.7826 685.6752 1018.17847 0 0.0747258 854.2997 434.27423 953.91406 514.79736 0 0.071095414 708.7462 678.8916 991.4425 802.85986 0 0.061921693 286.79733 634.19763 1004.26306 732.6411 0 0.060622897 512.3991 795.0577 1001.74554 950.9172 0 0.05928267 269.83517 891.71686 744.57874 957.0639 0 0.05357972 543.4488 261.04965 688.1198 1024.0 0 0.05224191 812.7339 394.42322 921.2234 480.12274 0 0.05133716 597.98035 511.8162 969.41785 677.18335 0 0.050514475 399.36365 372.71048 957.562 511.66147 1 0.18283533 305.1831 688.4564 640.9871 732.8251 1 0.17187521 300.66858 674.5999 604.19617 697.2817 1 0.058914527 1003.08704 789.39307 1024.0 878.813 2 0.072791286 308.39618 684.01294 394.30145 704.21497 4 0.05500628 984.2157 854.2255 1022.6655 1022.8986 5 0.122076094 985.76953 837.01874 1022.5856 1020.2353 5 0.07298935 1003.0409 789.7974 1023.6323 880.1307 6 0.9992964 409.63513 259.48105 792.2925 421.18503 6 0.84897083 294.13596 681.393 640.29895 826.7546 6 0.58258647 385.83154 378.06345 959.59644 617.8831 6 0.4228186 280.67505 685.704 963.0687 823.51624 6 0.4045117 240.40222 443.47296 1001.7715 698.4401 6 0.39881387 259.51584 723.8508 1007.42664 992.07935 6 0.3731353 253.38545 465.90228 625.8974 696.9826 6 0.35679618 383.65015 408.00806 636.2521 606.08044 6 0.33882767 257.4003 599.07263 622.5487 690.14514 6 0.3290107 251.31284 801.78656 633.5702 914.18634 6 0.32525757 253.017 375.94846 992.3695 923.2738 6 0.25856227 267.07983 703.0946 653.88477 947.5858 6 0.1718568 272.3636 457.05435 396.80798 598.5128 6 0.15316758 296.60562 285.6192 871.3828 713.34247 6 0.15067345 796.50934 371.26773 942.45917 527.77124 6 0.13982666 708.7462 678.8916 991.4425 802.85986 6 0.13800025 707.63824 372.0619 983.4764 603.3997 6 0.13027963 708.16516 666.32117 987.7678 694.56726 6 0.12307851 554.3947 397.4056 983.8487 713.0979 6 0.11865514 300.49255 464.4126 390.20398 541.1369 6 0.11623103 400.83554 250.94339 833.8522 982.4536 6 0.107044235 257.24146 573.0999 978.14233 688.357 6 0.102259114 556.407 653.054 1000.1339 1023.0267 6 0.09199445 275.3373 892.35944 992.8998 1014.98236 6 0.091802455 246.80403 543.18823 630.2509 639.68994 6 0.08388929 374.99512 797.24976 1008.46216 952.9514 6 0.07927891 854.2997 434.27423 953.91406 514.79736 6 0.07916542 409.4057 263.83096 816.0473 596.0891 6 0.07359408 607.7312 644.24146 986.7732 870.7201 6 0.06841355 705.9064 681.471 981.3324 707.23334 6 0.057873346 640.8919 385.43408 925.06854 444.8861 6 0.054388616 257.45694 597.86206 627.0238 642.0017 6 0.052488003 300.66858 674.5999 604.19617 697.2817 7 0.25804916 1003.23553 790.3164 1023.7934 878.39197 7 0.15418085 983.5294 766.57635 1024.0 1022.71625 ,test/0611.jpg
0 0.4813793 434.0731 171.1491 522.3587 228.08424 0 0.28182077 219.8585 850.88776 363.11853 902.89484 0 0.06390611 304.26782 223.1399 406.17108 261.27637 0 0.054015458 661.6841 438.84854 723.01086 516.688 1 0.9995679 113.26903 663.7406 399.08136 910.4335 1 0.9328746 774.61694 637.3307 957.1926 768.92834 1 0.7320922 526.54364 444.9105 902.9168 676.69995 1 0.64428073 220.241 850.77783 362.97598 903.09607 1 0.6204239 786.0728 524.09717 973.1374 660.5288 1 0.29401863 773.3223 527.7219 968.16046 784.1909 1 0.2187631 561.8759 637.94867 961.96515 787.84357 1 0.08059257 159.63887 678.9052 378.43182 789.0633 1 0.0717295 303.8104 667.2616 399.28134 887.66113 1 0.05291379 275.99768 838.56323 315.00165 862.5071 1 0.052139718 433.48935 170.86212 523.3988 227.12872 3 0.2244612 559.0764 418.66647 618.2698 497.1094 3 0.22405769 717.0811 441.46164 863.35443 533.3996 3 0.2082815 1.7525711 510.77698 242.61942 708.2195 3 0.08625839 713.68164 459.9148 769.97876 534.23157 3 0.05132211 707.5648 461.1962 763.5946 500.58188 4 0.45813778 559.2797 419.1038 617.7166 497.10043 4 0.058169097 711.9646 459.05682 769.3993 532.63556 5 0.8606534 717.77716 440.9384 857.8637 534.17474 5 0.53042835 657.61536 440.43387 724.19885 517.46204 5 0.505212 614.5817 435.57178 732.6352 527.7307 5 0.43438378 232.67245 290.86902 300.57626 349.24347 5 0.32700014 319.2126 337.61346 383.23035 398.96497 5 0.29765067 304.85385 222.79855 404.64047 261.5146 5 0.29370388 184.03088 329.1626 292.63953 381.0714 5 0.28226057 186.31705 289.7112 295.42755 374.06485 5 0.2811665 325.125 339.34833 456.04443 412.6823 5 0.25281876 560.79047 444.19394 673.41986 524.5729 5 0.22698754 713.68164 459.9148 769.97876 534.23157 5 0.22303002 644.6682 519.51166 724.8303 535.9732 5 0.16866569 645.42096 511.17456 725.70795 527.34705 5 0.1213444 632.3406 506.12106 726.42883 534.15485 5 0.10758868 559.2797 419.1038 617.7166 497.10043 5 0.097561985 220.57596 309.55865 302.29434 370.50995 5 0.08276137 707.5648 461.1962 763.5946 500.58188 5 0.07533958 651.03094 503.72263 724.1014 523.2887 5 0.06784886 231.63348 225.91954 316.38605 257.75784 5 0.0584099 640.71686 526.9162 720.70526 540.77423 5 0.056133833 308.447 273.9638 369.11636 315.77637 5 0.05461508 658.6327 445.33453 767.5856 500.15552 5 0.050960895 526.63257 439.62994 877.027 675.12994 7 0.9988096 405.09802 648.2197 880.51514 966.0261 7 0.99210757 180.26097 197.28427 445.88574 439.32632 7 0.9485931 661.6443 208.48576 877.5249 463.948 7 0.92238975 446.1131 188.51118 756.1806 518.8905 7 0.79920495 327.62653 339.18292 455.99194 412.74225 7 0.5006214 453.75842 200.11491 910.53687 670.4733 7 0.40572414 519.7133 424.08496 723.5246 527.14685 7 0.3598381 449.64938 175.98463 686.1072 341.74988 7 0.3445919 436.89386 170.58115 522.2036 230.36893 7 0.29209512 376.1286 289.09677 450.52893 352.25394 7 0.17010014 630.20734 441.2179 726.34064 513.8523 7 0.097328454 442.16293 305.17072 458.3771 365.5606 7 0.094704755 601.10156 440.14542 673.92224 526.0824 7 0.09192597 714.71674 437.3171 848.29315 531.2381 7 0.08032262 220.77303 224.9799 315.0068 258.3849 7 0.06829504 298.24014 197.37648 418.82047 306.74207 7 0.060287904 402.3725 340.45682 452.7257 383.28378 7 0.053142723 297.00073 184.2053 399.9062 260.52643 7 0.051649187 549.76556 643.0538 922.6447 872.08685 7 0.051640492 447.73322 176.07712 604.73456 280.66452 ,test/0612.jpg
0 0.91823554 696.4048 912.73694 827.6975 1020.5503 0 0.70723844 472.52087 361.6156 865.63135 646.86346 0 0.12550327 481.35678 432.25684 653.99963 645.1216 5 0.06010099 471.8432 359.54312 864.0727 646.86487 7 0.36445776 697.4192 911.84686 826.62805 1021.295 9 0.5733081 473.221 361.00635 864.88336 647.32715 ,test/0613.jpg
0 0.9983342 107.91156 236.57358 609.5357 799.45435 0 0.9954314 715.46875 165.37881 1012.0735 795.07336 ,test/0614.jpg
0 0.40358993 194.68109 458.33185 708.6652 805.7692 1 0.8552557 195.57877 457.01645 709.5183 805.2571 ,test/0615.jpg
4 0.99567646 358.4679 79.65701 678.79626 941.29675 4 0.9956175 658.9162 78.848724 1016.41974 952.7871 4 0.993415 22.369904 68.90979 379.16568 932.5313 4 0.82472605 1.9857712 91.910126 92.28499 422.3492 4 0.5981953 688.2864 161.80052 826.3788 296.6516 4 0.55191886 292.6319 184.71365 445.21863 371.29886 4 0.540538 211.25916 164.9354 321.6991 361.48373 4 0.47641218 17.181244 167.60107 446.1309 403.5329 4 0.44992086 299.68668 184.55165 380.01108 347.6529 4 0.38370025 5.6807747 77.23682 88.94704 873.4764 4 0.3442234 73.5491 137.46997 335.79068 366.51196 4 0.33346257 0.523468 573.5884 65.876274 874.3815 4 0.32215708 649.16345 150.28644 834.78467 374.62646 4 0.30961207 231.36902 154.50586 307.95587 189.9953 4 0.29212815 78.169304 108.66011 249.4577 216.6725 4 0.24494548 275.3325 336.73715 374.04477 889.04456 4 0.23923713 228.3013 152.98398 395.4424 400.42294 4 0.20558003 621.07635 242.39908 838.0273 409.5189 4 0.20117839 796.1393 113.242584 985.66223 368.11032 4 0.17590585 184.62065 131.46654 344.16058 442.78058 4 0.17319317 3.153839 150.50052 75.28472 343.107 4 0.1417077 627.8148 199.84918 721.1793 410.61072 4 0.14030738 79.04646 135.02742 253.65993 279.23163 4 0.1382667 1.4885025 292.1603 68.64183 397.3925 4 0.11656875 84.72873 245.51526 225.9332 352.75787 4 0.102887824 649.8529 210.26564 703.53357 351.08643 4 0.09123439 354.0933 206.71877 398.78116 334.0615 4 0.088991456 12.636856 233.10088 385.09106 516.24054 4 0.087565936 34.84626 83.11078 266.49994 459.60297 4 0.08607989 378.5282 200.93872 440.70776 335.72565 4 0.08345946 621.66254 308.09616 791.10516 415.31393 4 0.082970314 64.44185 141.2118 90.54393 196.292 4 0.08275279 363.14148 166.91408 682.90027 425.4685 4 0.08035425 676.3239 263.34866 850.491 379.56955 4 0.07068205 642.13745 235.51035 704.4042 906.44006 4 0.07054262 660.60315 407.4677 700.97925 885.8632 4 0.06325153 429.5743 87.67581 621.4584 417.0731 4 0.063177615 66.336525 44.79898 247.52597 337.6925 4 0.059698835 0.82061195 380.54285 46.19776 885.02954 4 0.056838028 284.63348 186.43149 324.03796 344.68234 4 0.052193385 656.90454 184.62332 996.7811 436.53366 4 0.051155105 305.41293 193.38074 360.44547 305.9277 ,test/0616.jpg
0 0.15649348 554.3616 386.3935 582.8241 431.75995 0 0.054273568 533.2256 380.9237 583.0719 434.3507 0 0.05150031 271.81305 487.04968 417.88867 620.9192 1 0.9794645 85.75275 203.46542 529.2599 794.45776 1 0.89825773 186.68861 254.0032 392.68 482.42984 1 0.8250662 313.28522 337.6009 475.76367 499.5879 1 0.74464 274.37695 248.4725 389.82013 357.97433 1 0.70487225 433.5627 333.13232 492.83646 560.4055 1 0.699582 438.41815 440.92804 488.77167 562.8663 1 0.47175798 169.46254 413.05798 202.54515 455.80872 1 0.40395424 173.89316 200.7436 484.43417 582.20514 1 0.25451955 423.30444 349.7088 496.92944 463.5346 1 0.25395983 268.7034 307.18634 489.81143 604.21893 1 0.23328304 420.68558 347.26627 466.28378 442.42343 1 0.15883122 406.45795 329.7479 482.81506 597.25085 1 0.15291685 391.90286 333.6054 492.58554 485.6947 1 0.1466207 0.0 220.25266 384.8056 685.47034 1 0.12616491 389.49707 326.71906 444.89252 368.1701 1 0.11455953 183.03508 310.33856 309.31262 464.18512 1 0.086899206 317.11792 453.86182 451.15253 557.97144 1 0.08421079 296.1387 343.44775 519.60583 740.1156 1 0.08023951 388.09937 351.16028 440.0542 450.2553 1 0.07931406 438.97137 335.10074 467.8343 368.80777 1 0.07846007 392.5429 345.5447 449.3073 366.76785 1 0.077501215 329.08362 366.03363 442.11768 479.21655 1 0.0747845 434.95804 404.88275 486.70828 635.42755 1 0.07203871 448.0099 453.831 522.6482 762.3625 1 0.06755182 510.23828 324.08698 532.8142 365.0492 1 0.0651603 206.16106 359.02936 226.74254 394.99927 1 0.064205155 460.95645 334.6084 501.94272 482.49457 1 0.060171068 293.2754 324.55878 397.67255 490.99127 1 0.056427836 189.37065 351.3041 229.16908 462.31845 2 0.1651833 185.96872 276.5418 390.10257 481.20343 2 0.087153286 392.7178 352.09473 444.65274 369.5462 2 0.081716545 313.98016 352.3182 439.4035 489.2161 5 0.2237072 554.3616 386.3935 582.8241 431.75995 5 0.06694224 532.57983 379.93546 582.90015 436.65396 5 0.051357225 565.86487 254.19348 598.44714 382.43866 7 0.99973816 475.52264 268.91678 762.36115 835.07263 7 0.99838805 714.62146 298.37415 996.1384 783.70593 7 0.99830747 2.0062943 155.03305 170.50317 699.5724 7 0.076999694 533.3325 379.15668 582.7174 435.2199 7 0.07541626 1.6156921 536.1772 171.88641 696.53986 ,test/0617.jpg
0 0.86795014 489.84253 506.81082 588.56055 568.3084 5 0.67994547 328.69916 441.9724 683.3299 699.448 7 0.5392875 326.5481 437.08075 686.7214 700.6286 ,test/0618.jpg
0 0.9566359 291.1912 892.1637 400.0726 986.22205 0 0.07475628 231.0206 888.78235 401.15866 1024.0 3 0.9999808 310.7826 334.67517 781.7511 650.63776 5 0.98039025 0.0 957.38696 292.077 1024.0 5 0.085170776 215.18 984.4611 336.8166 1023.78204 ,test/0619.jpg
0 0.9586688 5.6404114 476.31985 194.29228 593.84314 0 0.68850636 356.78296 555.17145 640.5361 697.3421 0 0.084510215 638.47253 827.2542 713.0016 888.1893 1 0.20329753 367.50607 555.59247 629.6576 695.40765 5 0.7697076 327.89758 556.33734 642.48444 696.7587 5 0.10662178 240.94516 557.09863 415.3898 645.4933 7 0.08083893 333.96356 555.47534 645.52 697.42334 ,test/0620.jpg
3 0.9858503 133.11157 221.06363 780.00446 819.76135 3 0.051906496 124.27579 439.55396 632.1991 805.3218 7 0.084294826 131.16501 221.45813 777.8994 825.56055 ,test/0621.jpg
0 0.4896189 586.1465 394.45294 865.30664 499.02826 0 0.29891002 471.44107 489.86734 599.3327 568.5312 0 0.23595513 468.51965 354.12433 887.66284 515.8392 0 0.20800868 473.71567 351.96198 668.4392 569.51117 0 0.09975542 487.38715 464.6695 878.76605 797.6232 0 0.08385824 524.6669 354.66312 677.78284 503.38443 0 0.08163796 596.3253 355.18716 644.7815 498.3242 0 0.07638835 623.4984 426.52228 837.0962 488.3429 0 0.06202133 86.323944 337.35577 867.8572 857.86237 0 0.058655955 356.3346 679.4383 677.9291 896.2912 0 0.05460681 498.25076 346.06677 734.6043 696.8806 0 0.050460372 477.39984 468.5772 659.0511 562.6893 1 0.25323775 356.3346 679.4383 677.9291 896.2912 1 0.21580516 405.3323 771.82117 669.8086 890.66797 1 0.10799677 487.38715 464.6695 878.76605 797.6232 3 0.81601053 4.60627 302.7565 242.29965 556.9628 3 0.09970407 2.5125961 364.20496 156.34525 506.48914 3 0.076402664 0.0 426.70285 85.54236 489.67563 3 0.05004754 70.27893 344.94022 880.28766 799.0272 4 0.083693035 86.323944 337.35577 867.8572 857.86237 4 0.07060247 110.8606 1.1837273 176.64078 82.35828 5 0.36366865 126.733734 343.98218 889.4402 835.1786 5 0.21215859 432.56622 350.08957 909.3239 513.57623 5 0.092054605 537.4859 118.98694 805.54034 382.0251 5 0.087882735 450.93582 29.34021 952.3119 538.2259 5 0.071407914 493.45316 464.41388 884.4973 797.0712 5 0.062826306 484.32462 353.05725 730.71106 556.8308 5 0.054831654 442.90668 360.44208 677.5452 688.2088 5 0.054356907 0.0 78.764694 982.8827 562.64966 7 0.9362294 163.45157 359.0899 881.4021 796.87396 7 0.72527194 443.28906 464.66028 882.058 796.7582 7 0.48789904 332.43323 359.53638 713.30457 769.0547 7 0.20017359 469.94708 353.80136 673.2751 565.0663 7 0.17193553 425.00037 355.94513 888.5017 526.9519 7 0.060515333 353.1056 651.7491 761.9783 787.52423 9 0.8804478 179.79245 873.3878 1011.25793 1024.0 9 0.07723251 450.93582 29.34021 952.3119 538.2259 ,test/0622.jpg
7 0.9894164 452.9848 45.026764 785.16486 947.81274 ,test/0623.jpg
0 0.16511041 364.3563 743.0901 507.3652 783.3362 0 0.13397318 327.29532 684.39435 462.72446 746.4285 0 0.06280338 294.13553 425.30362 412.07907 572.44885 0 0.05537508 322.26648 689.3584 522.0767 778.89233 1 0.9959637 601.19324 706.4662 882.0864 934.27576 1 0.45755818 322.88602 686.0526 515.51306 758.74475 1 0.24400735 741.4419 611.1616 908.70154 731.1504 1 0.2230489 679.3431 544.2479 908.7764 738.11694 1 0.11691855 404.43 745.4016 509.81787 784.3367 2 0.77184665 326.0948 685.4703 486.79645 746.7431 6 0.6708806 296.47656 431.36786 717.6979 654.3599 7 0.99837995 23.20308 361.037 337.62085 609.7911 7 0.06521599 293.764 422.84705 401.50497 578.0158 ,test/0624.jpg
7 0.99986136 288.84805 159.7561 763.8467 687.6397 ,test/0625.jpg
0 0.9757993 67.67499 82.680176 792.3123 882.22375 0 0.28841227 108.72385 328.16766 548.1244 596.499 6 0.056703035 108.28822 328.9943 548.9178 596.7086 ,test/0626.jpg
0 0.22505736 0.0 0.0 149.40918 873.1948 1 0.21414529 0.0 4.9422607 148.91025 880.1083 2 0.1635203 0.0 1.6884766 148.30692 872.34906 3 0.99991465 238.52011 390.48022 454.4413 667.48145 5 0.37623307 0.0 0.0 149.38815 874.46155 ,test/0627.jpg
0 0.63827145 641.59344 791.5 793.6246 869.60254 0 0.5292499 359.31042 430.20288 569.5565 915.79407 0 0.42740983 430.94482 441.65906 537.9393 904.85364 0 0.10884219 337.41327 418.3954 912.57745 915.8965 1 0.13724963 641.5166 789.6289 797.23584 869.14026 6 0.99493116 334.9303 422.7082 914.0502 915.05255 6 0.1336279 352.18903 427.02112 576.54474 912.02344 7 0.9997979 135.59256 108.8988 834.6758 491.40674 ,test/0628.jpg
0 0.17743479 570.90295 397.50006 673.71313 562.9718 0 0.069246165 352.68216 255.51558 710.76636 681.4268 1 0.061020505 570.90295 397.50006 673.71313 562.9718 7 0.9883597 354.8501 256.22906 712.8008 673.88934 ,test/0629.jpg
0 0.2601384 741.6464 97.47125 837.4202 796.41473 1 0.07923827 186.319 104.87909 813.2942 781.24207 2 0.99370736 184.8562 104.20105 817.15125 783.454 2 0.07707045 710.7387 95.568085 839.5976 793.68774 7 0.44711918 0.04673004 552.26855 139.55878 705.04443 ,test/0630.jpg
0 0.71807605 836.69556 504.02774 949.6593 551.822 0 0.374705 948.0778 28.188303 976.54767 77.345436 0 0.32902074 482.93445 436.59763 597.00464 525.1619 0 0.30012488 434.9928 805.0242 527.45197 873.92126 0 0.26633567 449.4883 652.45966 712.21545 875.16925 0 0.17062452 435.71506 841.55054 490.19223 875.7605 0 0.15415533 173.05446 699.7941 230.81511 744.2065 0 0.15196344 411.61148 918.4749 451.44504 942.99225 0 0.136423 438.50232 254.4069 526.66565 320.771 0 0.11829602 675.5782 27.771982 760.98126 74.961586 0 0.117622815 172.79204 667.35236 263.02307 745.8355 0 0.10898263 242.14076 574.3636 475.2859 720.40826 0 0.08751048 628.5419 540.8607 818.72925 640.11865 1 0.32987505 837.3876 504.1344 951.5084 551.6583 1 0.19593203 948.6834 28.207546 976.4307 77.487976 1 0.090240635 411.61148 918.4749 451.44504 942.99225 2 0.083262146 449.17737 651.35187 713.1465 877.60345 5 0.95404863 796.7767 542.5798 1023.3918 625.34 5 0.946915 476.3096 558.09564 819.29956 645.5285 5 0.86789024 447.28854 653.1 715.2639 876.31104 5 0.54307264 799.2641 384.55414 1023.43976 629.6375 5 0.44100177 628.5419 540.8607 818.72925 640.11865 5 0.39726922 899.4512 453.545 950.949 515.7537 5 0.3600391 675.63153 27.70207 761.1551 74.97522 5 0.2775988 927.82294 387.87415 1023.29193 557.7074 5 0.1425022 455.99573 596.8122 560.1798 680.4886 5 0.14097248 486.7508 562.05066 670.3621 650.92615 5 0.10714248 819.45105 501.42252 953.56665 554.50934 5 0.092899434 545.63544 527.8562 629.05316 566.59924 5 0.0870021 914.40625 545.3203 1024.0 617.05225 5 0.07506772 404.53656 574.1925 493.06555 630.0582 5 0.068926424 463.679 586.98267 494.3472 625.77515 5 0.06571105 817.8147 440.36575 952.9142 560.94995 5 0.052712053 434.2151 798.00684 526.80975 875.96313 6 0.9934143 493.87527 107.50052 1024.0 594.0563 6 0.94088024 935.4281 111.76152 1023.09326 261.65912 6 0.3234602 299.148 685.60297 471.83282 801.5981 6 0.3084044 472.0578 252.51169 607.58514 522.8899 6 0.23467702 480.36487 246.07506 835.2384 591.1894 6 0.11901603 493.2576 424.4023 803.82776 593.6301 6 0.08189563 520.6353 358.55637 938.7474 579.57214 6 0.06410282 290.0771 585.94904 504.00952 803.15375 6 0.06184954 434.72263 799.5802 526.78687 875.0753 7 0.9993895 727.162 614.05316 1024.0 941.5937 7 0.9976846 894.3476 933.433 1024.0 1024.0 7 0.99521035 750.7955 4.8015366 1022.38617 192.90668 7 0.9477797 438.0395 254.02588 526.80023 320.75665 7 0.94757086 237.75952 573.00397 473.76862 721.8754 7 0.93874025 234.4476 237.26297 510.30338 525.16626 7 0.8616758 171.46968 699.9465 230.25035 744.399 7 0.80884814 482.45142 437.25305 595.7589 524.8982 7 0.65417534 292.0074 314.86627 508.72028 481.4784 7 0.6087116 796.2508 381.8827 1022.1536 633.7164 7 0.4705684 228.75406 378.4736 351.8159 540.97095 7 0.27232298 223.65628 366.0863 466.5156 545.09265 7 0.1829297 435.6556 800.87915 526.90125 874.6355 7 0.18159516 449.72733 656.93976 714.91846 871.4434 7 0.12566197 404.53656 574.1925 493.06555 630.0582 7 0.11072314 819.45105 501.42252 953.56665 554.50934 7 0.086976066 252.32573 242.00189 489.9571 371.81348 7 0.07683213 904.7211 383.15662 1024.0 559.3401 7 0.07323851 172.12344 667.80096 262.98044 745.669 7 0.062995404 948.3001 27.651978 976.89484 77.264015 7 0.05706916 435.98315 836.0943 524.7066 877.0695 ,test/0631.jpg
0 0.99430203 452.94144 487.3219 543.7606 557.59717 0 0.69922143 393.43164 312.1973 454.58783 364.96695 5 0.17744152 393.45407 312.1507 454.57114 364.94586 ,test/0632.jpg
0 0.97705346 0.0 2.859024 299.85083 409.19196 1 0.05874492 0.0 3.313202 296.7531 401.4759 2 0.99658823 335.19583 201.19687 731.9148 598.0464 2 0.49017718 336.8451 496.99786 736.7283 608.1137 5 0.07556332 337.9221 504.79865 735.9884 605.8121 6 0.103931144 337.9221 504.79865 735.9884 605.8121 ,test/0633.jpg
0 0.11415314 212.47173 253.81065 636.974 754.63 1 0.16880737 217.47035 250.2302 623.2894 757.48145 2 0.974151 209.47447 257.60016 646.59735 756.4268 ,test/0634.jpg
0 0.897665 624.17065 383.2549 749.5753 572.839 0 0.18555188 971.7774 274.0497 1022.98505 315.5715 0 0.13054362 291.91797 192.51659 605.4096 698.49646 0 0.10093672 623.04333 379.92453 664.41284 461.17758 0 0.09860848 526.74884 389.81116 753.4836 658.0056 0 0.078929156 620.0545 462.49307 743.0683 556.4805 0 0.06467427 330.55496 343.34857 775.24695 835.4489 1 0.98512065 286.91272 178.42749 793.9464 844.8643 1 0.49011287 288.0996 170.237 581.65765 723.2446 1 0.15374082 625.10834 384.472 747.2756 573.67114 7 0.22978607 973.48236 273.0649 1021.58575 315.4844 ,test/0635.jpg
0 0.99909353 50.32248 383.7846 631.78296 898.617 0 0.24736315 47.382996 105.92645 992.076 900.51794 0 0.23165947 412.43292 445.34787 562.27106 585.86664 0 0.15879667 496.07428 117.9668 991.1429 815.9932 0 0.07587285 471.09607 444.3295 565.2612 528.1925 0 0.07342796 4.37735 557.58777 162.51675 642.1206 0 0.05407905 552.26044 573.8842 583.77057 598.97675 0 0.05088764 406.86774 522.0255 568.8382 598.4392 2 0.9271327 488.41284 118.4624 991.5415 820.4763 3 0.0982902 490.61517 134.5187 990.5693 814.9127 5 0.34477803 23.140427 535.057 66.001114 642.9768 5 0.076046914 488.55658 124.75775 990.72626 816.87805 5 0.07437578 3.2479668 563.9107 86.39433 642.6917 ,test/0636.jpg
0 0.9926906 573.7102 377.364 750.0476 453.81635 0 0.96059424 341.3427 571.83826 479.88208 710.09717 0 0.6624972 297.05966 686.7222 385.67117 729.7474 0 0.6442477 818.6091 258.9682 886.79095 453.2339 0 0.5882983 630.6466 755.74066 674.08105 813.23627 0 0.3039169 710.06665 445.5883 928.58813 527.4528 0 0.2592918 0.0 547.00323 102.5487 653.46674 0 0.25572276 156.38199 211.70125 275.54294 266.60583 0 0.22170751 537.9259 398.08423 570.1183 432.32892 0 0.15332146 759.89386 455.08023 883.4223 522.7472 0 0.14624299 456.319 522.0883 711.3577 700.8377 0 0.12833089 0.0 340.65 63.043842 389.9794 0 0.12342159 440.63892 440.96106 721.2948 768.48816 0 0.12273235 308.56665 595.83746 415.73346 706.2016 0 0.11849917 488.57086 526.1072 712.73065 587.2374 0 0.11679154 421.96664 349.69522 561.44617 459.38406 0 0.09755669 129.15462 456.91074 426.73236 675.0568 0 0.09698683 494.14224 191.03282 780.8823 396.77124 0 0.08551556 0.0026130676 507.36862 63.544804 566.0241 0 0.08278162 407.1366 571.2219 475.49042 638.714 0 0.07030101 5.473221 379.65942 379.46533 858.92883 0 0.064300396 160.55034 186.6604 469.77856 352.94586 0 0.06321814 27.217667 327.00006 428.6308 518.8568 0 0.05878735 16.663345 351.79907 522.3977 679.0852 0 0.052616574 238.96796 375.87738 605.6645 916.1215 0 0.052317027 426.08533 360.95624 762.574 539.7563 0 0.052105326 68.461105 244.93478 153.78505 291.81357 1 0.88627166 0.0 413.73102 56.43031 478.71875 1 0.82651883 27.232742 262.1682 357.11255 459.8108 1 0.70386076 445.80148 442.48953 721.1454 752.8291 1 0.6719514 23.499756 269.25043 465.54456 688.5932 1 0.6517273 8.791092 464.23004 173.52188 559.7411 1 0.58784086 0.0 534.1626 94.26023 652.64087 1 0.49037302 0.0 471.14084 63.89708 564.2776 1 0.48219314 664.9602 471.50525 936.9547 784.7346 1 0.44279444 27.217667 327.00006 428.6308 518.8568 1 0.41677293 3.748787 429.41516 187.50854 613.0825 1 0.4045951 12.715252 471.1607 56.76942 512.0475 1 0.36398998 138.33727 458.32153 417.8238 672.0919 1 0.35623458 427.7184 350.62912 560.6572 460.55185 1 0.33466104 539.83307 397.5456 570.7496 431.78107 1 0.31653687 11.231186 311.14523 328.85284 420.19162 1 0.28917018 611.3029 541.21326 706.9732 699.16296 1 0.24523866 0.0 522.34393 64.85127 577.6457 1 0.23201154 434.52664 663.0027 683.6257 749.40576 1 0.22492607 630.986 756.41876 672.0577 807.9338 1 0.19375335 470.39465 524.1007 709.05774 697.57166 1 0.18867716 5.1354837 468.18475 30.143044 519.8713 1 0.16591322 2.1920166 450.67987 97.93625 574.8426 1 0.16456687 20.774834 408.94864 160.71283 546.1951 1 0.1507137 16.906937 184.0406 449.61566 489.51404 1 0.1492008 0.0 388.82132 65.691315 541.01514 1 0.12895879 105.77844 350.92053 586.6968 623.87244 1 0.12318607 570.9428 377.76993 753.0523 461.92917 1 0.12188864 428.51413 574.9957 683.58875 768.30615 1 0.120519795 38.123726 255.41893 235.19678 399.73022 1 0.11916743 491.5461 438.8022 712.76587 567.79083 1 0.10208392 435.48627 351.69788 746.4368 562.819 1 0.091542706 432.79578 446.62845 935.0432 781.6207 1 0.08922457 431.7701 750.59375 653.93713 898.10547 1 0.08668279 711.554 467.56082 936.33234 539.13403 1 0.08072894 12.034964 467.76566 70.02414 532.6056 1 0.07376561 709.14905 474.99548 809.93164 514.486 1 0.06635418 446.1893 536.673 488.8132 634.95105 1 0.065471046 166.39023 185.64404 434.8665 352.40326 1 0.06448822 300.3463 718.10895 643.27264 908.2807 1 0.061618038 555.29767 374.8847 751.159 540.71716 1 0.05714676 48.07872 448.463 318.14258 650.83203 1 0.05547729 0.0 469.4287 20.13279 533.1288 1 0.05135108 358.39636 340.98904 568.42395 559.7031 2 0.9526966 290.06836 726.9936 650.5681 908.9272 2 0.5971547 135.82971 458.90155 418.99908 672.03375 2 0.5943328 439.09656 754.33386 643.3209 899.8916 2 0.34560594 664.2167 479.63226 930.42896 782.97833 2 0.2596258 422.66803 349.69034 561.61914 460.43515 2 0.25264886 18.767181 192.32251 441.18314 510.16852 2 0.18940201 90.0712 350.9912 594.932 662.64325 2 0.15235999 445.52856 442.9046 722.28357 752.1619 2 0.11932447 33.39659 254.01212 325.3181 426.38785 2 0.09169981 41.520935 318.26013 381.34045 516.986 2 0.08597289 150.97324 189.31401 443.86765 355.6225 2 0.07156322 10.731392 464.17 178.33069 558.1128 3 0.07284958 2.6463776 610.93475 306.347 845.9633 3 0.058071785 159.84328 185.99048 488.15118 345.87842 4 0.073602445 159.84328 185.99048 488.15118 345.87842 4 0.054454666 1.8841705 611.4551 307.1847 846.2716 5 0.9396295 488.6701 190.6737 781.5898 396.5874 5 0.8676568 6.782364 610.4595 306.729 844.9026 5 0.64278424 182.48737 184.93524 514.21893 346.19452 5 0.62787837 352.33 182.4013 510.8818 346.4912 5 0.44955012 427.10858 660.815 681.53815 776.5207 5 0.37166172 277.83774 719.7438 351.88736 908.4348 5 0.08645233 424.80164 350.419 560.5124 458.71533 5 0.080819264 708.9828 448.3827 920.21216 525.025 5 0.077416 658.683 476.5129 940.2184 784.4409 5 0.070432484 275.7682 724.9564 660.2957 910.2626 5 0.058465354 428.7387 725.52234 673.02423 784.21875 5 0.053124003 441.97363 525.6228 673.18555 770.8544 6 0.15160885 426.86865 350.39514 560.66583 460.58124 7 0.16611694 0.0 547.6993 100.006645 649.74396 ,test/0637.jpg
0 0.5536049 566.4247 188.80858 713.25085 367.39874 0 0.29396814 575.27716 174.85059 1024.0 863.19006 0 0.21260284 547.3897 168.78014 807.8132 370.76636 0 0.1411984 516.31195 204.0132 732.2054 300.57315 0 0.13848022 333.8085 428.65082 627.58386 479.50238 0 0.13837786 63.736053 177.37549 850.10803 853.1168 0 0.12158753 562.3569 171.52042 838.37946 776.5751 0 0.10459386 781.7821 231.76434 852.2395 416.51984 0 0.098658316 73.477905 188.8616 731.81134 299.44644 0 0.08337182 799.79987 288.57605 845.79425 365.63287 0 0.06208994 52.045593 177.02011 758.73596 443.20724 0 0.05478431 842.20325 852.69763 905.42847 900.0365 0 0.052866988 613.11975 449.1626 719.8651 624.77527 1 0.7344167 60.056793 178.50919 855.4647 858.9584 1 0.56878406 576.34143 169.18005 1024.0 862.6543 2 0.8474614 782.57983 236.90442 846.4475 382.30072 2 0.32302928 62.971985 178.98166 852.50244 856.5155 2 0.14265046 783.93353 238.41129 837.384 313.53726 2 0.1158879 781.669 238.21187 831.5817 275.7892 2 0.075061426 79.31058 191.72246 674.53625 286.16754 2 0.06976914 792.799 277.52988 845.2752 364.15372 3 0.24139284 60.95175 182.42184 850.4918 858.31604 5 0.74160326 0.0 670.7696 194.18573 959.82574 5 0.40061548 61.1474 183.764 849.1323 857.8839 5 0.3418031 72.01749 190.92584 733.81116 347.5954 5 0.300032 782.14905 232.37979 850.82166 412.69705 5 0.19824927 827.9426 354.97577 858.0842 408.83386 5 0.17875741 783.3684 237.42487 840.87085 342.76965 5 0.15346147 62.874176 247.00879 695.1128 461.8941 5 0.11371501 781.6243 238.57825 831.7553 272.84 5 0.08094881 810.7846 342.14838 860.1596 410.0597 5 0.072484165 66.107574 240.88771 689.4144 305.83347 6 0.10246114 216.58421 1007.672 270.2581 1024.0 ,test/0638.jpg
0 0.17338815 198.82675 186.42183 452.9728 488.01447 2 0.09929867 198.2803 186.05756 449.93137 487.78046 5 0.9105136 199.98083 186.19849 460.79797 498.36 7 0.18744926 199.40294 183.20981 453.18988 497.7598 ,test/0639.jpg
0 0.69127417 331.2058 543.1251 508.23456 594.8606 0 0.28258574 811.3927 561.2055 843.4143 581.7985 0 0.15167214 270.06323 625.09644 673.203 691.03735 0 0.109949954 218.63794 630.23596 760.29474 773.72925 1 0.1879032 811.3927 561.2055 843.4143 581.7985 1 0.1292669 2.1880283 606.0736 61.23243 897.58704 1 0.075774245 332.92923 536.9531 505.1265 594.4901 6 0.9918189 82.69858 281.4415 610.01514 385.9252 6 0.9651602 124.79205 303.48468 818.03314 600.826 6 0.8904038 203.69391 626.82574 759.26404 773.12836 6 0.8102499 152.84268 476.14517 753.6113 704.4292 6 0.49359903 139.36139 487.69498 503.39526 635.1533 6 0.4795876 191.3606 583.411 749.8406 698.5635 6 0.47702655 695.77484 418.16235 824.53534 584.788 6 0.38226643 391.29303 538.90674 736.9816 697.48193 6 0.29321775 479.82132 543.17676 745.13855 640.19885 6 0.2735968 144.24905 461.99265 694.2892 592.0936 6 0.2413531 269.4357 625.6179 684.25574 694.9287 6 0.15944877 704.30023 572.0842 772.0439 649.31213 6 0.09137556 117.700714 292.55524 600.2854 493.84174 6 0.086418174 142.11053 592.1147 269.20358 641.898 6 0.07537202 295.57208 526.9207 352.57147 555.7651 6 0.063729085 443.69772 301.32056 818.4667 579.1814 6 0.05965644 153.6983 367.0445 598.5526 630.9239 6 0.058366474 323.44345 542.2778 742.18665 606.1154 7 0.9277602 2.4327145 609.77637 61.416214 897.5647 ,test/0640.jpg
0 0.16138108 377.66418 220.37476 702.4144 313.26715 0 0.13980167 149.52554 214.56076 765.04333 575.0775 1 0.95100063 148.48108 215.66899 765.49347 572.76465 ,test/0641.jpg
0 0.1833199 516.13727 929.91284 725.112 1008.22437 0 0.15291259 783.2436 313.74777 870.3476 356.73477 0 0.109056294 793.20386 319.06464 869.5177 341.21063 0 0.066543005 232.24043 260.68256 414.3376 556.6817 0 0.05294191 334.57532 823.01276 464.9522 871.4318 1 0.9861041 221.04547 238.8857 978.508 552.0553 1 0.9546221 144.33954 422.80405 876.64465 885.1621 1 0.9024125 516.2778 930.02716 725.3675 1007.7896 1 0.34188104 263.6943 385.95337 945.18054 590.61017 1 0.18668972 193.23434 558.2817 855.9508 812.4992 1 0.11992674 550.6621 573.9025 823.8834 594.0881 1 0.106120616 564.4172 586.68 824.9316 607.27765 1 0.086467534 148.67862 425.40863 307.82785 730.435 1 0.05233225 316.70428 318.54282 1002.59674 493.60214 1 0.052212942 214.3093 244.94666 453.00943 566.6368 9 0.32734653 807.38727 806.5869 1021.16364 1024.0 ,test/0642.jpg
0 0.16555402 220.99721 188.77428 548.8542 359.29083 0 0.15300317 720.6583 479.92136 745.40906 524.34393 1 0.99947137 76.46185 167.93245 577.30975 662.6865 1 0.8288569 199.61879 155.30786 565.4468 370.26202 1 0.7870932 396.77893 340.5337 496.69458 383.77777 1 0.7244265 206.71759 320.15863 320.82397 383.40186 1 0.6166741 119.26695 235.3185 470.3722 382.02417 1 0.6047014 138.47523 298.1757 242.27171 379.44852 1 0.562751 216.4714 318.54788 428.2247 384.44363 1 0.535496 141.53232 294.29416 327.9231 384.041 1 0.43518364 138.01407 231.71063 223.22305 373.70007 1 0.3288566 195.49329 289.0349 503.5445 381.6021 1 0.27451006 466.11322 228.70535 556.64484 382.6016 1 0.2585178 186.0621 149.87843 565.9441 236.00383 1 0.25837263 391.65347 320.4039 550.1356 384.76126 1 0.20479286 165.9715 357.60825 216.54706 375.75198 1 0.10740117 215.98537 325.9942 303.8303 366.86896 1 0.08640311 140.93611 332.63046 218.50618 377.6453 1 0.08296458 315.9 212.15408 559.04297 384.61642 1 0.07577476 157.04143 319.80673 239.4297 354.17764 1 0.07472739 210.58981 322.095 240.70325 380.98117 1 0.06767949 389.03195 336.93372 437.3295 384.11823 1 0.061090786 168.60223 202.65657 309.85153 385.37946 1 0.054604072 138.40576 164.24779 261.38666 375.26917 2 0.59825367 720.56903 479.9142 745.41547 524.13257 2 0.0824629 220.38336 184.79556 560.58734 360.94003 5 0.05940416 720.632 479.9965 745.41595 524.06274 6 0.99304247 587.7522 361.03564 721.537 540.1847 6 0.99092674 691.7832 543.5807 982.9026 919.2781 6 0.6731553 769.9748 731.46906 980.2171 923.3781 6 0.56488526 614.0662 484.00974 737.3555 615.6468 6 0.38678002 682.69696 398.662 729.99164 531.1452 6 0.16565596 718.75073 479.8286 744.80237 523.3912 6 0.16506416 588.28235 363.15106 691.2345 470.7802 6 0.07163843 688.47565 543.04065 799.9432 804.6504 6 0.062365748 395.78452 339.9609 496.9617 383.68088 ,test/0643.jpg
0 0.7901285 345.2782 452.2475 399.91333 531.18494 0 0.107311286 960.5959 268.6236 1023.33563 449.05127 0 0.07876538 616.6997 546.72144 758.92773 662.0559 3 0.45503518 764.5019 199.97684 1014.9294 387.02512 3 0.2320521 342.55914 450.8323 399.83008 538.86676 3 0.060569752 742.94684 363.365 1019.4543 604.04944 5 0.72133565 743.7041 363.6673 1019.5664 605.3545 5 0.6672437 742.78046 359.6803 1018.6855 842.0399 5 0.589518 764.69543 197.91656 1013.07825 386.70215 5 0.1034559 757.42883 540.51685 1003.2932 600.78284 6 0.7405106 306.81158 413.9599 675.3232 801.7154 6 0.16317865 308.14026 574.8655 508.38605 692.7654 6 0.12583283 545.1079 308.1011 742.09155 565.40894 6 0.064886495 324.9984 292.97437 646.6666 694.0374 7 0.9494578 331.89255 283.44208 619.173 682.5536 7 0.74612945 651.9836 293.96024 759.8084 556.6033 7 0.700442 547.00916 294.45004 765.5209 555.532 7 0.16437122 340.17545 450.39594 402.108 569.05505 7 0.1220895 960.40137 253.16566 1022.39307 453.23096 7 0.05852281 385.63873 289.14777 713.8984 579.76404 ,test/0644.jpg
5 0.09265731 214.27744 583.046 328.16306 680.4905 7 0.9956826 171.06342 208.6781 865.58844 963.4121 7 0.983177 754.5398 322.41434 1018.81506 534.44336 7 0.9523837 0.8377991 439.6789 343.7156 735.89655 7 0.76385736 17.021393 198.91577 562.59753 740.66077 7 0.6182769 489.89185 324.47778 1024.0 536.0085 7 0.5169643 937.85144 324.73242 1024.0 510.1159 7 0.38508642 213.07253 582.6386 328.537 681.87164 7 0.37010816 495.13312 354.84216 798.71136 478.60852 7 0.12730874 0.4233818 497.4759 85.12642 652.4958 7 0.10755359 975.2253 319.94156 1024.0 468.94498 ,test/0645.jpg
0 0.99449545 543.0248 676.2895 993.751 959.03754 0 0.9158926 866.9188 785.72723 916.0066 828.7155 0 0.114048176 990.09174 923.49054 1023.832 1022.9559 0 0.11252488 876.1642 771.3597 981.40137 954.90204 0 0.06862472 959.35034 813.9762 1023.04517 1024.0 0 0.054510266 116.06774 227.37682 301.21515 344.23126 1 0.054565255 847.7272 793.2389 913.9723 897.3518 4 0.07817121 118.46922 227.10222 301.77692 344.73093 5 0.96329325 115.82582 227.20207 300.69812 343.41934 5 0.17735107 990.09174 923.49054 1023.832 1022.9559 7 0.0511619 959.6141 811.4283 1023.1336 1024.0 ,test/0646.jpg
0 0.5600945 479.5107 603.9842 680.28375 643.8957 0 0.532026 485.42822 610.02594 841.536 669.88055 0 0.47144842 0.0 1.2952118 71.33539 125.11569 0 0.21415472 656.3927 631.2216 844.5867 668.91656 0 0.10228819 368.08527 167.02214 401.45807 274.24454 0 0.09743132 258.85257 167.50609 394.1627 288.25684 0 0.08566293 388.28232 311.88135 424.05673 358.73566 0 0.06846138 0.0 0.42709732 31.782284 120.4023 0 0.056310408 367.3865 167.30826 395.26437 225.25662 0 0.052199878 374.7371 192.67065 398.4719 265.25534 1 0.997375 459.2821 398.32257 879.17285 815.15924 1 0.9938221 200.6801 125.41318 497.899 662.7617 1 0.9903072 647.2466 508.23346 717.3616 604.85614 1 0.96629614 0.0 756.86426 34.34265 826.2687 1 0.91306686 213.75214 125.3721 440.5138 389.32925 1 0.66636616 368.1315 194.26825 468.6495 318.96008 1 0.5969576 248.93909 178.88165 380.18347 395.01398 1 0.51593024 257.50684 427.51825 491.1955 653.65436 1 0.4765634 375.40887 310.11075 422.90723 360.90073 1 0.4693427 258.85257 167.50609 394.1627 288.25684 1 0.37977993 656.5707 492.8064 814.88 641.84033 1 0.33186224 505.71234 498.38782 722.2204 629.7241 1 0.30030718 480.78943 607.40656 834.05334 665.7159 1 0.29629984 370.51926 273.4696 417.87387 359.79773 1 0.2832564 340.9007 132.6755 466.11658 346.20914 1 0.22045635 309.43887 157.7162 391.84012 347.55188 1 0.19506605 245.65894 228.05803 270.71606 288.46283 1 0.12440195 410.31583 221.41939 468.95486 327.4494 1 0.110916674 671.43976 511.2418 718.48566 553.8547 1 0.11055717 367.46396 298.41464 461.2903 366.98947 1 0.10234091 368.08527 167.02214 401.45807 274.24454 1 0.09433406 114.045364 653.06866 126.48776 686.9371 1 0.092290506 234.73854 241.81122 260.3043 288.73706 1 0.08378821 348.6362 163.55307 417.4288 320.23407 1 0.083560705 239.78722 250.89523 260.08493 308.51443 1 0.08210349 339.40338 358.21497 375.7619 384.31696 1 0.07716618 367.2373 236.54056 469.98175 365.4448 1 0.07523562 184.17108 198.32706 248.18991 369.26407 1 0.063546985 236.64395 231.70773 271.9605 320.5635 1 0.06332859 241.2382 271.44855 258.4847 316.64197 1 0.062890835 245.45222 273.76996 268.48007 328.0196 1 0.057647757 672.53546 600.26294 695.2037 626.43005 1 0.057048384 204.1519 236.25201 254.91551 366.8369 1 0.056824613 387.85004 124.64601 442.42334 226.00346 2 0.4809483 387.5595 311.64133 423.68835 358.93753 2 0.45139393 371.06995 280.58542 422.27252 360.9861 2 0.4111759 368.23077 198.97836 450.53717 296.54126 2 0.09517728 248.55576 180.11066 380.3624 394.31573 2 0.07973448 293.7157 167.29456 391.57837 305.126 2 0.05574575 355.32266 166.57812 397.50674 318.7493 2 0.053901996 319.53806 190.60733 370.8915 306.4286 3 0.07530782 388.0241 312.01315 424.21783 358.7938 5 0.3844818 0.0 413.92142 111.73904 750.3413 7 0.19209504 250.74911 201.0528 376.43002 393.53583 ,test/0647.jpg
0 0.30519778 445.42108 429.6949 603.44476 692.5623 0 0.28300786 296.0216 120.13666 759.0209 841.9545 0 0.083962575 438.7412 608.16437 564.3873 699.45245 0 0.075169414 324.64075 455.84256 671.46765 757.54614 1 0.676232 297.61664 121.69116 769.4069 837.00684 1 0.1516555 445.48724 430.39157 603.8024 688.3097 1 0.056378588 378.46973 456.86835 453.24005 550.7419 2 0.32754725 294.40222 125.040924 771.2462 846.29395 2 0.08589653 446.20746 432.5208 602.6535 693.67084 3 0.06532985 445.42108 429.6949 603.44476 692.5623 6 0.18391058 294.67462 117.84033 769.3499 844.6425 7 0.9581032 979.22186 406.8134 1024.0 535.08026 7 0.0634824 445.42108 429.6949 603.44476 692.5623 7 0.055649444 1001.89514 405.4376 1024.0 535.18274 ,test/0648.jpg
0 0.12778102 227.41914 576.562 402.45215 701.454 0 0.11838179 445.56354 498.11536 511.86835 598.7683 0 0.06618381 217.27663 425.36218 246.88405 481.18744 1 0.97824746 249.89284 532.5609 318.64575 596.5587 1 0.959341 79.68184 337.2729 427.28143 855.36285 1 0.90337294 104.70028 357.60306 245.34763 496.9374 1 0.7477793 261.94925 341.60403 378.199 533.4358 1 0.73421127 63.216988 465.84964 245.3334 628.6322 1 0.69109505 101.02884 353.44022 258.03543 603.3508 1 0.59998596 67.08414 429.32364 261.87125 727.0431 1 0.52870214 201.98755 570.9588 236.4454 622.16473 1 0.503702 192.0516 563.237 229.03488 679.18134 1 0.47547564 83.18585 434.1176 125.97424 493.0036 1 0.4673366 241.96124 433.27023 313.04156 538.199 1 0.42964146 198.09192 349.63995 387.81195 746.7005 1 0.41505253 308.04657 440.53687 372.02338 529.8987 1 0.37925065 329.47412 349.53937 429.052 518.5153 1 0.37340984 372.4572 465.3398 412.55798 512.94666 1 0.3698589 212.1323 418.0279 247.17325 483.7599 1 0.3581225 248.74799 533.1819 280.0293 594.8506 1 0.34789142 113.239944 416.19287 222.47066 639.8157 1 0.33517316 99.244255 421.4795 226.75937 519.34283 1 0.33145878 132.10226 434.00653 178.14911 531.4551 1 0.31517965 166.57895 349.82138 398.46817 536.65186 1 0.31207427 161.27673 507.8814 212.18701 609.3366 1 0.2825473 190.32855 573.79834 211.57999 645.32996 1 0.26793006 311.03546 509.21545 350.7704 531.4375 1 0.26514652 240.5922 362.43726 276.3759 445.3286 1 0.2526084 196.45442 572.03864 221.99467 654.4428 1 0.2525868 158.4315 452.25632 180.21669 531.8166 1 0.25169164 191.2739 414.13306 239.6041 512.0444 1 0.24110946 369.8282 415.17023 430.9311 509.5332 1 0.23109116 143.26897 451.8982 235.76729 702.7479 1 0.21751432 57.268406 475.65634 173.83282 664.09436 1 0.21568146 307.37592 510.62735 351.91132 548.68774 1 0.21245873 239.47835 508.12302 350.05002 601.08466 1 0.20544218 140.58665 442.1914 218.62505 533.0081 1 0.20349157 99.48956 468.3291 178.43768 561.1697 1 0.19286096 111.32653 391.7234 197.32446 542.28503 1 0.1910444 211.33076 508.6399 248.86156 610.9999 1 0.18940069 265.92242 546.0177 315.63055 584.1876 1 0.1860369 161.63239 366.90305 251.79279 519.24475 1 0.17202643 209.87921 364.02045 254.04333 461.02594 1 0.1696162 189.36363 554.7832 242.19841 632.74695 1 0.1624828 179.728 479.52533 242.02216 697.5649 1 0.1584625 237.37251 351.44122 323.51813 542.4904 1 0.15093507 199.74611 360.95285 286.7505 453.3729 1 0.14355706 121.481926 399.45837 275.8907 516.4433 1 0.13574484 170.7344 387.6241 251.7822 619.4742 1 0.1273911 133.35228 445.32587 164.59386 511.25183 1 0.12462498 183.14955 500.64798 237.50069 619.9902 1 0.123813346 229.94489 393.79993 282.35284 608.32587 1 0.123493895 189.11383 558.7307 212.69223 616.90283 1 0.120491505 295.45175 339.91873 403.79648 491.54794 1 0.1165709 134.39598 394.1488 211.24446 498.11517 1 0.1146262 107.75896 362.49057 193.43883 473.62454 1 0.112118 241.78197 366.3354 256.4359 443.5943 1 0.11143794 92.105156 466.60394 110.29771 514.62946 1 0.11132065 366.52133 479.62982 383.37674 521.27094 1 0.10874479 211.42479 558.93 242.28133 609.62286 1 0.10499065 341.99258 390.5327 436.43564 605.4543 1 0.09770086 202.85452 461.45947 260.89526 621.78735 1 0.09453814 101.02764 453.915 131.94101 514.8891 1 0.09383011 119.28271 482.7741 156.11128 519.1534 1 0.089897335 211.01462 415.91125 263.2261 528.9889 1 0.08896525 180.04866 539.2854 218.10396 657.56116 1 0.08645939 198.13399 421.62073 229.38344 490.0501 1 0.08638317 187.4269 422.94965 219.583 483.93024 1 0.08405028 230.56113 494.55893 261.91415 606.44946 1 0.08330097 292.0796 343.74243 446.1264 588.4281 1 0.082060464 224.9096 432.92215 283.28537 533.67566 1 0.07804852 96.38987 422.9206 186.99927 598.2779 1 0.07517412 229.2139 458.43692 267.31528 529.8619 1 0.07293649 93.93457 440.47928 141.91747 520.4004 1 0.072729774 243.6031 388.8482 265.2149 443.90564 1 0.07157705 99.640915 456.4807 158.17647 532.62354 1 0.069782965 296.49268 387.12494 346.7956 527.0845 1 0.069632284 227.86504 410.42938 315.7418 689.57245 1 0.063849725 245.9104 395.62378 279.7743 440.05255 1 0.062956735 189.51158 462.0023 216.92677 506.37454 2 0.1320251 372.32867 465.4062 411.15356 513.18933 2 0.09352776 241.96124 433.27023 313.04156 538.199 3 0.297616 245.80092 434.36414 311.2199 538.7106 5 0.5114981 462.84067 534.5193 564.0258 644.6251 5 0.3880633 459.60663 571.58545 534.37964 658.43567 5 0.28810287 426.96265 548.40204 566.81146 680.2056 5 0.19985913 427.47144 498.45523 538.73474 631.4278 5 0.17072953 489.4807 556.8805 563.89 631.02515 5 0.12074767 246.47316 434.49625 311.2407 538.9861 5 0.068604425 413.1936 506.2315 604.55975 807.2226 6 0.24715655 488.93796 364.4121 609.58417 564.5863 6 0.13532157 230.42863 577.27997 405.12683 715.76227 7 0.9909383 410.09967 482.63348 603.20123 806.2762 7 0.98495114 442.27863 140.73273 740.65594 673.45624 7 0.35788625 437.3551 126.3219 660.96277 434.66315 7 0.22654155 178.15689 715.788 241.15988 810.4506 7 0.15920873 332.34012 339.66055 397.07913 428.29172 7 0.11644487 576.4302 396.69757 662.5193 643.1352 7 0.07317849 172.38768 677.27435 245.90623 854.2402 7 0.06713881 330.89563 342.9176 431.00977 516.20074 ,test/0649.jpg
0 0.97664785 251.37979 273.34903 623.2295 793.71423 0 0.43003446 505.28876 552.4039 541.7326 579.00494 0 0.08405062 267.56668 762.483 312.60367 798.9283 ,test/0650.jpg
0 0.5898542 366.44547 0.0 1024.0 404.74945 0 0.1350186 307.35516 329.2213 691.6081 593.1487 1 0.06776352 304.38904 330.23355 692.039 592.3806 1 0.06403261 367.622 0.0 1024.0 406.86346 2 0.2591243 304.38904 330.23355 692.039 592.3806 3 0.9492438 305.90604 330.3086 691.0156 591.7278 3 0.05871604 565.4832 334.58972 688.58636 553.9222 5 0.06240114 304.65698 330.1772 688.384 592.35925 7 0.05923022 305.67392 330.56534 692.0359 592.26575 8 0.533331 565.4832 334.58972 688.58636 553.9222 ,test/0651.jpg
0 0.9209809 84.73346 462.63937 170.09554 523.0178 0 0.8675369 240.37296 363.89264 325.6332 428.8697 0 0.7706838 656.48315 522.9317 670.2113 600.92584 0 0.44993588 358.5089 141.49127 414.9875 235.7985 0 0.39748633 454.885 3.023693 548.7617 98.06656 0 0.25974 655.5451 526.2592 682.4998 602.1888 0 0.22146276 383.89343 138.36671 430.5249 181.85857 0 0.19437893 444.28986 102.09351 515.7375 141.37799 0 0.19219986 806.10974 278.61917 892.99255 356.4163 0 0.18599276 361.28107 137.99614 431.0553 200.89632 0 0.15473263 325.39532 147.47527 429.8512 262.2625 0 0.13933323 642.492 524.7435 672.02936 600.4877 0 0.12173862 473.20413 2.368803 548.8397 60.417236 0 0.116505265 567.8618 74.773285 665.9429 291.36942 0 0.11599138 357.89374 432.88226 424.875 509.3156 0 0.11066714 438.95737 90.83967 549.4382 144.31534 0 0.09534701 482.56943 365.80756 549.17395 469.242 0 0.090366304 44.439537 114.035126 204.45801 407.44492 1 0.32761872 362.38123 544.9905 576.25903 670.44165 1 0.29650298 444.51035 103.33081 513.73883 141.98976 1 0.1941223 334.48068 418.9666 438.00278 523.8532 1 0.13472144 454.885 3.023693 548.7617 98.06656 1 0.12363714 874.69775 49.12062 1024.0 324.2765 1 0.09773926 305.99033 502.1398 349.1982 599.3601 1 0.09528829 85.30466 462.71652 170.01312 522.6743 1 0.092631005 358.24103 433.11185 425.14948 509.9904 2 0.22827044 339.6073 428.96518 438.00507 519.54443 5 0.15331623 44.596046 114.17738 204.8056 407.39624 5 0.13457985 779.60254 267.76877 836.5404 296.21323 5 0.11531516 440.11316 258.76984 542.77454 466.81024 5 0.09413167 482.56943 365.80756 549.17395 469.242 6 0.9643828 121.93412 347.6114 370.8283 541.29816 6 0.9294945 261.04266 521.059 310.58636 588.9355 6 0.8872221 516.72925 723.6762 770.3905 924.6447 6 0.84660435 216.62804 525.53107 269.24725 595.86127 6 0.8456908 422.64874 86.85681 603.32855 279.80072 6 0.81666493 357.2682 567.0846 600.4786 793.1139 6 0.81391364 255.83643 89.90209 610.30194 306.43817 6 0.8080773 533.037 301.5954 753.76917 437.72852 6 0.80677223 577.09106 407.1705 839.35913 490.16653 6 0.77884185 253.70128 84.9656 429.6466 324.76932 6 0.7167708 588.92694 604.8484 760.6712 750.1743 6 0.69960874 429.07382 595.89026 547.91986 801.1127 6 0.6666294 558.10504 402.61047 842.76215 559.82227 6 0.6626008 507.65848 592.75946 605.75195 780.82025 6 0.64391875 537.21405 602.7289 784.2625 823.4568 6 0.62319726 231.03456 374.95123 367.8766 531.99396 6 0.6130472 215.52028 518.26636 310.0678 593.11914 6 0.5885948 586.29175 531.49207 784.9863 652.94653 6 0.58402747 506.9984 212.941 609.68604 354.21478 6 0.53145623 573.20935 454.18655 834.42163 537.4578 6 0.51536936 353.313 446.57178 587.8487 576.0468 6 0.48624533 339.7828 534.47754 576.4401 672.6688 6 0.43766293 281.76254 259.17395 406.42203 407.96082 6 0.41302833 296.8955 150.27597 432.4594 303.84515 6 0.38804188 414.3993 242.78032 538.94904 469.44037 6 0.3866556 438.95737 90.83967 549.4382 144.31534 6 0.36779442 551.0736 328.00146 789.05505 537.3872 6 0.36360857 322.87308 419.77942 541.48364 679.61694 6 0.35983455 397.3871 213.33311 620.1188 422.93768 6 0.35972825 565.1213 74.91492 665.60065 291.90527 6 0.2695049 181.32925 240.67372 421.1696 426.86267 6 0.26505452 440.0429 658.64703 519.3924 802.11554 6 0.26340252 301.15082 381.10062 368.07343 547.8739 6 0.2622286 308.4155 101.973694 607.71155 699.6302 6 0.25592652 624.8347 328.2598 755.04724 431.4321 6 0.2537563 564.3126 659.8919 773.6676 780.222 6 0.22016194 593.17053 683.41327 736.9778 749.10004 6 0.2171293 607.4255 470.2704 778.8494 503.52698 6 0.2051627 548.5143 440.2607 589.5056 518.95044 6 0.19357069 566.6822 350.88586 761.86554 467.26508 6 0.17611256 438.0124 93.454025 600.14276 189.39473 6 0.17137179 514.6424 231.0375 560.99994 365.90048 6 0.16342823 63.729527 404.74063 185.40134 527.749 6 0.15087879 477.2016 455.1278 560.5673 518.7037 6 0.14687882 551.0525 612.3597 605.739 776.4123 6 0.1424823 380.7428 257.7324 510.9226 419.56442 6 0.14191441 351.76862 206.70424 564.0514 561.6593 6 0.14117807 371.24738 140.78433 570.553 304.85196 6 0.13902986 243.67993 419.35324 321.09058 497.0635 6 0.1363774 182.5594 348.00284 323.71814 428.1545 6 0.13628423 582.6831 529.2852 681.5775 600.25653 6 0.13105907 482.66785 367.80084 546.04395 466.21075 6 0.12587975 239.01663 132.46297 454.7565 410.08746 6 0.11502904 148.08197 203.34355 383.97913 537.5606 6 0.11502534 586.9443 481.70932 835.305 573.3565 6 0.10455901 606.7803 474.71027 791.02893 530.07965 6 0.103347965 306.10242 425.9632 481.35712 596.3174 6 0.102029085 359.92606 258.00113 402.84048 403.08548 6 0.09959482 332.1098 394.22134 437.78076 553.2312 6 0.09111933 564.4568 393.08844 804.1787 775.7789 7 0.99940515 883.71826 366.5103 1023.6653 712.8143 7 0.9336637 763.90424 317.97296 937.12555 673.7958 7 0.5887031 781.56024 267.41983 836.1285 296.1431 7 0.56699836 772.6066 265.94022 887.8107 362.4114 7 0.43076515 747.20074 271.76767 938.2625 491.80618 7 0.40028197 723.7549 330.64938 760.55286 358.6299 7 0.36763942 737.2182 348.99402 755.363 422.78766 7 0.13095084 473.20413 2.368803 548.8397 60.417236 7 0.11136947 730.809 337.60355 763.13934 418.95566 ,test/0652.jpg
0 0.99995315 233.2768 87.22635 764.2332 771.07275 0 0.17613606 301.10153 122.4306 386.54172 274.76453 ,test/0653.jpg
0 0.34461263 938.3393 660.24194 997.71014 762.81665 0 0.14752197 865.4582 617.4318 960.8223 713.00555 0 0.11307941 199.8389 543.99384 953.08704 976.9527 0 0.08821008 911.09845 280.76132 1021.6734 388.89487 0 0.08015694 868.59 751.80023 909.3625 795.69586 0 0.07868012 869.75116 465.19855 909.4257 527.74585 1 0.06998465 911.2851 280.01804 1021.6967 389.81778 5 0.95857614 117.341675 330.5221 960.98193 734.0525 6 0.99358046 870.5634 485.79138 1024.0 660.9883 6 0.6807438 527.15375 317.2934 578.9815 358.82025 6 0.5123767 147.14066 126.65889 200.50668 196.69911 6 0.3740543 938.45013 659.8707 997.5197 762.781 6 0.20284131 911.09845 280.76132 1021.6734 388.89487 6 0.069319166 919.84985 824.46497 1023.8568 912.4586 6 0.05678222 865.1814 345.5327 1022.8624 700.6886 7 0.44437018 112.74356 329.62744 990.28455 738.3358 7 0.16373561 865.16907 618.1815 962.4238 712.8939 ,test/0654.jpg
5 0.9982167 270.3756 104.62378 661.6125 881.8818 5 0.05472255 383.11685 811.6653 517.0477 907.57434 ,test/0655.jpg
0 0.85045934 293.88095 248.07404 509.16647 417.8344 0 0.27874106 481.96353 832.75543 535.5942 856.528 0 0.14875515 297.62033 250.53357 405.62778 415.8902 0 0.1265215 347.3648 294.1458 675.4595 755.149 1 0.18425621 347.3648 294.1458 675.4595 755.149 1 0.05423018 293.31946 248.22633 509.4453 417.86835 2 0.9765885 354.66058 310.2917 675.4124 751.2442 2 0.08719624 294.17108 248.41486 509.63892 417.80542 5 0.06991554 294.0994 248.22931 509.50278 418.29523 ,test/0656.jpg
0 0.9872264 470.52448 445.00403 748.89935 651.9624 7 0.10199737 472.055 444.97992 749.8167 652.742 ,test/0657.jpg
0 0.605991 338.774 489.67654 641.65204 710.0375 0 0.23548548 927.0016 467.41547 951.0525 600.1005 1 0.08574088 338.64777 489.9459 640.94556 710.1948 2 0.76120853 338.86346 489.89572 641.47327 710.2285 ,test/0658.jpg
0 0.08094687 246.84357 372.0637 665.5395 583.0269 0 0.06767374 129.25809 193.94342 499.4783 236.8783 9 0.9418108 192.37115 383.57953 834.2642 580.566 9 0.45311192 192.82275 434.53625 372.66168 570.35284 9 0.23027064 252.21259 373.04346 566.60504 573.4929 9 0.09178651 30.738861 209.865 981.4536 619.0445 ,test/0659.jpg
0 0.50673175 159.62816 191.48422 318.27606 644.5973 0 0.33221394 384.64117 187.24487 639.9356 348.45605 0 0.116468996 388.00064 196.48949 558.71844 314.78632 0 0.08515291 157.21742 177.14902 529.3982 679.7716 0 0.077281244 198.1875 180.17867 639.3821 367.0785 0 0.065934055 203.86394 188.04813 293.61093 576.59033 0 0.053271614 156.244 615.89514 232.3603 662.7366 1 0.4664951 385.37738 186.48581 640.1324 349.8934 1 0.43672124 158.455 188.66705 297.85333 645.40106 1 0.18685077 208.11972 182.66364 640.1946 381.685 1 0.116423115 179.60638 176.23293 671.9618 601.7567 1 0.061167065 190.29703 182.09424 406.616 637.2426 1 0.052423075 160.6759 558.3343 255.56586 627.596 1 0.050078314 388.00064 196.48949 558.71844 314.78632 5 0.9971718 180.84125 282.88348 770.35944 873.52765 5 0.20697889 148.1794 270.23474 537.4885 648.0332 5 0.13772191 285.50958 291.29376 524.7968 555.5944 5 0.1251538 165.25272 559.2012 718.09326 865.1229 5 0.12347332 467.78006 331.6402 776.155 547.2537 ,test/0660.jpg
0 0.2387893 332.52924 244.93118 787.40814 697.1315 1 0.8855964 332.8974 244.48491 787.7597 702.8237 7 0.30613673 328.4293 246.89694 787.44434 678.9994 ,test/0661.jpg
0 0.61756736 713.989 505.05347 805.56396 592.1094 1 0.995252 242.88722 344.49344 558.5703 591.86017 1 0.96714604 286.83368 342.128 542.17535 454.04034 1 0.7549706 75.84567 436.3212 500.39188 645.08716 1 0.26921347 270.43634 407.15143 531.7936 473.0077 1 0.13593405 260.0516 429.14737 546.3451 494.61252 1 0.10940004 272.40143 432.765 491.13776 463.6084 1 0.06511285 420.4591 571.0969 486.5503 611.32104 1 0.050581306 388.2597 454.29858 480.21478 471.43488 5 0.9913373 606.11273 457.00027 854.4604 678.40936 ,test/0662.jpg
0 0.8178177 587.0625 303.75146 715.9083 360.24475 0 0.6109702 318.40497 677.64557 409.26428 838.30365 0 0.5820899 395.5943 505.91095 542.2452 641.2205 0 0.48637772 280.61346 501.9066 543.247 719.3246 0 0.43105465 392.16663 511.3852 451.3507 577.97125 0 0.38945904 295.0514 495.53323 427.94275 576.95514 0 0.36376265 568.05115 263.33234 738.4602 366.71002 0 0.3485646 720.1394 0.0 1024.0 208.57117 0 0.34251097 322.53485 676.1611 383.50317 788.1801 0 0.2908585 852.0569 5.237694 1006.349 212.29727 0 0.2074244 314.1535 685.07 464.31067 779.92914 0 0.10779806 295.1938 557.74445 529.74744 659.15106 0 0.103779554 430.72537 505.88257 535.31573 578.15857 0 0.08976581 317.39426 681.52814 432.70718 737.6517 0 0.08328843 438.76498 318.02417 672.3197 651.9746 0 0.07907791 361.63464 503.87787 519.94666 579.1152 0 0.07755888 717.6221 0.0 1014.0912 457.91855 0 0.07610627 918.17316 391.46606 1024.0 509.89636 0 0.062080044 404.86353 507.66833 446.09607 537.4458 0 0.059775684 573.2034 755.76917 634.5798 778.75574 0 0.057606045 219.29929 530.4374 577.17957 907.37537 0 0.05443092 933.9434 10.113121 1022.84247 206.34274 0 0.051261935 733.6817 116.01059 971.14056 182.39844 1 0.9818255 526.68066 67.83992 1011.2816 313.92053 1 0.9356343 325.70483 208.95187 465.23218 500.33762 1 0.53175867 305.8426 311.04462 501.08228 509.04596 1 0.49401414 533.61383 86.24898 999.89154 213.19246 1 0.32194492 279.64227 501.76486 543.95807 716.54065 1 0.31947383 981.0444 168.51828 1022.2454 213.82861 1 0.298814 429.5736 323.56906 519.99164 507.42325 1 0.28262696 542.1874 97.77701 716.6527 173.30298 1 0.25906467 397.0022 506.4428 542.28656 640.6922 1 0.25828925 289.86694 217.63324 525.82214 572.52264 1 0.20707285 296.74496 495.9917 422.25894 577.0653 1 0.19182506 450.17065 291.5455 656.75793 769.14453 1 0.18585312 714.805 0.0 1013.72675 397.88275 1 0.17813516 521.04065 156.27983 998.69995 470.14948 1 0.17541619 600.40955 0.6999054 1016.45825 204.31734 1 0.1728955 503.00436 225.51987 590.22565 311.28897 1 0.13239114 408.17114 322.1074 559.99457 649.65894 1 0.07324798 967.72687 167.00688 1024.0 265.57538 1 0.071440734 316.50467 447.56396 350.9874 478.8211 1 0.06783229 407.376 506.97678 447.22513 529.39124 1 0.06645257 382.67395 325.438 498.24805 487.78247 1 0.06299478 393.15344 510.02756 451.3271 578.762 1 0.06057359 235.08382 280.8815 577.1005 909.06665 1 0.059080753 295.1938 557.74445 529.74744 659.15106 1 0.053700566 668.4421 153.44565 1014.44806 311.12436 1 0.05281669 430.72537 505.88257 535.31573 578.15857 1 0.05276185 522.9075 0.0 787.3292 168.68166 1 0.051759873 297.91388 355.9666 557.0031 672.6258 1 0.050139766 404.03882 339.01297 492.35645 436.51987 5 0.13126746 304.77283 608.0393 531.9927 719.4375 5 0.11479982 321.21417 653.4014 509.4095 735.4819 5 0.10612569 275.4994 201.16638 322.97144 582.75726 6 0.8222859 839.947 300.52698 1021.3706 399.6549 6 0.33909637 840.9961 300.42883 1023.52 523.2335 6 0.23019968 929.5321 285.362 1024.0 330.85632 6 0.07804073 841.2506 315.4664 935.0205 392.23184 7 0.9998534 619.7191 457.00027 947.225 983.8854 7 0.9953063 877.5195 483.9427 1020.55145 1011.382 7 0.99453694 224.45892 583.01025 573.7024 905.9696 7 0.98520166 490.16977 248.95021 874.01733 636.79486 7 0.7842567 917.27985 391.59503 1024.0 509.5406 7 0.77268416 718.2028 0.0 1023.9401 207.7927 7 0.67611384 558.3365 249.12613 860.11127 483.39078 7 0.30851835 853.10767 328.9536 1023.54675 539.2802 7 0.2957618 953.0872 5.6197586 1021.98065 208.51389 7 0.28429908 879.3543 372.11 1023.7535 637.2476 7 0.28212813 488.6867 281.64667 577.9423 385.51666 7 0.2726584 295.83813 494.4141 429.3822 577.3971 7 0.22443023 566.11993 250.36215 740.53937 366.98007 7 0.20352614 275.64252 502.74954 544.2772 720.0476 7 0.2002736 867.45905 394.06543 939.0777 506.57538 7 0.18551698 478.0285 281.1396 707.0389 668.38574 7 0.09880009 909.9597 494.50836 1004.65967 564.2924 7 0.08935566 572.7341 302.3593 717.8835 360.34503 7 0.08443188 479.00616 331.1759 569.21674 486.3023 7 0.08166404 717.6221 0.0 1014.0912 457.91855 7 0.07858872 508.86102 850.58386 562.54645 910.4365 7 0.07153158 836.8904 281.70093 1022.94104 912.9059 7 0.06761986 407.376 506.97678 447.22513 529.39124 7 0.06497673 730.1171 117.15408 971.1386 181.89612 7 0.061586462 304.77283 608.0393 531.9927 719.4375 7 0.05861289 497.7775 374.31592 554.4291 453.5019 7 0.05398533 393.23172 510.28842 451.98813 578.38715 7 0.053682018 660.2773 468.97562 998.1186 639.5144 ,test/0663.jpg
0 0.36306572 424.77182 374.0078 629.4828 622.06134 0 0.22441182 891.4358 717.33545 927.80664 849.18713 0 0.19809821 391.53308 358.7563 817.1676 665.8088 0 0.12918274 550.4109 431.46182 621.7594 615.1731 0 0.11499737 507.35635 393.2434 623.1372 609.6954 0 0.10056342 437.61234 417.83582 618.1279 474.03735 0 0.07760651 444.31882 412.05682 624.3877 536.63293 1 0.9558668 391.73932 358.28278 818.9461 665.4582 5 0.08676423 391.48196 358.7652 816.9109 664.8547 ,test/0664.jpg
0 0.9908592 32.66101 288.18198 720.0583 898.69385 ,test/0665.jpg
0 0.06464558 916.6494 486.93054 1010.0819 578.8176 0 0.06336644 266.25977 505.87103 425.79504 602.10455 0 0.061264895 272.66815 500.33502 559.9688 766.91266 5 0.12563284 272.38968 500.753 561.03064 766.18964 7 0.9534016 272.45135 500.65317 560.65515 765.4852 ,test/0666.jpg
0 0.493828 148.8299 199.449 890.9991 796.5907 0 0.32519785 714.43115 627.03265 861.624 686.70917 0 0.09686963 9.449898 848.6975 37.516834 926.9348 9 0.8021008 132.4552 193.14679 893.6765 795.18036 ,test/0667.jpg
0 0.9539819 275.0603 184.09283 670.5054 667.64044 0 0.09884705 447.75098 396.4456 668.20667 664.52576 1 0.06512424 274.99963 186.35393 669.83185 670.02527 ,test/0668.jpg
0 0.9480738 325.85147 706.21454 466.84604 816.7608 0 0.116327144 491.75714 526.00354 591.98126 602.53906 0 0.07248426 418.94385 429.69104 456.31903 497.15918 0 0.06981502 397.525 750.79126 723.6798 1020.6952 0 0.057272054 389.75214 259.13623 649.8593 519.8909 1 0.87892383 395.6176 434.48825 675.4058 620.53986 1 0.7519644 418.768 430.55646 456.59772 496.80017 1 0.33407 393.6399 258.95377 651.0947 546.51294 1 0.3004268 422.60034 482.4745 492.71155 532.4236 1 0.2480033 415.86008 419.3341 469.20682 533.57 1 0.23517774 427.5799 492.69858 482.14862 523.20374 1 0.2234425 423.39987 486.68716 451.0709 528.10516 1 0.20166686 429.83875 509.58246 496.9046 532.66364 1 0.17545971 641.30707 434.731 675.097 515.15717 1 0.116872564 424.99225 466.65744 636.2592 531.3555 1 0.1036281 426.84686 499.4076 465.82654 531.68506 1 0.09071422 480.58594 480.71518 596.4757 527.06726 1 0.08260954 418.7721 426.5113 434.72467 489.82153 1 0.062023066 420.01846 433.6671 437.52335 525.8943 1 0.057417314 426.81503 496.04785 565.98303 531.2373 2 0.18281198 418.30655 426.78577 456.25333 499.13293 3 0.3221275 396.8345 750.1421 724.5929 1020.31177 4 0.11782396 397.98828 751.98956 726.58594 1020.3737 5 0.33751065 398.64008 257.1051 604.42523 365.4886 5 0.14809693 484.2767 255.66602 605.8138 345.98065 5 0.13492472 397.78076 751.5034 725.79565 1020.6714 7 0.9629353 389.68286 270.67767 650.8634 520.4611 7 0.94523925 0.0 995.12805 127.76437 1022.18713 7 0.8433336 399.9745 256.53497 605.58716 367.4295 7 0.28823915 407.76465 312.3402 535.5629 377.86078 7 0.06085025 441.54846 441.17337 639.8058 527.09576 ,test/0669.jpg
0 0.38858986 186.55188 106.32529 760.3624 675.833 0 0.22527327 182.03534 549.5433 247.85007 594.3996 0 0.09551044 597.7563 241.58609 647.9842 288.532 1 0.6886984 186.76941 107.242065 760.89795 678.0062 1 0.12986287 585.26276 236.36063 667.40936 291.72598 7 0.3268785 189.7547 99.198425 758.091 679.2339 ,test/0670.jpg
0 0.9873453 77.32431 288.57425 839.32983 775.64685 1 0.06675114 82.728455 287.36804 833.1195 773.0105 ,test/0671.jpg
0 0.99923897 140.76346 321.64813 806.46655 751.0528 ,test/0672.jpg
0 0.49351314 396.8228 266.25995 771.4931 795.617 0 0.0667296 807.48206 530.8143 903.8927 645.7088 2 0.6278023 397.1471 268.42737 773.6438 795.35815 3 0.312173 394.7588 269.33466 773.85876 798.02325 5 0.25413743 396.60803 266.15146 772.984 797.193 6 0.5096358 807.5637 531.3759 903.9957 645.3814 6 0.07283045 772.1233 529.4994 909.57043 689.6317 ,test/0673.jpg
2 0.99925834 361.102 379.60986 768.30475 720.0126 ,test/0674.jpg
0 0.4640297 379.96362 563.48846 463.10956 661.7856 0 0.18475147 510.58258 333.79297 818.5777 777.34326 1 0.9197071 339.79523 316.6641 819.46625 897.3638 1 0.7836699 380.14862 563.6465 462.81934 660.6123 1 0.752175 342.1701 594.0783 826.89996 884.83624 1 0.337831 511.19073 336.7673 812.8859 762.692 ,test/0675.jpg
0 0.98675364 324.20193 337.33206 645.5741 638.1007 0 0.9863979 106.223366 305.98816 253.49033 402.6361 0 0.8006028 392.02216 825.0754 449.39056 1021.4174 0 0.4558793 441.3694 494.00375 631.1771 641.8303 0 0.1398939 95.22235 120.70276 215.02081 398.75006 0 0.07846947 0.0 735.85736 96.492935 799.2039 5 0.2880289 395.42758 822.99664 447.05258 1023.6541 6 0.12048645 899.4127 303.54483 933.83154 345.86917 7 0.10417147 329.0897 335.6212 644.0674 613.292 7 0.086139396 145.63173 137.44669 214.60606 246.54498 7 0.05752088 683.3643 153.04121 808.5706 309.55914 ,test/0676.jpg
7 0.99711597 326.35712 319.75677 821.2901 722.5755 ,test/0677.jpg
0 0.98098445 365.6096 235.44742 908.2073 914.0244 0 0.84714144 185.09473 432.9331 221.7688 485.29596 0 0.12291867 331.0413 724.04736 351.35104 786.01624 1 0.07450562 185.04967 432.6623 221.91316 485.08722 ,test/0678.jpg
0 0.9991455 118.92352 366.8095 774.03284 793.9793 0 0.26842508 649.8585 691.6108 686.49194 850.3438 7 0.41733313 649.8585 691.6108 686.49194 850.3438 ,test/0679.jpg
0 0.10107272 366.92712 788.7157 519.17084 1021.40344 0 0.0950652 302.35834 5.1057434 823.2917 916.89685 7 0.98492604 277.83353 28.975677 778.72974 820.45776 7 0.06658727 285.01837 111.8266 554.3683 806.4759 ,test/0680.jpg
0 0.3735539 129.65161 221.23566 931.1256 894.0628 1 0.52302706 128.47421 216.7024 931.82324 895.00073 7 0.7868786 132.18298 219.21417 926.0957 893.8215 ,test/0681.jpg
0 0.9851924 243.65543 414.21036 429.52597 617.3041 0 0.36866814 339.4375 413.52585 808.50354 634.1699 0 0.08644335 860.1021 280.45767 983.6601 407.70267 3 0.058062427 372.89792 414.30673 802.0897 634.45825 5 0.944951 370.5026 413.50916 800.50085 634.8407 5 0.3979635 372.7658 406.24725 440.95734 632.21014 7 0.5836894 859.11646 281.85556 983.59717 406.20163 ,test/0682.jpg
5 0.60067755 116.81427 227.12497 961.4622 859.8618 5 0.097470745 100.69736 531.279 541.84326 855.0015 7 0.64624524 118.95911 228.75238 947.5687 863.2769 7 0.06457392 101.906525 529.6133 538.3782 854.2694 ,test/0683.jpg
0 0.12792698 281.62186 284.3338 846.4282 703.6346 3 0.15501523 277.6061 286.5888 848.8479 704.3249 5 0.968118 281.14896 285.94275 864.0311 704.4797 5 0.12154405 669.65784 317.9621 865.50757 585.35565 7 0.10235778 287.12973 284.41602 843.49475 706.44543 ,test/0684.jpg
0 0.999569 410.8285 517.35425 585.068 752.3994 0 0.76357454 364.5731 214.13797 951.8602 319.69754 0 0.35903952 679.35126 267.42175 961.4412 319.2152 0 0.12126699 370.38116 208.21716 733.5931 287.50244 0 0.067751974 526.6033 246.7798 966.7007 320.26254 ,test/0685.jpg
0 0.10043843 402.91318 186.84827 460.91458 224.9885 0 0.063985586 400.04492 196.4411 531.73285 304.38434 0 0.058612384 396.43576 185.81256 456.79153 258.35947 1 0.27355862 399.91455 186.50592 460.99377 223.90012 1 0.13076644 395.0618 187.29955 461.5164 254.6049 1 0.10147599 400.04492 196.4411 531.73285 304.38434 1 0.090873115 632.5136 510.17776 730.2608 574.9371 1 0.068947315 405.58044 197.04352 513.5986 250.1885 2 0.060412597 630.8719 510.41846 729.8194 574.9226 5 0.9917659 717.4631 769.4957 837.2757 884.2665 5 0.85100716 466.62775 510.9627 797.67194 833.936 5 0.7867226 467.60944 569.55096 556.3369 797.02985 5 0.67355317 305.40787 224.20819 660.2201 557.2986 5 0.598765 509.16638 529.05475 659.61414 842.10333 5 0.59445137 374.4922 168.93553 409.20844 207.67403 5 0.5099248 335.46027 289.48358 469.53424 524.5108 5 0.41421458 262.44586 242.46664 404.27112 473.84354 5 0.41013741 697.5954 535.7095 804.35004 757.03394 5 0.31358987 544.92676 228.57353 655.3544 545.1096 5 0.3014756 312.87357 275.85422 429.8168 478.58566 5 0.2304389 625.53345 508.53348 805.6533 784.0355 5 0.21927738 231.7132 283.02692 365.89948 490.83533 5 0.20939782 224.95975 209.34625 473.2659 495.19196 5 0.1867932 480.5955 517.17773 559.94275 599.2715 5 0.18301757 281.10635 211.31209 496.3245 650.77466 5 0.17141505 393.33118 201.29248 519.23676 257.45566 5 0.15674476 549.1194 414.16702 651.5735 552.542 5 0.15416059 462.5073 570.8265 564.88696 682.25006 5 0.1422541 552.98724 483.79596 650.3295 548.3282 5 0.14004913 549.4246 526.57153 727.2519 685.59485 5 0.12311999 323.09402 198.63718 393.3187 218.49072 5 0.12260424 244.34604 334.27173 388.23294 654.6144 5 0.1030073 392.08884 233.84302 566.5172 336.9674 5 0.10213193 351.75003 212.1915 576.14075 688.5834 5 0.09999563 491.10342 576.85223 532.06683 604.1661 5 0.091199584 282.24023 271.263 465.66394 394.09564 5 0.089395285 434.61096 205.71191 510.36176 240.65765 5 0.083967716 371.72052 505.76782 492.79034 722.1001 5 0.08290787 369.929 172.4168 461.35886 224.02559 5 0.06777825 400.01718 232.42674 517.58813 277.2455 5 0.067740805 552.8708 612.90924 632.44916 706.8465 5 0.06655217 398.1653 204.225 511.32712 315.60812 5 0.065636486 394.5285 207.88025 426.31006 255.64136 5 0.06323367 633.7067 508.97903 732.0583 573.0469 5 0.058281105 307.33862 195.12341 486.18414 263.9711 5 0.053243198 554.47156 519.52466 735.5995 612.256 5 0.051067762 236.95668 324.24524 294.5714 440.6136 5 0.05078354 398.07785 184.92973 461.4471 250.55644 7 0.9067023 233.98766 214.67867 659.7982 712.32263 7 0.2554908 225.62512 232.83653 406.10754 664.9719 7 0.17791843 472.2202 510.79358 747.3385 840.1825 7 0.14011069 268.53714 250.55087 487.63315 736.70435 7 0.11807124 847.08295 407.92957 975.9106 463.76495 7 0.11371266 360.37756 221.36009 662.07904 552.1939 7 0.10350496 399.91455 186.50592 460.99377 223.90012 7 0.07939013 394.90353 187.10202 513.17896 271.85992 7 0.07473559 295.55127 222.05229 462.70825 540.34344 ,test/0686.jpg
0 0.5841813 292.7362 419.4314 367.4944 435.1463 0 0.38580105 959.0116 334.94775 1021.6355 557.27954 0 0.2086357 421.27734 305.67343 661.97925 523.6701 0 0.09509327 642.5856 175.85449 848.59326 406.04022 0 0.094126135 157.67984 668.3041 284.7932 729.9835 0 0.07520776 655.8225 365.82678 911.78564 732.4337 0 0.059624054 101.1196 384.1509 355.7776 563.9371 1 0.99558157 157.86382 483.85776 435.80756 728.39355 1 0.9366661 523.2926 423.59906 897.5901 896.0568 1 0.85580426 421.26373 494.1692 625.05 706.04614 1 0.78261673 303.11633 486.5769 622.1345 784.532 1 0.671501 491.36462 686.5367 736.78174 890.63995 1 0.64449286 276.10168 454.97357 377.0321 576.9152 1 0.61035955 507.819 703.43005 625.26416 775.6655 1 0.5209872 334.963 618.0876 600.01807 781.533 1 0.48219606 352.20215 688.4247 679.39417 792.11145 1 0.3679836 511.45758 510.2564 609.4434 702.12054 1 0.3583693 605.29224 676.9874 677.90686 711.90173 1 0.35508272 387.67307 593.0043 452.0883 648.0338 1 0.32739052 464.5345 478.71237 718.8702 695.3821 1 0.31093848 385.03412 589.9668 613.22003 703.2649 1 0.3095394 543.8392 588.3269 609.6706 671.5775 1 0.28745976 314.52353 516.81323 852.9258 890.7893 1 0.21630125 274.7089 468.32324 436.00272 697.4592 1 0.18723987 359.58783 701.93164 552.22076 785.22363 1 0.18041526 506.35654 668.6134 596.8414 710.1299 1 0.17809467 442.86356 686.1565 609.9829 770.4114 1 0.17564869 506.8398 701.6146 642.252 741.73267 1 0.17254794 410.71997 474.21115 717.0553 865.6074 1 0.1698116 534.95734 572.4064 567.7493 611.24524 1 0.16976856 481.26733 704.99976 656.37415 802.77563 1 0.15046147 559.7597 780.7003 599.9805 882.0813 1 0.13677895 524.4489 570.6324 632.2812 697.4567 1 0.13677117 651.57947 374.2658 910.80896 729.1027 1 0.13459112 470.41364 685.23114 634.7143 859.4217 1 0.12673494 416.39026 499.50418 520.6427 663.91626 1 0.12046086 478.74973 733.7559 618.9851 779.9793 1 0.11797385 527.51843 704.7195 612.2893 716.7445 1 0.11795927 552.9535 603.6876 627.5061 692.40063 1 0.097675584 376.21173 734.3658 631.02985 795.6871 1 0.089864306 533.0817 568.8699 589.30145 636.81384 1 0.08925183 557.1719 743.1685 618.7362 768.66986 1 0.08841541 101.809 388.63782 344.03073 569.027 1 0.082106195 385.54916 618.2654 448.91348 645.8954 1 0.07023488 457.418 649.602 625.04517 712.46246 1 0.0590996 447.04022 690.23193 530.4187 768.3395 1 0.056212872 364.37964 612.9742 449.45605 656.5988 5 0.12603033 389.2437 592.16943 451.3612 647.48755 6 0.05535273 414.49118 302.97345 652.493 523.35767 7 0.9741208 654.2184 364.71863 917.1808 677.818 7 0.9466315 642.6394 176.92725 848.578 405.98975 7 0.9146449 103.159004 383.70465 289.8069 567.51135 7 0.6351525 430.36893 307.6164 657.088 522.1833 7 0.29699916 958.4238 341.14697 1022.0768 557.8669 7 0.15011932 655.3312 361.1438 824.0415 510.09387 7 0.07180422 954.7811 477.85992 1022.86 553.81476 7 0.0511061 830.0434 391.11346 932.6701 605.3808 ,test/0687.jpg
1 0.97707933 0.0 644.7874 123.69829 1024.0 1 0.82014894 18.044434 0.0 1017.339 328.3885 1 0.5761478 847.74744 771.68536 1019.04065 1020.2679 1 0.3277431 0.0 103.88991 100.217575 451.57355 1 0.08485927 0.24156952 93.28989 169.0875 1024.0 1 0.059053697 824.8871 506.46295 1018.13196 1018.73285 4 0.12736918 124.627655 211.94485 780.9675 387.66812 5 0.0868711 43.48935 321.2468 1001.5436 883.3612 7 0.9907273 65.16705 316.92352 1006.24896 883.3995 7 0.9694082 112.23999 212.2951 781.73663 386.86737 7 0.07374824 15.805725 2.375595 997.8465 421.01996 ,test/0688.jpg
0 0.99710256 448.38123 487.0365 670.8573 661.07825 0 0.45470667 895.3232 450.06265 951.6745 466.62302 ,test/0689.jpg
0 0.99989104 282.76385 265.68674 713.6832 827.1417 0 0.9472627 129.75232 703.24493 373.62415 1018.55707 0 0.1843912 77.71402 673.90356 721.0958 1018.6754 ,test/0690.jpg
0 0.84317076 874.8949 1.7409515 1017.08044 298.0746 0 0.6982884 679.00464 1.0391388 1011.5846 250.19133 0 0.36265695 835.8835 422.98053 1022.01776 853.986 0 0.21918954 788.09753 13.363007 1024.0 437.90347 0 0.08834505 883.2867 191.25072 1014.19696 300.7131 0 0.070666224 533.32 44.704765 690.29706 288.47214 0 0.06785111 900.51825 188.44296 1023.61115 449.0704 1 0.10781169 834.78156 420.67804 1022.42804 853.503 1 0.1044654 989.4804 851.3635 1023.06146 901.50195 5 0.5822189 328.63916 11.182175 688.3275 501.7729 5 0.11521853 335.237 19.709717 976.1077 826.2759 5 0.06642262 527.145 6.6291046 681.6067 321.95654 5 0.054252185 84.81909 0.0 685.9882 654.1504 7 0.9867535 330.43555 18.83722 999.33386 832.0028 7 0.5702609 1001.65466 104.10817 1024.0 198.32347 7 0.4444024 510.99332 1.4595795 670.0347 342.79688 7 0.35685635 333.62567 14.225693 690.93024 496.70166 7 0.2992468 917.9222 270.01785 1024.0 430.58438 7 0.24624549 547.99 37.786224 1000.43066 602.2605 7 0.16460899 721.90656 6.979248 1024.0 526.5168 7 0.11241797 535.7717 38.01809 737.871 280.87985 7 0.08156765 883.5161 185.5962 1024.0 492.69244 7 0.0652354 500.14178 9.597702 754.92145 506.72528 7 0.05414699 830.91943 414.1412 1024.0 857.3275 9 0.44185367 835.7403 423.23572 1021.94464 853.9673 9 0.22347626 909.3755 189.93121 1023.865 447.7196 9 0.07556684 938.6356 194.72119 1024.0 332.30237 ,test/0691.jpg
7 0.9991365 377.30658 320.1101 718.3383 614.7032 ,test/0692.jpg
3 0.08709229 400.31726 522.05524 591.41736 580.80145 8 0.99704736 378.1435 616.43 515.15 675.12286 8 0.9524674 399.63217 522.7273 590.97406 580.76917 8 0.37070602 475.2669 642.57056 514.645 673.9044 8 0.17558354 402.2449 531.1804 489.96017 580.08777 ,test/0693.jpg
0 0.55636615 386.00385 740.00806 431.4322 1011.9686 0 0.42977622 373.7226 748.4944 512.6789 1014.81995 0 0.18640909 378.27243 877.3941 517.35803 1013.66595 0 0.07672456 414.4788 749.8663 431.70187 918.5523 0 0.06769961 417.70514 746.3226 447.1424 914.54706 0 0.051856983 405.57437 735.41724 434.26303 989.43933 1 0.07311345 394.48233 740.42883 430.13907 1011.7434 6 0.99980885 349.2871 274.2729 620.2399 699.41736 6 0.05239989 474.40115 270.29474 610.61005 685.38513 ,test/0694.jpg
0 0.124852344 376.48108 288.1062 674.2418 738.1476 9 0.87647295 375.18103 288.62762 674.58435 738.1784 ,test/0695.jpg
7 0.9989312 305.9331 368.8437 736.42175 581.46606 7 0.9523903 614.6924 381.02866 728.7633 451.3129 ,test/0696.jpg
0 0.825023 43.708557 786.9236 795.1268 892.0746 0 0.07417891 91.50262 864.5995 259.63943 921.25073 0 0.05143081 20.867218 15.733551 911.2455 913.3916 1 0.9878473 6.811249 4.535736 905.98267 901.1904 1 0.3144331 53.124054 766.7927 790.7278 915.0879 1 0.1450724 305.3011 0.0 844.69403 221.16182 1 0.12779692 77.76831 878.2576 749.9121 1024.0 1 0.12094313 12.423431 3.2296753 377.44186 747.74347 1 0.08419069 93.033295 864.01886 258.92117 921.2951 9 0.08064318 42.477478 780.5209 776.73224 869.4855 9 0.06487195 518.5176 91.82299 798.7705 221.97641 ,test/0697.jpg
2 0.999243 358.626 316.55878 716.5814 822.5301 ,test/0698.jpg
0 0.064144544 435.4454 200.20422 559.72565 350.81836 3 0.05046304 323.5564 507.31274 784.22876 697.7489 4 0.96409565 324.1706 506.17023 783.6324 695.5489 5 0.087166145 322.33392 505.56644 783.0738 695.3069 7 0.12524043 435.04404 200.38953 559.1396 349.69208 ,test/0699.jpg
0 0.9995347 608.12335 532.4878 919.6287 856.1011 0 0.91096735 0.16190338 238.6258 129.78152 387.84497 0 0.90702385 0.36097336 0.0 68.47276 180.27467 0 0.8176327 290.81122 306.3847 414.08313 378.54333 0 0.5204241 141.72946 267.0668 179.44894 294.7285 0 0.42695785 0.7250328 116.14404 62.8937 172.85101 0 0.16540304 17.687805 440.51425 117.05902 500.80038 0 0.099042326 41.10324 305.53043 444.2063 650.4446 0 0.06664041 5.019554 0.0 129.06479 447.71396 0 0.06394469 276.97446 362.50027 342.4481 415.9636 1 0.30352613 1.2966156 0.0 68.884 186.42032 1 0.20627685 291.0437 303.73938 414.03894 378.9997 1 0.19850215 0.7250328 116.14404 62.8937 172.85101 1 0.104808435 0.0 237.32666 128.81485 388.4449 2 0.36176297 51.417984 306.68738 438.5537 644.3819 3 0.9339806 43.711746 306.20795 445.80048 650.2848 5 0.13880841 43.46225 306.08694 443.66068 649.25 7 0.07662627 17.941181 439.47137 115.80632 500.9792 ,test/0700.jpg
0 0.23026706 109.35191 459.77924 123.996216 544.12305 0 0.10829797 54.48964 339.98923 218.36153 697.4055 0 0.096276544 114.16801 482.8769 126.32682 545.7708 0 0.054723226 108.30113 402.84042 184.4572 555.7622 0 0.051159777 68.02606 316.0589 134.05064 552.8261 0 0.05093526 212.92444 587.7716 287.2692 713.28723 1 0.97277945 592.04407 344.54724 733.42505 543.87115 1 0.9566061 589.00616 484.6341 764.6949 688.4377 1 0.9499797 324.8051 394.76007 606.23773 694.47797 1 0.60642624 615.2206 335.69855 711.2339 425.46063 1 0.33932444 706.4478 463.6329 729.44025 495.1973 1 0.2899805 621.4682 318.26227 671.5262 342.38275 1 0.15521419 616.1053 309.9404 674.2078 376.15585 1 0.10707775 589.4092 418.80756 739.70605 494.98663 1 0.0997418 614.56165 319.06165 712.3933 381.6609 1 0.09837621 381.21616 442.45694 563.84406 487.57364 1 0.094320886 739.3245 961.2786 1013.4057 1021.7304 1 0.0866967 382.6649 234.8142 557.6853 489.9331 1 0.07190407 383.61365 71.722404 550.421 204.04767 1 0.051008504 669.8004 330.3854 709.2759 422.38516 2 0.20591329 382.6649 234.8142 557.6853 489.9331 2 0.066854015 383.61365 71.722404 550.421 204.04767 3 0.20579074 383.61365 71.722404 550.421 204.04767 3 0.056604028 60.21485 317.65945 134.54144 500.37643 3 0.055022553 212.92444 587.7716 287.2692 713.28723 5 0.31477252 382.00543 234.9436 557.59644 488.24628 5 0.28975415 214.30655 602.49603 289.34308 716.31366 5 0.21831922 1002.4963 555.0254 1024.0 748.9103 5 0.18563151 43.428513 338.3551 218.13554 708.9419 5 0.104603685 939.3022 260.2752 1022.43414 665.88666 5 0.07530411 95.556755 398.90417 179.11182 557.21765 5 0.05333005 39.32341 545.3307 218.64537 712.40405 6 0.96809065 39.52372 546.5641 218.50299 712.9093 6 0.70461243 382.49045 235.11993 557.6177 488.26556 ,test/0701.jpg
0 0.10972976 260.97385 205.08884 614.8402 718.8319 7 0.98075014 261.94263 203.42911 615.5214 721.3728 ,test/0702.jpg
0 0.8527148 214.89502 247.12163 607.7958 532.31116 0 0.6190054 66.266754 248.25609 615.3439 719.4161 1 0.19491671 71.766266 247.7237 610.8657 718.84955 6 0.061476488 71.92963 247.91428 612.2609 719.11145 7 0.6124879 71.74985 249.05334 614.4247 718.33496 ,test/0703.jpg
0 0.12318421 556.636 668.96783 662.3063 755.22894 1 0.99837 172.37283 68.37616 726.5525 734.41693 1 0.24738681 556.636 668.96783 662.3063 755.22894 ,test/0704.jpg
0 0.06910035 508.96655 626.00305 579.2207 665.713 2 0.99989796 185.76456 321.81 678.30774 639.8382 2 0.08964211 486.431 319.67474 675.1826 636.56305 5 0.14348866 376.72095 937.85547 508.5728 1023.96704 ,test/0705.jpg
0 0.1796404 674.3312 542.49884 720.2251 567.6479 0 0.1357838 793.94116 456.9631 831.7737 495.30515 0 0.057222556 214.54602 748.4618 292.1765 797.3248 1 0.1753259 674.2548 542.5301 720.07806 567.5916 1 0.06559439 160.78262 508.81943 291.1898 674.7613 6 0.10049924 160.09752 508.9495 292.64667 672.0729 7 0.9998605 147.5355 661.4898 478.7843 1015.26215 7 0.9997657 413.9245 65.439896 802.92523 486.37567 7 0.9951434 678.30304 646.97296 993.28973 965.07416 7 0.99417937 695.49 473.76038 973.55725 731.12476 7 0.9824467 339.2002 360.8369 718.64734 928.7145 7 0.9509423 52.284035 543.44037 257.58798 870.61957 7 0.83479047 159.80006 509.35846 291.31653 673.99884 7 0.46256086 674.2548 542.5301 720.07806 567.5916 7 0.34097895 99.810524 561.49744 170.87244 625.35803 7 0.24757074 673.7806 515.2059 738.89264 568.5302 7 0.24478196 48.898514 540.7644 148.34795 645.8445 7 0.20296617 57.070724 574.10834 253.41765 730.6993 7 0.18359832 215.09059 747.0802 288.6469 798.7748 7 0.17289053 73.66086 561.5884 196.09076 640.87634 7 0.162667 177.11588 612.5359 310.99298 768.67957 7 0.13653801 0.024108887 564.11755 101.33533 833.40137 7 0.13460961 274.757 517.61255 318.18314 669.0521 7 0.115720265 46.83419 552.72424 181.6677 690.66113 7 0.111977234 669.1022 491.70447 766.72266 568.99866 7 0.10770741 6.057724 350.01373 291.11957 889.01984 7 0.09608079 794.15765 456.90662 831.8317 495.4909 7 0.071966745 0.0 568.72156 130.39816 688.3938 7 0.060047947 72.31973 639.1648 412.8019 892.5596 7 0.05215172 52.07168 586.8064 110.89344 634.8701 ,test/0706.jpg
0 0.9123568 44.683304 285.86407 413.2801 740.62067 0 0.39413935 440.0055 311.6371 491.76654 327.00208 0 0.12496269 25.015717 558.1519 354.4677 740.0196 0 0.10437604 674.8447 416.23322 792.0958 566.12915 0 0.10232028 712.63025 305.15082 909.624 388.17377 0 0.0855439 676.3905 519.33203 741.4867 550.7566 0 0.08345307 21.28151 570.49854 94.54012 689.77673 0 0.0701808 439.93985 306.6782 492.42764 321.3138 0 0.06834229 528.3291 546.9726 594.1603 617.04205 1 0.992781 310.0023 342.69775 982.1283 880.14734 1 0.97214407 0.0 505.32477 76.92736 578.2255 1 0.96949625 980.5643 612.90906 1023.4123 665.4203 1 0.9664505 990.24225 800.17865 1023.62885 881.93866 1 0.96510506 625.8441 308.60754 905.1638 495.51416 1 0.8726652 929.3953 454.13083 1023.6733 641.74835 1 0.83602834 602.5053 319.7188 1022.29095 652.7232 1 0.81989074 851.36224 434.2292 921.03265 479.09558 1 0.5672016 1003.6039 556.45514 1023.3618 615.9328 1 0.53683096 712.63025 305.15082 909.624 388.17377 1 0.5356691 866.0689 386.77945 1024.0 655.3871 1 0.47893468 659.93646 392.3295 1009.462 575.0364 1 0.41967365 541.02893 451.4658 965.14136 690.14844 1 0.40250272 953.7722 420.36322 1024.0 463.10858 1 0.36886704 978.7439 560.3321 1023.05396 669.59247 1 0.33618122 440.0055 311.6371 491.76654 327.00208 1 0.32534248 830.47784 531.218 906.6877 597.5973 1 0.3192109 864.4513 482.83188 961.99036 538.24457 1 0.2833855 769.0783 496.29218 852.2574 563.274 1 0.27980834 833.0622 486.01755 963.9213 595.9458 1 0.26039723 841.36725 429.99228 1014.5181 543.49646 1 0.2569204 864.6801 377.44037 1023.35785 482.59814 1 0.2243941 444.78973 341.68793 673.74176 617.9736 1 0.16983938 785.163 416.47864 966.4528 538.25885 1 0.15603273 739.83746 671.19116 836.66876 721.23096 1 0.1558507 446.964 403.14893 882.6052 611.7911 1 0.13478011 677.91595 418.515 895.27814 551.69116 1 0.12343183 531.4082 335.38986 867.8176 550.0315 1 0.12061892 735.2343 469.93875 974.0903 698.7401 1 0.11974739 636.68646 413.6888 816.6624 504.01694 1 0.08787971 843.65436 431.50604 1023.58685 482.174 1 0.081086315 802.3667 470.23746 999.86975 550.87646 1 0.06515366 855.83936 501.44205 959.4149 560.63983 1 0.06042729 704.8636 504.9059 858.721 559.78174 1 0.05721008 949.55145 410.49933 1022.9322 497.51898 1 0.05228275 622.9203 331.38458 707.83276 490.82672 1 0.050219774 27.493042 287.1959 591.47186 740.124 2 0.25892094 766.9174 497.90643 852.8118 563.68964 3 0.7222846 287.95734 304.47183 389.54944 359.50394 3 0.30945894 349.75156 382.6507 471.94394 439.73108 3 0.15112397 768.1665 497.27902 854.04834 561.58295 3 0.1068719 379.502 418.72128 470.5147 439.48166 3 0.07823081 11.964958 280.24228 205.04022 474.27872 4 0.22923444 768.6407 497.00378 853.56354 561.2655 4 0.15980187 453.77368 520.8175 591.6383 603.7842 4 0.08414735 676.5721 520.7688 737.8355 551.0383 4 0.067299664 470.24005 556.79694 539.58344 604.72174 5 0.99274546 527.1961 442.6361 653.5142 527.08563 5 0.53961086 462.8035 436.07568 659.5936 603.4464 5 0.2131759 455.41208 521.3979 581.4853 583.51483 5 0.13746543 676.5721 520.7688 737.8355 551.0383 5 0.11280175 570.3244 510.73026 628.21735 567.9818 5 0.071774125 517.51276 490.193 635.5379 620.874 5 0.058843084 765.2685 499.1588 853.53314 561.84875 7 0.85309434 373.29163 436.99683 417.47894 548.1872 7 0.24489093 45.182465 286.2109 414.56873 740.78577 7 0.053722396 456.79593 520.02704 589.67334 603.9405 ,test/0707.jpg
1 0.99241287 54.63376 33.992096 900.92725 950.292 ,test/0708.jpg
0 0.07428869 294.15985 174.39917 794.72894 821.7234 1 0.82901675 304.7647 174.18753 787.559 828.9343 1 0.09923232 533.5548 442.51123 772.411 836.75586 1 0.05835844 488.68698 142.57327 840.8047 727.25 ,test/0709.jpg
0 0.21722151 0.118206024 563.22314 42.371838 687.4829 0 0.15245701 0.6679268 6.788513 65.873566 367.3055 1 0.18743229 0.9127159 6.634552 65.70267 367.27737 6 0.9651096 6.261444 193.13005 568.8345 699.62067 7 0.2890504 0.0 565.4084 42.986237 687.6711 ,test/0710.jpg
0 0.4404245 157.11035 394.4999 232.45544 547.9093 0 0.110826395 435.78308 325.61038 603.9359 410.52786 0 0.08348584 327.61993 202.37256 388.2732 221.47592 0 0.05911369 192.34438 679.37195 218.808 729.5941 1 0.9959914 110.148895 369.17648 552.73206 760.15173 1 0.4168312 327.37662 202.28253 387.9473 221.389 1 0.05803786 87.21423 306.38568 953.2822 777.03253 7 0.9987872 373.54102 313.93835 943.9479 781.4319 7 0.9046438 435.8496 338.48196 575.35315 406.90543 7 0.28422746 434.36304 309.99924 701.75586 415.49362 ,test/0711.jpg
0 0.21690035 221.95471 348.59265 797.9887 759.45325 1 0.14880425 222.0 351.19458 797.2233 757.6594 3 0.8265006 225.01099 350.38672 796.3333 756.54614 5 0.34069312 223.4437 349.4221 797.87427 758.6061 ,test/0712.jpg
0 0.11682855 260.99176 158.91782 779.6976 827.6456 1 0.94753397 259.5711 158.35147 781.4798 825.444 7 0.050183836 258.3162 158.85535 781.2136 822.54706 ,test/0713.jpg
0 0.053758062 43.866394 666.49756 99.376175 710.2588 1 0.05704536 343.4397 433.3817 718.3567 716.8093 2 0.99895656 341.92026 434.5733 719.0414 717.10736 ,test/0714.jpg
0 0.9867468 318.04163 764.63086 481.2531 828.0237 0 0.27787814 537.60077 426.98724 665.0225 638.9228 0 0.104670025 547.6564 459.2526 660.266 539.0883 0 0.08358008 326.3338 717.2176 487.23352 816.7397 1 0.9941293 410.974 335.08356 930.71326 827.70526 1 0.9848119 303.893 293.40427 465.17926 759.8058 1 0.979431 533.36255 401.6521 817.74023 717.5614 1 0.9050438 537.6018 578.6574 559.09094 622.1651 1 0.116937794 288.273 309.4766 627.7276 739.61426 1 0.11349643 537.60077 426.98724 665.0225 638.9228 1 0.08014196 421.31552 317.52982 478.39273 774.6138 1 0.06962443 428.23956 324.4069 699.96515 778.40247 1 0.05844225 796.9236 397.66473 937.8181 721.75824 ,test/0715.jpg
0 0.1200347 596.414 62.848633 676.7928 164.95961 0 0.079631954 887.153 596.9636 965.41986 652.6754 1 0.26261553 174.36255 295.83524 195.90738 319.04404 5 0.1714097 312.73102 37.10877 391.23645 147.96008 7 0.99970275 339.83432 273.94107 890.6294 903.4778 7 0.9994863 131.90273 396.21503 453.98157 683.0539 7 0.27180246 599.3225 297.7259 666.4668 321.78387 7 0.09821611 320.67224 291.3973 522.4191 424.77634 ,test/0716.jpg
0 0.20878798 181.5939 165.86823 721.8729 687.48413 0 0.09035733 206.37051 584.5792 381.51724 673.0619 5 0.17780553 182.93152 208.05113 719.1193 690.4422 7 0.740064 181.64444 162.72537 721.7954 686.6387 ,test/0717.jpg
7 0.9989994 313.71494 467.80878 759.4254 787.0019 ,test/0718.jpg
0 0.9850531 406.89185 372.61218 712.88025 846.5775 0 0.5869773 773.9281 282.9314 892.104 386.23767 0 0.5411921 779.6511 395.4208 893.0271 508.50693 0 0.45909962 371.16464 125.890854 522.3398 233.10902 0 0.2836825 104.53464 316.94788 721.676 830.8965 0 0.25128496 828.92896 416.4822 900.2289 504.6747 0 0.22497556 47.103455 47.27658 1012.3818 552.2849 0 0.09864208 116.7025 71.02133 507.16376 648.94385 0 0.0979019 857.3029 416.25647 897.14874 489.57593 0 0.09749629 413.00906 369.0372 629.9906 579.99854 1 0.65772855 782.7652 397.72882 891.7775 508.08557 3 0.086230606 47.103455 47.27658 1012.3818 552.2849 7 0.39328134 402.40137 372.08508 713.4474 853.06177 ,test/0719.jpg
0 0.36738652 232.56668 533.34344 280.77365 574.9178 0 0.08077543 731.80457 10.482513 1024.0 318.65485 0 0.07056323 0.0 542.7671 131.4971 642.312 1 0.06630539 232.37898 533.37115 281.26733 574.9753 2 0.73625135 139.78944 524.06445 191.84239 570.08826 2 0.06769256 232.23294 533.0831 281.59177 575.6753 3 0.19196206 203.0144 580.19836 250.56146 619.1582 3 0.16959141 140.5041 523.9604 191.81358 571.89325 3 0.1525838 241.276 570.69006 297.71808 622.2114 4 0.3187653 245.62927 570.7906 297.29462 622.5225 4 0.06751268 317.61807 567.1553 809.5403 707.1044 5 0.9581091 172.48776 629.3722 236.61142 692.6898 5 0.9098065 247.19687 627.89185 479.86722 722.3047 5 0.77811766 311.71854 567.0109 810.6201 708.5423 5 0.59625196 142.1603 525.6298 195.8991 572.5289 5 0.3975698 171.63689 527.44995 199.2694 568.8644 5 0.3744853 203.0144 580.19836 250.56146 619.1582 5 0.3289332 242.39351 570.23676 297.48743 622.5151 5 0.20780736 118.39122 574.64935 204.64107 662.2277 5 0.1712345 118.04294 614.7561 211.98941 660.42444 5 0.15077844 135.88466 582.2864 191.50746 616.90173 5 0.13778643 113.61737 624.10925 249.0745 694.9509 5 0.12890923 107.25284 576.9944 234.53073 631.7551 5 0.12328296 206.82294 528.79083 299.5736 619.9124 5 0.099854104 160.31976 623.0446 318.75342 691.77765 5 0.086013176 327.45828 569.19794 410.9603 625.55035 5 0.07588186 136.70802 565.1506 232.96599 616.7309 5 0.0702472 37.611816 558.9895 139.40355 629.7809 5 0.06967068 54.220215 527.711 300.00433 627.8487 5 0.066317186 193.90437 572.1401 213.06636 624.50055 5 0.05990945 226.88759 532.36084 283.06265 575.5858 6 0.11933402 668.02673 2.4994125 753.6151 61.646164 7 0.9642896 730.8913 10.067688 1024.0 320.05768 7 0.9375862 3.9369965 476.6833 338.78748 850.6624 7 0.7742658 4.812607 485.9146 297.50806 654.7636 7 0.35123062 0.0 589.1008 473.5854 824.6925 7 0.28707263 334.69833 568.05475 806.1189 708.5888 7 0.2057023 0.0 587.32513 115.81119 703.596 7 0.1989413 9.455048 482.86823 638.6987 828.9554 7 0.18794917 0.0 545.1798 141.73892 635.42346 7 0.10335934 0.0 545.61304 61.163933 617.24524 7 0.099060334 232.37898 533.37115 281.26733 574.9753 7 0.05955599 0.0 558.7295 181.74223 821.8607 ,test/0720.jpg
0 0.29847455 191.46555 278.06677 784.92883 655.21814 0 0.23976664 202.03603 245.23352 549.43463 593.74603 1 0.09352715 191.46555 278.06677 784.92883 655.21814 2 0.8880337 424.59125 324.30576 786.6252 660.1907 3 0.44220543 423.8734 324.62048 785.39575 661.0489 5 0.1246556 191.46555 278.06677 784.92883 655.21814 ,test/0721.jpg
0 0.052651096 905.79987 3.8409576 1024.0 281.76294 1 0.06254087 905.79987 3.8409576 1024.0 281.76294 3 0.99954873 191.05472 127.08017 825.91187 820.999 ,test/0722.jpg
0 0.9945556 310.30234 171.97824 938.79614 836.2002 0 0.067243494 423.79074 162.20502 787.62476 409.6045 ,test/0723.jpg
2 0.9990127 340.05435 345.73444 650.28015 696.351 ,test/0724.jpg
0 0.1775162 869.2671 320.20422 911.47205 346.08582 0 0.10869773 391.47708 618.9888 468.5734 678.3618 0 0.079398066 438.60614 617.7186 467.7677 658.1415 0 0.06452404 844.68835 318.52335 912.666 355.5773 1 0.2489379 976.44244 415.29318 1024.0 626.49854 1 0.08627404 438.60614 617.7186 467.7677 658.1415 4 0.47677836 392.74738 618.1812 468.3111 678.9151 5 0.66634053 156.88292 588.0906 198.46556 644.4983 5 0.08873149 340.8218 335.0314 536.25006 529.0276 5 0.072445 392.11243 618.7823 468.29755 678.5363 5 0.06926482 867.33124 418.74994 949.78766 490.4264 5 0.062528834 529.96423 573.9424 820.47363 697.11145 5 0.054858044 863.9623 453.37784 899.8712 493.18423 7 0.998982 33.631714 488.9834 378.25647 984.77405 7 0.9900227 325.97284 327.7188 540.28925 529.9077 7 0.9798677 484.73703 378.93292 889.9834 723.5903 7 0.97197884 972.3807 341.7631 1024.0 441.67758 7 0.8949991 839.8965 343.77838 990.39014 616.221 7 0.852931 867.1946 444.8449 962.9176 616.8945 7 0.80385447 743.1293 341.87845 870.8751 397.999 7 0.34933916 837.3116 371.25732 892.16437 403.0254 7 0.2565005 391.47708 618.9888 468.5734 678.3618 7 0.20261396 965.3906 347.8038 1021.5481 629.9335 7 0.17633416 319.83636 514.3843 375.15875 587.72925 7 0.17471789 875.9105 418.96463 952.6378 484.48825 7 0.16361889 849.9165 350.04144 963.62646 504.8993 7 0.14032196 839.11 343.40936 999.468 441.6624 7 0.08818652 529.5408 563.1108 792.6467 700.1093 7 0.07823578 833.6246 365.20163 868.9228 399.77567 7 0.0710085 438.60614 617.7186 467.7677 658.1415 7 0.06568755 493.65735 411.58304 644.3755 728.5405 7 0.06380817 916.2741 350.16376 989.8366 589.39294 7 0.06361883 866.6406 456.6705 904.69324 494.84378 7 0.052894022 459.4773 497.48123 498.53937 538.4366 7 0.05062168 871.5952 455.22165 927.27637 556.0195 ,test/0725.jpg
0 0.75574327 270.56247 94.91319 602.23315 410.99872 0 0.72705513 708.13513 210.30768 759.9292 299.88068 0 0.482935 615.4494 177.46997 713.43646 241.90735 0 0.16892542 590.7115 174.82507 751.37823 257.85236 0 0.086153485 633.27325 251.13579 694.86334 341.66815 0 0.08219148 634.0457 277.42053 695.18195 300.02063 0 0.06926207 524.30914 101.38721 601.58746 311.87408 0 0.069067456 575.39136 224.13364 671.8994 268.33524 0 0.052628145 611.45776 258.3515 652.48206 298.33746 1 0.6042349 611.1451 258.1489 652.0893 300.01572 1 0.44171074 614.0586 254.49911 695.67725 310.1465 1 0.42282307 576.7452 216.906 697.8621 346.47766 1 0.39017302 631.8785 250.02158 694.612 346.76987 1 0.3873269 587.31476 172.7728 756.0726 293.3743 1 0.24317563 614.877 177.29135 712.6866 240.08014 1 0.18590875 264.69925 95.38072 601.12244 411.43005 1 0.120713905 221.77628 246.89769 266.97592 273.86832 1 0.085866764 633.7004 278.06378 695.5955 297.03278 1 0.06468661 706.6449 201.92383 759.8179 303.74448 1 0.057854105 615.89923 214.11227 746.482 330.10587 2 0.1451802 647.9622 252.80768 691.36444 271.90765 2 0.085535236 635.1782 254.15875 695.177 296.9798 2 0.06415106 633.27325 251.13579 694.86334 341.66815 4 0.06294227 631.78894 249.03455 694.84436 348.27643 5 0.43997392 630.6568 249.32405 694.9305 348.1935 5 0.24440515 575.295 222.55734 672.3914 269.11667 5 0.06622824 575.3419 217.29604 688.4957 297.5697 7 0.99992037 185.69281 156.9169 762.8175 882.5736 7 0.18740472 632.62286 248.70331 694.82574 348.41486 7 0.10223158 707.7027 201.98749 760.00665 306.33636 7 0.08869844 614.9543 177.44081 712.8055 240.4175 7 0.08434877 260.18027 186.8532 598.1985 404.09247 7 0.07210241 576.0498 213.99283 692.4282 300.14572 7 0.06634885 587.31476 172.7728 756.0726 293.3743 ,test/0726.jpg
0 0.81989104 644.26935 500.11325 928.5334 540.0764 0 0.06708725 652.3247 500.4216 935.5928 583.1462 0 0.051275212 824.31366 498.67755 926.74054 531.1586 5 0.99871707 91.44205 311.05585 674.3331 780.62836 5 0.09716947 424.92563 300.8413 664.2638 801.7544 7 0.20998968 0.5261879 906.51935 71.049164 1024.0 ,test/0727.jpg
3 0.050207417 298.52005 494.8638 482.3237 736.47406 5 0.98828924 296.213 503.03046 480.63092 733.2635 5 0.9367833 405.81256 122.48059 664.7315 838.16486 5 0.060700063 248.51273 119.38663 570.8368 752.5886 7 0.55551946 238.00504 121.316284 577.39136 609.19525 7 0.20503186 417.96423 127.0177 667.41455 848.34064 ,test/0728.jpg
0 0.09163982 150.79898 299.30972 221.79822 322.73416 0 0.057176262 216.45505 297.8321 272.82574 332.81012 1 0.9152893 63.05623 117.8012 408.1449 338.75177 1 0.12420697 55.737732 117.81853 575.0458 413.76172 1 0.060514603 110.73102 201.22275 479.46844 362.4493 2 0.07672729 63.06285 117.804474 408.08795 338.75 7 0.9978085 509.8181 383.26785 1022.2732 808.1304 7 0.99562186 87.500885 251.55966 623.3406 866.49316 7 0.97336835 272.01154 213.5039 564.88654 411.2729 7 0.8907207 9.019104 290.77435 344.79706 709.0353 7 0.08004374 55.737732 117.81853 575.0458 413.76172 7 0.07410288 102.2249 279.29282 569.62396 427.702 7 0.05708587 1.8973293 338.82648 65.37308 619.9617 ,test/0729.jpg
0 0.5197212 300.14832 224.0162 735.4459 691.0399 3 0.27459085 298.94855 216.52959 735.3953 692.2342 4 0.3185169 300.27588 224.1016 735.7147 693.0165 5 0.16080764 316.21936 228.05312 740.5819 696.60504 ,test/0730.jpg
0 0.35594976 376.38065 344.26932 760.6085 567.44543 7 0.8870361 374.94888 345.43793 763.3804 564.9805 ,test/0731.jpg
0 0.98812664 611.41003 368.95258 686.31836 446.48578 0 0.69730276 702.6182 362.77618 745.9841 391.15344 0 0.1916258 614.5774 409.7528 684.4597 446.02094 0 0.098174736 792.95105 242.02234 979.3972 359.61987 0 0.055118497 609.61084 413.14365 640.9935 448.4833 0 0.052398182 110.56973 684.69604 134.09338 716.57935 1 0.47377974 109.76773 685.3697 135.1039 716.46466 1 0.42888767 701.83636 362.59735 745.7852 391.43848 1 0.42743042 791.33264 242.09341 979.4209 359.4222 1 0.19400714 378.10718 267.79584 400.9875 286.63977 1 0.12318749 132.19284 227.76755 160.05026 246.47546 1 0.055569954 613.1743 369.39923 689.0951 447.6443 5 0.07249445 108.29549 821.1526 149.78358 872.43066 6 0.99741626 274.9683 519.82306 381.48062 616.78937 ,test/0732.jpg
0 0.84763056 584.6584 161.22551 667.53326 491.01746 1 0.9803837 396.7941 629.7603 607.7828 865.86993 4 0.7985382 382.84998 463.57126 637.41956 920.03 5 0.46328014 383.86395 449.483 633.2688 922.7345 ,test/0733.jpg
0 0.3987744 743.4604 604.8939 788.0014 641.53674 0 0.3325933 504.0986 179.36115 722.4239 345.01385 0 0.071565524 605.2378 777.3913 643.07166 837.73724 1 0.14041767 743.4604 604.8939 788.0014 641.53674 1 0.10468142 587.1848 324.3947 746.2075 538.1791 6 0.97196317 496.81253 156.4186 723.3373 350.18433 6 0.45544624 484.21503 213.32977 733.6258 545.8578 6 0.09639791 581.6425 314.8815 745.8134 538.2387 7 0.99966216 766.9299 539.4837 1001.2303 933.91095 7 0.9995621 236.57407 613.6857 583.31396 868.9819 7 0.9994456 5.093292 427.0184 358.0792 864.952 7 0.99855465 310.3723 218.04521 651.988 636.23615 7 0.99825984 647.68744 459.73642 795.1585 629.7312 7 0.9981014 183.83292 38.562363 523.0371 479.65118 7 0.99739313 618.3874 621.417 815.3261 961.17346 7 0.98687696 752.031 192.19156 1022.6874 717.8429 7 0.93958527 950.0377 585.2598 1022.72217 880.00287 7 0.5327711 619.5593 610.8182 774.21375 745.10175 7 0.43092686 736.1991 609.8496 780.9269 730.78845 7 0.40096447 608.6658 602.31476 762.8491 850.45624 7 0.29295167 300.97537 39.68023 521.44714 258.56534 7 0.24118505 605.2378 777.3913 643.07166 837.73724 7 0.16232565 264.35934 203.24112 524.3346 483.04514 7 0.14698304 639.95154 608.6194 745.8817 672.35864 7 0.13801278 934.0033 593.59045 1021.8279 743.74817 7 0.100786194 735.21173 620.8338 781.37946 660.10114 7 0.09389608 740.47797 605.20026 788.10724 646.1224 7 0.09312263 619.9643 447.59094 786.7287 733.15015 7 0.07374147 489.81845 153.65323 737.07104 623.0145 7 0.064102255 597.6928 624.35144 640.9079 739.60535 ,test/0734.jpg
0 0.9996592 334.2826 517.33453 602.1565 718.7609 ,test/0735.jpg
0 0.52075386 535.42773 347.8146 687.0891 603.12524 0 0.4235784 223.85321 704.59674 331.04572 762.15717 0 0.2977302 248.99805 473.9707 300.40625 538.10535 0 0.20567496 403.25964 478.4065 592.7463 512.43726 0 0.20385005 251.88391 703.18353 296.63428 717.6922 0 0.17943864 185.1762 337.2648 687.6399 573.7113 0 0.13588828 421.78845 355.5972 714.84814 534.8789 0 0.12594281 253.38959 464.899 609.91626 527.3005 0 0.12312468 753.08154 392.89197 838.5426 561.11176 0 0.08567846 216.23013 413.33954 561.61646 696.50836 0 0.05740754 186.875 291.68304 327.0622 582.3038 0 0.055573028 521.22864 941.3287 625.4614 1000.39825 0 0.05490492 238.44736 328.10947 370.93857 549.6989 0 0.05359655 494.67255 362.14807 786.81 585.04034 1 0.5224161 0.44515228 328.72775 185.88501 486.5897 1 0.37321293 32.563427 451.44177 76.01895 481.693 1 0.097665146 32.72814 447.82553 70.45595 463.6793 2 0.05406925 841.7742 952.54193 1023.3014 1022.3641 3 0.21721381 33.29152 457.54968 77.2341 482.4569 4 0.11109875 33.13153 457.58182 77.125244 482.1879 5 0.70869416 838.48267 955.87305 1023.17957 1024.0 5 0.38314894 838.1661 400.0975 1024.0 595.97034 5 0.25818935 720.58673 683.2737 774.97345 739.1138 5 0.2264438 224.17392 704.7285 331.52585 761.46545 5 0.21192127 33.29152 457.54968 77.2341 482.4569 5 0.14151162 735.95483 596.7315 844.33826 645.9401 5 0.076805666 789.4894 600.8773 834.0232 635.4131 6 0.9978269 317.8803 631.4831 671.36206 893.2016 6 0.9737385 48.622467 654.07556 317.58405 786.6846 6 0.94674236 495.3161 730.34125 770.5717 967.62286 6 0.94180954 89.88463 480.45447 190.11098 669.3854 6 0.896349 145.2163 284.58795 648.31335 689.8611 6 0.85288906 586.0255 381.6303 867.1382 590.0049 6 0.751964 142.76073 486.04077 564.7021 689.2261 6 0.6518389 751.71533 391.34067 861.1675 564.8948 6 0.5471016 1.0221481 328.5406 185.80716 486.67523 6 0.53511596 161.76892 280.89838 355.7224 700.07214 6 0.5240925 833.18884 402.1146 1024.0 587.4988 6 0.39407992 689.9837 554.0482 854.68 592.33545 6 0.33872005 183.33832 578.68335 563.25165 704.76526 6 0.312716 88.52216 469.08908 288.57385 707.102 6 0.29258892 715.1127 543.0629 857.9304 643.9422 6 0.2902466 72.235115 652.08374 300.11865 725.0094 6 0.28361318 720.3756 683.1757 774.7892 738.89154 6 0.2724047 175.19766 546.25085 284.5788 705.89197 6 0.2721848 158.75717 286.57968 483.89084 581.66003 6 0.26698962 494.67255 362.14807 786.81 585.04034 6 0.2558317 209.93695 320.2612 697.0296 558.6166 6 0.21551211 172.9162 423.69635 669.1579 613.8858 6 0.20222025 160.29295 285.74265 277.77795 490.02988 6 0.19168693 199.9039 355.8731 894.43823 640.9693 6 0.15723164 841.283 951.3327 1022.2392 1022.0207 6 0.1394217 246.77774 470.8994 619.6471 540.6188 6 0.1359957 287.1199 682.0657 419.3066 719.04517 6 0.1359067 245.0705 625.8906 619.01483 784.5281 6 0.12684341 730.4641 534.94354 1022.7449 973.6635 6 0.12063322 753.59766 726.1411 1011.605 858.27795 6 0.118037134 421.78845 355.5972 714.84814 534.8789 6 0.11729544 539.0524 343.6026 679.84247 604.5526 6 0.11426015 733.14557 523.09875 1024.0 650.4662 6 0.104881756 246.74011 321.98358 371.12476 539.5098 6 0.10293692 254.04903 636.36005 590.30194 714.5097 6 0.08019172 64.12097 635.6214 732.6387 910.5124 6 0.07950979 167.27795 513.0464 329.79858 762.91235 6 0.07488909 763.774 667.6257 1005.46747 776.2032 6 0.07198115 168.61292 441.37805 278.4935 689.2362 6 0.059300743 736.03143 586.5186 826.1409 652.075 6 0.05494115 246.17697 479.41483 343.21933 696.1726 6 0.053637505 265.98907 668.6651 433.3084 712.2819 6 0.05322797 163.77083 304.10553 242.70277 643.51794 6 0.0504892 182.66124 611.0111 362.55164 724.2123 7 0.97562927 729.21967 516.4282 1024.0 980.75793 7 0.11103158 224.1913 704.5373 331.22928 761.81146 7 0.07890455 248.54271 472.6451 316.03632 539.755 7 0.07290423 841.283 951.3327 1022.2392 1022.0207 ,test/0736.jpg
0 0.84351933 496.15607 643.00085 916.6716 847.1791 0 0.28330272 737.8026 89.77783 1010.0481 298.32742 0 0.26093432 196.5675 7.036316 974.73474 403.5133 0 0.19903603 609.172 448.1949 832.62537 624.9982 0 0.18033634 243.84058 540.96344 903.89856 845.6176 0 0.118938886 475.61377 6.600128 906.9144 162.09561 0 0.10465513 442.91464 16.531326 1016.7871 307.37592 3 0.99602497 244.0994 555.35004 582.7377 716.53534 4 0.24121293 476.10175 36.529522 694.3692 161.92316 4 0.19750673 529.5036 44.277527 693.3443 114.86192 5 0.65394413 478.69452 37.36618 693.85333 161.68625 5 0.15290906 529.5036 44.277527 693.3443 114.86192 5 0.11523183 469.20743 16.36618 902.8302 157.37074 5 0.07649064 252.7029 556.1703 580.1052 717.60583 7 0.8370499 735.93146 88.20886 1017.1729 297.9997 7 0.76251537 610.6944 448.2499 832.56854 624.8313 7 0.43273696 475.61377 6.600128 906.9144 162.09561 7 0.36294374 431.7811 13.478363 1016.86084 310.93256 7 0.27117014 497.1941 642.1367 915.5615 851.19995 7 0.11005306 278.85852 481.84692 900.2461 844.84863 ,test/0737.jpg
8 0.99999034 704.1511 341.21692 925.55115 544.8954 8 0.99994767 83.71774 543.81104 378.91666 764.6354 8 0.9999372 315.0009 598.49756 700.37244 775.3672 8 0.9999093 421.42908 417.58972 748.81665 574.97 ,test/0738.jpg
0 0.6183916 401.07718 77.52832 723.30664 942.13934 1 0.22613943 400.7938 80.830505 719.583 930.7315 7 0.5379821 402.08978 74.71588 720.60345 935.1662 ,test/0739.jpg
7 0.9998549 146.68613 2.5507202 781.47095 980.8321 ,test/0740.jpg
0 0.08308337 177.6195 135.2789 849.1896 784.02966 1 0.071767986 178.63821 132.48413 846.14294 784.8742 5 0.23634517 310.44226 948.55994 906.1509 1022.7543 5 0.06668377 11.976913 887.50226 419.07996 1014.84 7 0.9945034 179.65167 130.97787 844.8515 784.29004 ,test/0741.jpg
0 0.056140948 497.872 519.5201 607.36566 624.7923 5 0.99497706 270.247 444.6972 495.48206 596.98785 5 0.52363575 497.26773 519.25146 610.7985 625.3054 7 0.18846938 497.872 519.5201 607.36566 624.7923 ,test/0742.jpg
5 0.08673617 855.08276 21.706238 1021.2223 824.60803 9 0.995458 502.06317 66.306305 952.37494 973.8656 9 0.98580384 13.259262 72.39789 472.2259 1006.5428 9 0.3667601 22.88121 70.53262 452.24457 552.4064 9 0.28530756 22.487366 61.44229 978.6035 1003.8469 9 0.22463566 101.99786 394.71677 457.25018 976.369 9 0.17898992 339.67148 422.06012 463.35416 948.7183 9 0.15452631 6.117935 14.819672 183.02074 928.8417 9 0.06410742 7.384529 111.718414 113.01173 795.67505 9 0.051132426 735.9962 101.06848 926.9071 946.41223 ,test/0743.jpg
4 0.9916843 432.71783 368.07336 613.46124 800.2993 5 0.07211696 432.58112 368.0916 613.92865 800.5395 7 0.11059735 815.5146 148.24492 935.32697 183.08125 ,test/0744.jpg
0 0.6018799 402.87616 287.08914 533.1444 336.4008 3 0.99637574 386.99768 280.8551 648.99976 794.5729 ,test/0745.jpg
0 0.7932274 807.77026 332.9164 1021.67664 852.98096 0 0.7924378 231.64708 720.84875 335.81125 805.1858 0 0.22814661 12.424183 82.17235 47.7819 123.833466 0 0.09587906 99.88895 582.72845 153.61082 616.78754 1 0.4998362 231.97623 721.02545 335.75967 805.3289 1 0.111848556 12.424183 82.17235 47.7819 123.833466 5 0.10064921 805.9045 333.59518 1022.37164 855.49475 7 0.9999292 342.2545 350.57928 865.58606 604.4443 7 0.16375196 806.90515 334.05548 1022.07324 853.56366 7 0.055738278 322.37967 388.2003 1019.9169 827.89844 ,test/0746.jpg
1 0.99724966 353.32236 116.52371 832.777 917.5752 1 0.9780653 156.2006 316.97455 459.1507 825.0374 1 0.69505507 326.2931 301.64008 405.06677 449.30322 1 0.6779695 162.09967 358.56592 348.1287 695.0802 1 0.59802866 297.41315 622.7814 335.08667 675.7977 1 0.5502122 264.41763 307.3366 449.2833 706.3208 1 0.5201768 331.5558 457.63147 379.47168 592.7855 1 0.5110008 322.1602 421.14087 385.66782 628.3805 1 0.42437428 293.091 501.89032 340.27875 696.8597 1 0.4221998 273.61285 304.98798 404.60846 580.7387 1 0.3800697 319.58676 490.38367 371.73508 615.9142 1 0.35524026 330.52026 323.51367 414.3324 596.75916 1 0.24363412 364.3353 279.7771 580.5059 900.6721 1 0.19733371 304.831 314.3844 552.92206 691.3863 1 0.17416382 315.28906 519.7093 341.06946 617.9019 1 0.17334263 299.40625 585.8876 338.67426 688.3196 1 0.1649799 325.2586 290.49402 481.37793 895.24365 1 0.16488503 341.39362 472.78137 373.29993 555.3872 1 0.14062294 337.0203 457.9546 362.16995 528.8188 1 0.13923796 293.72018 484.92432 376.5458 660.0856 1 0.13384452 315.60477 624.06793 335.356 679.25616 1 0.12705095 255.29347 306.13565 405.45618 424.18442 1 0.12534511 316.49854 589.2977 341.95374 630.76416 1 0.12502356 355.00314 346.27942 409.78763 441.02338 1 0.12267687 321.57117 513.7807 358.2 595.7286 1 0.12035067 285.77927 342.49774 372.53287 657.26337 1 0.11552432 321.1131 577.74005 345.625 619.71906 1 0.10836844 335.50464 420.69547 383.45905 547.58417 1 0.10473474 344.4709 452.02954 406.22095 578.468 1 0.100229114 250.09671 316.71872 332.24942 408.69406 1 0.092479594 290.10718 614.7069 330.82654 696.66833 1 0.08491572 319.67145 565.82587 377.87646 631.32 1 0.07264732 358.23822 380.71802 390.1524 443.0995 1 0.065256424 292.59976 607.78937 317.22446 681.6661 1 0.0627212 315.28564 413.90955 429.45374 653.16345 1 0.059193444 309.758 606.9976 345.97284 695.7515 1 0.05681835 308.45377 595.44354 337.31375 645.092 1 0.05570588 344.18106 508.89453 375.64688 587.0172 2 0.09271818 161.56644 366.21185 332.15436 694.27216 7 0.9983254 551.3364 0.8057327 758.166 153.53552 7 0.9891805 382.7896 0.0 564.89667 203.9324 7 0.09958035 1.668148 767.84094 81.14609 1018.8889 ,test/0747.jpg
0 0.060655028 475.86145 241.65482 566.9155 304.76395 0 0.05971884 432.0021 244.3168 586.66125 290.4207 0 0.05454206 312.1516 156.18573 376.0515 357.49744 1 0.08818478 412.4948 239.43341 596.3576 305.00073 1 0.07994806 482.90594 245.3079 565.8643 306.37622 1 0.06907834 362.7108 245.9616 465.06967 368.46338 4 0.14495686 364.35425 251.41977 459.7574 334.31522 4 0.05893434 420.7976 251.58969 466.58032 279.1506 5 0.9080749 363.41794 245.77829 463.8187 343.05807 5 0.23299044 362.6496 261.65863 495.45862 375.80902 5 0.12910722 330.12387 159.09845 463.69394 370.55603 5 0.08882437 395.73328 299.68192 492.22266 352.8212 5 0.068733655 303.4981 154.43768 381.87518 353.76733 5 0.06598204 280.92578 212.59946 347.54816 274.4996 5 0.065551706 299.34293 210.62663 342.19547 243.96544 5 0.063439816 392.98972 292.7376 509.32925 384.69128 5 0.05917762 420.7976 251.58969 466.58032 279.1506 5 0.058924157 434.2346 263.9793 479.45297 291.25757 5 0.05851998 376.2521 248.19032 454.9042 303.03546 5 0.0576963 432.37866 255.9807 496.40918 301.34006 5 0.05598476 422.19122 240.38437 600.8034 305.0247 5 0.05381534 376.98215 336.62653 406.72226 374.20984 6 0.051291056 412.4948 239.43341 596.3576 305.00073 7 0.9971397 244.09752 172.00345 692.42365 563.4746 7 0.7601744 517.10144 260.95435 609.76917 407.90747 7 0.329945 518.1582 273.37457 583.13184 339.64142 7 0.15500599 575.01263 212.75375 686.77545 428.58524 7 0.11110384 484.29214 243.70651 660.98334 417.70657 7 0.11084072 280.7539 217.44197 347.41614 273.115 7 0.090879485 472.99677 245.58495 594.6392 307.5289 7 0.086966306 292.05304 162.01259 376.77002 359.44836 7 0.070394106 462.224 252.9112 601.5674 346.29315 7 0.06637833 520.9302 277.14804 582.07825 311.16855 ,test/0748.jpg
0 0.66944027 145.72772 613.60266 178.62012 698.1581 0 0.15265864 153.04745 562.50903 835.6655 803.298 0 0.113579996 460.89587 193.6248 616.47327 304.47797 0 0.11148794 531.51843 557.56 816.8955 803.62726 0 0.08368484 160.37048 612.62885 180.63568 694.7059 0 0.061107606 364.48694 278.70212 670.301 324.4387 0 0.06081794 489.99976 297.46933 667.9933 320.73148 0 0.054721624 328.4557 574.9861 812.09973 695.2831 1 0.99180377 164.14609 181.76105 842.8627 798.2119 1 0.50966877 150.31717 530.142 833.9271 810.5904 1 0.47144815 376.50464 275.0213 810.9442 592.6695 1 0.34837183 173.24661 546.4591 823.88684 693.51587 1 0.2316004 338.8701 194.73286 628.59485 311.52194 1 0.12403402 460.7419 193.66629 615.3091 303.06595 1 0.055895787 222.98557 347.60394 238.27469 383.06824 1 0.05445865 239.12334 205.94566 719.1028 549.65216 1 0.054144327 704.7151 570.1501 786.54236 590.82294 5 0.32325828 369.81122 119.66447 471.93878 192.96478 7 0.053469073 169.27145 561.7368 825.64197 695.10754 ,test/0749.jpg
0 0.26109853 2.6641922 540.4114 73.07103 576.23364 1 0.87200856 1.6351509 541.1509 73.47684 579.104 1 0.050609916 5.472351 571.161 70.363365 589.5349 3 0.054569263 759.4981 846.5936 893.5203 963.76074 4 0.2959608 758.2837 847.65393 893.6714 967.1483 5 0.9908206 244.72333 177.43683 521.6955 490.80707 5 0.7867309 544.51886 714.3197 1024.0 1024.0 5 0.7081834 759.5485 846.6389 893.5693 964.011 5 0.51997536 172.19766 429.6847 734.2339 804.28577 5 0.43285957 261.138 195.63693 840.3012 488.60635 5 0.2180472 820.2121 880.7599 1022.5219 1023.022 5 0.18270244 592.5699 827.5521 891.19073 1018.62805 7 0.99282724 369.54797 195.42972 821.6466 494.33786 7 0.06643743 945.79596 479.44 1024.0 578.91974 ,test/0750.jpg
0 0.44132558 332.17712 361.00104 685.2398 596.9417 1 0.29887673 333.6612 360.19067 683.8702 596.91455 2 0.73373425 332.855 360.20087 684.051 596.83203 ,test/0751.jpg
0 0.92318267 343.36243 478.11194 481.047 563.43286 0 0.23191884 597.3806 329.47144 758.8103 566.39105 0 0.19067533 344.92853 481.45026 416.0744 540.76685 0 0.14644413 473.53342 511.0691 526.6762 561.8456 0 0.10316168 442.4339 461.16687 473.34967 494.37195 0 0.09382591 386.05313 476.48953 459.72684 533.65094 0 0.063515715 400.90585 476.85315 454.9207 492.24725 1 0.08334531 342.22946 479.22452 490.72916 562.03217 3 0.9993363 236.36021 306.99225 665.1075 678.01746 3 0.32687426 597.3806 329.47144 758.8103 566.39105 5 0.8520333 749.62244 685.81696 814.8694 750.7027 5 0.1740323 804.94977 571.7206 1021.669 707.74963 5 0.10886176 746.7196 663.4932 867.87244 750.25446 5 0.0717334 855.6204 674.49725 911.9808 701.238 5 0.056033947 750.659 718.56006 810.71893 750.07056 7 0.25759453 342.99994 478.39102 489.5628 562.3939 ,test/0752.jpg
0 0.0888383 223.29774 0.639698 503.2093 122.98782 1 0.3088094 325.337 0.0 417.59195 19.02969 3 0.08791802 638.135 114.64511 681.93567 163.04727 6 0.110564895 651.64417 19.522133 822.48486 147.7474 9 0.99081486 38.619354 46.92157 876.819 1004.17096 9 0.9845785 834.2146 425.3764 1024.0 1009.65717 9 0.08367336 217.14606 0.27755737 504.45715 128.5232 ,test/0753.jpg
0 0.73912257 353.9658 391.44696 649.3351 679.54913 1 0.41415128 353.80823 394.52948 649.4432 680.83136 1 0.13984746 713.40906 0.0 1017.88257 626.19745 1 0.057284318 907.78723 118.2561 1017.27673 590.95685 7 0.40135017 986.4645 125.53339 1024.0 333.24533 ,test/0754.jpg
0 0.9278731 472.36783 623.3337 609.28357 703.3034 0 0.85181177 696.3543 421.8065 800.57 483.09775 0 0.42988205 432.02734 635.1911 511.46545 679.93365 0 0.2643751 773.4198 678.50714 810.2971 709.10004 0 0.17888825 460.64557 327.59024 518.56726 345.7203 0 0.11494689 563.5268 622.39166 600.79816 650.27606 0 0.080250084 467.7857 549.8141 630.41583 708.73584 0 0.078663275 763.3336 530.77026 1021.02686 740.7739 0 0.07693819 694.7411 505.81854 745.11414 554.2094 0 0.0532826 542.33954 566.212 632.2039 600.7502 0 0.051089965 762.8999 633.7499 1024.0 738.0973 1 0.9989285 428.7984 251.55879 838.68353 681.46875 1 0.98016584 897.9328 537.04474 1023.9705 686.408 1 0.79513174 461.24603 328.29224 518.32605 345.8661 1 0.78566045 0.0 0.0 144.37817 48.98259 1 0.5020278 761.53894 525.42163 1023.9446 726.36365 1 0.44464713 562.28577 427.78036 801.48535 539.6588 1 0.4400191 607.7443 265.01038 829.75275 472.43628 1 0.4120436 767.14075 669.9714 1022.65515 737.4216 1 0.3964787 956.0963 91.372116 1024.0 211.90504 1 0.25238943 761.2024 256.23267 1023.97705 730.67896 1 0.21941051 432.02734 635.1911 511.46545 679.93365 1 0.21836735 695.82837 505.58517 745.1096 554.69794 1 0.21144861 721.6607 419.8578 799.5551 625.0502 1 0.19552396 941.54156 144.9782 963.7066 200.4822 1 0.14734016 696.18207 421.66016 800.4455 483.12805 1 0.13874549 525.38354 188.59036 588.6659 212.13266 1 0.13355644 447.66907 624.45105 610.3561 702.8242 1 0.12840831 948.5666 0.0 1002.64276 164.03986 1 0.11685794 856.4977 249.57341 1020.55664 563.00653 1 0.11497416 923.5224 538.9397 1017.429 564.70386 1 0.081404 785.8271 606.96533 1019.96967 707.36536 1 0.076293424 832.601 524.6082 910.8056 625.72174 1 0.062567405 561.0087 489.1538 658.133 532.5915 1 0.05805092 766.35004 420.51416 1020.06744 645.9813 1 0.05447648 687.92096 420.11423 819.6181 564.25586 1 0.053475 762.4758 336.3368 832.86096 638.5619 2 0.24359515 958.1469 91.979836 1024.0 211.65738 5 0.115589865 762.89136 616.676 1023.53955 740.3992 5 0.077619016 956.09186 90.22761 1024.0 212.79938 5 0.06277876 792.6149 526.45386 910.6917 673.77295 6 0.08573651 610.41846 257.33276 831.05176 478.91156 ,test/0755.jpg
0 0.09512391 198.26782 825.7496 538.2267 904.54913 1 0.99122626 174.00188 480.8074 390.39203 721.6375 1 0.5243569 166.29857 490.89005 532.43866 921.151 1 0.3830593 166.69383 683.9916 638.7427 910.74133 7 0.99958163 392.93823 136.48056 631.61523 795.7406 7 0.99900025 600.5501 394.39526 725.3609 768.8425 ,test/0756.jpg
3 0.9977309 425.94733 385.7536 708.5224 602.5705 ,test/0757.jpg
0 0.556221 501.00775 304.75433 752.46075 792.0413 7 0.8345469 500.36093 305.91074 752.95953 788.93274 ,test/0758.jpg
0 0.2640434 23.538086 24.034546 525.03503 299.7677 0 0.057922542 425.71286 869.13245 552.1347 966.30225 1 0.80705976 22.6371 24.118317 524.1418 300.3492 5 0.999729 348.11783 831.95355 618.59973 1022.049 5 0.56694525 733.37354 216.80402 975.4253 337.9652 6 0.27787128 22.655807 25.422592 521.77057 300.4312 7 0.71654135 737.22455 216.5722 974.42645 339.27698 ,test/0759.jpg
1 0.997815 221.193 264.2992 880.7079 735.9906 1 0.41431352 238.30396 507.46194 474.50952 736.08215 1 0.073752716 308.59094 575.1043 410.38873 684.00824 ,test/0760.jpg
0 0.99972206 319.65448 356.71024 684.818 564.584 0 0.1777159 217.39589 552.4833 433.24408 683.1843 6 0.3083021 218.4754 557.4851 412.44458 682.4862 ,test/0761.jpg
0 0.9999305 236.56488 440.9665 535.6458 796.36884 ,test/0762.jpg
0 0.27441505 762.21014 336.77594 988.2979 458.43896 0 0.08593668 567.32275 352.0252 766.82837 475.40723 1 0.6832352 564.8781 353.30515 766.05035 472.37943 1 0.5202848 315.647 154.10324 351.14462 228.82681 1 0.23017603 563.8475 375.31213 607.0711 412.3332 1 0.15826511 745.62476 338.9865 1009.2003 620.905 1 0.12518124 315.5889 155.27272 342.30173 204.6704 1 0.077270925 680.25494 411.4632 778.78827 475.58936 1 0.074283965 755.7305 334.34952 989.7017 476.7191 1 0.069778405 575.5566 371.18265 718.2276 433.06326 1 0.050711185 568.56995 358.20596 738.10803 411.7402 5 0.60882527 746.107 338.45734 1007.24274 621.12036 5 0.44768846 81.86892 194.08603 221.50272 302.7934 5 0.22517058 23.567879 192.02687 221.17554 363.09772 5 0.149112 188.62514 210.38617 223.20146 252.78012 5 0.14379214 970.44257 504.8242 1022.0446 851.4468 5 0.14118536 493.87973 344.7068 789.4779 929.40576 5 0.099294335 755.7305 334.34952 989.7017 476.7191 5 0.0596409 937.6778 448.25446 1022.3775 997.1866 5 0.05324653 144.3569 210.91861 221.92142 293.1806 6 0.9772859 569.6618 2.5638962 843.2989 189.34277 7 0.99932754 184.76044 185.89148 533.6973 949.2854 7 0.9968528 10.471283 148.69974 276.36557 748.0571 7 0.9029583 271.29227 144.49602 521.8881 482.55585 7 0.67274654 19.149254 143.92508 224.60394 377.36765 7 0.3767091 19.95977 147.64404 166.97882 285.02457 7 0.26406226 564.9042 352.63928 765.8777 468.41278 7 0.26003504 98.09598 147.41412 212.66888 300.46506 7 0.22997813 15.681526 228.20236 188.87341 370.45828 7 0.08120861 62.22451 193.77896 222.0632 313.75983 7 0.057192672 168.98334 210.77078 287.80484 406.79788 7 0.052637894 10.79467 153.84874 162.49069 534.4437 ,test/0763.jpg
0 0.99990714 163.40742 311.41696 528.4878 689.73926 ,test/0764.jpg
0 0.5597808 488.56555 620.9882 532.1555 680.0368 0 0.43573084 231.56165 187.86288 264.75067 213.38293 0 0.1550962 139.10167 485.39743 251.08253 571.6584 0 0.14002657 200.84804 776.33093 251.07463 826.5415 0 0.12838906 222.67523 335.967 312.65094 350.57382 0 0.124122165 221.7712 339.49533 312.5593 384.36392 0 0.104988195 273.39066 343.08795 315.61795 382.4886 0 0.09420741 181.25601 651.379 388.83286 872.31726 0 0.08921779 252.46664 664.2689 372.12448 834.12744 0 0.08391486 170.88791 487.68646 242.5127 529.9773 0 0.06518048 227.78188 191.60786 276.5235 224.04338 0 0.062447987 272.458 344.82327 356.38245 381.70572 0 0.057124324 226.53613 330.28226 302.67474 347.06595 0 0.051782172 171.68729 358.76865 257.80246 424.39713 1 0.96384597 99.08714 635.1735 528.9639 932.98883 1 0.7184787 121.091156 199.39062 397.20212 367.30652 1 0.6847116 277.7914 200.48943 387.0961 287.40347 1 0.5391071 198.12268 786.51483 280.41147 867.4074 1 0.21357813 173.50131 637.32306 403.3763 888.68536 1 0.21282846 0.0 391.86795 16.180954 445.55325 1 0.1551123 204.5127 776.34515 249.6701 823.85895 1 0.14362597 126.69877 236.14865 326.99127 351.5546 1 0.12959601 0.0 392.0199 31.719809 456.30493 1 0.1161362 140.42737 480.1752 218.09073 524.5064 1 0.11285623 136.2749 484.32758 250.05484 571.8526 1 0.103737906 273.39066 343.08795 315.61795 382.4886 1 0.095881596 273.92477 197.0257 398.6013 369.54333 1 0.09574581 0.0 390.15225 46.820644 512.9893 1 0.09180956 188.62169 661.2859 300.38345 861.4457 1 0.08966796 121.67168 212.35382 265.71442 312.24445 1 0.085576884 151.86617 210.28117 235.9757 276.60794 1 0.080359064 230.7019 335.42365 315.2259 385.12762 1 0.06737356 256.34726 657.28723 373.58652 835.8519 1 0.057267506 152.18143 201.13193 320.43808 319.38168 1 0.05693878 295.98553 237.82864 412.97375 284.7678 1 0.056257185 50.633842 803.94727 99.46795 824.30396 1 0.054281678 211.02715 221.11652 247.35112 277.5176 1 0.050256446 273.6464 344.7018 355.53696 381.3743 2 0.06581583 199.82875 788.74603 280.3164 866.6591 5 0.80511326 212.5336 190.3632 308.57877 295.6659 5 0.5017821 199.04875 477.23367 376.4803 632.72534 5 0.4746444 232.60126 192.74818 304.43555 239.95744 5 0.44430175 133.17514 479.35043 264.50717 579.6423 5 0.3686319 277.06238 275.05954 321.1526 314.06192 5 0.32936618 212.81122 246.00026 318.08276 306.3905 5 0.30353254 125.093155 482.69727 328.8465 614.182 5 0.2760345 211.55176 215.97635 279.9202 288.2076 5 0.26828527 212.3476 218.38742 251.88113 277.5116 5 0.18424346 248.67744 662.4669 370.40784 833.9131 5 0.1322447 212.76797 253.89978 260.49988 287.17206 5 0.12669143 183.46106 782.07574 288.67166 868.5611 5 0.120609954 168.95743 206.9651 214.72003 244.34001 5 0.11786063 7.588394 467.97653 385.35168 643.5005 5 0.094184786 200.59877 360.89963 239.63445 384.67825 5 0.09073132 145.04143 486.37518 189.47713 521.8047 5 0.073055446 217.72421 240.39847 272.91614 283.8375 5 0.07005662 248.84497 257.8654 325.67053 312.67197 5 0.056879457 152.18143 201.13193 320.43808 319.38168 5 0.056771774 277.85852 198.41515 388.6007 293.72433 5 0.053451885 214.06953 261.1331 290.65894 293.26865 6 0.06981838 438.56915 801.86395 489.43347 864.61285 7 0.99911124 328.9901 199.78989 803.30774 464.5909 7 0.99085814 500.43127 119.644554 680.5409 271.14893 7 0.98225385 482.25824 474.29337 754.9816 669.31055 7 0.97477335 213.31552 356.7013 743.1824 656.3129 7 0.90757316 27.754333 413.34222 256.94943 524.9256 7 0.896256 13.525284 346.06842 212.85025 494.39313 7 0.8045538 165.17885 363.21024 259.59442 427.8066 7 0.7069878 4.1216125 382.02133 383.7314 660.76074 7 0.61640537 257.53723 655.19604 374.3636 834.7002 7 0.43586332 189.84407 777.8531 284.7787 868.39264 7 0.36361346 273.6464 344.7018 355.53696 381.3743 7 0.32298976 0.9834442 481.7421 286.05835 664.99097 7 0.3164168 488.5846 620.52106 532.0266 681.5214 7 0.27088198 181.25601 651.379 388.83286 872.31726 7 0.19480719 114.8188 636.82776 478.69305 908.9248 7 0.1637221 0.77334213 180.35754 95.18326 329.92468 7 0.16279402 9.332916 347.30237 361.58627 533.0537 7 0.15824601 214.58014 336.0631 364.8128 384.70508 7 0.1363342 177.53189 343.77982 363.69394 427.8129 7 0.13459988 119.77109 197.46219 399.34647 366.9772 7 0.11891196 140.42737 480.1752 218.09073 524.5064 7 0.11730231 210.80042 228.31113 377.90552 367.6893 7 0.093395054 2.6912422 392.69537 49.187664 513.8056 7 0.08907992 406.50134 200.51587 687.07495 299.55475 7 0.0819301 273.92477 197.0257 398.6013 369.54333 7 0.08016947 357.25772 238.06033 412.77957 256.6918 7 0.07899913 197.28094 665.4567 308.48346 865.2144 7 0.067081384 130.9656 479.4195 255.64664 576.3161 7 0.06594195 9.751404 391.3664 159.46873 519.2387 7 0.06585011 273.39066 343.08795 315.61795 382.4886 7 0.06542924 0.0 178.5039 217.59644 368.63745 7 0.06162365 204.5127 776.34515 249.6701 823.85895 7 0.06026285 278.41193 199.26791 390.90723 292.83536 7 0.05907829 224.36403 352.56982 401.40656 472.43994 7 0.056385327 179.66422 199.96867 316.71045 318.92615 7 0.052132353 0.5785904 388.12903 88.78781 516.95984 ,test/0765.jpg
0 0.98756987 316.03708 411.25296 752.324 729.3015 0 0.14046839 315.73596 412.34982 584.85675 643.24756 1 0.052599527 308.87122 412.75858 753.8043 727.79443 ,test/0766.jpg
7 0.9986841 30.12387 462.667 753.76294 906.23193 7 0.9384973 236.25342 320.78546 931.0962 478.9104 ,test/0767.jpg
0 0.9959978 166.92584 189.016 743.2238 691.19824 1 0.19953462 792.58154 381.3729 1020.0276 877.6277 1 0.15482755 837.72845 845.4909 1021.05524 1024.0 7 0.19126584 164.45282 182.79062 735.0102 691.2562 ,test/0768.jpg
0 0.40710637 0.0 263.10022 124.701004 309.87085 0 0.15740709 0.19895935 355.04575 71.92136 438.59097 0 0.13963367 514.73444 531.54724 560.5578 561.98914 0 0.078371346 342.40057 532.2245 772.72076 778.2434 0 0.07608012 7.7281494 204.39679 656.3838 414.46185 1 0.9864001 1.4023438 15.270203 720.85846 681.5343 1 0.9674901 10.383423 17.283249 602.5589 368.72943 1 0.9046286 847.0601 169.67265 1020.96075 499.43274 1 0.8478241 580.86914 4.056175 734.7892 235.32114 1 0.82276535 341.175 532.42285 773.55597 778.5177 1 0.76929116 617.61285 38.17823 722.50226 205.91187 1 0.5116561 585.56274 1.9081421 1022.02954 247.77861 1 0.20666914 978.2983 174.30463 1020.3267 466.81512 1 0.1929239 571.8379 7.737274 1023.2433 472.00067 1 0.16190287 13.720947 213.11183 618.0812 370.58917 1 0.13948902 5.343872 224.06439 710.1003 476.13116 1 0.1146648 572.2231 4.5404053 655.7636 239.12976 1 0.08325416 11.3250885 2.8367996 470.12878 123.87591 1 0.07855548 0.0 262.70004 124.604225 310.01096 1 0.059005048 0.19895935 355.04575 71.92136 438.59097 1 0.05152425 20.510101 441.12665 772.6821 772.42194 2 0.21361986 342.2975 532.151 772.10754 778.9099 2 0.1528221 620.1325 51.41118 721.4825 199.4315 6 0.54027563 662.06104 13.443115 1023.37683 241.86746 7 0.1162776 342.63165 531.9557 770.705 778.4873 ,test/0769.jpg
0 0.3482845 893.0114 932.6258 967.05743 1023.54767 0 0.17998505 401.37866 262.09982 1010.7506 685.4656 0 0.16196345 671.69183 266.6837 1004.8593 569.4304 0 0.15386298 772.4289 739.3089 994.99054 857.96783 0 0.14629966 813.7327 745.4878 961.3144 833.72205 0 0.1313135 358.50302 507.98718 636.652 769.7036 0 0.12512882 114.22711 279.75195 1000.314 843.46814 0 0.10418627 87.813354 594.6301 169.8555 783.5773 0 0.08298262 537.89374 850.29456 732.38617 1022.93335 0 0.08187637 6.8719788 653.7248 1022.9844 987.84686 0 0.07753252 835.9753 469.2158 905.71625 680.9231 0 0.07357866 190.27219 271.9649 662.89026 741.7529 0 0.06778204 679.4723 720.9013 1013.6625 937.26935 0 0.06391854 0.0 293.14954 354.06537 783.6963 0 0.05714812 882.3381 378.76892 997.3515 595.4287 0 0.055073958 725.6301 738.9236 1019.7816 808.32935 0 0.050242502 664.5458 389.39902 997.13525 686.22095 3 0.86279577 663.42883 843.03033 837.4536 1022.4638 3 0.3742268 538.82275 851.446 741.92163 1023.03973 3 0.37085024 659.4032 840.9198 804.7101 909.8816 3 0.35213777 893.3344 932.43823 967.0081 1023.5928 3 0.26598838 169.0845 266.8145 1008.12524 760.56757 3 0.25266302 411.6511 281.3991 926.8113 652.9254 3 0.104305334 613.1438 849.5749 699.03406 895.75165 3 0.08811803 727.6301 893.8396 827.1034 1011.2588 4 0.17015335 659.4032 840.9198 804.7101 909.8816 5 0.77216077 696.71893 732.91296 1006.27997 937.3684 5 0.6803826 99.88504 269.7168 1004.2451 771.1438 5 0.44118014 189.70287 336.6532 507.58917 754.0613 5 0.41844308 358.38654 510.21167 636.82025 769.5475 5 0.34814376 0.0 285.4368 337.1566 784.6376 5 0.27177975 657.6467 843.20996 840.19617 1023.50244 5 0.1979042 813.21814 523.86176 897.9414 685.2535 5 0.17826188 6.8719788 653.7248 1022.9844 987.84686 5 0.15027238 687.9403 601.9822 1014.8353 1008.7648 5 0.1254733 716.8221 480.85892 893.3111 590.6489 5 0.12538719 2.0043716 915.23596 187.70734 1024.0 5 0.12536365 574.31036 551.63464 1007.7067 706.2649 5 0.11900063 534.5394 856.8512 741.7053 1023.1156 5 0.109778 632.96875 459.6207 921.4916 693.5855 5 0.08783281 0.0 768.141 786.9026 1024.0 5 0.081426814 348.49536 461.83582 935.6394 763.94824 5 0.05975552 742.74615 535.1333 902.75104 694.0652 5 0.057616264 857.5966 464.84872 915.8084 677.9718 5 0.056272402 168.4975 438.40564 1006.71405 933.97107 5 0.054529577 893.33075 931.7038 966.9858 1023.4593 5 0.053166356 543.6801 837.3328 1001.28546 1023.05597 5 0.050201856 809.3971 516.34607 994.6455 678.1686 6 0.5173514 627.14166 658.0577 1024.0 796.63837 6 0.21540113 660.52783 648.4797 1020.5514 956.79315 6 0.16024321 289.1421 667.8862 1015.4346 950.88855 6 0.060249265 763.97327 735.3377 998.64575 940.9074 7 0.29164523 230.3869 267.19873 1011.26984 744.52124 7 0.12930368 358.50302 507.98718 636.652 769.7036 7 0.05466019 415.16498 282.88934 912.6198 645.99866 8 0.13995112 893.5447 933.0757 966.9691 1023.5166 8 0.117136024 727.7717 893.1887 828.8738 1016.29956 8 0.06979991 659.73926 841.0496 798.07654 910.7657 9 0.093315184 880.3114 370.7284 997.11743 601.5027 ,test/0770.jpg
0 0.06179174 137.94986 174.18962 735.6078 621.11206 0 0.059779793 192.56995 212.88553 323.98798 327.88486 1 0.8257743 136.99347 171.12872 735.5746 620.5943 1 0.14903289 192.56995 212.88553 323.98798 327.88486 1 0.054334637 361.9217 170.50986 737.7347 528.60754 5 0.26293898 137.04587 173.13121 733.5104 621.8257 7 0.10815391 138.28049 175.42421 733.9608 622.9345 ,test/0771.jpg
0 0.676712 753.3424 841.61945 844.41736 861.711 0 0.23332797 755.9287 822.8151 844.6378 862.5356 0 0.15215693 422.23993 111.98973 811.633 562.4548 0 0.15006492 932.0481 301.74216 967.8762 334.32736 0 0.071719885 766.607 849.00543 843.12555 863.9893 0 0.055473186 484.7713 130.02556 520.73334 182.226 0 0.053081106 556.5253 176.2653 679.3752 460.0912 1 0.9781179 428.5288 99.2946 816.6439 562.60706 1 0.4819406 484.99808 128.75117 519.46075 179.21202 1 0.46104586 931.32935 301.9745 968.2467 334.34186 1 0.42850655 482.5619 128.97546 552.83545 183.74667 1 0.058043655 486.4423 134.86102 539.2217 170.78403 5 0.05577594 441.18692 187.09833 486.13107 326.0998 7 0.9999242 238.56714 470.02063 752.7556 873.8319 ,test/0772.jpg
0 0.05936552 495.36026 0.0 555.1575 78.40613 5 0.35959834 145.92703 116.72821 246.58246 149.94061 5 0.1962177 188.90254 116.90428 248.41917 136.21649 5 0.14777485 188.18503 115.30721 245.73566 126.87066 5 0.07735437 178.65591 115.55026 237.40158 143.9235 6 0.126274 111.830475 533.1659 217.20596 642.48157 7 0.99842596 113.00119 29.729645 820.8424 1021.9757 ,test/0773.jpg
0 0.8613388 0.0 0.0 1011.7136 1024.0 0 0.5392688 527.98615 22.089996 1024.0 1020.0482 0 0.38029346 18.700226 38.75003 662.813 791.62683 0 0.09386733 669.5264 568.1102 739.17255 599.19775 0 0.089759745 304.66644 625.87445 394.26355 759.4028 0 0.076742485 615.50287 286.91745 910.7397 1002.55237 0 0.056821115 435.79013 496.94012 492.0873 639.9787 1 0.20777072 607.1009 602.09406 661.7598 748.8389 1 0.07622793 606.18506 523.7771 689.85657 755.9374 1 0.057733797 435.79013 496.94012 492.0873 639.9787 3 0.69509715 671.36224 312.9652 875.0423 738.1926 3 0.6365137 737.2703 563.88495 877.17316 722.39044 3 0.4954289 302.92917 630.0237 403.16605 759.7621 3 0.46548346 127.047325 590.0554 200.50192 680.39624 3 0.45349988 565.15845 160.56528 687.8961 322.9185 3 0.2114485 564.7985 730.5797 685.3298 924.3712 3 0.1975883 365.76263 612.18976 416.851 723.544 3 0.19696586 435.8903 602.122 614.8319 876.2232 3 0.18596904 676.4374 329.8473 789.0856 587.45483 3 0.1856156 464.94315 852.461 537.49976 902.9306 3 0.17357963 334.21106 626.8815 429.2718 728.2848 3 0.17075218 146.98544 420.79208 408.7349 768.63306 3 0.14706822 336.47766 754.2463 460.75458 998.0589 3 0.10011812 511.36285 532.2079 626.1351 723.8895 3 0.088124685 444.56488 802.83374 579.43396 931.84204 3 0.058457673 453.52582 826.21594 578.0207 895.7854 3 0.056147527 562.021 164.83723 690.72595 513.9264 3 0.05064092 132.29765 172.89294 536.0828 782.7785 4 0.9434154 593.1303 881.9283 794.1016 1021.4622 4 0.7907969 565.68945 161.27185 687.3275 574.4274 4 0.7276038 565.07086 729.32733 684.6586 924.11053 4 0.70289505 354.48425 195.71779 574.78156 419.61084 4 0.6810375 154.09193 419.76752 411.76532 763.01666 4 0.6741798 661.4534 677.5449 919.2111 993.70496 4 0.67187595 135.67303 191.20279 552.6061 773.0254 4 0.56229275 590.1017 292.45874 682.0586 500.35248 4 0.53564054 264.87985 188.00603 590.90173 556.8425 4 0.5226907 437.28674 576.2793 622.58435 878.6272 4 0.48701838 393.6277 536.95624 475.31433 720.76044 4 0.46511903 326.76788 706.18365 464.79364 1016.38104 4 0.4643947 646.95154 627.5084 731.72375 835.28345 4 0.31220952 199.21304 739.3722 343.2626 1016.1864 4 0.2828954 606.688 498.93167 691.51135 760.99927 4 0.24304742 515.71796 300.28607 620.52423 567.90814 4 0.20213512 434.2054 483.17816 494.8962 643.6812 4 0.2016163 519.59235 529.9663 626.9532 729.41345 4 0.19964097 436.57513 186.58173 695.4549 920.7663 4 0.18597232 634.05536 494.4058 693.90497 571.67236 4 0.15966283 565.4769 158.98515 688.0923 321.34204 4 0.14556314 474.17645 888.4477 589.5401 1023.39886 4 0.123091415 477.32355 338.7018 653.73956 595.01306 4 0.122771755 611.4762 926.31116 694.974 988.65454 4 0.11404744 597.5447 521.1534 716.2667 906.14374 4 0.112778015 634.52466 250.85919 684.98816 497.70166 4 0.10337768 661.59 315.19742 874.2518 718.515 4 0.10116908 440.29828 388.1113 526.3673 631.3922 4 0.09118947 531.6971 328.0513 598.5262 432.2654 4 0.07859395 531.2596 258.38788 612.9545 445.88318 4 0.0776131 339.46494 956.5045 416.77292 1020.64014 4 0.07273376 22.53778 32.31427 673.7054 831.68195 4 0.06845918 380.34058 851.9362 592.13025 1024.0 4 0.06352302 435.71622 498.01398 692.5281 776.6495 4 0.0618198 357.27057 785.3596 457.91046 995.71094 4 0.058136668 182.39604 703.55743 599.10284 1016.9515 4 0.05696421 556.65485 786.40173 884.35626 1020.65564 4 0.05649015 309.59534 550.62317 710.36554 988.9315 5 0.98677945 393.87006 892.7079 587.64984 1023.9625 5 0.51428884 634.72296 493.71234 693.52216 572.16766 5 0.50205505 669.48804 679.1813 920.1594 1000.34875 5 0.47172153 326.3951 712.5879 462.44363 1007.9794 5 0.4640108 201.24513 739.08826 342.26184 1018.8407 5 0.46046734 438.08057 585.0393 620.4253 877.0165 5 0.4330746 606.688 498.93167 691.51135 760.99927 5 0.35280764 444.7449 387.83908 526.3018 633.1107 5 0.33079356 318.51212 632.76416 391.22507 753.3751 5 0.2503374 195.35777 714.46686 466.55536 1009.3183 5 0.24760363 434.6667 396.59454 675.02496 597.4987 5 0.21682274 435.9451 376.29724 659.9381 917.7595 5 0.21493152 778.5375 797.32794 920.6987 1004.02045 5 0.16597624 435.71622 498.01398 692.5281 776.6495 5 0.13983378 498.01202 284.4936 685.9379 584.929 5 0.0995289 146.98544 420.79208 408.7349 768.63306 5 0.09426721 565.8712 728.9557 682.0487 924.84436 5 0.09069494 485.03506 933.20715 594.38965 1023.20166 5 0.08582145 519.59235 529.9663 626.9532 729.41345 5 0.079560354 591.1158 296.60535 681.08734 499.12317 5 0.07792368 495.96268 367.4112 668.3804 742.3768 5 0.07575761 350.23798 629.3326 421.82544 723.26056 5 0.072176985 675.88086 314.38025 846.8367 715.97424 5 0.072124764 155.43587 222.32861 491.43042 1001.3169 5 0.067623 339.46494 956.5045 416.77292 1020.64014 5 0.06376458 615.50287 286.91745 910.7397 1002.55237 5 0.06301939 597.5447 521.1534 716.2667 906.14374 5 0.06245966 676.20123 329.3119 788.24457 587.4018 5 0.05951571 453.52582 826.21594 578.0207 895.7854 5 0.0592809 309.59534 550.62317 710.36554 988.9315 7 0.07587587 606.18506 523.7771 689.85657 755.9374 9 0.058634024 8.063721 0.0 693.2813 1018.19354 ,test/0774.jpg
0 0.42115325 383.38397 175.52142 782.1539 901.757 0 0.0768165 301.27356 772.2503 495.41235 959.6226 1 0.5732565 301.38696 772.16156 495.32568 959.5452 1 0.07881324 385.62463 179.76376 783.46643 868.2969 2 0.7767695 389.36578 179.27414 782.6568 876.0571 3 0.7124937 386.2943 186.25967 784.01807 871.50977 3 0.052733492 404.55725 480.34424 502.92328 878.62866 6 0.30051124 364.99765 489.0877 406.58804 566.77313 ,test/0775.jpg
0 0.92314935 122.927124 503.2008 252.55972 625.97754 0 0.17031951 365.76532 410.3018 830.9289 713.0596 1 0.2401969 123.34399 503.3593 252.70078 624.4632 1 0.09429821 365.76532 410.3018 830.9289 713.0596 7 0.9846213 366.5658 407.72144 830.81824 733.7887 7 0.86799544 726.02386 410.31363 792.9775 456.25546 7 0.060812153 730.3693 414.15482 812.71136 576.2926 7 0.059385013 518.19385 589.64746 827.7146 737.9971 ,test/0776.jpg
0 0.61835724 110.727554 673.3021 170.85097 731.61475 0 0.058655035 113.667885 674.30396 168.75522 793.2046 1 0.9997111 103.57797 409.43616 880.27454 917.7207 1 0.69368625 674.7072 439.9959 900.7403 930.19635 1 0.17692682 748.5968 489.80713 905.76184 667.58813 1 0.108591385 700.18884 412.46545 909.3838 681.9691 1 0.102848455 247.46756 391.5589 917.28125 541.5579 1 0.09249465 691.0698 653.9253 882.45447 928.8291 1 0.05369689 109.01307 671.2693 171.65543 826.6548 7 0.39054748 873.6531 440.96378 1024.0 794.1931 7 0.2355224 110.68968 673.4221 170.86006 731.90967 ,test/0777.jpg
0 0.99953556 491.3346 608.9705 558.173 647.1049 0 0.8170775 792.53296 537.40344 861.5299 587.4773 0 0.3843894 717.45215 534.1494 860.6815 586.095 0 0.25690258 412.94943 325.58118 476.37222 344.59845 0 0.24496771 336.71545 710.04736 722.10974 851.1295 0 0.1750855 306.57233 390.85992 541.42584 451.76654 0 0.15745947 791.95074 556.89996 850.60956 584.92145 0 0.12619264 991.6164 518.57245 1022.1036 559.54266 0 0.1148873 719.85913 536.9339 826.25476 571.7453 0 0.09308483 868.86273 300.70782 970.30585 341.89642 0 0.0896334 599.17175 353.5811 751.9094 381.90506 0 0.07612812 839.4781 456.95374 893.6192 510.69916 0 0.07551984 720.8782 549.6345 814.0242 566.2383 0 0.07313409 721.1388 544.6654 816.541 557.32776 0 0.069570884 588.26556 351.11588 838.4216 538.9705 0 0.06214084 730.986 338.3187 834.07794 388.65738 0 0.06119445 630.07214 699.63544 716.82947 771.7879 1 0.9283604 871.1992 148.58698 1018.3081 319.21408 1 0.5186886 413.39532 327.40988 476.3728 345.1379 1 0.24576029 920.2513 246.04846 1024.0 345.42072 1 0.06303336 924.514 175.3071 1023.41 439.21097 2 0.115814984 588.73535 354.4714 836.6991 539.97064 3 0.47592562 584.46484 330.3806 842.1217 538.6496 4 0.0752299 838.92706 457.18564 893.6922 510.53745 5 0.9979248 693.08307 546.27625 796.44196 677.98193 5 0.9325976 330.13373 708.0403 718.1248 849.6527 5 0.8279666 311.60416 389.03787 537.52014 448.0137 5 0.6887014 585.0296 329.5683 842.3542 538.55255 5 0.35281405 592.563 326.92593 847.0228 413.92764 5 0.15534358 600.35077 356.9864 749.98566 384.61884 5 0.06806031 715.8477 536.17487 828.86066 584.53217 5 0.065360144 593.5326 341.8929 800.50195 386.4183 5 0.059313916 793.13776 462.16437 822.99615 511.2566 5 0.059014715 839.4781 456.95374 893.6192 510.69916 7 0.51568216 307.4031 390.99866 541.1262 450.22583 7 0.071728244 329.37332 708.44336 721.31934 851.39197 7 0.05310528 712.1079 534.1291 859.8331 591.3366 ,test/0778.jpg
0 0.76819825 323.06354 261.7227 637.0013 853.24 1 0.52167743 324.3227 251.99689 637.9034 859.74774 ,test/0779.jpg
0 0.5316051 408.00363 905.0333 580.5965 1020.5936 0 0.4535196 754.1245 595.33075 833.69775 715.5124 0 0.33818516 491.9919 883.94525 581.75903 1023.0684 0 0.21367572 560.0708 887.27856 576.9153 1021.58875 0 0.19819376 849.2055 507.5353 1023.394 1024.0 0 0.17541043 537.5502 888.73 577.02686 1021.3367 0 0.16687378 0.0 859.9053 299.44415 1022.4591 0 0.09916317 491.51898 0.0 900.90485 336.53256 0 0.055644758 550.63513 892.41656 570.9198 1020.92535 0 0.051498175 627.83734 0.39989185 739.57904 31.341629 1 0.7248485 512.8811 1001.5066 553.0449 1024.0 1 0.33166325 630.392 1.1451817 740.259 25.702497 1 0.051811926 754.1245 595.33075 833.69775 715.5124 9 0.99088585 53.55005 0.0 1001.60583 973.6643 9 0.9458473 2.1966553 858.0669 296.88144 1021.6344 9 0.5860808 626.72784 588.18567 924.92255 924.67163 9 0.27459165 13.584991 0.0 233.22223 993.2716 9 0.23570098 857.48413 419.06842 1023.2118 1024.0 9 0.19628327 326.55035 270.91605 1024.0 1008.0796 9 0.14448662 0.0 581.34753 229.21912 909.4923 9 0.08430737 476.47104 766.913 871.08606 1024.0 9 0.07744521 281.46722 5.7101364 614.8314 255.45584 9 0.06677692 23.970673 781.4586 975.75073 995.6648 9 0.06303464 556.35016 521.53345 1020.8951 998.32495 9 0.06074932 72.09053 0.0 474.25342 911.9043 9 0.0603673 489.16263 0.0 900.22705 336.45258 9 0.05611297 398.54727 657.9199 938.37585 1010.3331 ,test/0780.jpg
0 0.22336076 629.53687 7.3657303 669.86304 105.55942 0 0.11983917 389.15634 95.84216 493.6862 133.55396 0 0.05992678 453.85168 578.6252 518.0561 671.1983 0 0.053976335 559.61346 0.8058033 584.5185 50.66513 1 0.9923534 317.51785 58.104958 584.1206 240.95782 1 0.94620043 631.4253 0.0 868.9159 194.46419 1 0.8681801 477.26764 2.2451134 580.55316 61.092693 1 0.7499354 327.02875 233.3573 380.75122 327.2027 1 0.59618413 389.20056 96.02294 495.0224 133.89206 1 0.43498358 487.03137 0.0 588.1697 29.967857 1 0.36179987 328.44492 258.07568 364.0482 323.0374 1 0.35781232 481.0686 1.4611855 509.0536 57.86834 1 0.34488687 628.3454 2.518856 670.4478 110.56348 1 0.34012586 652.9204 63.64666 784.7622 212.328 1 0.33142826 680.69714 1.4562759 864.13354 103.172935 1 0.33033487 712.20465 0.15741348 878.06915 45.167957 1 0.21373685 733.97955 132.66576 792.492 226.17644 1 0.20978884 740.88824 2.774681 837.09796 41.559464 1 0.20292045 485.9963 0.333313 594.96747 139.82727 1 0.18329735 453.58167 577.96387 518.19727 675.27795 1 0.17793319 326.47104 14.731689 677.0762 329.1202 1 0.15478918 328.44638 281.2855 355.23434 321.24887 1 0.14619985 390.9532 102.57469 456.24146 132.80368 1 0.13836749 776.6534 2.4255219 879.2309 107.919876 1 0.12801872 565.8462 10.549774 799.9137 242.97543 1 0.1201108 625.4463 0.51873016 706.2626 172.86462 1 0.10887357 743.9684 8.191614 823.641 27.411589 1 0.10573674 379.4963 56.85952 582.94666 154.4021 1 0.101819724 374.81244 233.89438 406.49194 254.84521 1 0.09057383 236.98676 351.54886 374.26276 435.2808 1 0.08782568 745.804 0.92997026 817.6359 14.910637 1 0.07652087 339.24933 244.01923 380.13922 300.6502 1 0.06370835 496.24887 1.0005264 695.03564 147.6221 1 0.059352465 780.0919 42.49164 867.51526 102.03563 1 0.05841064 383.56223 50.911457 514.95233 134.13808 1 0.055485647 392.8426 122.81527 472.53088 137.7088 1 0.0543158 710.8909 109.13355 786.40204 243.49686 5 0.3346247 97.33275 377.6545 411.7746 836.12244 5 0.05420687 375.48776 234.33708 413.24796 255.27217 7 0.9995739 331.61322 221.43617 580.8836 569.903 7 0.99890125 520.05133 78.38684 844.20294 666.92914 7 0.9985697 389.3448 481.52792 650.5738 1024.0 7 0.8850258 568.12506 0.042259216 666.2022 150.81784 7 0.46338156 449.93158 458.47144 607.9598 682.11365 7 0.35651714 494.51285 0.045043945 577.66095 26.97445 7 0.26625803 453.85168 578.6252 518.0561 671.1983 7 0.22763957 332.62805 219.32861 517.582 392.46307 7 0.16081499 522.2991 0.0 678.25903 226.81908 7 0.11831821 484.2577 5.065441 676.0969 131.9531 7 0.11103157 556.88043 82.572525 661.3333 181.15962 7 0.09193445 519.7788 95.74351 663.05396 236.30862 7 0.088965304 324.90375 230.03812 381.46497 335.03275 7 0.08387002 292.6183 336.8418 365.20654 381.96735 7 0.07241045 375.6346 233.98871 415.4871 254.33536 7 0.06801499 573.7207 34.225212 645.806 132.04764 7 0.053216144 568.435 1.0443344 641.2983 74.422035 ,test/0781.jpg
0 0.114033975 396.90024 517.6146 774.2488 603.54663 0 0.111239135 334.9184 600.2051 418.92468 703.8882 0 0.091740124 1.6687622 221.72615 80.25074 475.74072 0 0.054392334 32.142715 348.69458 51.204613 400.96613 1 0.19249499 802.50525 875.01544 949.91736 1022.6016 3 0.6636706 0.0 506.60382 250.86728 867.2413 5 0.9816426 374.90436 381.2997 824.6961 608.4286 5 0.9588402 349.2063 502.24158 834.9863 696.58105 5 0.8840132 362.42914 642.8528 788.53033 905.74866 5 0.8718106 355.75037 403.88782 826.7478 964.68835 5 0.5692832 335.1548 598.6634 418.6715 703.66815 5 0.42022 0.3183136 503.01364 251.41924 867.1892 5 0.2713128 368.5172 773.4326 746.1638 961.8613 5 0.21565065 392.68237 501.55295 773.8584 605.057 5 0.13535987 337.36945 507.43378 424.9812 707.2845 5 0.1120689 2.1114845 264.7223 80.18907 472.46143 5 0.06564589 350.38867 587.57074 536.0105 884.51776 5 0.051708482 365.10483 796.3417 449.6237 884.5305 7 0.4360977 1.663784 199.53809 78.73735 476.53925 7 0.080797635 2.7263794 249.64209 48.19385 417.00024 ,test/0782.jpg
0 0.41543338 318.77112 427.07452 750.5752 833.2735 1 0.5388473 318.51593 426.66443 751.70197 829.3458 ,test/0783.jpg
3 0.5641042 192.38358 314.65173 849.26843 614.25806 4 0.9915064 123.00656 301.76947 840.141 612.9444 ,test/0784.jpg
0 0.74997604 543.449 635.55536 600.69495 792.90607 0 0.56134665 308.66675 251.21606 547.28046 722.71814 0 0.5571954 446.83243 340.65887 566.7831 478.22296 0 0.4832123 722.3779 551.47296 966.08887 704.9338 0 0.40965325 529.96533 470.92383 1016.1809 907.43005 0 0.34301016 525.40967 567.51355 723.8717 874.60315 0 0.34196886 538.3884 623.72485 647.8772 788.2527 0 0.20338121 675.75946 506.34085 769.02997 582.7825 0 0.15507808 738.20667 549.54724 1022.6295 915.06104 0 0.1186382 284.86594 206.0228 1004.2361 790.90283 0 0.103420414 726.7882 459.5537 1006.53357 743.89343 0 0.09681577 454.06915 434.42172 552.26483 481.08548 0 0.08516274 807.1684 492.66095 989.4661 603.8132 0 0.053543817 544.0509 610.33215 816.84143 828.7114 0 0.051695663 903.5592 310.15274 1024.0 543.43445 0 0.050005157 522.8778 638.5105 607.2279 849.32446 1 0.8959547 960.11957 429.96875 1023.769 509.59363 1 0.70954865 725.19446 81.37636 1021.09204 218.02736 1 0.2924057 341.92288 654.891 422.82602 705.12146 1 0.26238835 337.2226 542.3148 477.04108 695.40393 1 0.23933733 496.4376 768.4748 716.66473 877.56757 1 0.21567424 952.0846 352.18665 1024.0 518.2755 1 0.21540628 493.4438 774.93353 538.8626 834.25653 1 0.16906257 1010.70435 431.88132 1023.7246 504.3643 1 0.07135845 903.5592 310.15274 1024.0 543.43445 1 0.050808623 951.2101 249.65796 1023.522 486.26245 1 0.05015842 722.3779 551.47296 966.08887 704.9338 3 0.15463051 812.6004 498.9219 1003.26996 602.5345 4 0.38445252 813.0249 500.50253 1017.93713 603.4559 4 0.057219032 979.19946 524.0564 1024.0 606.63025 5 0.990524 509.20425 436.33572 683.4993 639.8324 5 0.98213595 414.73822 543.72363 560.0847 755.74316 5 0.8822823 652.4037 629.0773 817.6356 807.9823 5 0.4069815 333.09705 541.36975 496.41693 696.39307 5 0.35962886 528.12244 629.38165 822.82935 849.64874 5 0.3414776 982.6667 527.6641 1024.0 607.2249 5 0.24635474 809.89435 500.35794 1016.67426 603.2444 5 0.16343185 705.09424 635.744 823.8917 761.3314 5 0.13444932 524.07526 520.8647 694.7513 849.5395 5 0.121812396 357.16522 471.34097 1024.0 915.60583 5 0.06831661 372.638 554.4296 713.4797 760.87823 5 0.06636654 543.38477 631.12915 602.8922 793.3607 7 0.99428624 407.36768 107.49388 1009.22205 590.039 7 0.48332784 404.70746 190.73312 654.2819 476.1356 7 0.29035392 965.6833 198.37163 1023.0474 449.09253 7 0.27756885 284.86594 206.0228 1004.2361 790.90283 7 0.22427598 314.93475 206.32884 720.0795 705.5342 7 0.18006639 395.774 144.28366 786.60175 512.35876 7 0.16869837 992.5565 199.7138 1022.77844 339.40173 7 0.15040167 630.42535 127.140526 758.4445 255.28543 7 0.12727161 939.24994 292.56653 1024.0 513.7152 7 0.117769584 234.7493 632.0784 303.82004 703.389 7 0.07387343 407.29395 128.55534 804.9027 255.18105 7 0.07198421 979.68207 201.00714 1022.3802 273.2312 7 0.06893773 522.10956 373.92062 1022.5893 912.41284 7 0.06643461 503.69748 438.10495 550.9806 473.0964 7 0.063696854 446.26425 338.23566 566.5604 477.6989 7 0.053674012 482.0849 78.85974 1015.40924 245.81277 9 0.14726537 309.61108 263.21832 548.109 719.63574 ,test/0785.jpg
0 0.99978775 458.95657 411.3728 664.8126 657.76746 ,test/0786.jpg
0 0.63319147 469.2095 491.16583 555.97217 576.8393 0 0.60669357 636.19525 296.4585 814.5296 391.67633 0 0.16954601 487.79703 290.5883 836.6996 383.78824 0 0.101569295 491.65067 373.94467 570.49426 435.0679 1 0.9965928 211.57365 343.6086 398.12817 519.97064 1 0.98763776 408.75616 471.35272 963.22394 788.2889 1 0.8035302 309.49747 337.41858 345.488 379.60236 1 0.7648676 228.59396 389.19626 388.8005 428.58774 1 0.7507789 376.20288 272.21976 878.771 528.97656 1 0.49154624 305.94446 355.47653 382.2605 403.75235 1 0.281655 233.72762 409.44104 388.0927 431.30682 1 0.27380472 294.19272 342.4391 386.6403 427.9453 1 0.22818884 275.25922 355.6408 315.10834 389.9663 1 0.22637512 393.12335 1.838872 556.6486 32.873238 1 0.21790771 219.17638 351.15268 387.1623 434.36313 1 0.20157954 344.81586 0.67455864 556.893 48.630287 1 0.16208425 346.06628 358.73502 383.68304 382.40268 1 0.13014732 278.0943 415.6778 389.06964 429.3474 1 0.09806576 282.13815 335.7889 345.64456 390.97482 1 0.070397355 312.3986 375.85168 380.8831 401.93872 1 0.06583334 277.55798 369.5248 320.8664 398.1241 1 0.0639917 308.3884 392.6153 389.4825 429.60767 1 0.05596726 261.3838 401.22644 373.1656 425.1576 1 0.055563338 342.1065 355.4773 383.57623 372.1513 2 0.114846766 309.03622 337.2942 345.98068 377.1715 6 0.5803656 375.77795 272.3972 880.56006 527.644 6 0.10086224 382.39172 280.02264 872.4491 381.16412 ,test/0787.jpg
0 0.75612986 288.92783 219.60255 448.58005 281.08832 0 0.50446945 0.0 624.30383 98.19137 690.8085 0 0.11668744 420.67706 805.4941 513.196 919.46063 1 0.24494627 290.46533 219.78284 447.3943 280.10623 5 0.99978703 91.38425 416.55737 941.4026 757.4155 ,test/0788.jpg
0 0.6123263 640.85895 363.90347 963.53766 466.41965 0 0.42079416 833.1761 981.63434 982.09406 1024.0 0 0.072718956 724.10126 481.99173 789.22064 535.65344 2 0.99974006 444.4417 434.91312 726.0888 673.8291 2 0.07105683 469.7682 437.99533 723.36145 496.42038 7 0.58294857 643.4198 368.12897 957.775 465.1552 7 0.11591561 832.86774 981.2734 981.72614 1024.0 ,test/0789.jpg
0 0.46197695 473.73746 392.04996 543.6028 416.6909 2 0.99963534 362.44537 369.28766 762.6877 867.3366 ,test/0790.jpg
0 0.99962866 2.0293884 871.3856 189.20895 1024.0 0 0.17715988 386.2805 93.28363 498.22562 215.07211 0 0.13262755 246.27625 388.86392 318.05627 468.9304 0 0.062748946 486.56625 487.8819 628.23804 566.6424 0 0.05052592 397.13403 43.636093 778.004 378.93152 1 0.126342 245.85294 389.62 317.33475 468.44672 1 0.08903781 475.07794 143.61703 670.076 340.99945 1 0.08536183 466.99097 260.1732 619.2351 343.37057 2 0.12048902 269.94235 219.0409 417.37637 313.784 2 0.057525303 274.4637 6.63591 402.28934 262.31073 3 0.4557193 405.4576 595.57764 810.3346 1003.7179 3 0.34471625 270.13446 219.11224 417.58307 313.81604 3 0.20782694 274.8215 6.2016907 402.21768 262.79343 3 0.1973447 486.56625 487.8819 628.23804 566.6424 3 0.15685974 443.03705 295.32263 628.3577 514.45483 3 0.118090704 611.0658 763.6372 804.1505 1012.516 4 0.26730758 398.70984 291.47955 630.69006 513.9252 5 0.99747247 0.9005356 232.89706 215.00894 603.4895 5 0.98053646 230.58224 297.00787 633.36255 499.5468 5 0.972485 614.03125 69.02777 777.5106 692.8376 5 0.94461954 330.27005 455.6613 476.01187 601.5839 5 0.9408491 397.12192 596.58093 812.77344 1002.6046 5 0.7104541 274.51608 7.069542 402.93826 260.98856 5 0.53129315 270.25018 219.04758 417.5669 313.71182 5 0.43928513 386.99115 91.28715 495.38165 222.85565 5 0.4317787 443.03705 295.32263 628.3577 514.45483 5 0.17023164 406.15714 24.17868 782.7001 699.84204 5 0.13593328 232.66342 250.53093 791.141 669.4288 5 0.12340598 245.0377 190.48082 414.9134 440.1765 5 0.087809354 281.13763 126.99213 386.8717 247.54742 5 0.06042965 617.2693 588.3586 774.4353 690.6674 5 0.055840302 495.0577 491.90872 624.85077 565.6851 7 0.7692137 465.6338 1.1508331 653.59595 152.58867 7 0.6166093 403.27686 65.462296 776.194 363.813 7 0.61517775 390.12952 12.936386 654.074 261.0418 7 0.55712414 475.07794 143.61703 670.076 340.99945 7 0.30181104 406.15714 24.17868 782.7001 699.84204 7 0.24586211 388.39856 9.124199 514.17645 161.08423 7 0.19794235 387.31635 96.73131 497.44 215.94203 7 0.1775738 274.72745 6.3844757 402.61154 261.92267 7 0.13005461 388.16385 75.54019 509.90573 290.2472 7 0.12578931 448.3007 51.824867 791.3733 237.11905 7 0.08486813 615.4733 55.46402 777.53485 690.09705 7 0.050928153 0.0 240.80733 219.13495 594.9131 7 0.05020054 429.84235 2.5094337 541.3567 112.48462 ,test/0791.jpg
0 0.9766976 2.0527573 643.71466 215.59018 1020.69916 0 0.20901299 0.0 85.58261 868.39056 225.15015 0 0.16916716 0.0 662.35315 754.24 1000.86975 0 0.16730542 187.67943 661.73303 574.1371 1022.7621 0 0.09122717 267.5796 699.10876 457.94525 971.1041 0 0.08998161 176.15573 214.87521 868.76685 520.8473 1 0.23951478 3.5340652 111.40838 240.76465 355.7427 1 0.06284955 5.5339966 113.75512 210.8247 203.48846 1 0.05426644 0.0 86.191635 984.4503 238.3944 5 0.15178227 3.5340652 111.40838 240.76465 355.7427 5 0.09685693 556.5926 832.99365 749.6657 982.48584 6 0.9990086 143.2851 157.18439 909.2669 907.998 6 0.45692098 174.13696 157.3659 873.5968 510.10297 6 0.09430891 0.0 641.704 812.69727 1010.25806 6 0.0768355 556.581 829.34717 749.0313 983.7268 7 0.87586063 194.75847 680.07806 289.87042 1024.0 7 0.13512573 187.67943 661.73303 574.1371 1022.7621 7 0.13036679 2.0832596 644.25946 214.91434 1021.06134 7 0.079953276 0.0 662.35315 754.24 1000.86975 7 0.07610051 215.49158 644.3196 403.64587 1011.67993 ,test/0792.jpg
0 0.99012697 705.1234 530.25214 860.301 688.232 0 0.18489264 755.32544 333.71628 837.01843 448.105 0 0.0687672 189.49065 241.20857 661.38873 643.33496 1 0.9955895 188.08253 240.89838 661.915 644.4052 5 0.29743424 755.31104 333.77933 836.80835 447.7404 ,test/0793.jpg
0 0.34764993 63.288895 555.0849 326.0088 691.44086 0 0.30990526 56.106476 453.4547 346.42926 703.63464 0 0.22642888 405.87717 356.1485 476.7297 496.20972 0 0.2238554 86.10894 597.82965 306.98395 647.2872 0 0.11552063 45.691727 364.29822 476.2063 698.0188 0 0.11495467 106.63077 585.3007 232.32217 655.3045 0 0.08937296 610.6835 345.36758 654.3778 370.59763 0 0.08871257 406.47485 436.0507 454.18506 484.36942 0 0.08002023 414.6307 394.07758 454.88406 488.4895 1 0.22523269 611.34485 345.50928 653.2357 371.06946 1 0.05334063 390.0588 224.82901 432.40823 257.0339 1 0.05161607 407.53625 351.46103 476.52557 496.10635 2 0.56903136 324.14566 538.69916 507.43582 710.42303 2 0.458741 338.90308 611.7675 508.12793 704.8443 2 0.37270722 293.91 547.2939 496.6779 627.60736 2 0.18099432 274.40442 546.31946 456.4936 599.4708 2 0.117018364 308.93152 595.0088 495.59357 640.64185 2 0.11531955 265.33582 493.8516 495.1197 642.2313 2 0.07728469 320.77487 581.63873 501.98892 668.6574 2 0.06297655 260.9547 494.49014 454.65173 569.74225 2 0.059803315 611.21545 345.66867 654.06116 369.05136 2 0.050396383 286.54608 569.32214 438.08514 610.4769 3 0.09710213 318.05762 518.35406 506.07465 702.18524 5 0.45003483 265.31262 495.04346 494.24274 633.42065 5 0.27248886 260.9547 494.49014 454.65173 569.74225 5 0.23359855 203.31526 304.76746 469.34467 366.5478 5 0.1998923 317.18805 508.08115 505.47656 700.98035 5 0.19626278 442.008 302.6441 652.3106 382.74518 5 0.16034828 291.8121 535.9356 492.36105 614.0002 5 0.15354535 440.03186 484.96225 496.24316 574.2901 5 0.14506488 42.861404 359.29376 479.35156 699.3901 5 0.13077003 323.57727 605.38007 507.00183 670.62885 5 0.07849148 303.1881 579.10095 498.37628 633.2971 5 0.066904895 407.17715 347.93286 476.78 500.0349 5 0.06570457 197.15352 302.10193 657.3682 391.72083 5 0.06301672 470.34277 536.40424 495.00647 575.757 5 0.056741085 345.23727 647.97644 507.18387 707.36035 5 0.052267365 263.60648 541.66077 460.28513 590.3507 5 0.05065534 576.38556 299.5817 647.22906 349.69193 6 0.84054404 235.77196 350.11813 472.27887 502.02988 6 0.57585484 45.39615 361.9439 476.36533 698.2236 6 0.4160499 55.909424 449.2734 348.2226 702.92926 6 0.16086242 184.93567 411.59805 418.87994 496.06052 6 0.07545989 407.53625 351.46103 476.52557 496.10635 6 0.06379696 187.22763 444.49835 342.02982 475.4063 6 0.06208061 336.85593 397.60004 427.53513 491.10498 6 0.058461934 269.7262 349.54572 455.65833 430.7975 7 0.9999418 464.6678 285.43283 981.0754 813.20154 7 0.60279566 438.86227 486.6938 495.014 564.74176 7 0.53869975 460.68863 299.96216 645.6316 428.02118 7 0.4896378 610.88226 345.48572 654.58563 369.66852 7 0.23382717 477.1087 288.22992 757.7496 490.68573 7 0.109302476 466.64496 337.6598 669.22516 461.9087 7 0.098757 476.98843 322.70334 622.3988 382.67172 7 0.09636459 56.501404 453.44238 347.58337 704.5869 7 0.08748608 404.22223 351.8034 477.68927 496.11353 7 0.06853659 45.691727 364.29822 476.2063 698.0188 ,test/0794.jpg
0 0.051911592 637.9907 319.50323 721.8966 356.41284 1 0.26962385 653.5495 418.53348 711.5705 443.84952 1 0.1805292 658.12946 426.98065 713.9366 462.78162 1 0.15053952 659.0673 428.66278 714.0722 445.92554 1 0.09935873 637.9907 319.50323 721.8966 356.41284 5 0.8829403 409.81558 428.21985 680.24634 578.5789 5 0.5021902 563.7962 416.73343 688.962 566.93744 5 0.08028159 644.4258 418.49945 711.0243 441.65582 5 0.08011526 653.0577 420.30566 714.73505 473.58728 5 0.07379214 195.66261 519.5431 396.05737 670.353 5 0.069838226 562.34143 413.50418 711.25 492.9122 5 0.06600598 431.55646 364.6631 766.1391 578.5218 7 0.9975241 306.94867 376.0988 850.6081 940.9547 7 0.37976292 541.9074 364.624 754.38837 470.22775 7 0.16750419 426.42102 371.7118 749.1907 576.8371 7 0.1645392 182.31528 467.73444 409.8782 681.24164 ,test/0795.jpg
0 0.42033377 85.57877 765.24493 272.6309 1024.0 3 0.9996637 319.47983 411.97162 788.70886 706.2292 ,test/0796.jpg
0 0.23449707 394.0453 345.64886 586.48694 605.942 1 0.8536248 395.11404 349.2268 586.6839 606.4704 2 0.286514 393.50876 345.37128 586.6592 605.7122 7 0.29163063 395.22775 349.63397 587.80237 607.4844 ,test/0797.jpg
0 0.4795722 208.0639 367.08417 775.66534 792.84784 0 0.42083007 210.97495 598.13074 690.5314 793.01355 0 0.13140821 427.44604 693.77484 685.54785 792.16876 1 0.6923385 201.10046 376.6672 765.2779 793.5486 1 0.0872013 9.835236 577.0204 738.0801 960.68445 1 0.071343146 210.45415 597.9069 695.7421 793.3094 2 0.7806684 211.09808 375.1286 764.7743 788.39545 5 0.076024845 422.41025 700.98303 684.14575 791.8435 6 0.08008781 220.88585 602.13043 643.96497 786.7966 7 0.43130013 422.41025 700.98303 684.14575 791.8435 7 0.24697946 210.45415 597.9069 695.7421 793.3094 7 0.0956186 208.0639 367.08417 775.66534 792.84784 ,test/0798.jpg
0 0.8463457 226.0039 63.134705 473.41254 144.80916 0 0.10760532 433.30957 251.42303 681.15967 452.50653 0 0.08284244 374.67914 271.7106 677.1917 824.0322 0 0.058723494 216.36212 61.509422 469.3142 300.9904 1 0.8176461 375.484 288.6109 673.43274 820.3536 2 0.6130114 375.027 276.24686 676.2339 823.9813 5 0.6967354 432.0028 254.01636 681.27344 450.33075 5 0.21087359 373.5384 268.74515 679.60223 824.095 7 0.9924744 722.1968 230.9426 857.5552 378.27005 7 0.99002004 232.40018 224.36075 372.06808 302.9139 7 0.051913343 433.30957 251.42303 681.15967 452.50653 ,test/0799.jpg
0 0.36040992 937.58765 92.896164 1019.6692 352.25952 0 0.33601305 222.68102 57.91336 288.09998 427.54755 0 0.10675933 179.0722 682.67065 259.96524 704.0619 1 0.1885293 421.09955 180.58386 694.7779 245.26297 1 0.14653005 355.95593 62.76249 640.2278 179.79593 1 0.07247903 268.63934 44.958878 815.3016 178.21223 1 0.058976658 230.1326 41.98555 877.00745 268.09393 6 0.060155075 937.5108 103.80832 1010.3267 349.87952 7 0.99974996 216.67432 199.77014 756.2154 899.3274 7 0.99142236 644.5082 37.323265 835.3854 111.05636 7 0.9890844 780.8733 28.309723 975.979 114.88245 7 0.5558171 934.9921 135.31314 1021.3382 349.49954 7 0.17051283 566.6121 214.05243 743.0601 383.65894 7 0.052363724 967.1505 42.524918 1019.9806 337.4984 7 0.05142212 876.50397 0.82154655 934.77716 12.865123 ,test/0800.jpg
5 0.99875736 510.0985 427.0503 682.32275 603.1609 ,test/0801.jpg
0 0.80232525 0.0 95.98895 357.3929 362.0227 0 0.5603523 314.2922 201.24556 713.7517 541.7137 0 0.37091655 332.44696 445.98944 801.38434 626.03107 0 0.3705096 217.80435 336.18365 454.42252 605.449 0 0.2364679 239.33478 297.87726 805.17145 623.2419 0 0.12051599 208.6083 225.69743 387.98398 507.85632 0 0.09549522 404.53198 234.22546 685.41113 463.92944 0 0.058376014 0.0 0.0 443.44656 435.21542 0 0.055854317 823.2749 38.11466 861.8628 78.2341 0 0.05246932 235.25839 398.52536 621.1467 623.15466 5 0.06594769 823.4195 35.930893 862.04706 79.891884 6 0.9797925 197.58029 184.0741 813.3933 633.1334 6 0.22550957 823.51306 36.177193 861.9761 79.568886 6 0.12921515 208.6083 225.69743 387.98398 507.85632 6 0.07256566 217.80435 336.18365 454.42252 605.449 6 0.0629099 226.66335 220.49678 715.0993 492.43396 7 0.99795306 501.57513 0.0 862.0256 221.14545 7 0.99793077 916.5862 0.7778244 1023.25916 136.73364 7 0.99238765 0.0 0.0 502.82208 178.8497 7 0.48237038 887.44324 6.321762 933.41565 89.22315 7 0.437584 0.0 0.0 503.12793 377.53845 7 0.3578149 809.7538 7.24852 918.6952 223.77995 7 0.27921757 771.4059 19.8937 933.88684 162.81104 7 0.13983488 0.6485634 4.6736336 127.27985 107.63339 7 0.11449212 823.7076 5.8034134 942.6186 88.2108 7 0.10889308 0.0 2.7440872 894.6268 211.31421 7 0.064887926 754.8154 33.31623 860.11475 157.23541 ,test/0802.jpg
0 0.5378368 1.3499146 748.58276 222.44449 950.1118 0 0.118710384 239.79593 752.015 921.8329 1024.0 0 0.078744665 0.30926514 748.1478 367.49106 999.9497 3 0.9972932 278.50565 429.19418 453.34018 691.1233 5 0.1928385 1.6819916 748.139 222.2154 951.6403 ,test/0803.jpg
0 0.9241027 533.0504 522.9125 611.2197 595.505 0 0.38909924 640.4362 1.6019592 684.2635 147.43654 0 0.3036553 536.6724 525.76794 612.34576 563.5338 0 0.30331832 332.7487 304.32367 481.72842 577.0322 0 0.14594513 429.86612 523.79285 628.5908 612.09973 0 0.10445292 305.9024 406.8834 681.14905 642.37964 1 0.98758394 314.1786 248.84875 763.7334 617.9139 1 0.5338101 302.91132 404.0155 714.39044 630.55066 1 0.38183305 332.7618 303.58264 481.37662 578.9017 1 0.23701914 325.09283 250.25397 580.79706 562.8037 1 0.112993084 447.53238 392.74 616.5475 514.7535 1 0.09406873 494.43848 256.14917 768.7875 562.5294 1 0.08738336 305.23917 420.0739 466.48093 592.38684 1 0.07980323 961.6675 333.71027 991.416 370.75952 1 0.0611386 429.86612 523.79285 628.5908 612.09973 6 0.6941642 294.3308 433.35565 674.8759 698.6364 6 0.10604277 344.30118 562.6564 685.3755 671.40515 6 0.068090945 307.35455 415.71307 480.06836 706.02094 6 0.060290337 308.20654 261.09787 736.77893 692.4238 ,test/0804.jpg
0 0.5293258 771.3842 520.74445 885.7464 557.9532 0 0.45308337 554.1061 497.82346 635.8285 512.20135 0 0.29166922 862.7146 560.63184 885.1891 615.1311 0 0.18137318 950.47473 583.92126 1010.1177 629.6289 0 0.16498974 679.97516 527.28625 779.5953 579.41187 0 0.08376491 702.10724 515.3134 894.97833 563.5699 0 0.07452389 873.6045 578.9447 1022.99414 864.98315 0 0.06299394 535.2803 497.6595 639.22815 528.4803 1 0.9989033 303.51263 404.93146 743.13055 670.56683 1 0.82895356 136.6725 436.76218 312.18585 485.6036 1 0.6940893 205.59094 489.9425 372.6825 542.6378 1 0.5927127 261.36115 413.43463 718.463 550.7403 1 0.48676917 150.3307 468.67194 339.5293 490.30804 1 0.33377776 143.42224 436.71313 373.18616 540.96716 1 0.28656453 357.46384 526.72626 384.43155 598.15216 1 0.24198228 277.9574 418.0798 651.4314 497.26987 1 0.1720582 320.39346 471.8545 636.59424 541.16473 1 0.15776986 247.38647 426.60944 544.5053 526.90137 1 0.14508009 875.53644 577.8162 1022.3134 865.3155 1 0.07854954 656.9031 379.0647 670.29297 431.21173 1 0.052220937 709.1562 489.6113 784.91156 538.96136 1 0.051808752 687.0406 492.34262 787.86456 576.1264 3 0.10715999 872.6393 588.7411 1022.7916 862.22095 5 0.1954922 727.219 516.0536 789.5353 542.08167 5 0.17315845 683.88763 533.4928 769.20135 577.12695 5 0.10635807 872.6393 588.7411 1022.7916 862.22095 5 0.06436173 679.99475 512.0745 795.5249 579.6342 7 0.6647888 681.53845 535.2548 768.605 578.3797 7 0.19590025 678.27454 512.58673 787.17834 587.25385 7 0.14549893 726.4217 517.11206 786.0971 541.4426 7 0.069778524 714.5192 508.68756 804.73236 540.29034 7 0.068385564 705.7926 512.5311 783.9984 559.51184 7 0.063373305 704.13574 534.02203 767.7378 558.1292 ,test/0805.jpg
0 0.7667083 702.0722 894.1586 820.4858 1018.84357 0 0.6294784 62.69463 572.6905 185.62093 649.74786 0 0.62245655 5.820984 923.7543 54.957016 1022.7012 0 0.3580563 101.95717 240.62555 351.3783 682.99744 0 0.28159514 107.46742 576.95874 178.87819 643.2328 0 0.27215567 62.815403 574.7194 118.45476 653.6611 0 0.17505415 265.57144 762.5569 295.35696 815.96423 0 0.14525531 643.7941 905.93176 730.22797 1023.1354 0 0.07274274 171.51349 758.00183 294.32172 861.999 0 0.07107011 1.8299408 238.8406 354.765 985.2158 0 0.06950487 320.92035 259.212 884.6939 947.4802 0 0.06770506 671.3583 552.1058 785.5299 856.4306 1 0.98500997 0.19921112 366.18127 185.66812 550.76624 1 0.83097017 328.01825 691.92615 377.29755 808.7152 1 0.74576867 303.70706 165.82375 491.89835 265.08798 1 0.67316103 0.198555 465.58676 215.3486 567.40796 1 0.62728816 494.39194 149.22668 649.8821 266.31265 1 0.53860736 239.10434 631.7977 296.3972 804.3059 1 0.53597325 802.9931 544.40234 913.0772 665.80444 1 0.40924853 546.50604 148.88087 627.8276 227.71541 1 0.40901875 799.9001 586.7708 830.0595 645.727 1 0.39194527 0.36657715 482.6256 210.26787 724.4 1 0.354413 2.4602623 565.88995 119.486084 721.7702 1 0.3526917 328.49283 593.76855 364.53757 713.84326 1 0.24019998 243.28993 610.49506 326.6148 784.2148 1 0.23049287 789.1427 309.03156 1016.98303 437.22235 1 0.19735251 102.49288 243.58817 352.00748 684.25903 1 0.19521743 55.891953 573.4273 186.41753 664.66974 1 0.16340469 796.2537 376.79865 1014.5518 443.5053 1 0.13727155 759.55316 557.18 908.913 745.03326 1 0.12770657 107.46742 576.95874 178.87819 643.2328 1 0.12625359 2.609436 402.9166 339.3136 662.69604 1 0.10761061 0.0 570.7429 29.33075 717.2969 1 0.10178827 62.815403 574.7194 118.45476 653.6611 1 0.0990802 222.2261 594.07385 363.5369 811.896 1 0.095126785 768.77985 569.9303 884.38385 647.3229 1 0.09441833 0.0 554.2545 60.595856 721.84875 1 0.08631609 267.7587 607.6205 309.51736 807.7743 1 0.078799084 776.32904 582.1311 834.27606 646.542 1 0.07817567 0.0 541.6374 219.46234 574.1556 1 0.070642196 0.0 584.4325 16.330486 720.3285 1 0.06701486 263.38535 598.0283 361.7341 729.99084 1 0.066450216 10.544014 191.85162 228.4733 774.54047 1 0.056984346 314.85455 142.85095 343.43475 237.27588 2 0.05955328 160.35172 156.31638 248.95642 253.8306 3 0.21033877 24.924025 576.4474 75.90346 695.8822 3 0.17352465 0.0 569.20276 85.36036 719.28296 5 0.93606883 160.3126 156.36562 248.61018 253.41512 5 0.5645712 676.7862 556.36 783.7492 855.5746 5 0.3513416 492.6149 149.46439 650.5835 266.61475 5 0.16599041 159.78545 79.11064 235.3206 176.02724 5 0.092796244 646.93396 541.56244 791.4243 994.00775 5 0.07226982 237.61752 641.0693 278.00058 794.4886 5 0.05710794 642.6586 903.7831 730.40753 1023.1832 7 0.95853233 0.9054718 580.6411 292.9364 1001.42395 7 0.7807717 84.077255 579.6831 285.28168 881.0265 7 0.29281798 705.0804 896.3614 821.49896 1015.4417 7 0.08916322 66.24022 570.9524 184.88727 649.1207 7 0.0792858 1.8299408 238.8406 354.765 985.2158 7 0.06833499 5.8517 584.96515 168.30128 947.413 7 0.063171536 643.99207 905.4491 730.2167 1023.1145 9 0.95642745 645.8362 253.06752 859.0242 622.83606 9 0.9214006 320.06885 256.33643 884.5377 950.31775 9 0.9124529 101.741646 243.67596 353.25476 681.10547 9 0.73949254 2.0970612 0.0 204.97232 404.4442 9 0.37797686 753.68 244.03441 1012.97784 443.716 9 0.13690302 335.82986 533.1643 735.0166 953.59546 9 0.13535188 89.84999 259.902 546.4781 942.64233 9 0.13326587 703.1501 897.2152 820.5402 1015.77515 9 0.12498479 659.446 549.8642 783.99567 857.6164 9 0.122612886 5.820984 923.7543 54.957016 1022.7012 9 0.1148648 643.7941 905.93176 730.22797 1023.1354 9 0.114828214 321.97128 253.4202 472.14346 926.91003 9 0.10088027 4.963196 192.97429 223.04488 589.62427 9 0.07435931 754.4075 243.87198 948.36 579.59216 9 0.055346526 246.90211 273.56107 376.97247 832.8544 ,test/0806.jpg
0 0.27480215 561.50903 465.472 610.9652 545.82416 0 0.17892948 662.17444 403.9343 770.1571 459.03616 0 0.17447028 331.31827 368.49258 362.0505 382.1293 0 0.1517298 410.11102 380.9111 528.12036 450.95334 0 0.1503722 646.85895 371.7843 915.6573 622.4678 0 0.14096719 738.0719 363.03137 933.9043 483.89398 0 0.095100336 0.1962471 29.468275 103.58197 88.88478 0 0.09188737 113.8374 281.51996 191.90619 378.72894 0 0.07987738 556.7872 583.34686 606.51544 606.742 0 0.07295163 400.0916 603.35956 503.49866 633.6425 0 0.058690183 2.216156 329.33115 156.98972 413.7421 0 0.055152737 351.7054 191.74983 399.11563 254.05193 0 0.053506523 0.0 36.98845 219.84251 268.1084 0 0.050991002 297.58228 383.83435 600.4027 572.81995 1 0.8957935 1.2601318 271.37628 200.06883 413.3551 1 0.83243823 351.5139 191.95073 399.14786 254.21187 1 0.54381347 113.729805 281.77078 191.91107 376.7065 1 0.20523271 625.60046 686.74084 679.6969 712.72253 1 0.19244969 736.42883 663.00653 921.4 772.7613 1 0.17686823 2.2596664 148.03534 213.8583 407.94818 1 0.16283624 2.216156 329.33115 156.98972 413.7421 1 0.1341378 410.477 380.50314 523.80176 450.1807 1 0.099869266 561.474 466.26843 610.9977 545.1218 1 0.096966505 752.05316 687.1563 856.5511 746.38556 1 0.085559525 298.23975 381.8224 598.44696 574.40393 1 0.06568945 787.0344 662.5557 863.4822 764.82587 1 0.050025903 652.9095 388.07712 871.4925 637.5679 2 0.56841546 849.4201 718.5432 927.5212 782.87463 5 0.9449445 237.29779 368.91254 309.99097 393.3958 5 0.65663636 602.5091 549.3508 733.8626 624.05347 5 0.59371 610.08936 583.97125 799.72754 704.37164 5 0.42366406 848.9592 717.73987 927.63904 782.89075 5 0.24267715 604.86285 642.0998 685.0777 701.45844 5 0.21047832 604.0297 624.41486 744.4239 705.36456 5 0.21011998 446.70428 460.11752 585.74677 552.96204 5 0.20363931 471.65594 644.8543 514.9522 723.71967 5 0.16565225 558.07104 547.0261 631.1969 588.7472 5 0.13604334 512.0077 648.05725 697.4513 716.5884 5 0.13118207 610.8101 545.0719 799.2692 641.35876 5 0.114706025 687.59894 684.2766 727.9554 702.3683 5 0.10879756 553.43384 539.7299 727.73596 599.8062 5 0.098911226 462.80038 582.21796 635.07166 720.6342 5 0.09861566 625.60046 686.74084 679.6969 712.72253 5 0.07041434 361.73483 549.88617 767.1312 725.25323 5 0.055123936 399.89783 601.4869 504.69342 633.8106 5 0.055107336 385.1516 623.98004 540.43506 718.0975 5 0.05172157 606.7105 538.6445 713.5389 703.66656 7 0.999764 825.4447 401.43707 1023.75183 909.86664 7 0.99693596 289.28018 535.2681 807.4424 827.17694 7 0.90566736 297.8742 381.50443 602.83044 574.8945 7 0.5322111 460.24344 582.37573 634.6676 718.2328 7 0.5234579 409.87036 380.75153 525.8668 451.93628 7 0.32141462 448.5602 460.02274 582.75055 553.50415 7 0.17493843 604.07434 536.803 799.0073 719.30383 7 0.12442032 303.755 381.92868 533.4684 458.89774 7 0.10597097 607.48584 450.6604 1024.0 890.66125 7 0.10069199 400.0916 603.35956 503.49866 633.6425 7 0.08344558 561.3472 464.81375 610.46344 544.51855 7 0.08035199 603.2625 537.3288 796.44415 629.5336 7 0.065523595 361.73483 549.88617 767.1312 725.25323 7 0.06403226 400.95935 615.06384 457.22345 632.5477 7 0.058782507 343.08685 452.22092 604.9449 562.6919 7 0.054363348 529.9244 452.8216 615.70233 543.45715 ,test/0807.jpg
1 0.5824221 0.0 620.2938 47.25038 713.7654 5 0.32549545 0.0 620.15594 47.05564 713.8216 5 0.27076545 169.39789 118.98547 840.90076 929.2838 6 0.9628797 169.59479 119.73929 840.98987 931.9512 7 0.07126072 832.7234 774.49963 857.5856 820.5958 7 0.06627475 0.0 620.3451 47.433495 713.8175 ,test/0808.jpg
7 0.9999 136.85464 325.7096 767.41614 632.2696 ,test/0809.jpg
0 0.38486177 166.83936 500.30408 712.68445 864.85583 0 0.08303758 461.95215 148.25555 915.91003 464.9676 9 0.9842147 463.52582 147.21935 914.11993 467.72986 9 0.93875694 157.12094 508.46954 710.50464 855.7393 9 0.42584243 139.76208 128.52075 931.63 876.2761 9 0.10641601 18.161652 0.0 912.44275 550.58936 ,test/0810.jpg
0 0.9945163 245.47467 206.19571 684.0335 728.44055 1 0.108706735 245.43138 204.76382 683.7765 728.3898 ,test/0811.jpg
0 0.9626157 193.70883 605.86804 366.4161 699.95447 0 0.5910121 33.9552 0.0 218.03923 50.669212 0 0.14611644 380.44315 259.71417 799.14514 639.2035 1 0.8406504 383.0034 259.29425 800.0657 636.3231 2 0.21917072 383.48517 259.22162 799.86884 636.3013 5 0.09179345 38.66581 0.0 218.39752 50.99284 9 0.10507168 32.36702 0.0 219.12132 50.435936 ,test/0812.jpg
0 0.8513554 541.5933 774.07385 711.2686 835.6736 0 0.5180986 491.0343 994.42523 530.4275 1023.1198 0 0.25739405 699.68994 227.23611 757.25854 259.67917 0 0.13163687 201.12259 393.18573 240.01755 536.8678 0 0.12449093 247.74988 191.44376 344.28925 378.30704 0 0.067023166 647.90704 218.7785 1015.1402 760.4597 0 0.06562171 193.26944 199.35425 330.37296 530.37463 1 0.22075355 541.73804 774.07245 711.5006 835.74725 7 0.99976665 131.19336 144.57016 700.7181 826.0144 7 0.99156874 647.1229 225.77698 1008.56274 756.283 7 0.07265071 114.63638 582.10736 142.16656 639.436 ,test/0813.jpg
0 0.9111273 983.3511 21.021969 1024.0 140.79892 0 0.8983323 224.29968 2.6585693 340.5822 71.37912 0 0.8520682 340.80533 903.5198 619.9695 1024.0 0 0.78756166 977.05115 914.3814 1022.1372 965.5102 0 0.5025155 371.27634 32.401016 451.111 174.426 0 0.40438744 0.0 688.7296 197.40204 735.41736 0 0.39224765 47.691376 628.14136 569.2025 790.89734 0 0.37553743 15.473053 409.19476 591.1094 849.1042 0 0.3338168 222.94205 4.771862 389.29092 126.635864 0 0.26673487 17.682892 615.7127 895.2175 878.0944 0 0.21777876 358.5856 0.8204231 464.07022 44.318634 0 0.21285029 139.12292 0.0 248.25882 66.38338 0 0.16711633 163.34662 654.2887 472.75592 786.72034 0 0.14421748 83.41577 911.6568 185.64731 954.5621 0 0.1253674 899.0898 0.0 1020.2635 38.979256 0 0.09896379 414.82062 25.513336 451.1407 176.85294 0 0.08469375 18.664642 522.90936 467.04684 731.4959 0 0.08338615 12.979584 283.53625 907.911 837.39343 0 0.08220973 5.568123 662.68225 228.54272 729.098 0 0.07173938 259.053 35.82348 330.9147 68.433784 0 0.06845201 453.85236 736.25104 900.8387 892.4462 0 0.06630154 115.76691 0.48503113 406.5058 147.07922 0 0.052551784 427.54538 10.655869 456.73325 227.09196 1 0.9780613 401.8283 0.0 990.62177 362.57336 1 0.73532075 146.22923 0.0 245.33354 66.09236 1 0.30594778 502.97827 749.088 901.4336 891.8307 1 0.2889385 155.43439 2.4573326 398.37854 127.32985 1 0.16290471 983.1488 23.230644 1024.0 121.99564 1 0.15080422 371.52136 32.158318 451.3612 174.51062 1 0.10120681 583.71155 800.49054 909.20825 894.3121 1 0.08298682 122.451065 1.3173447 328.30188 67.31538 1 0.07437348 718.6059 633.8523 1024.0 937.9281 1 0.07262177 19.338257 637.1491 1024.0 914.35284 1 0.071937844 341.6228 903.1562 618.9312 1023.52325 2 0.812163 337.15872 16.515083 391.99722 129.42667 2 0.6208345 221.72906 4.8674736 394.62988 128.95554 4 0.16586052 501.59186 159.2035 539.51886 241.0215 4 0.088887855 488.39655 168.00905 568.80927 232.07524 5 0.109519154 118.24375 0.65416336 171.64282 67.40488 5 0.052724894 338.79648 22.67823 392.50217 127.84315 6 0.9968772 63.19754 292.32465 927.52856 772.0439 6 0.92483556 732.23035 632.7865 1022.6113 952.8424 6 0.38282448 36.944427 374.68 580.1571 812.74005 6 0.22195104 17.682892 615.7127 895.2175 878.0944 6 0.10410606 976.85504 914.6994 1022.09735 965.52496 6 0.07366654 51.328247 614.0501 576.4344 793.6995 6 0.05965807 443.43527 603.2782 1024.0 1016.0532 7 0.99765354 0.0 60.622696 429.79187 417.58673 7 0.7215358 1.5664062 398.58197 172.0642 664.1857 7 0.589264 887.70746 486.75797 1011.16547 561.8799 7 0.32422274 2.570282 391.14093 304.64337 696.8652 7 0.22510345 899.0366 0.0 1021.302 40.069824 7 0.16769364 357.76172 0.33860207 464.04523 46.58764 7 0.120987915 33.28476 362.37665 564.6008 813.0318 7 0.09346311 107.23333 564.33813 325.17084 683.7982 7 0.08105318 856.78314 449.59528 1013.1453 571.4295 7 0.0714172 224.69911 1.6918716 335.7119 71.37831 7 0.06960302 47.691376 628.14136 569.2025 790.89734 7 0.058464684 352.6932 0.0 991.23376 359.7716 7 0.058060307 1.0745239 391.1145 225.20769 897.65356 7 0.053682365 427.54538 10.655869 456.73325 227.09196 7 0.050796214 915.55176 3.766594 985.77014 52.681416 ,test/0814.jpg
0 0.98815745 377.6902 150.2665 600.0684 619.95325 0 0.21380283 397.80585 360.82397 598.9546 621.8738 0 0.19715421 467.98328 706.326 581.61316 816.71075 0 0.10526407 379.31793 146.15872 528.7352 410.14456 1 0.25483763 562.81195 469.22388 610.53705 593.9562 1 0.15993632 400.0538 372.63837 596.77545 618.24945 1 0.14744574 468.16406 705.66907 582.2532 817.0681 1 0.062129807 379.31793 146.15872 528.7352 410.14456 2 0.31503892 562.06805 464.35596 610.4257 594.2158 2 0.05363412 467.92035 705.26886 582.2928 816.80536 5 0.803701 467.19864 708.3489 581.9417 816.60864 7 0.28757417 467.8314 708.1432 582.01385 816.95276 ,test/0815.jpg
4 0.9818917 24.809036 236.13779 422.7129 817.88416 4 0.9547507 456.16766 190.74986 770.07513 687.27 5 0.13677396 458.02936 190.56592 770.8127 688.7209 5 0.119980454 24.147812 234.21826 422.41626 819.32837 ,test/0816.jpg
0 0.42513666 265.1715 88.368164 808.51746 958.8002 1 0.44128478 264.57193 93.46893 810.3882 957.44403 7 0.5275383 265.25223 99.03931 809.89417 956.1958 ,test/0817.jpg
0 0.44492093 338.15616 377.5784 585.59894 612.2734 0 0.15984921 841.40594 317.32254 881.76666 339.9993 0 0.12334767 606.43964 3.0444183 708.0745 341.78833 0 0.111126006 915.6433 371.7145 1008.47815 408.2639 1 0.805177 336.76328 377.5876 586.0242 613.32837 1 0.08139408 915.6433 371.7145 1008.47815 408.2639 1 0.052546483 417.4163 381.16412 530.32043 433.74493 ,test/0818.jpg
5 0.9981674 261.98233 383.22464 621.2997 665.88293 ,test/0819.jpg
0 0.8604628 0.0 761.2544 52.26577 945.3773 0 0.28782558 492.04678 464.20175 539.631 555.0 0 0.2708756 223.09265 389.5245 409.75415 672.3397 0 0.2323758 189.88673 741.1865 304.91574 787.31934 0 0.17095801 4.643013 509.65463 260.49652 769.6455 0 0.08089145 1.086052 683.72424 100.86584 963.54285 0 0.07022419 32.490906 798.35754 60.004898 971.1035 0 0.06261268 1.5005455 684.0661 57.345715 805.61346 0 0.058469623 151.30196 357.79095 510.31494 681.8908 0 0.054649994 196.06876 409.9665 394.65012 565.8693 0 0.053551152 162.51196 464.5079 247.48035 564.072 1 0.94444025 163.42604 464.87946 240.61272 562.0849 1 0.8508578 231.46634 397.6261 454.70273 685.5266 1 0.83189666 433.16507 541.12305 574.23175 638.70703 1 0.8130414 32.084473 486.69904 597.28876 1019.9128 1 0.7404422 393.80908 415.10352 509.86133 534.5335 1 0.36385465 423.39246 471.6117 587.1842 634.30286 1 0.34704202 132.40988 353.8883 525.8436 687.8778 1 0.31103826 429.54562 491.35202 462.79605 581.0476 1 0.29574946 426.4028 463.63214 543.5174 579.1901 1 0.26715112 432.54517 585.6132 506.4048 643.8143 1 0.2330718 429.6387 448.9623 508.17252 547.8148 1 0.23049805 448.46863 497.35568 496.6715 576.9781 1 0.22786571 7.2422256 509.81253 239.6222 760.8391 1 0.21478452 344.1189 424.9515 461.3072 586.43713 1 0.20657714 491.21555 465.2316 538.1955 554.81146 1 0.2038771 398.37436 445.64618 500.3096 581.378 1 0.180872 457.41037 517.5939 487.43533 573.47815 1 0.1641217 455.16034 485.66595 509.30066 549.85345 1 0.15660812 395.78632 451.9241 441.47925 591.3153 1 0.110134356 139.71043 357.54633 396.0431 613.73724 1 0.09423203 432.68134 587.306 499.71893 607.7622 1 0.08999451 189.88673 741.1865 304.91574 787.31934 1 0.08627591 241.58751 650.6415 268.7863 690.40967 1 0.079408705 456.56082 497.96942 500.7394 535.8686 1 0.075185925 277.88965 414.5325 500.10278 560.1504 1 0.07200192 253.02371 655.00287 278.3068 686.5097 1 0.06957493 459.30444 508.66257 495.98328 548.82 1 0.06850846 246.4859 617.4763 284.9182 686.1582 1 0.06627078 436.0765 600.8661 489.80753 638.4606 1 0.06273617 162.71211 649.23376 272.80167 699.78064 1 0.061774604 5.663521 398.0993 230.93124 942.3066 1 0.058171075 196.06876 409.9665 394.65012 565.8693 1 0.05511223 456.30902 498.30728 474.9624 574.3331 1 0.05162319 434.50433 596.55524 501.40833 617.5058 4 0.11767595 233.08025 521.82 254.83113 567.8975 5 0.9836506 155.58908 362.01822 291.25424 476.24832 5 0.08781556 233.08025 521.82 254.83113 567.8975 5 0.07229585 262.09262 361.94113 290.7889 433.506 5 0.05689586 441.89874 601.0673 507.01886 642.8343 7 0.99976605 532.7258 219.17816 941.926 748.13635 7 0.8587365 3.210678 510.92242 266.01752 750.1163 7 0.77256685 439.36115 600.13544 506.49347 644.4659 7 0.26730847 491.3454 465.18817 538.5076 555.148 9 0.13957523 0.0 761.66846 52.67923 945.27686 ,test/0820.jpg
0 0.21513274 322.91977 614.5867 395.81174 734.6891 0 0.14449647 320.646 617.8103 366.70294 700.7898 3 0.11791504 309.47583 892.9251 354.2536 991.2498 4 0.0818199 322.4673 613.9104 395.94904 734.19763 5 0.99892175 382.76074 548.00867 553.0405 857.92725 5 0.0811052 322.4673 613.9104 395.94904 734.19763 7 0.17690656 322.91977 614.5867 395.81174 734.6891 7 0.09256537 320.45462 617.7691 366.94736 700.8035 ,test/0821.jpg
0 0.20556086 563.4591 517.0197 636.3163 616.47943 0 0.13863035 500.56085 505.6915 630.7475 618.9263 0 0.057273265 175.7478 574.8116 301.75067 591.7039 1 0.98629725 140.41348 118.24298 496.9905 575.32074 1 0.93925136 76.79697 498.39865 787.3312 734.8496 1 0.8930774 48.707184 578.0785 925.61365 911.9446 1 0.88575965 403.34796 660.67786 721.394 739.63745 1 0.83237714 138.6943 676.38367 439.25443 728.3386 1 0.8021949 50.482758 771.89984 848.46826 898.8322 1 0.7172133 66.24292 742.69763 902.0993 841.4679 1 0.69299275 193.28183 576.3858 294.3932 591.1899 1 0.58673364 77.0672 612.15875 757.8369 719.3133 1 0.5755352 78.59189 532.79266 741.2208 643.5328 1 0.47667864 117.34302 680.50024 802.3121 794.0259 1 0.4673927 518.0741 498.52155 792.0587 733.04596 1 0.44134697 95.4895 653.9309 743.00464 863.4314 1 0.42281303 137.27643 496.94788 722.4079 596.7888 1 0.36539036 136.01236 696.9983 550.14355 759.87537 1 0.32005376 96.92444 566.003 554.99097 802.4943 1 0.31827816 118.68588 653.22833 663.5763 750.1363 1 0.30111086 361.49628 585.0958 842.0124 743.89465 1 0.25697738 245.76462 634.6313 914.72314 818.164 1 0.25418824 579.4519 529.89575 899.18616 791.515 1 0.25008744 145.79826 696.74585 182.69862 739.0763 1 0.22926311 185.35307 496.33664 645.2599 680.81195 1 0.21828003 700.5991 571.41644 824.5062 711.2338 1 0.21339007 53.456635 827.663 913.724 943.3891 1 0.20345315 70.631134 594.19385 586.22644 656.6112 1 0.19525583 352.7037 717.54944 555.05646 763.6277 1 0.18052319 102.71088 660.4944 468.56635 702.8041 1 0.17972673 79.828354 576.70483 459.9856 724.8037 1 0.17766874 590.40735 617.70715 843.02 712.2136 1 0.17338547 372.9487 701.0848 759.74817 760.51715 1 0.16829175 614.92255 488.82693 738.04083 561.5605 1 0.15574504 498.6711 490.72165 751.99664 633.63025 1 0.1531511 578.18805 713.9727 748.2066 755.34125 1 0.14487065 387.67523 511.0143 633.5699 608.3214 1 0.13404548 621.8302 673.03107 895.65894 767.2918 1 0.12747519 38.832794 776.64343 932.6195 1009.0597 1 0.12198655 498.44684 505.0233 629.3255 614.57043 1 0.11916436 735.8368 711.3348 850.26514 761.98663 1 0.114933625 77.26404 429.19507 504.47784 701.40076 1 0.11455301 395.16415 696.62555 550.6157 742.0457 1 0.11211797 353.3002 693.9057 410.0552 715.41583 1 0.106310695 415.09573 658.81146 567.5869 734.26715 1 0.10489398 506.61182 671.979 705.1835 728.21655 1 0.10320876 626.85455 715.2604 710.0645 744.2019 1 0.10214022 748.1956 596.62463 818.6729 697.02893 1 0.09857249 130.00677 688.49664 150.42542 750.33966 1 0.08658232 339.95743 503.7471 914.73804 849.8246 1 0.08644041 327.67957 500.87073 639.80115 801.41907 1 0.08514627 509.24323 713.45276 828.68463 767.70605 1 0.0834932 566.68665 521.8292 760.8301 668.8279 1 0.08227978 124.44568 674.77716 333.1111 709.4344 1 0.08132737 399.94476 700.6855 439.76923 735.64825 1 0.08119189 112.025406 710.5083 561.05005 800.25757 1 0.0806432 85.90378 619.4123 503.99405 687.50116 1 0.07618531 151.12044 450.5985 536.7941 584.94604 1 0.072695196 149.99835 558.84924 562.56433 621.1024 1 0.069902025 563.34247 516.99146 636.76764 616.8634 1 0.06825605 342.85965 688.8753 415.837 705.76056 1 0.06598127 342.28528 678.82886 428.65576 696.96094 1 0.065073766 306.08527 672.069 452.3463 704.39343 1 0.06325843 328.82892 667.0172 557.87195 765.48926 1 0.06279103 600.4315 538.2082 816.03394 703.50494 1 0.055962835 593.81165 691.0167 708.6177 753.10815 1 0.055456296 280.7165 705.13885 420.0832 746.49347 1 0.0532159 701.61 615.906 877.1199 757.48926 5 0.18799345 497.853 507.55655 632.9921 615.8877 5 0.07705124 566.82104 515.14215 632.4071 618.0151 7 0.052505396 194.33272 576.8356 293.5028 591.8491 ,test/0822.jpg
0 0.8083983 288.23206 185.03629 735.59143 882.6338 1 0.4709189 290.26315 185.50272 737.3567 882.01904 2 0.07701366 291.71783 186.24585 735.8973 883.6603 ,test/0823.jpg
0 0.94482636 345.6383 287.31207 662.49774 640.314 0 0.73259985 449.84613 447.4245 662.02264 641.2231 1 0.1911316 451.9189 448.16107 662.85986 640.1464 1 0.053269792 385.10867 303.49188 659.37537 639.27936 7 0.26453602 449.7723 447.83203 661.818 641.17834 7 0.07190759 344.99472 287.62766 662.91516 640.01404 ,test/0824.jpg
0 0.087177254 522.9161 414.8547 572.54205 491.3304 1 0.24899977 503.31766 479.4639 565.59143 684.11597 1 0.14445555 505.45398 418.48645 572.85754 612.47144 2 0.05042083 377.6367 385.64334 398.85446 489.1642 5 0.9954158 370.53503 183.24957 527.90076 501.7362 5 0.99390924 562.92804 185.89088 734.2692 501.7705 5 0.68178093 544.01984 480.69513 689.1608 706.54083 5 0.59126925 391.1259 474.4362 520.50903 698.27124 5 0.08772197 544.2009 138.99149 728.29956 699.8456 5 0.075555846 523.38336 414.3474 573.53546 491.01233 5 0.056614317 677.0509 217.00034 1021.1648 804.20544 6 0.52202773 544.53015 481.21857 689.9203 706.769 6 0.24926516 390.01904 466.8011 519.6121 699.3765 6 0.09144251 559.35425 186.47493 736.09985 500.22064 7 0.22929013 522.9161 414.8547 572.54205 491.3304 9 0.8461396 506.43976 812.0067 1023.1949 1024.0 ,test/0825.jpg
0 0.8316918 337.78302 746.7265 427.7589 818.0219 0 0.78920126 67.19331 646.92145 200.44164 785.36505 0 0.17308211 158.77982 714.69617 229.4686 787.58813 0 0.1511915 705.97797 527.18494 950.3464 1009.1146 0 0.06546314 0.26923752 635.7354 74.88391 928.33295 1 0.9798607 315.41507 193.72229 499.31332 767.5763 1 0.67455506 0.0 398.50482 31.546703 561.90894 1 0.5901751 0.86053085 653.4649 73.64508 927.408 1 0.5606222 705.97797 527.18494 950.3464 1009.1146 1 0.26957086 66.1807 646.8176 200.39957 785.4791 1 0.22827724 338.01224 741.0371 428.09402 819.00977 1 0.22568397 179.2609 697.9912 258.88586 724.661 1 0.1856265 319.95575 169.02676 470.58594 450.73447 1 0.097586244 350.00082 177.05449 462.53928 236.22874 1 0.096299715 1.8685684 623.38544 80.721306 783.75494 5 0.24394998 1.2961006 662.25275 73.79198 929.7697 6 0.16891381 1.0864944 660.9528 71.115364 926.78876 6 0.12151434 1.6639404 624.99335 80.03309 784.36505 7 0.9995165 448.76614 241.78928 799.96387 1009.9077 7 0.57228863 327.1311 171.95712 464.7027 375.56894 7 0.2779957 365.26553 202.73087 459.2839 271.12866 7 0.11232372 353.08145 202.16716 441.96872 334.76886 7 0.097362064 362.87656 258.4796 443.5889 337.26575 7 0.072749 338.08862 740.81195 428.0008 819.15314 ,test/0826.jpg
7 0.99928766 413.33435 330.8967 678.08435 841.9852 ,test/0827.jpg
0 0.9131235 706.2128 518.5228 816.9775 547.6367 0 0.32832512 471.44495 256.7485 532.9933 269.93723 0 0.27217662 594.098 358.70212 765.33105 561.5264 0 0.058225714 711.7859 514.36224 814.6196 529.83026 2 0.8129913 595.1742 356.83923 757.03723 561.5241 3 0.400352 595.3795 356.88913 756.78796 561.9103 7 0.1776713 594.098 358.70212 765.33105 561.5264 ,test/0828.jpg
0 0.8926371 217.98242 728.9068 290.40286 1017.0861 0 0.840327 333.49454 388.81744 531.36194 675.9628 0 0.83430856 780.5499 0.0 1009.36975 195.44775 0 0.81066614 784.1151 474.53497 941.52905 599.1685 0 0.78156316 493.54373 467.3301 731.8064 633.45654 0 0.5150651 71.86598 295.9072 422.82727 463.15146 0 0.44936016 174.56615 120.30895 420.34564 179.46794 0 0.38817498 256.11533 628.3074 332.17838 709.6952 0 0.29467472 0.5088196 732.9723 58.814865 871.9214 0 0.2683308 65.70227 466.95514 322.43912 724.5003 0 0.237255 923.46124 669.1266 1022.4814 809.7811 0 0.18443267 392.31018 128.67986 431.57513 170.77211 0 0.1811245 67.13243 178.02838 485.8473 468.90717 0 0.15651646 838.6652 648.1115 1022.9493 1024.0 0 0.1521027 219.50632 136.75992 473.20535 200.21933 0 0.14954917 920.7776 1.1400719 1001.02563 68.90553 0 0.1434315 127.04059 707.7663 290.3801 1015.2453 0 0.13513272 49.67151 705.52844 262.75845 889.2678 0 0.12953779 39.003334 1.9170761 240.75208 161.67444 0 0.12795714 461.71463 166.87885 524.3862 201.23706 0 0.10915461 370.63147 460.61932 777.4325 659.39056 0 0.10551484 73.79169 115.9751 555.8053 219.159 0 0.09108913 262.12195 143.94458 429.0857 186.918 0 0.077872664 874.2183 15.909149 1000.0269 177.7335 0 0.07531935 128.58124 225.30936 254.66653 240.67065 0 0.07087717 236.15575 467.68512 335.09302 718.8797 0 0.06831316 190.88966 112.48104 341.4502 166.32483 0 0.06107529 53.541718 163.9127 843.2346 446.05505 0 0.0600437 335.9318 129.99863 429.73788 188.17581 0 0.05375955 221.45988 739.1051 428.7207 1011.22815 0 0.053542856 346.75134 172.35513 573.251 388.9565 0 0.05250318 117.33345 195.34177 301.21472 238.04767 1 0.87942284 62.9955 466.90063 331.87384 725.8611 1 0.48693123 838.6652 648.1115 1022.9493 1024.0 1 0.42795658 479.81775 664.09973 913.7384 950.8003 1 0.32399043 209.11925 466.19257 334.83847 724.0721 1 0.2409529 797.1029 477.80353 941.02795 598.35223 1 0.2285009 70.02295 187.20155 453.20367 466.39166 1 0.20549579 923.46124 669.1266 1022.4814 809.7811 1 0.1626895 444.36212 473.26373 966.1563 962.14325 1 0.07095289 461.71463 166.87885 524.3862 201.23706 1 0.06757605 180.71967 727.51733 978.7679 989.829 1 0.05356623 493.77365 467.1007 731.4535 633.5475 2 0.62447613 481.89462 288.4041 911.87805 463.20996 2 0.13677658 236.15575 467.68512 335.09302 718.8797 3 0.8943098 483.60602 285.11627 916.6346 463.21802 3 0.81090057 349.49506 186.30243 805.9421 359.90204 3 0.6126556 355.26382 172.8219 599.9351 397.08435 3 0.34507555 348.89816 177.0773 937.97864 466.21988 3 0.050493237 486.92072 511.99088 921.06976 781.2097 5 0.99454945 479.71066 538.41455 911.5984 776.5869 5 0.73872477 862.14795 112.16404 1024.0 269.86688 5 0.14719559 72.91319 294.95953 429.32196 462.01074 5 0.07479191 767.8137 0.0 1010.35754 259.82385 5 0.06357727 464.56873 481.71417 929.8688 953.80646 5 0.06114323 478.58508 288.63394 906.4592 462.87247 6 0.86775416 201.22157 0.0 624.8827 180.06439 6 0.62365 11.779724 0.0 1024.0 206.2229 6 0.30840948 781.2553 0.0 1009.4954 192.80551 6 0.21692978 392.5065 129.17755 431.51572 170.45691 6 0.19183274 444.29306 113.89088 567.07605 189.17001 6 0.16693625 49.382248 2.2882004 494.57568 172.89194 6 0.11160951 204.27943 3.96904 374.19427 134.17545 6 0.07145888 354.62836 11.943092 647.84357 124.78985 6 0.071163945 184.6911 114.06669 401.39325 171.08858 6 0.06897997 40.87932 2.1879425 239.46788 161.06952 6 0.05892152 798.23267 476.82138 940.5967 598.5353 6 0.05094284 922.06995 1.5204353 1000.45105 66.011505 7 0.2624717 331.17535 389.7541 531.5127 676.2753 7 0.20670952 72.837524 295.18045 426.66913 462.26498 7 0.11783872 0.42617035 731.95197 60.788586 873.581 7 0.08108574 256.11533 628.3074 332.17838 709.6952 7 0.06824732 67.13243 178.02838 485.8473 468.90717 7 0.06537388 268.37466 2.076357 583.75696 42.71086 7 0.064370334 11.779724 0.0 1024.0 206.2229 7 0.063377246 46.577217 706.5769 262.5067 887.266 7 0.05454858 493.17944 467.03574 732.3058 633.02344 ,test/0829.jpg
0 0.42511597 195.30858 0.0 577.36395 135.9654 0 0.35503918 0.056770325 7.318756 74.77641 85.636185 0 0.29115352 385.0637 62.9874 569.7613 136.98952 0 0.06768381 620.8487 488.22916 652.2712 523.5128 0 0.064324796 621.31946 520.0275 662.1887 573.372 0 0.058471113 469.78873 63.018337 574.87225 114.71274 0 0.051462825 382.89227 86.87294 523.3229 128.40944 1 0.27413535 195.30858 0.0 577.36395 135.9654 2 0.07843413 620.66064 488.13947 652.17505 523.49286 3 0.43032295 626.11975 521.78973 668.55994 552.16205 3 0.414079 621.7466 519.99744 658.7521 573.9166 3 0.16371773 452.18384 208.73814 496.63922 244.942 3 0.0671959 620.60223 488.37262 652.24274 523.3936 3 0.05651014 621.42035 516.3611 681.3953 560.43335 3 0.052663717 416.45273 391.9054 437.0698 461.6405 4 0.17803681 621.1908 521.4265 653.36316 573.68896 4 0.053865988 625.8006 521.7601 666.5284 553.3702 5 0.9965024 414.23663 308.63916 626.1496 479.0044 5 0.2444173 620.60223 488.37262 652.24274 523.3936 6 0.051849756 621.0673 488.0719 652.3509 523.5473 7 0.99916863 354.48813 439.22305 789.93164 807.0145 7 0.54445046 0.02273941 7.198448 74.69829 85.573135 9 0.13000129 199.68521 0.0 577.4198 138.5442 ,test/0830.jpg
0 0.9646832 4.048004 274.78964 152.41777 428.33817 0 0.57924986 272.9843 389.1715 502.22888 737.2555 0 0.3263766 137.61073 3.1292648 513.38043 154.13794 0 0.232698 536.1901 174.04639 843.7857 923.84265 0 0.2259687 390.2591 376.23322 483.89478 565.8976 0 0.19482245 355.1263 631.821 547.0333 884.336 0 0.17862141 4.488991 280.2539 206.23386 655.8472 0 0.16688564 345.12897 378.7501 557.8205 894.1847 0 0.16364355 613.60315 952.3076 690.7623 1023.4524 0 0.139764 3.046669 13.85553 144.6854 569.57367 0 0.1341553 491.4024 6.8855896 980.28986 402.4434 0 0.1148119 138.89119 233.61978 576.9764 892.7693 0 0.0569836 336.29813 280.74655 420.1105 340.7971 1 0.7759558 542.1873 118.58774 835.7181 929.83984 1 0.6728675 488.62103 6.2811737 980.3411 404.0323 1 0.538191 0.0 217.00623 852.70593 959.0747 1 0.20973262 151.67421 240.19156 604.02783 905.6852 1 0.1745193 41.99008 0.0 1006.1177 410.31415 1 0.07545082 391.68945 372.39154 482.15454 565.71423 1 0.073000066 284.58072 371.06747 463.2205 736.8313 1 0.061612464 558.6806 475.2122 807.6375 920.60364 1 0.05594051 98.3087 231.96988 449.1809 794.2218 1 0.05508932 288.09695 364.06223 810.3771 946.4645 1 0.05116296 332.46927 253.97943 560.4696 892.7525 2 0.13921325 530.96375 175.5799 807.56946 914.80426 3 0.2856782 384.27615 362.26947 481.26456 588.6368 3 0.14069296 273.36542 436.5047 460.0572 731.0042 3 0.09232516 147.97003 231.08722 455.81445 661.724 5 0.9457582 149.21877 226.39365 451.6908 657.47217 5 0.49291635 355.40442 635.66736 550.5308 886.0283 5 0.33072478 273.90567 389.05103 499.61282 732.3916 5 0.27354386 345.12897 378.7501 557.8205 894.1847 5 0.1966193 158.99367 234.56259 568.50507 859.095 5 0.19383183 139.0621 950.27386 613.7876 1021.8891 5 0.1310412 12.532997 275.006 221.32388 795.8611 5 0.09390146 530.9823 174.86356 808.47815 913.40894 5 0.08392769 389.4743 374.77936 483.64954 565.5417 5 0.06759181 490.53348 7.135269 983.09656 400.6172 7 0.09703652 158.99367 234.56259 568.50507 859.095 7 0.053198706 12.532997 275.006 221.32388 795.8611 8 0.45700666 274.9709 429.62204 457.565 732.0759 8 0.1145557 387.56183 360.5533 480.64178 585.1633 9 0.37657115 612.65656 952.02673 690.4609 1023.3367 9 0.096134335 139.0621 950.27386 613.7876 1021.8891 ,test/0831.jpg
0 0.27396697 110.1162 150.81284 164.8168 200.68594 0 0.22695176 123.01842 32.495888 166.33083 77.503395 0 0.18158701 119.33354 0.0005645752 199.66823 75.2634 0 0.1571507 92.30043 32.149628 167.37086 90.04789 0 0.14207779 364.9043 192.45181 407.8058 279.27563 0 0.13979615 162.80615 205.85767 238.93228 315.97272 0 0.08289524 51.199936 11.998402 182.26945 97.11066 0 0.07370754 90.812904 0.7294235 204.66043 140.83374 0 0.053522088 138.00792 169.03726 190.4836 239.77634 0 0.05143832 110.25511 149.71349 224.47777 245.10759 0 0.05125862 88.42559 11.230366 137.14154 105.02669 1 0.94817364 84.78065 179.0142 242.93549 488.61658 1 0.9212876 325.67072 153.38428 576.9625 594.929 1 0.884335 370.54926 351.64026 519.85785 510.19403 1 0.8826769 371.2537 355.09256 524.43774 426.44827 1 0.72397757 445.31903 341.8085 581.5849 539.4303 1 0.64830583 334.59042 334.52985 576.32874 544.9946 1 0.60346156 321.73547 421.1526 483.25366 594.0502 1 0.43150607 86.53607 238.79225 142.30666 295.57635 1 0.3786266 394.99142 419.85165 479.47714 520.11707 1 0.37031817 162.80615 205.85767 238.93228 315.97272 1 0.26897714 130.51689 196.93817 192.63203 308.39478 1 0.23139408 350.31488 397.25153 409.02527 493.9131 1 0.23128909 368.8631 147.28052 569.9508 428.85944 1 0.20495966 94.70093 178.97781 204.17169 300.86163 1 0.19525176 83.09259 230.22517 203.21515 334.10864 1 0.16826613 96.425476 276.36084 165.05783 324.34924 1 0.16709623 368.78345 161.23254 557.03546 284.74814 1 0.15599535 146.75694 279.86765 242.96642 465.35922 1 0.1436804 93.99262 151.42853 236.37613 347.82623 1 0.12835856 204.08958 236.90778 238.78233 312.4854 1 0.12822744 99.35727 282.15622 139.49889 320.4379 1 0.10675033 330.8569 393.6939 358.67435 447.9787 1 0.10420488 106.757385 178.39008 179.86688 253.40576 1 0.09352701 334.1856 277.31528 566.55725 418.91183 1 0.08393958 169.4426 299.8771 235.56851 358.61288 1 0.08369385 92.21185 252.07858 142.936 323.40433 1 0.077148974 202.51025 255.16339 257.67102 342.67224 1 0.06749584 375.75616 456.70743 406.33246 491.74985 1 0.06241631 127.19675 33.154224 164.59543 77.06845 1 0.059788257 176.05211 319.31113 208.6144 357.16214 1 0.057560712 84.23833 238.12598 126.50331 274.5121 1 0.05573701 456.59442 433.20258 477.48895 522.9411 1 0.05215784 394.69394 420.99857 458.15042 449.00797 5 0.33811975 121.51405 0.26301956 199.9905 72.44757 5 0.32754678 52.827446 0.0 93.626625 38.766636 7 0.9998627 363.22607 523.218 654.6591 930.13513 7 0.99974483 736.3548 164.95702 931.3588 602.4106 7 0.99729747 169.31085 311.00122 341.92136 591.24255 7 0.99238914 556.6912 78.334564 760.55804 762.35876 7 0.87923527 364.5002 193.24031 408.03506 279.0802 7 0.8549806 392.44016 137.78421 553.87915 226.6536 7 0.794367 550.65796 88.94231 754.6223 424.14764 7 0.1720552 167.47101 324.58557 305.9408 476.3423 7 0.121461034 366.239 62.959007 553.4404 230.10858 7 0.08903233 368.03436 67.57148 516.72833 172.59445 7 0.07880504 375.07245 125.820366 565.2688 290.99356 7 0.073634066 394.24628 133.73457 520.4792 185.39207 7 0.06733575 118.79495 71.935814 161.76874 115.18603 7 0.06206295 95.559425 28.180994 164.38516 92.031685 7 0.054439016 168.46606 287.20282 202.1416 311.55133 ,test/0832.jpg
5 0.99195063 93.505585 384.31763 816.67065 773.386 5 0.19093768 693.19775 381.75525 797.07935 551.6231 ,test/0833.jpg
0 0.56735474 427.43277 426.57202 544.69403 509.70056 0 0.4965323 659.6051 406.75488 859.1355 516.7284 0 0.24825695 134.46335 237.78477 666.0365 628.2557 0 0.2265162 467.59344 385.47153 861.66046 527.13104 0 0.18353198 400.7588 434.27176 664.4269 527.3362 0 0.10501131 433.47238 431.20316 512.71533 491.1815 0 0.0877265 404.9082 291.0865 859.4287 520.4187 0 0.06506242 322.7921 247.20795 657.58093 529.4126 0 0.055114128 133.24081 17.221222 854.7582 629.91895 1 0.7851 142.06503 234.80954 663.9164 631.76013 1 0.16679816 133.24081 17.221222 854.7582 629.91895 1 0.06209939 214.56036 386.0998 551.5882 625.6296 6 0.16115308 101.636505 12.954971 787.1449 375.13116 ,test/0834.jpg
0 0.9344879 363.7456 472.47662 407.10956 592.54767 0 0.93448144 385.63058 669.5176 419.3931 742.21387 0 0.8679953 301.39108 360.49326 449.69772 478.76205 0 0.47568396 334.20535 470.40845 423.2584 595.8334 0 0.47090352 305.1858 368.26852 452.37445 398.68344 0 0.24679396 799.8712 441.09842 888.6632 500.8799 0 0.18212149 312.72668 468.87234 451.48645 498.21524 0 0.17011611 237.06989 326.52777 541.204 480.10706 0 0.1303041 320.46732 375.88718 393.5964 397.54544 0 0.1298311 386.79352 670.29065 398.00647 729.50696 0 0.098964944 281.0498 339.80762 532.8253 385.95935 0 0.08825563 289.72552 492.25974 440.52258 586.17194 0 0.084948555 353.86377 398.85254 416.79388 612.84094 0 0.08315328 377.2163 393.78833 449.43677 474.7447 0 0.07959126 302.84338 357.26202 391.10364 369.90625 0 0.07228132 609.161 567.4217 629.8319 642.4013 0 0.06387607 298.12073 394.57297 426.08673 462.4448 0 0.061966777 306.79224 359.22842 442.35565 372.82846 0 0.059893627 293.8607 353.90283 503.69315 379.56793 0 0.05875973 613.79755 562.2838 672.8809 720.47375 0 0.057120472 250.5829 310.65155 312.74844 365.37555 0 0.052017566 350.39148 357.2558 436.65582 508.78162 1 0.98332065 261.29953 116.40438 581.2787 372.0504 1 0.97997874 620.48804 525.86475 875.3307 717.2488 1 0.96125644 581.5678 312.0586 820.2808 451.10675 1 0.9291271 540.6397 375.87872 894.08014 561.6838 1 0.9288083 187.2377 280.7813 602.0608 754.95844 1 0.91624534 641.15393 646.4754 866.255 717.7576 1 0.76827323 636.2831 311.05722 781.24756 368.7288 1 0.7368304 188.04872 295.18845 612.49524 487.45847 1 0.68623275 537.8064 525.2517 656.9004 609.2527 1 0.5238391 585.43524 385.0071 887.0296 489.1024 1 0.43903252 536.7821 306.46954 656.62463 622.9358 1 0.39416125 555.1732 501.2732 882.494 651.9402 1 0.3567899 540.81366 435.9086 653.6077 579.88873 1 0.33754212 540.1918 313.07166 888.19446 692.894 1 0.2506452 646.48315 334.1243 693.48267 366.60202 1 0.24349847 250.5829 310.65155 312.74844 365.37555 1 0.22115842 599.54553 386.18442 853.3815 443.72665 1 0.220573 642.6928 325.49136 729.414 367.52713 1 0.20588964 291.65875 320.6101 650.12463 606.86194 1 0.16278352 536.37537 561.59064 638.8406 615.3045 1 0.13537747 551.7296 481.7945 654.5708 643.2463 1 0.09437438 612.8416 315.07983 807.31537 395.646 1 0.082902655 551.28296 441.5018 623.745 516.7707 1 0.081421174 293.94528 341.1952 534.7739 478.97443 1 0.081134945 207.44586 104.747375 604.03827 528.6379 1 0.080341116 539.94684 555.13336 558.96466 607.85626 1 0.07285685 613.58966 562.52325 675.33563 719.20685 1 0.062869124 540.6364 554.20355 646.5994 653.23615 1 0.061413437 534.00806 305.8315 626.8677 512.6552 1 0.056636117 192.56161 349.30698 478.46182 500.87155 1 0.056078687 593.75616 356.19867 640.6711 384.48523 1 0.055192098 537.2607 518.66327 828.2933 598.42303 1 0.05189314 619.2378 439.25 861.33325 563.2877 ,test/0835.jpg
0 0.26874012 165.98647 315.77902 638.6123 654.4292 0 0.099884346 158.49167 408.75644 268.99347 508.71884 1 0.9261887 165.71576 315.33862 639.4417 653.9088 ,test/0836.jpg
0 0.59504867 407.51788 274.0183 797.42035 731.314 0 0.070797 460.44836 660.6979 510.40472 746.4789 1 0.13884869 406.41833 280.64426 799.7949 733.1289 2 0.06133416 401.24542 278.91473 799.2386 735.71655 7 0.5736393 405.24133 280.12 799.8583 727.07947 ,test/0837.jpg
0 0.6225795 627.58673 121.75525 637.9964 204.61801 0 0.23388274 896.6658 304.19324 1007.7842 365.7132 0 0.21663858 506.04037 283.04352 532.91425 398.00488 0 0.12354103 476.6011 378.31976 625.30255 599.7487 1 0.3078831 437.0958 7.4964447 918.8657 455.86572 1 0.15171024 0.0 18.532623 944.6829 539.81775 3 0.08339484 896.95074 302.7109 1007.492 366.24008 4 0.40195897 310.35803 559.9414 419.86536 660.5936 4 0.16195117 505.76752 283.3781 532.57794 397.4259 4 0.104479544 257.54065 456.25607 336.5957 527.3376 4 0.099447355 449.7547 578.8497 533.2099 650.4589 4 0.09583932 314.93985 390.57767 373.9899 460.6804 4 0.07863545 368.2261 477.23077 446.251 555.39984 5 0.9631584 13.518646 280.27277 365.64108 537.87726 5 0.9357794 298.14734 504.02274 967.1821 739.7167 5 0.892898 304.47766 351.53644 630.63464 680.9677 5 0.85334843 16.141693 284.4231 979.9573 756.5647 5 0.54869497 24.482422 285.5243 636.05383 645.1658 5 0.13859993 831.1558 524.74634 958.6838 740.0166 5 0.055862073 476.6011 378.31976 625.30255 599.7487 5 0.05399917 450.70926 578.75604 532.747 649.6136 7 0.7066901 896.925 301.39612 1007.9393 366.96112 7 0.24709928 839.1014 0.0 892.1209 204.9349 9 0.0546458 505.76752 283.3781 532.57794 397.4259 ,test/0838.jpg
1 0.9898297 480.85666 152.68867 565.63416 242.15828 1 0.86286235 360.9957 213.6322 682.1511 398.70367 1 0.32638204 293.34372 189.27263 702.1085 615.15875 1 0.17930761 650.6262 205.58556 703.75867 325.98895 1 0.1637571 612.3795 189.47044 712.53015 379.5984 1 0.15252893 632.1571 272.9765 675.34546 336.37018 1 0.12915067 452.65686 158.38489 715.5287 311.0645 1 0.085452825 652.7245 254.93718 678.2528 320.16565 1 0.06488018 607.7614 276.0666 729.5849 387.74738 1 0.06457407 530.4137 200.30307 771.5242 409.09164 1 0.062954135 630.49524 265.7069 707.79565 327.20203 1 0.051870875 725.4258 524.4491 1024.0 789.9203 6 0.09695418 928.0509 640.31036 1022.68445 787.86285 7 0.99915266 428.92584 354.42303 770.9726 855.15643 7 0.9760055 297.79263 190.59879 674.6477 598.9491 7 0.062006373 298.78915 265.74838 527.5467 591.8213 ,test/0839.jpg
0 0.51654094 241.08067 77.905304 729.6024 914.47095 0 0.4903194 704.51965 524.3341 1024.0 912.18567 0 0.07836973 722.2215 522.6502 874.91156 671.3995 1 0.58333534 238.99661 65.59781 871.6809 932.6975 1 0.15115175 714.11334 525.5166 1024.0 914.1155 7 0.14429145 240.65805 82.117676 722.07764 913.12524 7 0.10319705 713.3719 525.3391 1024.0 913.7146 ,test/0840.jpg
0 0.1543311 295.0335 923.352 417.6029 1019.52997 0 0.08915829 115.2457 257.66507 837.13794 602.0043 1 0.72501314 81.750175 192.85428 230.36414 243.21982 1 0.3527706 147.63507 72.403824 254.26071 116.13519 1 0.336876 108.70938 259.2327 834.10974 597.91223 1 0.11667703 295.0335 923.352 417.6029 1019.52997 2 0.99507904 295.29004 922.9367 417.0661 1020.31354 5 0.46717414 81.80359 192.32793 231.5354 243.96794 5 0.2709428 147.46246 72.6159 255.92099 116.84489 6 0.14508086 147.66437 72.26437 255.41602 116.1821 7 0.9206237 113.100555 255.12148 835.3247 601.22076 ,test/0841.jpg
0 0.5172477 743.7627 599.7235 807.1874 641.219 0 0.19479394 769.86145 617.1632 897.3834 722.8906 0 0.14406829 856.82227 695.2372 895.7451 723.9868 0 0.05890662 451.0002 54.51468 992.2129 606.4606 3 0.056745112 742.91516 599.8892 807.8696 640.52655 5 0.075833164 450.10953 47.02884 1018.58093 628.03894 6 0.23590331 476.52356 53.12822 907.82776 545.8845 7 0.9993931 183.95639 328.4489 778.2826 777.59503 7 0.94953865 750.0566 618.6598 896.43536 718.2163 7 0.3874807 743.6737 599.5671 807.51416 642.0953 7 0.27928683 273.8222 316.93048 780.62604 590.497 ,test/0842.jpg
0 0.9626788 25.729645 466.7012 356.91666 540.3051 0 0.8802204 416.03787 560.96533 500.27603 661.8308 0 0.10244632 24.545578 460.50894 375.72253 611.1895 1 0.094516136 416.32928 560.65265 499.79242 661.7447 3 0.05407934 24.156189 467.0175 354.7927 539.91785 4 0.9980938 671.52563 400.42194 916.5868 556.68463 5 0.077367716 24.156189 467.0175 354.7927 539.91785 ,test/0843.jpg
0 0.1169622 413.44653 418.8524 740.49084 643.2073 0 0.059660364 528.0369 434.3267 624.42596 474.02505 1 0.052767385 401.8805 417.96234 741.73596 645.935 2 0.9837283 391.8507 422.63318 742.7739 645.3882 2 0.24545354 395.8529 460.60864 563.3734 619.82056 3 0.054814294 401.69305 418.1404 742.4351 646.29395 7 0.16752188 408.21716 418.24457 741.05554 645.1391 ,test/0844.jpg
0 0.96498 221.9784 359.7745 957.4885 882.6891 0 0.35768354 277.35846 346.3572 366.95935 593.81934 0 0.20891713 234.043 353.98633 427.71518 874.98206 0 0.12899375 228.33304 494.47888 277.24432 774.9772 0 0.06363195 225.1031 327.19336 320.72665 789.5939 1 0.9838901 896.85034 298.09396 1024.0 892.52454 1 0.111781746 849.62854 496.24036 953.70325 821.3401 1 0.10444646 843.353 655.08887 917.52673 779.89136 1 0.10353591 895.8401 489.3068 950.063 873.1854 6 0.053338334 277.35846 346.3572 366.95935 593.81934 7 0.18591537 247.78935 898.18304 404.08905 1024.0 9 0.12786649 217.80429 357.95734 959.14844 881.4052 ,test/0845.jpg
5 0.9917848 351.5294 290.1499 764.44666 591.1891 ,test/0846.jpg
0 0.9992028 338.41046 334.97534 750.29877 623.637 ,test/0847.jpg
5 0.17899884 235.37186 400.88647 853.6019 788.7566 6 0.97394764 234.6134 401.1562 850.1526 786.4285 ,test/0848.jpg
0 0.7878544 2.385376 336.89087 162.0974 467.39764 0 0.0917747 626.8727 321.58267 994.2781 408.41592 0 0.076047994 25.99826 310.41867 1024.0 494.58536 1 0.117295325 65.92944 187.87076 803.29596 324.9681 9 0.9393445 22.321686 312.01956 1024.0 491.3054 9 0.055098385 625.6998 319.325 981.95776 406.84363 ,test/0849.jpg
0 0.1090383 252.98636 336.24622 568.2711 636.75726 0 0.06355892 220.44427 26.32669 894.47894 633.6814 1 0.16909146 253.98154 337.34253 568.85486 635.85016 2 0.9715793 252.92105 335.84424 570.4249 636.5435 ,test/0850.jpg
3 0.24296878 810.6517 549.99243 834.1545 632.8711 3 0.14044234 800.30646 509.63092 834.7983 639.2729 7 0.9998692 36.49356 314.95215 831.6222 800.6658 ,test/0851.jpg
0 0.16474468 828.9878 451.20294 869.3008 519.63586 7 0.99981195 186.51257 309.78763 926.96716 734.0952 ,test/0852.jpg
0 0.82879156 936.6983 332.19992 1023.55096 412.84836 0 0.6295309 562.78577 454.5441 1017.072 1016.64343 0 0.6124042 56.08963 544.8662 160.35115 711.64746 0 0.26491544 362.87552 0.0 916.9922 215.34126 0 0.17731206 85.72339 448.1614 1024.0 1024.0 0 0.13009602 491.96255 735.1421 891.34216 1023.6649 0 0.109415755 5.528389 932.758 217.3216 1022.45917 0 0.10665926 73.22667 1012.0541 156.7555 1023.92786 1 0.22562015 937.10046 332.37036 1024.0 411.44586 3 0.99994063 295.62488 434.4492 654.8604 666.6585 7 0.92585 73.322525 686.1992 422.0537 1024.0 7 0.92438716 16.046555 931.4992 221.40633 1021.9727 7 0.8273999 365.5956 0.0 914.8843 214.37175 7 0.46828413 0.0 896.1135 36.555443 1022.6261 7 0.46157375 563.41943 453.1711 1016.8203 1019.7251 7 0.4130714 490.4282 739.7715 891.66785 1023.3336 7 0.22101013 85.72339 448.1614 1024.0 1024.0 7 0.14114241 123.972824 923.3807 289.201 1021.85406 7 0.050550397 936.6408 332.51175 1023.4711 412.7103 ,test/0853.jpg
0 0.98722947 519.63934 250.01653 762.09576 711.98444 1 0.07183738 520.89246 251.2832 762.4324 710.7173 ,test/0854.jpg
0 0.24651939 8.348068 204.58542 320.177 1008.51575 0 0.20658992 763.5066 158.75896 1006.11487 606.2581 0 0.06357252 333.9681 444.14502 415.28647 551.016 1 0.10011098 763.5066 158.75896 1006.11487 606.2581 3 0.99835336 43.9737 2.2236328 291.7092 279.93918 3 0.9817105 762.57306 160.85628 1006.0878 603.57874 3 0.92096823 50.838593 820.70544 306.66272 1017.8557 3 0.92068976 251.9993 8.362595 471.95956 513.1882 3 0.8856663 280.80304 473.56885 420.83136 627.8634 3 0.8630504 425.30426 8.772766 580.759 294.07227 3 0.8629331 403.35278 253.63367 551.3036 529.32874 3 0.7463299 548.2492 380.13702 850.9871 479.1372 3 0.710568 546.9761 106.6031 778.2455 406.3213 3 0.6837247 329.65396 0.48675156 477.4808 97.322205 3 0.6565214 8.565872 199.0802 318.7696 1010.2554 3 0.57212853 486.14108 425.83386 602.74713 528.0901 3 0.5486231 283.48444 175.91739 1024.0 1024.0 3 0.5166548 474.2866 171.76462 772.1102 515.5941 3 0.5151195 1.0657997 5.9668884 71.12996 291.7934 3 0.4349216 267.21805 242.58453 407.13162 491.13837 3 0.41290763 378.96344 228.51274 650.3409 516.77423 3 0.4092237 318.9351 439.25894 480.84427 549.13794 3 0.39302975 483.53787 258.10297 611.8511 506.79852 3 0.2254866 370.4112 22.934372 566.9951 532.08655 3 0.22311182 283.9119 422.37738 502.16678 627.8028 3 0.21671401 377.0516 269.9574 479.9537 552.53864 3 0.20059127 2.8412075 163.15787 48.81228 578.9192 3 0.19899881 333.9681 444.14502 415.28647 551.016 3 0.18710908 242.7015 0.0 384.20358 63.93734 3 0.18701923 252.07669 27.021744 369.1252 382.00488 3 0.17211884 291.80853 59.149048 680.52734 534.6715 3 0.16616885 349.20706 385.15894 497.60184 530.0017 3 0.15079428 491.05322 387.82526 917.4075 538.94635 3 0.14550754 324.49146 0.0 455.9978 349.81122 3 0.14486687 0.59225845 144.3606 40.063057 370.79285 3 0.123076454 404.22156 325.8209 503.35187 535.2875 3 0.119482696 455.40036 135.31534 580.4945 286.59448 3 0.11420029 1.1987915 819.1891 89.52366 1023.36194 3 0.09385783 164.6294 17.600815 609.87 356.52484 3 0.09310991 239.78314 0.45524216 383.7743 32.776276 3 0.087172635 410.64844 144.83038 975.6492 565.99286 3 0.07581851 332.24155 398.3711 429.64743 583.1429 3 0.074600406 398.48184 378.28705 449.74265 516.024 3 0.072771795 2.619625 331.7917 44.73248 690.14105 3 0.062515266 18.306839 0.0 283.86194 612.08484 3 0.05799272 266.63922 278.82065 585.6221 612.75757 5 0.4939021 0.0 154.91168 41.409466 350.85507 5 0.34228545 284.69623 373.4407 1020.3244 1016.2982 5 0.30038786 548.7505 135.36203 777.9431 398.5748 5 0.07714602 9.041183 214.04526 318.7176 981.76245 7 0.9092743 1.1055069 836.9275 88.82344 1022.64294 7 0.50230026 285.06415 364.2121 1019.3294 1016.8133 7 0.42856938 7.848526 213.69647 320.22778 1004.6246 7 0.34626567 1.7668915 4.9147797 69.27907 298.41187 7 0.13230349 40.354538 822.56165 308.14276 1015.9735 7 0.0900559 297.42023 72.281586 680.29083 621.73914 7 0.087436736 0.0 16.80899 579.1435 935.73755 7 0.082052045 333.59613 0.42889023 475.89368 97.27751 7 0.0660535 431.22455 36.359283 1005.08966 647.92554 7 0.061463576 763.5066 158.75896 1006.11487 606.2581 8 0.2199727 331.7568 0.0 476.91214 99.056816 8 0.1795767 545.89465 71.38591 774.8528 409.2619 8 0.10388156 425.79398 9.63887 581.18494 296.1703 ,test/0855.jpg
0 0.18405089 498.97583 410.91418 740.18677 591.47217 0 0.14064266 289.10568 328.95978 887.49097 738.2314 0 0.066885024 936.93207 452.87216 1022.40704 633.81335 0 0.06248674 315.71454 511.15317 755.77606 774.92883 5 0.052816756 935.6621 453.4547 1023.0731 631.8301 5 0.05096686 341.17365 510.9574 621.4565 730.09875 6 0.9982316 246.37958 281.7362 901.34796 778.0398 6 0.16235632 315.68365 476.06006 825.9229 762.60657 7 0.075204626 339.03226 507.17804 594.9166 708.05206 ,test/0856.jpg
0 0.05883996 150.40488 247.70929 935.48413 678.1101 5 0.9770733 161.11588 244.16632 933.702 681.97345 ,test/0857.jpg
0 0.7101733 479.30945 766.10614 633.4087 859.58636 0 0.5813411 213.94589 70.379974 864.99084 645.80774 0 0.17722785 0.0 655.09155 116.11594 1024.0 0 0.05415064 606.02515 945.2398 675.0571 1020.57367 1 0.35409 0.0 655.11914 116.57834 1024.0 1 0.061653335 479.11856 767.9532 633.3971 858.5887 5 0.07288141 0.0 0.0 253.2359 610.30835 6 0.08239096 606.0252 945.1788 675.04816 1020.4827 7 0.87560767 505.27917 559.0909 860.80994 845.0341 7 0.7557333 224.8742 48.923218 862.0068 771.4211 7 0.18143651 225.08176 0.03148651 376.6113 154.90652 7 0.14731413 478.0015 768.8767 646.29846 858.23975 7 0.06727618 249.35095 430.25043 859.6073 654.7535 ,test/0858.jpg
0 0.26482347 99.14694 124.12958 727.38513 844.52875 1 0.9196446 99.32309 124.72339 729.12305 843.6302 ,test/0859.jpg
0 0.66262263 241.40341 116.270996 792.881 712.6866 0 0.20952186 433.45535 645.8081 594.01025 703.94055 0 0.06579138 887.4136 426.44595 1022.37134 449.6017 1 0.3967021 239.8587 118.74841 793.3051 713.94965 2 0.17138961 240.23526 115.59207 793.7439 714.54297 3 0.067518815 427.55933 645.96075 594.2385 702.2812 4 0.056140587 429.60483 645.56067 594.8285 704.2894 6 0.08633832 241.43149 117.6286 793.3595 714.9112 7 0.35391355 429.04504 644.51776 594.68353 704.8973 ,test/0860.jpg
0 0.99673355 415.9533 466.6023 734.5633 735.0154 ,test/0861.jpg
0 0.33707133 872.07587 286.55753 1024.0 846.27637 0 0.247849 900.6269 312.0161 994.2813 462.61688 0 0.10281621 601.13275 552.209 634.472 598.20886 0 0.08799134 898.49304 0.0 961.7372 104.4642 0 0.054359753 848.14557 287.75946 1008.9311 458.57874 0 0.051980488 752.9559 716.9537 887.0579 901.716 0 0.050919972 460.1244 529.9703 637.7117 703.7463 0 0.050837427 939.8795 299.6597 1005.2511 419.8701 1 0.98834807 879.09436 0.0 1023.9846 152.43779 1 0.96508837 920.30005 157.3774 1016.4176 293.1584 1 0.88727033 852.21814 290.67322 1004.5388 460.44495 1 0.7001943 980.8902 109.28438 1023.9803 276.9746 1 0.57395804 980.71106 110.19316 1024.0 155.44887 1 0.34881598 979.77124 69.9069 1023.72253 153.5517 1 0.33641708 926.0769 66.578285 1022.4675 276.4345 1 0.31113744 992.61896 140.30605 1021.28143 224.22945 1 0.3055114 966.3105 143.90723 1016.52704 284.84036 1 0.22848111 981.8001 105.18922 1023.30817 123.35497 1 0.21927467 980.7815 117.7823 1023.84644 140.3821 1 0.1864382 1004.4603 147.69882 1022.8793 265.90894 1 0.18394166 839.572 285.20374 1002.8174 310.0678 1 0.18067479 913.81104 43.11934 1023.54346 423.25574 1 0.13595401 879.4297 143.38449 1008.86633 466.22244 1 0.13547443 974.48755 152.15471 1003.7705 256.18335 1 0.13444827 1001.7278 271.9864 1024.0 554.5067 1 0.12047701 980.686 94.28635 1023.45013 131.43227 1 0.09997251 1008.73773 185.95638 1022.6092 270.35828 1 0.096947044 999.74286 151.13968 1022.8317 207.82721 1 0.08370724 982.4413 117.02336 1022.2462 194.42357 1 0.076565854 906.281 319.53583 982.146 456.82855 1 0.07228999 998.6236 170.0192 1018.7902 278.96753 1 0.07217475 898.5475 0.0 961.6372 150.95474 1 0.05000702 989.23956 131.01222 1008.785 258.18463 5 0.073164865 601.13275 552.209 634.472 598.20886 5 0.05110829 443.81488 533.2967 905.47125 859.7735 6 0.15735915 442.82056 536.1436 906.3368 856.8072 6 0.14933904 469.68628 0.0 852.79114 200.34973 6 0.08611971 426.2088 174.89261 870.2298 566.4208 7 0.9827922 460.10245 530.0404 638.29047 703.85815 7 0.95347315 602.26874 538.0045 756.9682 687.2051 7 0.9097714 428.70554 164.73985 876.38696 597.2686 7 0.23641853 454.8749 283.94427 751.25244 694.8599 7 0.23157674 587.0072 340.5649 751.70386 539.8919 7 0.18582626 432.79163 338.09814 905.1935 865.4971 7 0.14221314 584.25037 549.9823 638.9645 674.541 7 0.10925817 689.8442 572.0427 755.49493 681.9855 7 0.106657 448.047 526.7821 813.30005 862.5349 7 0.07211517 582.441 530.5605 748.0706 611.8929 7 0.062184516 594.64856 256.66534 944.8174 705.0245 7 0.06046976 601.13275 552.209 634.472 598.20886 ,test/0862.jpg
7 0.995529 131.39453 212.55624 948.895 566.0145 ,test/0863.jpg
0 0.9884207 401.4616 470.83337 556.56085 639.45886 0 0.2831108 385.66376 636.5512 475.81226 679.3985 0 0.102631316 178.19485 496.56265 290.39478 624.8953 1 0.06112821 401.33218 471.36066 556.3786 640.1702 1 0.050722502 875.61505 646.115 957.2994 691.6858 3 0.14372757 653.27075 979.6618 732.7261 1024.0 ,test/0864.jpg
0 0.95543253 5.0369263 13.699799 1024.0 1004.4591 0 0.65180296 350.21606 948.15674 571.71387 1023.91064 0 0.45034838 0.0 5.2628784 673.17206 603.5279 0 0.24921115 750.9823 810.7687 805.0017 872.4957 0 0.189973 360.11667 171.43042 1017.46313 911.2577 0 0.12402378 360.8018 0.0 1003.7058 288.4983 0 0.09782557 720.7925 926.4862 1020.3712 1024.0 0 0.0927669 570.54156 907.23425 593.91644 946.58826 0 0.06368597 17.06723 186.25003 896.75757 725.6958 0 0.057934087 320.91003 953.0814 810.6522 1024.0 1 0.4233974 486.88696 583.42993 878.901 948.963 1 0.15540144 537.69275 731.98914 1020.5802 964.4696 3 0.35164225 484.54242 581.8154 881.3868 941.9944 4 0.3546237 483.68542 582.2877 894.6365 943.86584 4 0.10453052 811.55475 653.1556 982.16595 800.4819 5 0.9872463 10.153229 588.07556 539.9658 1004.02515 5 0.76098233 455.553 585.13116 979.75256 968.68475 5 0.25864762 809.44006 653.77185 982.9066 799.9374 5 0.06477192 353.4434 949.61957 571.9625 1023.7111 7 0.9494361 2.0875244 608.63727 63.776863 715.61237 7 0.23072088 0.0 703.7012 39.424026 867.92285 7 0.05825866 350.89197 949.65796 573.4042 1023.9138 7 0.052554004 486.0254 582.5313 882.0123 944.34674 ,test/0865.jpg
4 0.9984397 1.4199142 345.38852 179.05017 1014.6156 4 0.9983033 168.20845 348.59647 352.12384 1024.0 4 0.94551766 339.29556 573.3685 672.0852 1009.1052 4 0.8854479 506.07703 263.53745 995.0631 985.83923 4 0.87720454 351.8505 604.7045 501.85934 988.43097 4 0.5852865 320.5862 314.04428 523.7786 1017.41626 4 0.44417453 568.9204 552.5493 921.6841 941.6102 4 0.40791303 457.85382 600.9762 650.091 966.463 4 0.40706673 174.54373 346.1073 335.65082 625.31714 4 0.36827388 150.09799 330.68433 721.69055 1011.8971 4 0.29716405 697.63513 331.58487 927.402 954.5615 4 0.28988746 563.0603 573.4077 695.3251 907.0764 4 0.28053916 110.30345 779.2602 189.25139 926.821 4 0.23883255 577.9392 257.62204 811.55505 950.0752 4 0.17999582 305.12402 312.4852 687.9457 734.73926 4 0.17166528 435.54382 580.8129 806.09827 994.0693 4 0.11124037 276.4436 290.73392 404.44714 409.2161 4 0.09129166 777.864 303.52832 1006.51514 944.7825 4 0.06021697 646.29034 584.0419 772.3581 869.20056 4 0.05294689 22.272614 805.80023 190.44254 1024.0 5 0.1206146 147.43936 286.29657 1012.58057 1024.0 5 0.09362825 108.67018 780.7472 188.81902 926.7517 5 0.059040934 536.12317 258.6213 990.0265 986.1083 ,test/0866.jpg
0 0.95471257 381.78983 570.37585 475.23514 623.1604 0 0.5699539 112.58269 749.37384 395.7207 775.06964 0 0.41189831 223.08359 451.1277 359.9783 527.3235 0 0.20904262 0.0 732.68994 47.629898 873.43164 0 0.17599829 383.47574 566.1285 591.8228 628.7602 0 0.07474224 273.21774 572.29694 517.50696 619.99835 0 0.051901393 323.661 751.66205 376.45703 782.88995 0 0.05124638 200.15489 752.90857 372.5631 772.95996 1 0.99715376 110.66907 117.178314 926.1022 796.92883 1 0.86987597 223.19415 451.1593 359.66632 527.46564 1 0.8377146 488.14703 180.69135 927.8433 785.1422 1 0.7399675 168.91396 130.41006 644.4968 681.2599 1 0.2588112 125.893585 560.41174 645.1858 778.2374 1 0.18839388 0.0 732.5701 48.096558 874.2369 1 0.057469144 122.69661 571.61084 406.19135 766.4878 1 0.054236956 177.00085 185.26407 386.38232 583.4088 1 0.05349293 137.93423 178.75357 445.57022 778.9729 2 0.78444153 0.0 732.50946 47.209568 874.11163 5 0.058013476 0.0 732.4365 47.78241 875.6787 5 0.05745918 112.34175 750.5548 398.05872 777.29126 7 0.27942702 0.0 732.4365 47.78241 875.6787 ,test/0867.jpg
1 0.9995747 72.07089 186.0924 652.7167 962.74744 1 0.6919625 1.4948158 515.1447 126.70442 776.8547 1 0.56944466 315.24768 775.91785 351.7553 881.4884 1 0.20451479 331.05145 789.80994 351.62152 878.12756 1 0.18643995 304.48465 751.88934 342.64554 788.61066 1 0.1523779 91.82674 175.26582 475.36877 569.1587 1 0.13148113 103.519035 473.75485 351.2477 927.0984 1 0.11493324 429.84732 203.9851 469.71243 247.59143 1 0.07387577 306.6691 748.1698 347.25754 854.1074 1 0.070962176 0.0 514.85175 265.0338 791.207 7 0.99963844 685.2286 95.0747 863.1552 324.9555 ,test/0868.jpg
4 0.96180797 218.83878 194.87231 712.6709 825.9251 5 0.14947042 219.18098 193.09302 711.3917 820.5873 ,test/0869.jpg
0 0.36265925 71.83551 366.0965 260.27872 606.5958 0 0.213035 228.8374 234.92232 842.5856 628.89404 0 0.1481774 91.3508 205.14368 631.93164 593.3317 0 0.08776377 129.92073 213.91158 222.60582 374.9442 0 0.06703365 122.0919 290.32193 383.64294 604.10046 1 0.44119313 61.56002 365.47684 260.01837 606.6537 1 0.25036833 73.975555 199.34302 619.339 583.62805 1 0.19756523 146.6084 237.9841 874.3917 661.96875 7 0.5290599 163.33548 230.09503 843.26794 625.6973 7 0.21287565 129.50778 213.72318 222.79529 375.0955 7 0.11739977 83.346924 182.55766 606.2692 586.9475 ,test/0870.jpg
0 0.99253076 479.055 249.60065 758.8333 443.38385 0 0.9327099 502.2869 423.33963 646.8895 507.34683 0 0.9234856 553.86414 335.89728 748.04504 434.56787 0 0.706047 604.8015 235.23303 765.6227 324.74628 0 0.5902182 699.90985 285.63214 769.0909 333.48077 0 0.11890936 952.19025 948.96436 1023.6701 1002.1201 0 0.099133894 515.1877 386.51917 553.21295 419.34473 0 0.07224728 778.95514 837.6904 822.9692 885.1002 0 0.06384122 612.5971 512.61816 652.5483 539.77625 0 0.060927592 609.9912 509.98343 682.78723 562.4655 0 0.060749285 668.95044 416.97473 862.58057 531.9878 1 0.2289357 699.8289 285.68222 769.1922 333.45212 1 0.10147701 732.69006 1.8199158 1022.0762 213.41788 1 0.08818349 604.4758 235.7029 765.1122 322.10864 3 0.548363 389.88934 477.79163 842.9462 771.10754 4 0.6656129 331.8269 426.86847 846.5028 775.4671 5 0.9458621 733.9584 1.3112259 1023.5471 213.69888 5 0.65058726 332.93704 426.5451 846.0127 773.2404 5 0.41364524 668.95044 416.97473 862.58057 531.9878 7 0.9119657 959.81683 883.3525 1024.0 963.5549 7 0.09995517 603.03174 235.89311 764.32153 318.9809 7 0.056699924 548.798 336.26035 748.5437 434.56552 ,test/0871.jpg
0 0.112881914 843.7686 0.0 1023.7365 259.0742 1 0.8898698 843.0637 0.0 1023.99927 258.0891 1 0.11278097 851.8095 0.0 1023.0882 133.96786 3 0.99884987 181.8826 250.12152 765.5985 722.1461 6 0.87797594 19.64502 0.0 818.61816 285.28845 6 0.11375053 843.7319 0.0 1023.83344 257.4656 7 0.13491347 15.522156 0.0 805.44806 279.14984 ,test/0872.jpg
0 0.43053156 171.24423 623.8811 449.65475 874.57434 0 0.12939425 440.24677 377.21735 593.3653 664.3476 0 0.10805413 515.9557 304.7988 736.4874 380.64822 0 0.067346714 441.24496 499.0382 673.32733 785.72864 0 0.058660444 234.61261 485.99902 471.3357 665.24475 0 0.054903165 661.46497 1.7378387 1024.0 386.91516 1 0.42442435 661.92163 0.9841614 1024.0 387.1288 1 0.32379264 166.1117 441.39697 646.5578 880.61816 1 0.18592846 442.12854 373.2301 592.24976 701.0813 1 0.14840782 442.98468 493.60565 673.49445 808.1121 1 0.10249904 171.19844 623.2263 446.26044 874.1731 1 0.06537375 98.538666 84.28772 675.02637 892.84863 2 0.25084695 661.45935 1.4424896 1024.0 387.00696 3 0.1438972 515.43304 304.7105 737.7955 381.2295 3 0.12485598 304.1823 106.958664 630.2605 421.15222 3 0.06986296 661.46497 1.7378387 1024.0 386.91516 5 0.17858231 662.67175 0.2738495 1024.0 387.41742 5 0.15506028 308.74402 105.13814 628.3294 458.23535 7 0.15587255 171.19844 623.2263 446.26044 874.1731 8 0.99943954 654.9606 466.27484 738.5686 807.23883 8 0.9710957 236.68459 487.43964 482.922 665.5872 8 0.9569801 515.287 304.56522 736.8164 381.17776 8 0.6944442 447.7447 495.82147 674.81683 829.01984 8 0.526224 442.12854 373.2301 592.24976 701.0813 8 0.41374868 171.87169 622.4225 449.1646 874.7982 ,test/0873.jpg
0 0.5600709 204.83374 415.91882 264.2677 513.4444 0 0.5171251 174.65692 414.33536 266.0849 585.807 0 0.30973148 110.475204 631.64404 214.27013 812.4353 0 0.23453431 699.93787 429.03647 755.4852 444.69986 0 0.19168922 86.34009 558.15173 219.48538 868.056 0 0.17114528 85.986786 621.48596 178.5839 793.40625 0 0.14585625 154.91208 414.20676 251.92584 668.45996 0 0.11715054 580.6757 505.4916 650.0545 562.84717 0 0.097553775 116.57822 407.9433 243.88193 841.1673 0 0.09428388 0.060058594 735.84375 140.42633 834.6344 0 0.087285146 2.1001053 623.8834 200.43726 818.4756 0 0.080525704 13.169968 419.67035 455.35608 559.1771 0 0.06344794 343.10648 408.85123 419.91684 452.08414 0 0.053371813 76.80491 417.02573 272.6534 560.78406 1 0.9581522 429.88797 426.13693 926.70496 592.19 1 0.75853324 599.766 553.6554 1018.76294 675.27563 1 0.7564024 48.596375 414.33667 1024.0 803.07043 1 0.6322055 391.9451 418.3648 1024.0 689.14484 1 0.6278569 130.27069 415.55554 567.3443 784.76245 1 0.42263755 855.91833 426.66827 1023.9238 626.71735 1 0.3332594 294.9972 410.46173 567.0981 502.87653 1 0.28645003 437.23004 457.1871 651.75116 569.2582 1 0.27497172 16.895325 410.19635 889.627 584.63043 1 0.23092642 471.61438 484.48416 1019.4387 629.64905 1 0.2181837 32.285583 418.01135 499.48993 557.4572 1 0.20523536 683.57666 415.58276 1013.70374 618.50085 1 0.20393687 179.54984 638.484 1010.17896 818.5758 1 0.19638744 579.5271 502.6381 648.8867 565.1271 1 0.18367042 244.85721 708.0803 992.5436 803.79614 1 0.17831081 672.3499 665.7969 984.53534 723.46875 1 0.17721982 157.87343 537.5216 651.5248 748.81274 1 0.14783987 398.5812 409.21725 555.5853 534.0801 1 0.119184464 415.27386 420.74432 913.3792 514.8569 1 0.10749898 194.82376 680.83 1015.4436 762.17377 1 0.10555596 327.94928 407.8035 446.18054 542.7222 1 0.10431674 543.729 472.0246 827.8229 589.64923 1 0.09425734 93.4613 414.07486 620.97766 514.16504 1 0.09245308 640.89557 735.0322 839.6849 805.13684 1 0.080975786 515.0753 421.1312 829.72473 494.51248 1 0.07460431 616.3009 641.13696 1015.8617 749.86633 1 0.07445756 327.4465 404.5876 620.8236 562.6301 1 0.069795296 636.1699 718.78955 976.53345 788.5493 1 0.069237664 597.0645 695.4142 1024.0 744.0477 1 0.064900815 448.4461 721.7925 869.3964 804.3955 1 0.061083354 589.8478 452.68887 916.647 567.0138 1 0.059299845 398.24066 453.88644 734.92316 720.1011 1 0.056412455 577.1315 595.9063 1018.7422 719.4008 1 0.055858072 499.90665 461.1199 823.9874 509.78403 1 0.05477814 565.8452 539.217 910.18066 603.34503 1 0.05247225 802.30035 511.85587 893.9152 575.2439 1 0.052148283 619.1809 475.75052 801.3186 508.6517 1 0.051041216 712.0078 417.29306 901.7916 593.23 2 0.06858995 128.44221 409.37567 557.56915 809.19525 5 0.05897064 81.2572 505.55878 225.97299 877.0025 5 0.0566828 241.57056 727.5351 457.39075 814.09296 6 0.1478315 10.422928 418.6628 271.62653 564.47327 ,test/0874.jpg
0 0.89092946 654.09985 661.3642 724.9839 727.2552 0 0.30218056 649.3815 654.5556 825.0646 726.1474 0 0.2626272 32.585133 478.33136 61.178524 515.4443 0 0.19802602 701.7797 653.7739 844.2054 690.60645 0 0.18796661 340.0923 985.4272 403.55762 1024.0 0 0.10539517 550.9096 70.46912 1014.79974 666.9041 0 0.10040149 656.4804 539.1163 841.717 733.4942 0 0.09509071 398.13324 576.3768 414.9333 652.10516 0 0.09108379 400.89883 627.0136 606.2781 681.39813 0 0.07908362 394.1148 642.16223 423.22046 740.78796 0 0.055229377 559.3186 468.78967 622.97217 564.78625 0 0.05386664 378.61096 467.17398 603.648 654.2329 1 0.9266255 546.9187 68.93762 1014.7731 666.05676 1 0.59053177 691.9828 528.6984 837.329 692.16595 1 0.42837638 698.33795 581.0766 731.5689 665.7159 1 0.3113742 573.3158 485.77457 834.5189 676.5558 1 0.30820712 125.19916 564.78906 408.0561 916.4696 1 0.17691934 697.7583 575.26575 764.8822 667.2389 1 0.102699555 553.7882 429.1208 740.6282 669.9908 1 0.06734523 701.3502 585.19855 824.1907 672.3355 1 0.066375464 550.1754 247.33012 833.95276 659.2833 2 0.30256915 125.19916 564.78906 408.0561 916.4696 5 0.13937056 393.78754 642.94336 423.46515 740.55444 6 0.97633433 345.52805 342.08893 603.4603 676.31146 6 0.8336146 126.13051 564.0103 407.41345 915.2524 6 0.682014 353.56036 338.44315 555.8649 495.35995 6 0.5960797 384.66888 468.2489 603.2948 658.7637 7 0.9979297 131.68524 215.54428 361.44617 571.8462 7 0.995965 32.636818 62.378433 220.69977 522.0286 7 0.83701617 303.56177 290.72043 449.6338 401.80887 7 0.6879553 702.71344 477.38104 822.44305 668.78815 7 0.21941656 308.00354 245.61728 441.84222 460.69522 7 0.17512742 660.1392 498.25894 840.2646 733.7988 7 0.12883675 713.5975 491.4436 806.1088 607.4701 7 0.117366046 709.7774 545.6977 825.62384 611.04694 7 0.07648987 394.1148 642.16223 423.22046 740.78796 ,test/0875.jpg
0 0.083218075 352.10284 275.95947 862.3305 630.53064 1 0.8548669 358.05865 275.95224 861.6602 624.2052 2 0.30215576 356.45056 275.3021 863.2267 623.37646 ,test/0876.jpg
0 0.1778533 0.34534073 241.74045 56.183006 325.3564 1 0.2267344 0.34534073 241.74045 56.183006 325.3564 5 0.9998671 224.54774 458.5772 575.56635 717.3182 ,test/0877.jpg
0 0.9998559 342.38055 443.14908 633.4313 650.6661 7 0.95157886 577.27454 467.69458 627.7529 517.7624 ,test/0878.jpg
0 0.6226414 250.89673 406.15253 486.83527 527.69995 0 0.3459048 122.83911 338.55743 532.77734 651.5662 0 0.10094395 355.83704 459.06024 488.06964 523.6457 0 0.06333036 250.88974 345.24347 547.7615 512.99255 0 0.050854802 153.1742 438.19943 493.29572 613.4388 1 0.99551207 135.67776 327.44763 819.57947 755.5006 1 0.47157392 120.69029 338.77386 535.9799 654.3327 1 0.066759646 441.2047 374.31232 823.6771 752.5153 ,test/0879.jpg
0 0.99285686 267.6648 220.57393 827.7893 650.20557 ,test/0880.jpg
0 0.99579537 0.0 701.71606 303.67715 1019.57446 0 0.79059964 517.70105 217.94101 567.09827 256.3701 0 0.30241057 0.0 727.75635 573.45544 1024.0 0 0.199352 2.1467743 481.83386 388.5442 1024.0 0 0.197033 270.74637 857.34735 512.5745 1024.0 0 0.115415886 644.2779 900.5945 692.5656 932.0792 0 0.112269975 642.43994 873.82825 736.1913 933.1544 0 0.09678723 520.47095 611.4388 600.50134 636.701 0 0.09629816 500.09097 203.69847 565.77936 243.52397 0 0.087347336 0.0 705.8286 148.03725 1013.2977 0 0.05175958 609.3775 160.71953 621.0667 192.29509 1 0.5940084 644.2605 900.16296 692.0598 932.011 1 0.3064409 643.3096 884.5488 723.621 932.37036 1 0.22196935 520.4885 219.57504 566.2771 257.07495 1 0.05592677 639.9941 866.24896 759.0546 931.98224 5 0.9842816 562.2061 167.50243 627.8199 265.88745 5 0.11640437 270.74637 857.34735 512.5745 1024.0 5 0.0886261 612.4508 196.4033 627.1852 269.8014 5 0.08266057 518.7696 219.28125 567.0312 257.1615 7 0.9996805 142.72476 183.88719 662.8861 642.8073 7 0.9994678 289.61377 531.62683 724.40497 927.02 7 0.9952382 0.5295181 282.6743 147.66425 404.4885 7 0.52114016 519.1864 611.0266 603.0812 638.38464 7 0.4020837 513.6719 572.1352 609.9962 640.9704 7 0.21599606 0.0 727.75635 573.45544 1024.0 7 0.1961927 642.49756 871.8609 736.9487 933.75336 7 0.11276237 644.49884 899.70056 693.64374 932.11975 7 0.09698882 102.642075 320.99265 157.53282 375.57498 7 0.07811112 11.504829 287.5763 117.350136 363.54816 7 0.07644845 2.1467743 481.83386 388.5442 1024.0 7 0.06762536 547.26263 166.8188 660.0262 386.88422 7 0.06577998 596.18677 580.78394 644.69556 628.99817 ,test/0881.jpg
0 0.15979289 315.85214 211.12639 686.2124 605.1316 0 0.055434883 307.4978 215.39478 1006.01697 687.79364 1 0.10160004 313.63712 214.42317 685.3677 604.406 5 0.082163855 313.8081 214.38704 679.3633 603.7549 7 0.31432226 313.63712 214.42317 685.3677 604.406 ,test/0882.jpg
2 0.99917054 186.50253 373.83908 742.13086 768.484 7 0.9725398 496.0302 219.09312 823.6872 563.6495 ,test/0883.jpg
0 0.62064695 675.6512 529.8582 709.4808 590.93475 0 0.3408987 818.6078 267.05292 905.6974 372.57104 0 0.09460763 968.5874 433.27692 1023.18884 514.9268 1 0.067821614 675.4453 529.9051 709.51685 591.0157 6 0.9978824 219.21959 540.6665 403.70837 706.50684 6 0.116713144 272.42258 543.72974 405.55893 645.1864 7 0.9998493 658.5826 292.906 914.99664 821.2427 7 0.99956733 149.3247 370.1873 390.98676 610.2777 7 0.99955696 364.9702 123.807434 710.25195 930.5435 7 0.84594816 864.41504 365.68723 902.5187 457.7736 7 0.10091321 675.5017 530.6946 709.30896 590.604 7 0.06430195 489.12686 38.60872 704.6016 307.73816 7 0.05639525 514.67487 58.417473 659.1868 202.6547 7 0.053261466 154.39555 366.44955 295.69232 516.37683 9 0.2765675 818.411 267.25867 905.9675 371.25073 ,test/0884.jpg
0 0.8822479 492.27585 503.36865 611.516 638.5786 0 0.7198999 576.1911 642.69666 676.9266 711.0819 0 0.22036797 541.4951 649.30835 596.5542 705.73206 0 0.15408053 908.8418 36.303318 1021.2522 153.76195 0 0.12302352 487.69446 483.04514 750.8677 653.15735 0 0.10370527 496.5833 525.26514 650.46844 708.1737 0 0.10142777 522.8395 647.98804 636.39404 707.2106 0 0.10112713 649.53894 422.58932 833.77246 573.81915 0 0.08311107 564.46936 385.91913 694.5382 533.2473 0 0.07304468 372.05872 338.53418 713.81006 624.101 0 0.06816719 390.45688 458.09335 790.4613 796.14685 0 0.060671102 564.0097 339.39526 707.43097 434.89795 0 0.058333527 523.6353 396.3862 744.48175 622.0683 1 0.1748076 558.9326 400.16833 693.41504 475.9972 1 0.08676508 575.59204 642.9773 677.5022 710.9072 2 0.054377593 577.62415 642.42755 674.5427 712.503 3 0.2518669 368.27524 456.90552 517.45044 627.9763 3 0.056448977 544.9633 396.52563 693.2736 480.0478 4 0.2520123 562.2114 343.6662 705.9984 462.82324 4 0.06444286 544.9633 396.52563 693.2736 480.0478 4 0.059446424 368.1932 455.25134 517.27905 628.20374 5 0.9001601 557.70544 336.63165 705.1908 476.8684 5 0.88460433 368.65247 456.20532 516.95575 627.3812 5 0.18595585 565.8912 355.34433 700.47186 431.70737 5 0.17811885 560.1652 399.5846 693.47076 476.53766 5 0.12273546 588.53705 524.0827 751.72943 652.2067 5 0.07513238 560.0641 371.4673 685.4037 534.2962 5 0.071359165 560.5863 356.11343 729.48706 656.1145 5 0.064240105 370.96146 457.7174 688.38477 630.578 5 0.061169375 515.12714 472.86514 588.29877 501.71152 5 0.058393124 490.3905 490.69733 754.91406 653.9128 5 0.05792609 509.34857 467.1941 607.5247 516.4488 5 0.057382524 491.1256 502.16702 611.64734 637.79535 5 0.05264255 510.59406 388.80563 570.1844 437.7424 6 0.93018365 29.724213 260.41174 672.8739 604.25146 6 0.8285073 118.318115 370.34842 925.77466 815.4806 6 0.16536574 444.00864 255.35687 714.5393 439.7497 6 0.15353529 49.15808 421.86334 572.3879 625.38214 6 0.12245863 538.229 252.6464 712.9287 356.28824 6 0.08960803 336.35336 468.67596 854.8959 803.8719 6 0.06177824 661.414 317.57556 931.31635 565.4646 7 0.98796564 660.7529 421.83508 831.1138 569.0221 7 0.6234652 501.80902 502.3345 752.61554 649.5898 7 0.1512432 489.43274 502.19177 626.6998 643.91113 7 0.12113447 559.6503 389.00928 720.72833 680.3113 7 0.1127887 582.3514 504.11002 710.7149 670.1465 7 0.10812341 576.10876 642.81024 677.1343 711.50006 7 0.09401775 524.42883 403.66635 796.7074 577.1507 7 0.0653833 574.222 454.8666 668.0986 527.3018 7 0.056268595 516.14417 433.70877 826.2816 686.4347 7 0.051451355 567.94775 354.89282 699.9612 552.9824 ,test/0885.jpg
0 0.6927102 325.3712 554.17316 399.8582 581.8266 0 0.61221963 823.4875 411.87494 921.72125 458.82318 0 0.30981144 300.4909 530.37177 401.7334 580.0119 0 0.2495283 522.6721 5.2934875 613.6935 372.305 0 0.20474942 360.541 417.12094 417.13962 428.26718 0 0.18648651 268.39935 502.80704 426.4319 577.20996 0 0.14438923 404.7452 544.9721 465.67545 577.747 0 0.13843332 402.41852 357.55566 677.2209 554.83716 0 0.106442966 274.3545 545.1234 317.8617 568.28186 0 0.09485881 326.77875 533.7348 387.13324 569.9406 0 0.090368174 434.72302 369.67917 556.4212 495.13358 0 0.08483166 608.26904 571.1365 722.8419 662.73364 0 0.0767144 358.7194 504.82443 428.42935 556.0702 0 0.06724163 297.3361 492.45654 404.8138 541.1334 0 0.065101 407.02325 538.453 506.6407 554.96045 0 0.0648308 388.25806 504.72424 423.73157 545.6262 0 0.05797342 157.49245 504.31158 223.97603 538.5994 0 0.05278684 310.6719 493.8741 384.80704 519.48596 0 0.05177519 355.00058 512.53955 406.57034 544.629 1 0.9442895 341.3507 341.88052 683.2295 551.7954 1 0.5193767 587.6514 565.2434 717.83685 663.3108 1 0.45020998 338.80338 366.06787 557.4576 504.63605 1 0.43993464 269.53653 495.02005 432.31772 578.7837 1 0.38727745 345.11508 406.5682 442.8381 506.21793 1 0.28686237 573.3957 541.15936 696.11774 573.3692 1 0.27667108 321.9699 390.72662 364.65173 475.56903 1 0.2521646 308.2782 492.17776 383.6421 530.1769 1 0.18675445 282.72784 500.58963 406.08026 541.70636 1 0.18664445 624.175 548.45056 691.5284 574.2383 1 0.17200352 300.4909 530.37177 401.7334 580.0119 1 0.16173026 569.32153 538.93097 632.95386 566.97626 1 0.1527572 564.8065 536.2644 724.66724 585.76245 1 0.14444226 492.94107 376.04816 683.6866 546.7176 1 0.12438041 365.5477 505.22095 426.14975 547.11646 1 0.12421082 325.2332 552.3959 401.86887 582.20715 1 0.12148106 392.0611 506.40192 426.72937 536.87225 1 0.112636834 311.4409 388.78668 383.00748 535.11475 1 0.105200835 497.8825 528.8319 718.73785 660.04565 1 0.09648033 326.03024 508.09302 419.20505 573.672 1 0.0964262 407.02325 538.453 506.6407 554.96045 1 0.09459342 400.89938 538.3724 508.61826 568.9677 1 0.08545231 567.2451 558.7488 708.845 586.1073 1 0.081843026 823.3494 411.8722 921.482 458.8211 1 0.07015238 318.5667 494.134 398.46698 515.3233 1 0.060968846 326.77875 533.7348 387.13324 569.9406 1 0.05945901 404.6969 546.2909 467.28638 576.22986 1 0.05944371 355.00058 512.53955 406.57034 544.629 1 0.05859355 382.7696 353.77228 499.9323 535.5805 1 0.05646459 312.9162 484.07077 471.33606 589.1987 1 0.055683468 303.32553 513.61017 372.74326 533.88275 1 0.05200346 427.94086 385.5478 559.33813 499.86914 3 0.056679837 401.50378 542.9241 469.24066 579.6057 5 0.3485264 402.24918 546.4918 473.9125 577.8616 5 0.24741805 260.08133 494.0392 296.35794 534.5946 5 0.07293812 273.88547 498.38165 310.61447 535.3106 5 0.050316207 400.89938 538.3724 508.61826 568.9677 5 0.05031492 400.32764 547.39716 453.93402 569.0401 7 0.99639434 451.23447 531.7072 579.22534 614.38666 7 0.9605236 417.2965 388.11102 611.281 545.9247 7 0.51579964 823.60516 411.9984 921.98456 458.93567 7 0.160043 427.94086 385.5478 559.33813 499.86914 7 0.15463838 440.76352 422.5058 487.03568 489.49493 7 0.11935234 325.2332 552.3959 401.86887 582.20715 7 0.10765811 305.63022 534.18176 399.83267 580.27625 7 0.07754353 268.94708 495.39545 433.1706 576.93976 7 0.060471535 438.54178 387.97565 507.44778 492.79083 ,test/0886.jpg
0 0.19334374 401.37323 236.00917 476.20282 319.75668 0 0.12005139 382.5326 24.029587 498.75928 324.2423 2 0.1662331 382.8719 48.29927 499.8791 246.05464 3 0.10830323 401.37323 236.00917 476.20282 319.75668 5 0.6067221 382.8625 22.91513 499.67456 323.51257 5 0.58600044 392.40665 21.405434 497.61288 85.64334 5 0.097695835 401.37323 236.00917 476.20282 319.75668 9 0.9738178 167.89279 16.505066 743.4109 954.32294 9 0.45864713 166.88925 118.88336 273.35312 972.78864 9 0.23080741 639.1237 87.21994 750.9815 949.0908 9 0.18750088 421.62814 40.639526 693.0735 919.4931 9 0.13262236 556.6934 67.93475 717.1125 915.8785 9 0.063434854 374.6214 22.514008 565.2066 328.13254 ,test/0887.jpg
0 0.11526408 586.6523 761.5414 628.9827 780.5453 0 0.053181108 571.5192 687.79095 608.9898 760.82184 1 0.42178303 570.3672 605.3822 836.3684 779.54175 1 0.13503991 573.80914 686.40466 607.4699 761.57935 7 0.99632484 419.74725 263.38013 819.01434 787.83655 7 0.34524974 735.826 670.13684 829.0003 773.3722 ,test/0888.jpg
0 0.7336832 222.39247 481.29724 310.87842 630.661 0 0.36533302 204.51505 478.03217 432.76724 580.0716 0 0.21516545 193.44707 425.07532 509.3399 582.9977 0 0.1724998 192.33765 440.39365 489.29614 509.93503 0 0.14507028 218.78209 471.08252 505.32867 638.36804 0 0.13185261 201.28015 394.8132 269.8413 585.5275 0 0.12861952 579.875 422.73508 651.94727 493.36716 0 0.091200545 206.6178 434.12268 369.2956 598.45215 0 0.09002941 576.21106 350.99542 779.937 529.8974 0 0.06778726 201.42955 408.74594 443.0244 710.93713 0 0.066187456 109.55788 540.801 301.36646 636.9591 0 0.0643433 233.4366 533.67944 299.78085 613.2938 0 0.06330241 180.36496 410.78574 494.00583 486.0414 0 0.059610393 769.7846 298.34116 805.97516 396.28366 0 0.059052788 691.2622 249.40224 867.6813 301.46973 0 0.0516806 193.40436 439.38177 283.2224 494.99847 0 0.051546503 75.31889 443.7054 578.9982 673.2145 1 0.9893055 259.5022 348.55453 503.09888 450.37436 1 0.97607327 65.91858 387.91583 635.2563 768.1468 1 0.9575028 76.80527 571.4945 734.65735 958.8474 1 0.8511889 218.7723 445.1621 576.4601 672.67834 1 0.67416304 591.024 264.00803 910.44025 531.69946 1 0.49893323 522.45044 262.90936 924.4038 700.67645 1 0.37755662 517.9655 620.25714 632.086 785.0113 1 0.3737347 115.56555 579.2936 619.8455 795.00183 1 0.32165053 764.2228 465.16922 844.8307 540.6871 1 0.31620657 193.27408 429.6073 492.65707 493.34967 1 0.28597903 210.22366 352.92795 494.99667 625.71387 1 0.28026727 618.5832 263.45654 897.1838 392.74725 1 0.2400169 243.40869 287.29282 312.8935 397.30997 1 0.23074105 204.76108 399.61813 486.08243 463.4031 1 0.22280209 543.2131 514.12317 598.5915 607.75415 1 0.21649891 690.95306 249.15416 868.46014 301.94186 1 0.21097285 504.5794 501.11 625.86395 788.69214 1 0.20919447 266.0562 495.35205 621.34204 765.75146 1 0.17908768 557.1536 483.2577 632.3016 614.7739 1 0.1779514 482.11887 361.0368 642.53284 696.25616 1 0.17344868 490.99982 351.09195 596.64716 618.3113 1 0.16055167 155.46803 549.76697 243.4814 594.6625 1 0.13819733 67.23841 425.42203 283.5295 634.80963 1 0.13295084 519.68964 685.25555 611.5063 786.16705 1 0.116603546 0.6616745 424.79492 137.91492 549.3299 1 0.1092998 307.95258 448.1056 549.3202 568.00226 1 0.10719805 192.75119 389.04428 267.8622 433.26425 1 0.09225031 516.4084 439.5957 621.69696 605.84656 1 0.07148911 91.529755 407.0841 380.2369 688.2798 1 0.07055807 579.9395 500.5221 611.49164 592.4586 1 0.064758964 0.33721924 320.89096 96.83337 551.8272 1 0.055045288 576.21106 350.99542 779.937 529.8974 1 0.050791632 576.078 487.11444 635.8992 716.2703 3 0.17585674 569.3808 263.61743 915.623 688.5878 3 0.06476503 568.41315 354.51337 786.165 666.13525 5 0.10993681 238.63564 606.292 294.7447 638.4071 5 0.08126857 576.21106 350.99542 779.937 529.8974 6 0.08965175 74.33816 436.1726 252.76709 588.4487 7 0.9850515 0.5740204 827.80396 316.83447 1022.6797 7 0.9224198 11.1317215 901.95264 191.03864 1020.2765 7 0.08401999 579.875 422.73508 651.94727 493.36716 7 0.05963483 1.8922653 990.82996 90.48766 1020.7803 ,test/0889.jpg
5 0.9984457 259.21417 161.20387 684.6017 491.96545 7 0.06743431 262.86337 205.59335 318.84836 438.77365 ,test/0890.jpg
0 0.996591 882.32544 547.38715 932.3789 613.3547 0 0.5260698 669.9387 736.7352 759.761 779.50903 0 0.37300277 873.3313 442.75494 912.3749 524.5841 0 0.18232095 890.5454 461.42352 914.4275 518.3112 0 0.16517957 885.1001 458.62668 935.5729 619.43115 0 0.09281474 856.0646 401.8705 907.254 518.8277 0 0.08056917 859.4326 421.74765 901.4103 473.6003 0 0.07974932 457.49533 730.4871 871.45447 854.70074 0 0.07262106 653.4798 740.48804 863.0008 855.0029 0 0.07156901 478.09222 726.4487 761.137 787.355 0 0.07079481 874.2221 443.62955 903.14667 486.30887 0 0.06610237 858.04297 438.64172 900.9646 460.47205 0 0.062743895 355.613 600.8919 888.5409 839.78534 1 0.9966091 404.08975 198.53256 783.38074 402.30453 1 0.99518025 358.406 383.79462 966.3369 748.6613 1 0.6632994 651.38654 739.6994 864.408 854.93256 1 0.4448239 352.80975 585.34906 929.92914 740.14435 1 0.29716632 761.1019 742.3427 847.9 779.40436 1 0.2808607 771.5536 436.93738 979.5375 744.97595 1 0.2664768 457.49533 730.4871 871.45447 854.70074 1 0.26078525 653.506 736.4754 763.43494 778.935 1 0.23524117 759.60297 740.81525 859.3974 833.67096 1 0.22892243 478.09222 726.4487 761.137 787.355 1 0.2220098 356.89105 683.24225 403.685 720.63654 1 0.17012593 365.57602 655.4653 902.1008 749.691 1 0.1429093 873.6718 442.00037 910.36176 525.0017 1 0.11309998 883.23285 457.94635 980.63226 737.6435 1 0.06996832 858.6693 418.92316 900.4072 469.23352 1 0.06373787 366.3447 629.3073 888.42786 858.29877 1 0.056037065 890.5454 461.42352 914.4275 518.3112 1 0.0541338 403.88373 191.14062 865.14264 618.41156 6 0.08118113 354.67102 519.33936 386.7486 607.6362 7 0.9998889 0.0 123.44429 299.82727 595.3948 7 0.6484838 0.0 170.5896 39.135857 245.30182 7 0.25048468 0.0 159.9935 67.25632 270.31964 7 0.23406716 8.606419 185.6327 32.970573 237.8596 7 0.07249075 2.3457127 174.19122 39.67344 210.5073 ,test/0891.jpg
0 0.98811686 702.3504 297.2301 908.7226 500.68512 0 0.960476 545.182 854.1449 659.8137 940.90393 0 0.9005477 112.224014 524.15247 328.63812 678.7129 0 0.8557724 327.60556 438.23392 404.11526 481.73666 0 0.8254067 521.6616 856.8803 859.2479 970.0339 0 0.6419955 291.49554 610.6162 384.91748 640.806 0 0.5659186 297.40582 598.3191 389.326 654.5148 0 0.560085 422.91522 296.97623 509.69092 392.20895 0 0.48541352 502.52917 878.9382 554.03503 950.0252 0 0.3956882 677.8723 327.16638 744.1245 350.84216 0 0.3153272 563.2094 518.2728 691.2237 607.07715 0 0.25526786 355.74667 639.4613 393.1061 657.2739 0 0.24358156 668.8813 323.2153 749.3747 430.68515 0 0.20946233 377.05786 160.71231 462.51263 214.59137 0 0.12011098 324.0552 442.4953 532.0486 487.00732 0 0.1114508 305.1511 598.7115 359.00955 612.63275 0 0.09801859 660.3534 341.45517 750.57043 365.76572 0 0.0900845 373.40448 710.3447 880.02826 978.20154 0 0.074832626 607.3993 579.81537 647.5856 601.5944 0 0.061154265 645.8749 586.99994 695.05664 605.0207 0 0.06001944 562.9794 910.004 853.0366 976.42004 0 0.05336296 625.95667 331.99286 750.9385 380.6552 1 0.13647443 503.63782 857.127 861.4364 969.4327 1 0.11979901 501.43985 856.23834 659.4479 947.6235 1 0.10764801 373.40448 710.3447 880.02826 978.20154 1 0.06728281 704.18866 297.0885 909.5743 500.13965 2 0.9999341 375.98077 713.39716 632.74713 921.1503 2 0.99977034 531.10925 376.064 720.89355 556.14124 2 0.99023485 380.28345 542.2 583.0662 681.43365 2 0.40293148 247.23318 452.94525 577.06116 675.7459 2 0.20638224 542.947 533.4508 577.2981 681.5043 2 0.11106946 548.6926 494.19366 703.22485 578.4368 2 0.1059614 112.109406 524.42255 328.1061 676.6695 3 0.41523537 247.80853 450.52585 577.3037 674.99713 3 0.079100944 247.0766 502.9473 315.8482 569.22925 3 0.06349276 564.1117 535.15173 688.4225 591.99304 4 0.091507435 243.20113 448.89 570.6883 661.563 5 0.09146835 243.20113 448.89 570.6883 661.563 5 0.089602426 544.55396 536.7469 577.2488 682.2121 7 0.38229975 226.12152 462.78546 315.3811 540.5182 7 0.12571086 112.55612 522.6267 328.1917 676.37134 7 0.09489122 508.86066 857.1025 859.10297 969.7347 ,test/0892.jpg
0 0.14536157 535.00464 6.063961 660.9785 127.1985 0 0.0782019 222.91197 4.633148 573.8234 315.69907 1 0.31672314 0.0 0.0 340.38443 383.94934 1 0.21486628 230.79367 0.0 471.6403 327.9459 1 0.057074077 217.83481 6.056015 323.07962 317.03253 9 0.99099964 134.40326 41.365173 1005.7387 1019.80133 9 0.7928771 115.96023 269.1299 341.74344 774.4851 9 0.15456425 218.81987 0.0 667.15466 725.88916 9 0.15328637 1.9462967 692.41547 227.37756 1017.8819 9 0.1119086 179.96301 328.76898 811.5248 980.45624 9 0.07288791 180.68967 636.829 604.6708 1015.4536 9 0.054211 544.20013 6.8699646 661.8322 125.91121 ,test/0893.jpg
0 0.05835121 432.04044 418.47418 970.7648 653.4639 3 0.1271625 2.5711365 820.6511 330.3853 1024.0 4 0.9690598 263.8487 434.85455 427.87622 774.5688 5 0.92958415 432.01785 416.72046 961.9767 671.5559 5 0.22470406 84.99866 703.10815 805.3201 1020.532 5 0.13373566 260.98322 439.7095 427.86993 772.0093 5 0.10292465 2.1657867 820.329 331.1922 1024.0 5 0.086390786 434.04382 567.88007 941.2494 694.4688 ,test/0894.jpg
2 0.9999572 400.37598 293.61365 709.4238 717.62006 ,test/0895.jpg
0 0.67711 732.3764 340.42212 1022.60565 543.334 0 0.60612446 564.9471 322.5817 605.92487 361.80966 0 0.40543598 728.2427 769.93414 776.4142 800.62067 0 0.3305348 814.35956 576.9943 859.67 615.7874 0 0.11188027 422.80414 540.1749 471.89124 603.05493 0 0.10746102 244.03575 341.0216 282.58844 359.9549 0 0.06031366 757.84576 593.73425 823.55817 649.1361 0 0.057439797 626.2282 391.5608 719.60785 474.9226 1 0.93507004 377.5983 323.2727 719.85974 604.58203 1 0.9279834 948.5109 664.96454 1024.0 745.6939 1 0.7214278 728.2374 770.2279 776.16895 800.71497 1 0.708753 466.32645 418.1619 726.339 612.5481 1 0.6785754 519.00635 420.89313 721.8043 539.72327 1 0.65387255 368.99878 321.43323 658.18713 450.05988 1 0.65066844 462.57462 448.8647 623.1892 607.32526 1 0.54571563 422.76706 540.4729 472.15366 600.23315 1 0.50137746 758.29474 593.3035 823.2697 650.4035 1 0.49192196 480.47586 526.8357 532.4308 608.9065 1 0.4482042 760.1242 552.9172 829.10956 664.7276 1 0.4267449 874.88715 620.78235 1024.0 746.10913 1 0.35886914 565.075 322.5669 606.06195 361.75226 1 0.35318825 383.6736 407.4152 619.0793 588.44727 1 0.3371063 381.87524 408.81137 578.36304 505.1824 1 0.26621863 769.0546 550.77496 831.65155 605.6783 1 0.26424405 378.2377 446.91205 439.90225 477.2536 1 0.22930728 486.2606 577.91907 544.8032 605.23315 1 0.21815099 626.2282 391.5608 719.60785 474.9226 1 0.21380927 376.57037 442.60764 450.68445 495.77634 1 0.20991793 409.2243 466.60223 480.97852 601.66547 1 0.19977647 417.47882 493.25195 481.77527 553.63184 1 0.1698302 361.81744 365.26968 420.4936 459.2554 1 0.16072796 399.9005 472.2905 461.89496 492.38095 1 0.145231 507.66006 478.21445 604.72546 578.29156 1 0.13806859 367.00735 343.89627 470.17624 473.3759 1 0.13479584 372.86047 398.38263 480.2558 573.4884 1 0.13155648 375.91354 450.05527 410.54166 496.8555 1 0.12379304 373.65506 393.86066 454.2903 501.6516 1 0.12232197 394.1664 467.0823 470.478 510.07297 1 0.11401121 415.5734 446.83838 553.78845 602.01953 1 0.10935824 497.87228 488.89932 682.5352 613.00494 1 0.102829404 814.35956 576.9943 859.67 615.7874 1 0.08860089 779.8524 588.17194 822.8585 638.3625 1 0.08500422 742.74274 547.29626 860.341 682.3623 1 0.07029077 384.94672 521.0671 436.8648 557.51825 1 0.06909723 585.08307 507.4188 624.4838 563.7239 1 0.06819735 416.2228 491.364 464.3768 513.5682 1 0.06602937 384.26083 430.06158 433.69058 471.64545 1 0.0653584 371.05795 467.9663 492.96103 561.10596 1 0.06386685 398.44394 397.10547 636.5981 477.75226 1 0.060629964 764.64624 580.41003 858.62976 637.45764 1 0.059806373 477.20312 537.03925 612.38196 609.3835 1 0.05785983 739.49817 585.5055 1002.9531 767.24194 2 0.3895604 757.92786 593.7063 823.5165 649.21155 2 0.112511136 565.276 322.612 606.12427 361.76678 3 0.056317233 758.0394 593.84454 823.4995 650.03375 4 0.078341275 224.53772 164.25168 348.40857 288.83554 5 0.99373287 425.90262 598.34357 539.57605 680.92474 5 0.8795405 452.98837 258.55484 508.98227 329.2263 5 0.8439621 158.775 13.0709915 294.37836 97.84715 5 0.745658 268.77243 208.91579 350.3538 281.746 5 0.72728056 224.22083 162.57166 347.3341 288.66208 5 0.22072679 320.84827 242.52393 462.9041 366.9184 5 0.21802391 758.0394 593.84454 823.4995 650.03375 5 0.19153832 427.0045 598.6848 489.8434 648.0884 5 0.17977239 216.24821 176.58072 486.4345 305.31528 5 0.10874965 385.35693 521.1496 437.26752 557.1385 5 0.09067499 321.36502 207.04387 486.1602 300.77185 5 0.08266894 421.48672 539.4685 476.00296 643.3794 5 0.07087035 252.67805 212.04825 504.1114 375.45786 5 0.057869803 419.44778 540.7245 470.26077 596.0907 5 0.051024903 191.84523 201.6747 232.63008 226.46294 6 0.09510585 631.20575 396.45877 718.7364 470.40402 6 0.053316217 244.03575 341.0216 282.58844 359.9549 7 0.99978274 273.6011 473.64493 437.4683 690.58405 7 0.9995679 524.9209 500.6248 752.35 829.9225 7 0.9963019 739.64404 608.205 962.3131 766.2764 7 0.29706666 518.54895 421.41943 722.0464 538.7586 7 0.28850186 420.46494 540.3481 472.32974 600.47723 7 0.197828 671.89966 487.59372 743.8966 538.0069 7 0.1562824 717.9307 582.6571 736.48395 648.3828 7 0.118282884 653.1004 488.09695 748.3665 658.0288 7 0.08261098 278.4118 481.22977 366.65137 521.9338 7 0.076307334 673.879 492.4549 719.6599 530.8468 7 0.0644559 717.9781 483.64017 751.5682 539.7752 7 0.06168754 384.94672 521.0671 436.8648 557.51825 7 0.05794543 814.39624 576.9868 859.0145 616.88525 7 0.057340246 756.6087 593.26025 823.55804 654.1489 7 0.051023386 637.8352 487.17865 758.2853 548.9555 ,test/0896.jpg
0 0.07568635 121.17413 87.68729 847.33685 807.51404 3 0.9958895 123.61798 83.77066 846.3091 809.5641 ,test/0897.jpg
1 0.0966178 52.512848 177.189 847.3856 727.5106 2 0.9898802 56.90631 179.00247 844.59827 729.44336 ,test/0898.jpg
0 0.14020748 448.51978 488.79086 656.67993 604.84265 0 0.102781124 554.4592 299.86255 870.82776 518.6372 0 0.086293645 306.79477 287.497 871.27954 896.10443 0 0.06676279 293.159 295.0682 866.2183 575.552 0 0.054176487 680.2143 276.68927 858.9797 561.3227 0 0.052868515 586.5146 303.93884 611.0091 330.4032 1 0.10672982 548.0827 301.70026 865.3505 501.14026 2 0.736579 311.33252 287.67575 869.8279 895.62854 2 0.2906687 526.87177 308.52988 819.482 455.20255 2 0.06640344 665.39307 281.68896 862.8141 543.6811 3 0.3108093 310.41187 289.2346 871.27783 895.4645 3 0.09542628 665.39307 281.68896 862.8141 543.6811 5 0.3373462 315.70447 293.20374 866.2606 894.011 5 0.29557872 554.4592 299.86255 870.82776 518.6372 5 0.08631642 680.2143 276.68927 858.9797 561.3227 5 0.06410793 835.474 396.0605 873.8064 539.64795 ,test/0899.jpg
0 0.3249528 579.1447 144.91634 621.06976 185.44908 0 0.09547414 659.52203 633.54584 716.03217 667.9974 0 0.06946411 511.5642 169.90134 790.01636 484.66653 7 0.9990803 846.10803 938.7742 993.333 1024.0 7 0.99895275 384.38614 640.1327 806.73193 965.6339 7 0.9885776 209.55856 593.08966 460.90152 837.1346 7 0.9504293 974.82574 930.355 1023.77875 1021.9419 7 0.8022842 510.79233 173.06746 792.8921 497.10437 7 0.66419053 440.21136 177.17572 794.3033 684.6512 7 0.6511314 390.65765 462.68073 731.55 687.6883 7 0.55022216 552.21454 182.26416 596.1525 206.16779 7 0.2266881 525.7492 175.6684 752.9311 261.9717 7 0.17762476 190.02338 529.73975 716.367 833.90857 7 0.15307304 738.39197 205.73462 805.4033 413.2682 7 0.11659027 521.42664 191.30128 599.7689 246.03651 7 0.10225742 962.1642 954.1936 990.525 1019.3939 7 0.08602827 548.138 144.7751 619.53033 208.01921 7 0.08362668 926.1305 937.2778 990.3096 997.9113 7 0.0811475 659.52203 633.54584 716.03217 667.9974 ,test/0900.jpg
0 0.6042276 856.82196 522.20905 1017.3787 549.1208 0 0.18100353 851.6458 500.9144 1020.02985 544.44507 0 0.13287984 509.57736 336.11108 671.6445 423.52332 0 0.12744854 880.4689 523.65564 1006.469 540.76306 0 0.10595936 467.48236 366.85858 768.4167 850.0058 1 0.99742377 162.99518 354.87955 316.10077 594.39996 1 0.9416375 470.07867 363.15503 768.37787 850.72107 1 0.8937862 509.51642 336.79196 670.9803 424.44662 6 0.99978906 839.00525 484.48288 1022.0801 711.8841 6 0.08838329 830.69836 556.4966 853.0548 614.26086 7 0.99989164 18.797256 497.79388 324.60938 972.0577 7 0.99969614 276.02008 403.92084 539.24225 903.5865 7 0.98153883 0.0 615.08826 89.4213 1024.0 7 0.32357872 469.8651 365.9901 768.781 852.5403 7 0.31856796 323.43802 409.6003 415.53177 446.56668 7 0.08355326 325.1795 409.36462 394.78265 432.09534 7 0.08143091 357.13098 415.1137 411.63208 444.89655 7 0.07318176 0.0 618.54584 64.19 880.02386 7 0.05321524 325.9836 409.18137 383.2299 421.94058 ,test/0901.jpg
0 0.8733469 474.5318 0.0 1024.0 646.35223 0 0.06468106 826.8166 358.88525 1022.1756 649.1291 2 0.9760414 705.59845 780.2804 799.6517 838.39575 7 0.99848133 191.0232 210.7969 521.2418 535.4253 7 0.99684274 425.31277 411.21198 722.7936 642.7441 7 0.9955978 144.39021 255.04324 283.36176 464.2007 7 0.41779003 207.5485 262.5618 267.48245 293.70828 7 0.103208765 421.59348 439.24826 512.04126 603.0206 7 0.071527585 443.79953 0.0 1024.0 643.4106 7 0.06716028 144.73381 448.26 218.26466 462.7381 9 0.05437544 464.83005 0.0 1024.0 638.2178 ,test/0902.jpg
0 0.9138843 43.174652 378.261 178.69994 526.5632 0 0.35626948 165.8118 379.9411 200.66678 542.99243 0 0.33017555 126.57253 393.33594 238.2591 564.0778 0 0.28305164 199.17427 250.1131 225.4218 325.12158 0 0.27008542 92.67569 379.695 176.83136 496.6881 0 0.23195076 193.34169 845.8116 240.8478 871.3167 0 0.18835509 108.740005 380.2155 201.22954 533.6159 0 0.16910529 0.7557888 444.57196 39.734543 480.6374 0 0.15522254 3.8240662 225.48427 207.70857 534.4721 0 0.13733284 144.36073 376.00653 202.23485 584.7825 0 0.117272824 193.79758 353.06226 229.61142 403.6275 0 0.08677408 35.63925 302.6688 430.65182 732.28345 0 0.08374443 187.12866 397.89304 246.37039 514.005 0 0.07759841 2.6259995 331.47552 148.81259 539.84216 0 0.06429876 3.161068 330.10596 110.23532 453.4228 0 0.06286954 125.943146 477.18546 199.21909 566.22516 0 0.061328724 27.209976 336.34528 205.07002 582.8403 1 0.972282 0.37363434 174.26239 200.66772 471.6502 1 0.8082678 0.7780838 320.35693 108.48676 454.7796 1 0.19884273 111.765564 206.87988 207.67758 392.91144 1 0.06566621 57.229156 300.94965 424.34857 727.98773 5 0.79831684 48.40075 502.22836 166.31897 645.0889 5 0.1404845 51.75801 301.26935 426.71448 731.8785 5 0.11698055 2.111946 479.1068 124.65719 657.98376 5 0.100809656 125.80794 480.29404 198.0254 593.63165 6 0.9991351 385.74866 333.46594 827.28784 768.12463 6 0.092077754 11.392044 281.18848 482.06915 782.87244 7 0.9392314 6.3440704 286.4664 455.33557 785.9873 7 0.58822393 198.60167 251.4332 225.3286 325.16483 7 0.5455517 0.0 653.84796 207.05112 809.1286 7 0.5235527 256.35254 681.9399 462.23773 791.44867 7 0.24653551 2.2169342 642.6598 495.2603 798.7512 7 0.08443856 1.1279144 396.71924 214.77625 816.9834 ,test/0903.jpg
0 0.9998524 307.59918 66.48215 680.8249 842.21387 ,test/0904.jpg
1 0.99347395 25.653625 118.757416 968.6224 749.14355 1 0.50727916 743.2814 386.0036 1017.8756 603.7587 1 0.44478822 393.42493 115.04729 995.7092 441.84198 1 0.20894726 303.5473 201.33858 775.1695 608.3272 1 0.17302674 292.4224 172.90717 802.8821 421.0102 ,test/0905.jpg
3 0.1388262 494.88727 247.64987 862.2204 809.4353 3 0.13258961 90.06506 229.83157 546.46765 729.3263 4 0.61501986 504.45117 241.75928 853.999 808.7965 4 0.16570622 73.6734 239.99292 557.66675 763.06305 5 0.8841222 74.72763 241.44934 558.25854 758.48596 5 0.7539637 498.0969 247.53207 862.9968 808.17224 ,test/0906.jpg
0 0.14434755 301.34106 264.87878 717.04126 714.19226 0 0.074721836 443.5651 466.84967 779.2943 714.59796 0 0.06647855 603.243 477.8344 779.0041 632.6536 1 0.8844672 301.64963 263.4038 726.70703 712.3899 1 0.18002073 604.6505 479.02737 778.9729 629.9799 1 0.15030895 443.5651 466.84967 779.2943 714.59796 2 0.91061985 603.4288 478.19153 778.85394 632.0443 ,test/0907.jpg
0 0.26333743 550.2199 389.20547 650.9931 420.6727 0 0.16931768 544.789 388.51913 639.679 466.40042 0 0.106651716 276.5495 530.00214 397.5868 575.451 0 0.095289856 506.7483 681.8307 549.0598 729.385 0 0.07059861 526.46906 769.98505 583.1967 816.336 0 0.06544638 357.716 577.1139 402.5207 629.0808 0 0.05624929 546.84357 383.7846 603.51385 495.0838 0 0.05582374 511.3753 341.90942 701.4211 615.63043 0 0.054186147 263.68167 517.089 436.60538 581.4049 1 0.08151598 699.267 518.2023 745.21185 571.5553 1 0.075490825 341.79587 168.7655 419.3724 216.025 1 0.05424305 214.15733 516.68225 337.6317 739.82324 1 0.053209405 276.5495 530.00214 397.5868 575.451 5 0.97354996 321.27396 482.22607 362.4022 537.10486 5 0.4647217 204.5048 519.3583 295.9101 575.62695 5 0.32535362 698.99994 516.1882 746.60297 572.58026 5 0.22561786 306.4346 474.40714 408.99948 540.2088 5 0.18794627 632.01636 784.8304 688.7777 813.85956 5 0.13116446 356.76755 470.12296 420.8795 528.4187 5 0.13015647 672.49664 492.5307 697.9621 550.0097 5 0.114711985 326.05365 460.3275 442.6936 545.35803 5 0.09806043 355.34363 480.24945 383.89514 529.9874 5 0.09758871 281.40613 477.78345 386.98395 561.8544 5 0.08947044 315.3189 483.4641 334.56976 537.1473 5 0.06448888 286.00293 568.09015 325.32 605.52057 5 0.052909464 275.17038 529.0236 396.392 572.7568 6 0.9943575 512.9614 340.89935 699.61646 610.0668 6 0.5719117 506.94516 681.81995 548.2173 728.9839 6 0.22184955 962.4636 570.69305 1024.0 761.25836 7 0.99985695 693.32837 495.44318 999.37964 990.6385 7 0.9996246 615.9706 497.30817 768.9031 779.2674 7 0.9995165 69.15915 533.80005 240.54706 850.547 7 0.9912744 307.835 480.31888 521.1816 844.557 7 0.9900731 244.54012 173.53241 510.8067 557.5986 7 0.93723893 207.28482 516.44574 338.32016 740.0274 7 0.91813415 507.8458 519.0812 620.0735 684.739 7 0.21922728 139.74097 514.35803 300.59528 744.34424 7 0.18256184 220.46446 518.29425 293.24622 575.5124 7 0.1458923 506.11444 515.6029 561.17975 668.49426 7 0.13523814 699.02515 516.2435 746.2081 572.63257 7 0.09607824 497.12173 525.22046 532.7065 663.5864 7 0.0924678 125.58744 510.5854 167.56787 561.154 7 0.08434588 630.13794 778.70593 689.6267 816.0032 7 0.08107615 512.9023 336.3432 704.4644 614.4719 7 0.054253176 69.51413 515.8234 194.0867 643.2464 ,test/0908.jpg
0 0.09676874 10.612457 93.20154 1001.4227 988.6957 0 0.07540491 16.286377 914.66223 557.70825 1021.91833 1 0.23807867 8.508942 93.29971 1011.8677 948.69385 5 0.974293 239.70026 111.74675 850.8636 577.973 5 0.67919433 9.943939 91.43631 1005.10913 971.59937 5 0.45270473 17.191727 910.04614 519.7945 1020.35266 5 0.10890494 11.162506 889.5515 279.9984 1024.0 7 0.085010454 338.41064 487.38025 982.4192 1008.345 7 0.07730422 10.612457 93.20154 1001.4227 988.6957 7 0.06613589 114.74399 702.7857 1024.0 1013.60675 7 0.06547808 212.23296 467.48407 680.7305 995.7161 ,test/0909.jpg
0 0.5733953 3.0843735 323.62872 87.41592 663.15076 0 0.4139965 114.121796 4.124542 237.62811 504.19385 0 0.12373771 383.05292 546.75903 569.81744 642.5968 0 0.07731619 327.9548 419.52277 393.00247 591.80597 0 0.07019096 321.63138 421.40836 349.38235 571.80115 0 0.061693467 311.18628 2.0649414 363.3319 438.47964 4 0.9990908 733.4194 398.5162 858.48175 650.633 4 0.8907309 140.01807 451.66348 361.86465 808.50354 5 0.4878753 139.72134 449.66702 361.50714 809.55005 5 0.12967801 341.675 417.27847 385.2932 595.61487 7 0.05566367 386.37506 547.34326 569.3156 642.7379 ,test/0910.jpg
0 0.68684316 441.8404 372.7779 593.80695 542.19025 0 0.16187097 709.617 207.5795 772.89496 259.81546 0 0.15892088 340.62445 670.3818 433.73938 737.133 0 0.15487815 568.03424 510.92807 618.5754 546.975 0 0.06866865 444.50858 368.86157 985.92786 839.6161 1 0.14747506 441.33588 373.0397 594.24396 542.0499 5 0.2248387 441.36545 373.01044 593.0488 543.6524 7 0.08680921 441.43524 372.95605 594.153 542.0933 7 0.062111832 341.07404 670.621 432.06854 737.1632 ,test/0911.jpg
0 0.31690758 181.29202 174.6972 786.50037 889.122 0 0.088735014 377.4225 322.63263 470.95972 370.29144 0 0.05211002 333.38037 316.073 632.57135 795.86475 1 0.80077666 186.1279 170.60733 785.5067 888.6046 2 0.07206001 180.59222 176.13452 787.6645 889.87634 7 0.07899951 374.21878 352.2228 443.4788 369.83 7 0.067687236 375.59845 326.38174 462.33508 369.84866 7 0.051724426 179.72858 164.96753 786.0214 890.2865 ,test/0912.jpg
0 0.3026069 275.98602 40.193024 672.1522 983.47546 0 0.09748892 736.8087 569.41364 772.9708 624.64044 0 0.056517687 283.57574 941.4464 552.5877 1023.89844 1 0.29872167 3.7651215 772.1949 258.49457 1023.3547 1 0.083314784 0.44226074 745.1317 112.7001 1024.0 1 0.06349043 0.49114227 879.84515 146.26434 1024.0 5 0.22975239 284.67722 42.241913 667.18445 981.7307 5 0.12025759 736.7528 570.8326 780.46094 624.56244 9 0.124928 281.41132 40.55432 666.2019 973.11566 ,test/0913.jpg
5 0.9990615 143.35449 277.30682 735.4678 781.1829 5 0.10974633 310.68506 283.43292 728.49146 624.6836 5 0.052397754 142.24734 419.14648 551.83545 787.7987 ,test/0914.jpg
0 0.98963857 403.83337 334.67563 584.949 545.78174 0 0.23974945 805.44836 681.15 1022.845 1023.8801 0 0.20773588 123.33153 560.78595 253.26949 690.1182 1 0.09985059 402.8047 332.42773 582.557 544.9609 ,test/0915.jpg
5 0.99840707 251.95317 255.9666 535.7098 474.59625 ,test/0916.jpg
0 0.21474487 959.87256 525.4512 1024.0 669.48694 0 0.14224494 695.5412 573.1206 960.5064 760.485 0 0.076762125 814.482 440.3291 1024.0 664.58704 0 0.06824184 926.3587 435.96277 1024.0 651.3782 0 0.05981087 840.6305 447.6231 1024.0 556.19366 0 0.054026514 603.7947 212.48288 667.31104 221.99997 1 0.12415681 308.515 41.046097 585.3623 319.83813 1 0.076242626 330.1374 579.1896 395.6493 656.83167 1 0.06112658 599.5433 211.87453 667.8215 222.68703 2 0.27016532 689.7927 605.7445 957.3491 645.34106 2 0.1308527 685.5912 581.09357 965.9325 624.6695 2 0.081651084 325.91095 40.70935 581.557 320.09305 2 0.058244236 588.78864 211.89595 763.0317 679.6229 3 0.9818402 84.79376 585.5951 451.29437 962.5448 3 0.8990649 586.9261 215.52887 763.5339 687.8919 3 0.85091174 684.09424 500.93118 969.71497 607.9246 3 0.81188905 103.91853 289.2243 410.73932 641.41504 3 0.80077094 694.6866 575.02484 960.2861 759.404 3 0.69330066 306.74048 37.134125 584.8887 319.96445 3 0.37521324 352.22723 58.477142 596.06415 784.27747 3 0.31317323 840.6305 447.6231 1024.0 556.19366 3 0.2635632 923.62665 431.2622 1024.0 535.1413 3 0.23204702 839.5119 432.88165 1024.0 669.25446 3 0.20905922 133.28596 809.332 466.03003 998.1989 3 0.20215288 594.405 483.6858 734.4082 681.995 3 0.19429521 954.4554 517.92 1024.0 673.79486 3 0.17030144 688.9986 556.52026 968.69183 622.5066 3 0.12514085 926.3587 435.96277 1024.0 651.3782 3 0.094307 691.4183 596.3747 965.1464 672.36884 3 0.09234699 926.65704 479.6447 1024.0 527.1021 3 0.06855628 829.521 501.16507 968.81396 655.2487 3 0.06812879 336.4264 38.305267 403.68542 313.96082 3 0.06801083 584.05725 451.4716 1017.5294 677.9114 3 0.06399507 754.45056 491.60568 998.44946 676.5176 3 0.062258944 875.4413 479.43213 1024.0 593.3574 3 0.058026716 293.64835 36.05101 385.59244 310.95062 3 0.05463413 934.8805 502.37146 1024.0 522.4165 3 0.054213013 589.2805 208.39958 772.3579 316.35077 5 0.4146587 689.04236 563.25757 968.7389 618.6897 5 0.34064007 685.2416 499.6975 969.56213 624.84216 5 0.17121504 314.2638 36.227448 584.31836 321.15546 5 0.12458482 694.89636 574.25287 960.053 759.4289 5 0.080468334 352.22723 58.477142 596.06415 784.27747 5 0.07180746 594.405 483.6858 734.4082 681.995 5 0.064893596 587.60706 217.47835 763.281 690.25 5 0.053194594 691.4183 596.3747 965.1464 672.36884 ,test/0917.jpg
0 0.99953985 300.86572 323.95984 659.1649 536.3152 ,test/0918.jpg
3 0.99843305 373.29065 364.29584 738.2455 616.9057 ,test/0919.jpg
7 0.99992085 237.0954 237.72717 879.4993 860.3815 ,test/0920.jpg
0 0.118140705 944.9352 328.51083 1021.068 537.48346 3 0.99991345 365.8413 324.9021 769.14197 682.76074 ,test/0921.jpg
1 0.92703265 643.3118 299.00677 678.7537 356.34143 7 0.9998274 338.1242 265.77603 760.8803 893.16943 ,test/0922.jpg
7 0.99891365 247.87852 354.10876 745.1513 726.0193 ,test/0923.jpg
4 0.99994576 429.13757 222.747 600.20715 652.18726 4 0.999818 62.83168 210.4956 269.54047 645.3609 4 0.9988134 693.1961 67.891205 1006.186 669.9573 ,test/0924.jpg
0 0.60427475 377.20737 818.69586 556.27765 1016.41046 0 0.35178185 816.83484 515.6343 875.71497 548.59875 0 0.10775266 287.18668 322.44852 345.45145 400.49112 0 0.06230755 565.038 454.96512 741.5455 555.31104 2 0.49967882 542.9818 325.25943 865.21313 547.11035 3 0.41242182 541.90704 326.73846 865.20416 546.9081 3 0.10174515 72.3245 553.4366 102.562294 586.6976 4 0.14319395 79.36671 364.51184 260.0836 877.5906 4 0.05697029 5.9001923 567.0572 101.73813 652.2973 5 0.9426527 6.8064003 568.2451 101.77847 648.35864 5 0.9308531 79.37028 364.5112 259.9553 877.7921 5 0.86153483 541.7626 326.4158 865.4596 545.26056 5 0.5032928 227.3228 342.42752 586.77277 557.5941 5 0.39109105 235.56232 377.0987 589.6974 720.711 5 0.2699754 234.7546 519.38086 488.50757 696.1814 5 0.2283826 240.83194 347.84225 337.3646 463.76773 5 0.22712378 243.84471 389.59433 508.3437 494.04684 5 0.22487636 281.89728 337.95886 498.9679 469.51825 5 0.14988902 246.37894 365.0429 383.6456 498.3593 5 0.14303899 484.38647 430.0975 581.27466 507.5906 5 0.13165063 559.37256 452.64142 751.95715 564.12244 5 0.12621054 286.65997 322.9069 337.8324 392.79697 5 0.08675069 277.8628 334.81592 445.76324 424.28937 5 0.08014078 100.54669 441.69272 896.9918 852.3473 5 0.07182073 816.83484 515.6343 875.71497 548.59875 5 0.071474865 73.54812 360.51804 258.0865 613.1642 5 0.06861993 255.68378 445.97906 554.03204 546.8937 5 0.06278597 71.70725 553.82074 102.636086 586.05597 5 0.058983114 81.71927 326.92776 533.87134 857.0685 5 0.05730933 285.09213 323.0969 373.5267 412.11734 5 0.055385273 72.07828 337.49286 835.2954 674.0341 5 0.05356921 60.067146 552.1611 101.87325 658.52277 7 0.9937728 114.154144 476.82208 1024.0 1014.95526 7 0.9574248 96.12436 820.3133 469.51328 1023.39764 7 0.9003927 567.7063 452.96896 729.1835 561.1522 7 0.32143998 233.81651 333.0369 564.75366 744.5199 7 0.21833135 230.40717 343.69226 601.2332 562.1588 7 0.12740894 590.89166 499.5006 1020.5008 793.4303 7 0.10846784 174.06332 612.1817 591.63354 1010.0882 7 0.10017645 231.75189 475.84866 720.94525 700.52496 7 0.09249185 81.71927 326.92776 533.87134 857.0685 7 0.08436087 375.9824 837.782 575.3333 1012.57117 7 0.08030684 513.94904 448.5525 1018.1386 972.3408 7 0.07619675 372.61334 845.63 756.0677 1018.33716 7 0.07463973 72.07828 337.49286 835.2954 674.0341 7 0.06411064 547.21466 447.67014 762.9703 609.6989 ,test/0925.jpg
0 0.16047852 315.21436 344.81064 970.7992 1024.0 1 0.91338634 307.6605 337.67245 971.0742 1024.0 1 0.07895674 262.66727 332.52515 926.13586 659.88763 ,test/0926.jpg
0 0.7692217 308.7354 230.06093 692.1386 678.9364 1 0.36583 308.64648 230.20827 691.36957 680.7091 7 0.056639653 310.29065 230.72417 693.3218 680.05975 ,test/0927.jpg
0 0.5107122 379.0373 434.22382 721.21234 625.117 0 0.50825155 389.52258 430.50397 465.0526 488.13318 1 0.99810225 243.55963 416.76825 722.00653 775.9013 1 0.48315662 383.13565 431.32227 722.16833 628.02527 ,test/0928.jpg
0 0.99966633 373.11737 268.09268 634.4443 646.33484 ,test/0929.jpg
0 0.4097791 299.21957 637.2792 394.02658 679.18884 0 0.07711279 561.144 346.57834 783.5964 536.7477 0 0.05612842 289.9262 625.60376 476.50488 682.03064 2 0.9968291 560.64124 347.59558 783.77 535.6243 2 0.07097567 565.14557 386.94943 600.3033 447.77365 5 0.9992907 144.3327 474.14203 629.1667 670.3298 5 0.08755738 0.0 495.83835 926.8955 1021.16785 7 0.4063219 373.93954 616.7145 542.08826 690.61084 7 0.2677282 349.80005 620.6625 668.072 700.54834 7 0.06252767 370.67563 620.01685 461.23935 692.3324 7 0.054650113 298.00504 630.13965 448.1105 683.96436 ,test/0930.jpg
0 0.64557904 0.55607605 7.3611603 306.56006 379.64478 0 0.29251456 0.0 615.80786 231.4105 1020.5703 0 0.2200887 0.0 280.9918 1014.01685 1018.74316 0 0.19773585 6.3847046 301.7546 355.37537 583.16223 0 0.17303269 369.7504 170.9364 990.3312 673.3518 0 0.16263121 395.11066 177.21947 684.52423 514.8877 0 0.14439909 612.4171 572.0382 763.8679 706.7362 0 0.11639788 3.2236176 5.657654 384.93066 653.39716 0 0.112520956 1.4647827 282.84198 459.79996 1024.0 0 0.10000885 108.968895 174.61095 336.49222 572.76154 0 0.09369484 91.601105 333.18076 826.8635 752.6039 0 0.089835346 11.301941 292.60706 548.8661 698.5272 0 0.08435394 886.241 823.2368 1023.2231 940.9928 0 0.08372055 7.4562073 31.891876 602.2125 878.88684 0 0.08249361 455.44525 443.69394 1005.88007 1000.8225 0 0.08038305 564.2037 314.9756 991.64105 637.9755 0 0.071972065 392.3586 698.1559 558.57855 746.98706 0 0.064963296 59.29016 472.82147 650.6157 1017.5372 1 0.35452107 17.127655 464.0473 677.30286 1024.0 1 0.30172238 0.0 584.5671 189.93323 1015.2072 1 0.2249822 0.0 280.9918 1014.01685 1018.74316 1 0.19882886 389.58557 180.97116 689.44885 507.55984 1 0.13400632 0.0 290.0281 366.65063 1020.5121 1 0.10744186 487.72745 584.893 1018.4076 859.8558 1 0.06012689 455.44525 443.69394 1005.88007 1000.8225 1 0.057383344 469.26248 212.30588 1008.8613 828.1221 1 0.05399428 7.4562073 31.891876 602.2125 878.88684 1 0.05065074 885.5215 817.4579 1023.78455 941.2988 3 0.72909814 556.08905 212.35645 999.02875 651.7641 3 0.4079897 559.77606 222.92206 996.6473 441.50806 3 0.12858057 519.90845 355.4604 1009.885 827.64703 3 0.10187639 353.14276 207.31479 1006.27484 995.499 3 0.09596658 394.03424 177.76668 686.92 509.67035 3 0.09151731 606.3173 566.3893 760.40594 708.15796 3 0.05240528 101.96756 186.88629 999.5443 703.5891 5 0.9361779 293.0667 453.6036 637.2681 721.27893 5 0.5040218 793.8829 930.55444 1020.691 1024.0 5 0.42736667 474.15897 562.33386 995.3196 996.91187 5 0.38765535 14.110123 305.60837 350.2154 580.1555 5 0.2675156 271.98532 161.21213 994.8727 679.2202 5 0.20847662 382.08832 444.20294 586.37 548.16724 5 0.1974678 18.835297 413.8345 1020.84143 1020.7516 5 0.18401672 444.29984 700.64294 1011.97754 921.0326 5 0.17921805 564.085 315.5999 996.4202 640.15625 5 0.1655061 0.0 299.3103 609.811 712.4252 5 0.1378335 471.46994 780.8526 1016.8572 999.9749 5 0.095948435 905.0324 931.14355 1021.92755 1003.166 5 0.07525181 311.48038 477.528 920.8082 739.9693 5 0.06998171 7.4562073 31.891876 602.2125 878.88684 5 0.06751452 885.6022 815.5289 1023.7235 943.3276 5 0.06567162 395.11066 177.21947 684.52423 514.8877 5 0.060311448 519.90845 355.4604 1009.885 827.64703 5 0.05831655 903.62085 809.36444 997.36426 863.9405 5 0.05524278 897.2191 909.02423 1023.8999 943.60114 5 0.0508722 850.2266 0.12866974 1022.50446 178.47925 7 0.85544086 951.16925 308.0396 1023.5611 594.22815 7 0.5156806 1.0743713 0.0 312.8946 437.82507 7 0.38922092 2.2078247 6.1865845 408.83853 681.24854 7 0.38284686 5.7550354 303.036 356.36005 581.84283 7 0.33866915 2.5080872 2.178238 296.63434 148.01639 7 0.28431058 405.3002 0.0 1024.0 287.6756 7 0.20004146 388.15134 127.41 972.70215 715.3157 7 0.17635779 389.5809 180.27449 688.56726 510.66223 7 0.15453373 0.0 299.3103 609.811 712.4252 7 0.14072476 0.0 280.9918 1014.01685 1018.74316 7 0.099011704 0.0 289.3356 231.84012 1020.34766 7 0.093839645 0.0 617.19836 187.41154 1015.47363 7 0.088398114 1.4647827 282.84198 459.79996 1024.0 7 0.08675977 241.54065 86.06378 743.0081 710.4274 7 0.06988694 850.2266 0.12866974 1022.50446 178.47925 7 0.060121935 891.70233 823.30536 1022.85223 940.8542 9 0.06467066 0.46372986 9.227905 306.57117 378.46805 ,test/0931.jpg
0 0.10574517 205.42133 889.59576 330.5987 968.34735 0 0.07986041 177.90884 281.43878 506.8245 960.4832 0 0.07135544 206.74481 249.1655 333.95795 336.8303 0 0.0712293 393.26425 261.94757 441.44125 371.69012 0 0.059367165 321.51297 290.28625 335.8488 394.83502 1 0.91647184 173.51523 257.34332 350.3928 563.8924 1 0.33226493 186.10619 307.71695 504.2729 955.66504 1 0.20187135 204.47018 249.60556 330.49796 338.86838 1 0.13001274 187.86827 239.77867 435.30994 646.46277 1 0.105329424 313.8844 306.06342 489.08344 664.55023 1 0.051460233 238.0116 311.6715 348.99658 587.2939 2 0.6169956 194.53557 279.66763 501.47418 936.92993 2 0.60671306 314.7219 306.76654 484.44467 664.0225 2 0.1588758 175.81569 253.56665 357.44513 603.55457 3 0.9873071 163.07002 678.62244 323.04956 983.84937 3 0.8309367 190.27734 290.92795 503.79028 938.6389 3 0.7148332 163.29501 733.8434 306.76047 890.32043 3 0.44225165 502.93988 437.71164 695.13617 973.5 3 0.21533953 204.99847 890.01 335.5282 969.0338 3 0.07309903 151.29906 462.6659 311.47375 904.28735 3 0.061884917 166.73154 790.3247 505.4078 955.7119 3 0.05432083 194.17656 821.4357 329.08698 969.1313 4 0.7194846 654.1669 3.3697205 853.96875 820.4446 4 0.7099817 447.26627 2.383545 622.1503 661.21124 4 0.6612987 503.67865 456.76886 696.184 979.85077 4 0.1574423 317.01453 898.10846 625.52167 1022.7286 5 0.8254039 325.8448 225.22159 411.30176 333.75424 5 0.7790075 331.60962 231.90733 442.77234 372.0855 5 0.7281782 659.5928 7.6011047 851.8069 836.89 5 0.5088921 313.15967 896.8965 613.9226 1020.94763 5 0.4256218 447.4394 2.4187317 627.434 660.78674 5 0.38107997 502.39203 444.1247 695.1464 966.9948 5 0.21731268 205.42133 889.59576 330.5987 968.34735 5 0.13858537 318.18292 902.695 508.46063 951.4218 5 0.10107976 386.79858 263.96326 442.52972 369.0802 5 0.101074435 356.10257 992.48584 563.10876 1023.32715 5 0.07237354 450.7211 81.656586 698.09863 964.90393 5 0.068726905 321.74063 920.7034 496.8989 979.36334 5 0.05470223 194.53557 279.66763 501.47418 936.92993 ,test/0932.jpg
5 0.99947494 323.63593 385.86877 657.4133 702.4347 ,test/0933.jpg
0 0.7618963 286.664 320.74335 704.90173 717.70856 1 0.15589182 291.49622 320.52835 704.8464 719.62964 2 0.3185784 290.36322 320.3858 704.7049 719.02545 7 0.108104825 298.8998 317.17065 701.81006 728.46643 ,test/0934.jpg
0 0.2233378 189.48125 1001.6526 269.8026 1022.26965 0 0.18727228 853.62744 527.6597 1007.8164 971.06635 0 0.13965246 186.32732 325.65045 207.39314 423.08386 0 0.13239048 783.4245 355.6131 905.58856 946.8753 0 0.084775895 748.0146 337.4085 1008.8094 975.07465 0 0.08010602 883.4646 498.84344 1018.6173 707.6834 0 0.0541736 866.0356 395.10712 915.0705 694.4528 2 0.073681995 881.24054 529.1381 1013.768 705.6568 4 0.99146396 568.53485 435.405 763.2692 941.7229 4 0.96898746 469.08505 335.2336 584.79346 916.7499 4 0.95024854 453.74585 658.70984 577.7169 917.03906 4 0.91556853 252.49916 369.93643 486.3714 965.20276 4 0.73810536 845.57556 691.04407 1004.141 968.8834 4 0.41384244 225.82028 335.30368 310.44516 609.7919 4 0.10970849 966.4941 696.38135 1021.0694 993.4508 5 0.9936599 5.138916 238.15256 273.1973 988.48535 5 0.90691113 744.41223 213.80167 915.0585 967.06165 5 0.70349157 884.17596 499.75818 1018.5181 708.80994 5 0.4703668 225.91579 337.25146 309.4687 603.5424 5 0.4150411 259.1153 369.35144 479.6006 967.1327 5 0.30387014 189.9348 1001.62604 269.82953 1022.76666 5 0.26429552 745.68536 357.16403 918.49115 737.3478 5 0.26218075 853.62744 527.6597 1007.8164 971.06635 5 0.2570485 966.4941 696.38135 1021.0694 993.4508 5 0.17803124 479.44095 330.98108 583.7934 680.8947 5 0.15357694 567.8262 416.11462 762.8756 949.1903 5 0.10157357 71.19515 232.53398 195.71814 523.66644 5 0.09140343 824.20856 359.68805 907.4637 945.25446 5 0.077186465 452.97806 400.62573 991.8689 940.922 5 0.07488676 707.35333 218.7985 849.8416 501.9089 5 0.07330428 1000.8655 590.08167 1021.6012 680.004 5 0.071794644 454.5037 660.3296 575.2263 893.2471 5 0.06741484 537.92236 269.42615 844.8346 924.246 5 0.06373284 480.22754 673.77686 575.9817 685.6644 5 0.06102753 752.3594 415.9608 1016.54626 949.4088 6 0.40917262 901.7986 501.26877 1016.41614 608.0295 6 0.15128563 886.85187 502.62375 1017.9887 706.6178 ,test/0935.jpg
1 0.93122613 188.94302 140.56122 707.9972 688.89844 1 0.060625087 199.08383 105.979706 439.3934 666.0198 2 0.10596018 189.12222 137.08536 705.58704 687.8463 2 0.060739286 222.38293 101.915306 387.59216 341.95337 ,test/0936.jpg
0 0.6755841 2.5622406 153.84038 377.87598 556.10223 3 0.9981305 344.3045 415.18134 770.0931 785.8128 5 0.19609463 0.0 153.75552 378.95276 558.0851 ,test/0937.jpg
0 0.18423548 202.58792 694.1239 275.83932 737.90515 0 0.16122223 182.63239 461.03516 380.2472 579.0875 0 0.13646893 4.608101 544.2339 63.45736 560.7814 1 0.989062 193.11334 497.4988 778.7826 717.14307 1 0.9490541 277.402 365.69757 853.26807 572.82855 1 0.63840413 181.25809 462.87756 385.96976 576.10754 1 0.46562836 402.4972 500.90338 774.5126 612.9461 1 0.33684507 370.45267 545.6935 441.936 565.5211 1 0.2811523 172.42703 459.36264 800.8811 610.41156 1 0.14036028 561.48865 540.18506 764.55896 684.2523 1 0.09355123 196.91002 530.19617 484.07397 717.2029 1 0.0845427 186.27893 373.78662 459.89136 589.7534 1 0.0682142 675.44434 543.9344 740.40955 568.3548 5 0.07217493 723.1003 295.2152 847.0533 391.6781 6 0.2946244 278.85992 369.5668 861.1517 568.0017 7 0.9991468 711.8269 162.17928 1024.0 472.09467 7 0.9325234 202.61386 693.11127 276.20486 737.8278 ,test/0938.jpg
0 0.82865965 433.00116 948.9268 503.74042 1024.0 0 0.7538438 424.93713 951.04333 585.89465 1024.0 0 0.30618265 553.0241 956.0016 580.264 1007.3445 0 0.2755484 1.1435013 874.39545 115.442444 1020.96783 0 0.11447963 170.17355 220.6009 214.81836 286.3302 0 0.08004961 887.8058 84.42746 1022.6743 273.72186 0 0.07050248 834.4831 637.05994 945.6475 689.1205 0 0.06259025 496.789 949.19904 587.3486 1017.91595 1 0.9435589 1.3321304 873.62604 116.376 1021.6672 1 0.916344 0.0 596.18164 90.902756 862.18176 1 0.6460562 0.0 758.76074 88.02864 861.08545 1 0.6195133 0.0 616.02234 70.79527 705.20386 1 0.4791282 1.3911495 738.77045 47.06671 788.24445 1 0.45024228 833.56915 640.2252 944.8166 688.5917 1 0.27391937 0.0 686.1382 68.57333 790.93945 1 0.099696785 8.888056 763.2545 50.60884 786.3119 1 0.056330573 0.0 739.6965 47.305664 760.898 1 0.051139012 0.0 600.3613 135.51587 1001.94226 2 0.33196875 834.4831 637.05994 945.6475 689.1205 3 0.5365522 740.246 396.72177 798.1118 446.5024 4 0.09181096 741.31165 397.1162 796.9075 446.39215 5 0.45226648 170.18678 220.40698 214.79732 286.4161 5 0.21574594 739.48865 395.5897 798.08057 446.9706 5 0.18006979 168.09546 206.11984 354.41107 304.25397 5 0.07351209 245.06995 177.53937 431.1526 342.48206 5 0.062361285 129.8259 346.32214 228.33655 430.95367 6 0.06345984 0.0 621.18304 66.49236 705.1866 7 0.9998109 148.77689 429.24536 661.7042 885.4855 7 0.9982305 21.93721 406.79272 269.13318 616.27496 7 0.99720496 348.69794 164.78883 885.58014 602.04675 7 0.92786795 4.6752625 173.17184 487.1658 498.95004 7 0.9128755 236.76822 324.02963 425.38187 475.93777 7 0.52650195 302.1454 325.67477 366.14362 364.05392 7 0.17276284 96.074554 434.54233 145.13402 462.89145 7 0.17186292 164.53136 168.90608 491.26788 372.29993 7 0.08641068 3.841957 529.1374 52.099995 614.8078 7 0.07920511 292.26697 321.33948 398.6516 435.22357 7 0.07206721 365.89972 360.93475 511.43817 449.79718 7 0.0718054 0.17369461 283.57785 82.697525 358.92838 ,test/0939.jpg
1 0.9054487 168.11893 213.7663 740.1085 768.3397 2 0.21313462 167.42801 213.50708 740.49646 767.9733 ,test/0940.jpg
1 0.9977837 62.97986 142.47623 1024.0 896.16736 1 0.17534971 401.76157 491.73962 1010.2355 921.4713 1 0.052128144 123.16687 677.69507 792.51904 885.41736 ,test/0941.jpg
0 0.83018684 432.4948 666.9447 509.69354 696.3009 0 0.630561 685.74615 244.47191 749.3553 265.6578 0 0.6279877 295.50696 752.7136 383.5631 792.5314 0 0.6207757 675.607 713.6325 751.4191 763.7303 0 0.6009283 387.87317 934.9343 465.23413 996.02783 0 0.3489212 555.7297 100.031746 851.67267 245.1814 0 0.27230284 195.16702 768.4785 301.6042 806.9076 0 0.23611848 301.9528 513.3925 619.041 685.7198 0 0.1042842 590.0401 563.59216 702.78094 599.9761 0 0.09802376 256.10938 793.9578 322.14673 821.2786 0 0.07893772 194.94305 752.10266 383.35388 808.94116 0 0.07117679 412.74945 508.76917 578.7652 586.2666 0 0.06453655 590.5304 526.78217 703.45996 601.9969 0 0.062351104 572.7721 528.1572 699.2743 652.7954 1 0.8908661 297.96487 509.89752 611.9933 686.09015 1 0.8276358 194.91418 768.64105 301.1571 806.9539 1 0.699241 594.4063 563.47485 702.13934 599.85205 1 0.3306871 411.0413 509.58243 581.6089 585.48773 1 0.22059068 675.2986 715.1547 751.4862 763.1077 1 0.10102859 590.5304 526.78217 703.45996 601.9969 1 0.05631833 295.6999 751.44055 383.69495 792.31067 1 0.05358724 556.55804 99.41801 842.8033 244.25171 2 0.1235667 675.4928 713.8676 751.46094 763.1701 2 0.070731394 295.51642 753.1923 383.52942 791.9864 3 0.45399955 387.43375 935.0052 465.35507 996.0257 3 0.09220844 675.2459 715.1142 751.476 762.90607 3 0.08081997 295.36847 752.5949 383.74658 792.68195 3 0.06054074 591.21106 526.8398 702.30493 603.4532 5 0.78355277 0.0 712.9444 192.63362 941.15875 5 0.5159573 555.78125 100.20879 851.676 245.32672 5 0.075538196 387.56238 935.99786 465.2965 996.23175 5 0.072102495 295.84088 748.00006 383.89935 793.2968 5 0.06940993 590.5304 526.78217 703.45996 601.9969 5 0.064212985 194.82245 769.06995 313.78763 812.76953 5 0.0563056 592.37604 526.0935 649.5057 566.43555 6 0.69863904 5.2966843 705.13434 185.37833 776.3731 7 0.49525288 555.74756 99.72766 848.7908 245.30792 7 0.22603193 298.32733 511.58063 618.36957 686.6873 7 0.17761901 0.6546097 727.37683 191.37326 938.07263 7 0.076303326 675.54877 714.4506 751.3621 763.7059 7 0.071294874 685.812 244.23515 749.46594 266.32834 7 0.06125487 256.09503 793.8059 321.17865 821.344 7 0.05473471 514.9086 114.91225 560.62933 139.61368 7 0.052466355 432.47787 667.4714 509.5455 696.2464 ,test/0942.jpg
0 0.42011452 860.2001 152.44456 916.4514 211.87193 0 0.1485688 808.6369 150.8257 920.30304 220.1682 0 0.11477449 573.60034 177.77539 651.3921 246.68335 0 0.07082279 430.20142 140.22119 891.7986 934.37646 1 0.102581196 438.0277 130.42151 894.05493 933.7616 2 0.24040172 429.65714 133.93924 894.08105 931.7388 3 0.87926424 426.81082 131.54141 891.42883 924.2047 3 0.1163538 456.41107 130.94093 873.908 255.40627 3 0.075419426 562.89355 164.4382 844.40674 251.9408 5 0.99772054 460.12857 171.74182 549.69867 234.1102 5 0.9499038 573.62244 177.39636 651.32605 246.83612 5 0.5270551 435.5531 135.16388 891.25415 245.50482 5 0.5155718 848.09766 303.4026 1021.8673 719.9139 5 0.29559052 562.89355 164.4382 844.40674 251.9408 5 0.24439146 809.8325 187.00136 875.24854 217.00575 5 0.07010072 591.9439 177.82396 647.0461 189.23775 7 0.9909458 208.68228 0.0 521.8905 767.5238 7 0.052587636 0.0 6.3245544 528.2311 579.9148 ,test/0943.jpg
0 0.39461663 688.28705 848.5529 760.94684 887.3648 0 0.3325366 991.44055 325.4967 1023.76355 437.01178 0 0.14057814 978.8112 439.16006 1021.1578 544.9858 0 0.12816265 484.90265 195.31157 596.3415 242.52388 0 0.12786272 899.28204 146.93964 971.1706 182.1943 0 0.08554741 336.64066 738.2492 352.95694 779.5339 0 0.075187474 328.95758 696.36035 351.0224 778.02686 0 0.06429269 308.123 732.7513 354.61987 780.33746 0 0.058354538 441.50037 47.28913 716.6073 270.34848 0 0.051959604 306.99222 668.5489 352.71408 782.8851 1 0.9970481 282.96216 418.8944 786.0095 796.8457 1 0.95119095 319.8502 632.3532 865.32556 992.2282 1 0.83782476 645.2181 472.92847 812.009 787.7875 1 0.666293 354.097 732.86426 765.8514 882.36646 1 0.6288292 979.10516 436.54828 1021.2115 547.02374 1 0.5831539 290.75964 553.6141 703.151 782.72284 1 0.58144796 656.1904 565.0344 810.1185 728.4658 1 0.5462196 367.7973 602.8267 813.462 846.41266 1 0.51317114 741.3564 560.56805 798.45404 609.18146 1 0.46996957 640.27295 617.511 813.2665 811.57153 1 0.4357605 794.8668 584.71735 836.8418 719.09283 1 0.38703403 744.5867 725.65686 770.7854 764.619 1 0.3832791 720.07104 723.1527 769.87476 856.5198 1 0.29187456 742.28345 713.99524 786.245 845.4979 1 0.29138032 541.07544 425.96518 798.91504 751.6289 1 0.27495462 332.81433 695.93976 753.26624 826.9268 1 0.26888803 801.92255 673.1031 827.77814 718.4526 1 0.2631038 634.4001 691.6279 770.3095 820.8767 1 0.25662324 688.6508 848.3881 760.8288 887.3322 1 0.24953365 573.0002 586.351 855.1978 988.23895 1 0.24651678 988.7669 322.8967 1024.0 437.45255 1 0.22224353 754.0381 701.67084 777.1549 729.49615 1 0.20131189 381.98315 755.2508 693.42737 840.81 1 0.19878554 653.392 507.46143 753.1822 747.6775 1 0.19112985 766.73035 562.71716 835.572 725.0509 1 0.16063431 678.02844 449.85327 787.9359 721.5244 1 0.15611334 307.27927 732.8011 352.17868 780.73724 1 0.1376972 676.2048 713.19824 762.4633 915.3628 1 0.13717192 705.69275 622.45337 795.1101 847.7023 1 0.11133694 728.02136 657.6287 823.9585 841.8704 1 0.10570781 754.87286 657.13983 826.23395 729.71454 1 0.10188012 268.0505 650.89557 345.49265 745.7028 1 0.0989401 321.48312 662.2505 659.78613 797.41724 1 0.0987085 726.7798 723.34985 772.7645 783.2328 1 0.09807304 358.16757 787.0232 721.81995 905.21704 1 0.087207966 280.69675 559.69666 395.19937 756.0773 1 0.0812424 356.47144 724.65424 650.6009 801.0402 1 0.075678244 719.8008 742.79346 765.6891 792.3269 1 0.07547569 727.5654 449.16907 819.0669 596.12427 1 0.07311104 445.85452 418.83786 768.2805 631.25354 1 0.06425504 283.05756 521.7081 495.18835 759.6439 1 0.061062217 668.7614 442.56683 825.47845 618.8902 1 0.060474563 482.56595 766.6662 670.0887 816.4014 1 0.060258586 351.34286 579.10254 400.79794 611.4508 1 0.05936284 749.5221 641.3822 804.21094 773.0028 1 0.059128657 740.1437 705.5249 776.8375 772.6339 1 0.05887875 774.1217 609.3378 832.29504 704.1928 1 0.057453282 746.8123 607.21704 834.4395 787.54724 1 0.057178535 818.2478 678.38983 833.36914 720.14496 1 0.051145915 516.816 726.6345 775.0887 834.4348 5 0.49975342 576.4734 418.9241 660.4302 453.51138 6 0.99974746 435.66486 55.527428 719.17316 268.52667 7 0.99988675 702.85223 25.181648 935.64984 261.93732 7 0.99975663 802.1752 165.59502 1023.0635 437.17773 7 0.5504732 987.83405 322.4747 1024.0 436.57114 7 0.15933889 899.28204 146.93964 971.1706 182.1943 7 0.07363246 894.6035 160.25783 1022.4512 393.9132 ,test/0944.jpg
0 0.52165055 138.31558 322.43283 663.65686 360.60464 0 0.22993092 139.2532 290.54633 670.4335 354.10297 5 0.29731405 307.39096 534.1702 479.2814 884.07526 6 0.99882346 141.78061 241.58427 659.65344 543.21954 6 0.8829914 142.27151 241.67029 657.8152 344.76837 6 0.121627666 139.2532 290.54633 670.4335 354.10297 ,test/0945.jpg
0 0.1556772 585.1006 233.78424 893.8113 674.15753 0 0.062767014 230.30704 341.0859 623.45215 911.78906 0 0.058213018 819.84906 906.68884 878.37787 928.8439 1 0.951393 232.74724 341.5238 623.3374 910.69165 1 0.910744 587.5159 619.3669 769.75616 995.36285 1 0.48685053 584.5549 234.02303 893.8697 674.6006 2 0.9975146 285.86804 329.60443 368.5819 422.61548 2 0.11442376 232.12703 341.51334 623.67926 911.78406 3 0.052060835 450.77048 884.6384 475.78238 909.85596 5 0.19301774 348.8453 328.35776 369.58084 406.4813 5 0.1334296 584.84753 234.32523 894.5043 674.09424 5 0.0695138 279.1842 328.93625 371.54254 423.0519 7 0.44182009 584.53424 234.67598 895.3421 674.80963 ,test/0946.jpg
0 0.9995982 324.94724 282.12903 733.4498 546.62604 0 0.13531055 630.6941 703.5791 797.59424 794.1941 5 0.6649452 630.7515 703.157 797.60834 794.2794 ,test/0947.jpg
0 0.139979 874.8187 171.14648 1021.9518 305.72534 0 0.06736257 521.59033 234.47787 715.45264 402.07742 1 0.15711111 873.73206 172.0287 1022.10144 313.94867 2 0.34554133 265.30508 240.81653 701.7422 533.6405 3 0.7267205 263.51953 240.28725 701.0613 533.77625 5 0.8850792 519.4721 235.10104 717.0025 401.56107 5 0.62811005 263.95718 240.02641 701.4757 535.63837 6 0.091209866 874.8187 171.14648 1021.9518 305.72534 ,test/0948.jpg
1 0.9985941 267.02307 125.42169 686.3408 431.69373 1 0.06905395 600.9348 127.68956 685.63477 403.386 5 0.9915069 310.365 451.55023 569.81635 576.30585 5 0.24922721 254.82986 482.21136 889.1023 920.017 5 0.138289 264.74615 454.68048 567.2345 671.5169 6 0.9158897 259.0026 471.7893 888.27405 921.81946 ,test/0949.jpg
0 0.76927114 473.549 209.83568 502.07562 288.4325 1 0.15753882 305.99603 275.73218 808.65533 694.0469 1 0.13912933 535.8987 570.0003 768.1787 690.9576 1 0.059085812 301.9476 350.33478 341.47604 425.7594 2 0.9891879 302.79724 275.4771 809.9989 686.0549 2 0.059736207 299.95752 329.39935 346.36786 427.35175 5 0.063694395 473.60904 209.79799 501.92313 288.62952 ,test/0950.jpg
5 0.99980444 126.36221 268.17035 886.2213 666.5068 6 0.97868663 1.1959839 470.8996 158.40144 849.49554 6 0.96046 1.9403915 698.47046 153.5856 848.651 ,test/0951.jpg
0 0.99573684 749.7672 317.4957 1020.6223 477.5682 0 0.63990384 887.85223 0.0 1023.9864 264.6824 0 0.26028115 290.58167 204.52399 748.6647 765.6544 0 0.06591175 543.9776 819.562 570.52423 895.0449 0 0.052073102 775.78845 417.7353 812.15234 433.87317 1 0.914721 291.56482 203.78708 749.22754 763.771 1 0.88513505 0.0 0.0 458.60266 252.56207 1 0.70168966 886.753 0.0 1024.0 265.70844 1 0.060273178 6.8345184 83.85305 352.56458 249.93396 2 0.10755282 289.38214 205.58029 750.1646 762.8364 ,test/0952.jpg
0 0.6907975 111.98764 697.50146 569.2843 824.70544 0 0.6623276 123.39087 533.2825 771.89294 829.0409 0 0.48267597 755.33636 787.75543 909.0982 1021.5362 0 0.31956023 127.87796 532.08185 314.40588 702.3803 0 0.2837793 264.482 545.7378 722.1916 695.53174 0 0.28082654 161.80246 346.4839 893.5426 804.67126 0 0.18300337 131.32834 537.7274 448.56985 754.3408 0 0.18006377 200.28224 14.236282 545.85333 473.67206 0 0.15704633 193.50772 37.306 826.61206 764.83435 0 0.15413623 416.31128 43.056747 903.64624 480.50726 0 0.10614108 158.07443 28.06195 526.9652 807.6166 0 0.071544215 36.021973 756.5378 900.4994 1024.0 0 0.06367778 531.06146 60.26938 897.9548 832.74316 0 0.05868858 241.43616 542.4669 601.06934 801.5106 3 0.65830415 168.42795 282.41196 903.1449 813.68604 3 0.37417793 531.06146 60.26938 897.9548 832.74316 3 0.30095944 140.0928 523.9919 807.76575 827.8776 3 0.20604809 638.19055 335.31592 876.4215 830.8086 3 0.18962607 213.3249 341.4786 284.1063 678.6559 3 0.17780653 198.77573 37.105423 905.30066 492.23895 3 0.095562644 159.97592 252.59007 333.61066 741.76025 3 0.0723609 185.14539 221.70639 261.50912 460.98068 3 0.052402858 573.24805 539.45105 784.60474 696.19116 3 0.052053887 127.380486 534.34546 351.53287 683.6865 3 0.05131376 145.46342 80.934784 505.5056 726.7921 5 0.6097743 755.98486 787.6855 908.8993 1020.13947 5 0.17259413 533.46313 35.929398 906.0464 487.60114 9 0.876423 202.7937 12.23465 552.57086 474.80963 9 0.53940034 536.27795 36.91533 902.96313 488.3357 9 0.3534143 212.0296 27.571838 877.81036 485.02454 9 0.15251732 112.6172 698.4538 564.5737 824.57965 9 0.08418488 755.33636 787.75543 909.0982 1021.5362 ,test/0953.jpg
0 0.43300265 0.0 177.47385 514.75146 629.27844 0 0.24546048 0.0 76.19705 908.6101 910.00806 1 0.32476702 0.0 177.47385 514.75146 629.27844 4 0.9647433 299.8616 69.88278 884.30273 926.0314 5 0.24662797 0.0 76.19705 908.6101 910.00806 ,test/0954.jpg
3 0.9811457 449.2704 325.7022 759.5846 553.51996 3 0.9626825 475.47174 443.664 848.29376 704.6547 3 0.06567761 462.5542 507.10236 755.13464 674.1485 3 0.055042278 687.2406 445.7458 842.8872 664.66766 ,test/0955.jpg
0 0.44923705 536.58856 572.4161 594.83624 624.61053 0 0.27312633 437.96896 838.6822 552.59 968.0456 0 0.19878338 372.96155 588.9901 442.76794 633.94104 0 0.06712282 320.4781 586.16345 529.483 706.70435 0 0.0566092 372.43823 788.4282 400.15137 869.6384 0 0.054786716 549.9097 567.15686 580.5894 623.92004 1 0.998774 94.66203 626.7125 314.1209 965.72437 1 0.992475 324.0854 461.1161 661.9461 919.79456 1 0.9829344 315.39276 586.4925 532.1339 710.58673 1 0.9234436 437.7534 839.2584 552.41235 967.24524 1 0.88915664 778.852 103.14234 872.7531 272.52917 1 0.88093996 677.17316 117.622574 820.3509 309.53937 1 0.86642104 746.90686 125.40599 819.93835 243.30525 1 0.83116394 610.21124 202.11896 695.9111 335.9361 1 0.740302 324.02017 471.67258 632.4391 722.42096 1 0.712432 603.77655 109.999176 877.4583 328.03708 1 0.56843245 692.2245 211.71043 732.6162 274.25522 1 0.5573472 334.8595 610.3907 656.1721 846.77045 1 0.4782423 603.66095 154.87088 728.487 328.57156 1 0.38313243 723.7247 126.7641 775.3382 229.16809 1 0.34947976 371.07544 588.6081 443.30768 634.9423 1 0.34349012 685.8151 196.49152 802.55255 302.80682 1 0.3312005 718.6328 107.92048 901.89514 276.2846 1 0.32850236 667.7878 153.17546 736.4711 286.71454 1 0.24767469 621.2814 132.41974 792.1609 286.36743 1 0.24565035 599.87915 253.51454 718.6454 339.2563 1 0.1854964 527.4205 580.3809 652.3625 709.1602 1 0.15412691 576.53033 111.56201 1010.99677 649.6219 1 0.15360302 720.5318 176.82454 810.2597 239.44649 1 0.14976408 366.61874 777.5504 429.80405 907.2009 1 0.13427414 802.42816 164.49924 860.3885 274.95624 1 0.12786432 355.70868 650.1347 625.19336 783.45526 1 0.1196518 722.1241 205.93906 801.0651 250.89413 1 0.11053627 666.2296 177.04951 704.7478 288.73233 1 0.10777415 813.64594 133.28268 874.4439 264.47195 1 0.09956252 372.43823 788.4282 400.15137 869.6384 1 0.09041701 495.90207 606.3785 631.6721 669.9151 1 0.08966571 842.6333 132.64064 892.47595 259.3425 1 0.08202647 441.57355 605.4381 643.91034 729.7483 1 0.07609937 738.2382 200.37677 791.6602 227.84232 1 0.073368065 698.71216 155.29163 732.964 233.65411 1 0.07081305 632.9036 177.02863 708.83136 275.31802 1 0.06961118 366.6514 766.3949 545.8676 914.11865 1 0.062948085 439.80493 588.8004 512.4828 611.7567 1 0.057854947 632.367 296.89807 720.2775 340.14478 1 0.057204146 798.2877 230.68248 856.22363 277.73062 1 0.05609915 695.3334 151.56482 748.2706 271.7381 1 0.054092642 752.5533 197.46422 797.87384 239.48741 3 0.092091955 782.00446 251.07706 803.5059 290.38858 5 0.14985967 781.5057 252.30547 803.6805 288.9624 5 0.114165306 82.993706 788.50037 105.291435 829.82715 7 0.9958897 581.036 114.27988 1011.0543 645.4132 7 0.6376758 989.32007 288.27197 1024.0 421.03064 7 0.50452286 536.8228 573.8792 587.51764 624.15656 7 0.15651612 850.9579 135.1296 900.92285 220.82573 7 0.05798346 859.7544 150.2792 901.1023 188.80658 ,test/0956.jpg
0 0.64078057 636.0599 187.86264 703.2641 257.73108 0 0.081226155 343.58722 225.3168 503.9367 503.78574 0 0.060668603 180.77318 104.42929 476.46472 471.73184 1 0.98356366 180.1429 103.39055 488.75507 506.4082 1 0.9591516 539.0693 167.4155 753.2636 465.86374 1 0.9589233 353.85553 221.49707 502.1043 501.2119 1 0.18308742 387.23013 248.2697 501.70255 411.85443 1 0.12714538 442.0419 226.91951 498.50015 495.25775 1 0.10083214 184.30225 277.58618 432.1814 501.91418 1 0.060093317 191.49811 376.461 373.94568 505.94757 2 0.5119574 539.13806 166.72324 753.1167 466.4459 5 0.12529175 0.0 290.16705 181.4581 595.36346 ,test/0957.jpg
3 0.86400634 211.11935 295.9656 763.3362 811.4791 3 0.18031858 222.55978 314.56448 755.234 520.6083 4 0.13803114 222.55978 314.56448 755.234 520.6083 4 0.07167625 212.69788 338.31564 752.9912 703.5221 5 0.7879058 647.92505 410.26193 1024.0 767.17944 5 0.43601692 208.08313 299.16852 775.5819 812.0805 5 0.3212459 671.3309 449.04846 820.05963 688.44666 5 0.18846446 715.97424 310.8688 1021.2667 511.67587 5 0.13441756 655.17487 342.69745 854.1329 719.9382 5 0.12444053 728.45776 472.6493 838.126 683.76465 5 0.10389821 0.8181915 123.72409 295.3576 801.3739 5 0.052675366 635.16626 500.785 790.47 725.24945 5 0.052545276 708.23566 437.42432 1009.3067 515.5567 ,test/0958.jpg
0 0.7852221 1.7066956 559.7923 69.678535 843.7802 0 0.7200671 133.83427 197.75708 179.23082 249.05008 0 0.32110542 373.1806 600.59863 424.5371 648.3638 0 0.06802166 154.12157 185.5561 179.3173 214.00304 1 0.9880205 302.20853 607.7671 627.25354 1012.55444 1 0.16046934 522.57117 235.09875 592.54297 294.62567 1 0.14724529 256.101 763.6449 306.60895 800.87317 1 0.12311588 523.57416 227.15587 669.4865 313.64316 1 0.09902127 134.2926 198.29361 177.74768 249.06134 1 0.056596342 373.34134 600.3965 424.7128 648.4791 2 0.07027576 521.51416 234.96548 602.97595 298.645 5 0.54444367 521.93134 234.76776 604.0643 298.2672 5 0.28369063 188.50189 305.6806 253.02014 347.83197 5 0.2184231 187.20921 308.4482 230.14488 341.21982 5 0.18117395 175.28693 275.09787 216.60425 313.3304 5 0.11335382 163.10191 267.13675 194.00365 312.5811 5 0.11318389 144.33884 272.55737 226.54843 318.94434 5 0.076507 193.42462 304.13733 241.83765 326.85583 5 0.0739085 132.74493 192.90884 178.63495 251.37845 5 0.072553776 198.2076 303.2081 256.0625 379.00284 5 0.07131937 142.73499 266.1268 198.66156 340.0602 5 0.06900408 154.23833 270.10535 185.0869 319.4292 5 0.061832096 157.22365 273.47388 206.91542 304.07037 5 0.05607134 52.762836 644.758 122.6803 815.59467 7 0.9997298 99.767555 145.48854 332.12555 512.88464 7 0.99956816 708.16895 143.04355 1017.766 695.9972 7 0.99925035 485.7671 176.20062 747.829 676.0807 7 0.9570472 288.11993 177.3333 504.7135 623.6104 7 0.953523 458.1412 40.59324 646.1003 276.3037 7 0.6725829 456.28714 240.08705 482.30582 281.41818 7 0.43868658 665.1504 17.574821 864.25134 249.88141 7 0.31952095 133.16924 197.06512 179.12895 249.32867 7 0.30801505 2.1746025 558.10315 68.70157 842.0625 7 0.21948257 447.86713 55.87442 651.25714 451.51398 7 0.2184006 698.77594 16.61168 807.841 211.46512 7 0.18637936 329.18146 655.7147 620.4112 1005.09656 7 0.12140771 285.99304 73.631226 640.03345 615.29706 7 0.11138139 453.92078 110.510666 598.9325 297.58386 7 0.08871239 808.2811 145.9187 870.21387 210.32477 7 0.08441308 134.3826 275.90625 183.492 336.2417 7 0.07475289 187.8038 306.16248 252.70508 349.3167 7 0.074451804 124.932045 274.19504 214.76562 317.03464 7 0.06897532 105.997536 125.57653 181.57397 257.4417 7 0.067098625 373.34134 600.3965 424.7128 648.4791 7 0.053783175 659.67413 155.30888 834.742 550.1059 7 0.050286084 162.43626 270.57666 210.44386 311.71667 ,test/0959.jpg
0 0.08081804 152.48337 219.27148 776.31824 562.0764 1 0.19981843 10.07634 0.0 428.7365 243.04543 1 0.059744764 152.76599 223.0783 779.4282 566.6038 9 0.9723656 115.0954 208.15274 831.9512 902.3816 9 0.91844666 154.47577 220.16046 779.06665 565.4247 9 0.8397917 121.6254 476.268 867.30786 779.1689 9 0.6798727 113.42624 662.5039 792.82056 889.92346 9 0.065608315 125.34235 628.5006 895.9387 739.50696 ,test/0960.jpg
0 0.32119915 106.710175 84.383514 780.7816 879.67883 1 0.7073921 105.93451 90.93057 781.6942 879.8485 7 0.2422414 105.7948 91.643555 781.95447 879.5748 ,test/0961.jpg
0 0.21423896 343.17255 542.3873 529.1263 628.81995 0 0.18527623 320.08252 658.46857 433.396 701.372 0 0.070240125 349.13223 566.99133 468.23172 630.5187 0 0.05603647 494.70816 492.29916 593.94446 556.66003 1 0.9989743 142.27539 265.6701 753.46655 722.54443 1 0.9690652 220.88289 319.9359 675.21594 541.2804 1 0.7933481 493.17136 485.94412 594.84125 585.4733 1 0.5814232 526.7228 443.1789 584.36914 502.40637 1 0.5741224 284.1557 535.2527 380.492 568.7665 1 0.34636086 496.2863 449.20746 606.37146 557.68475 1 0.29371572 489.39954 416.95767 598.06165 503.07272 1 0.28193524 512.15436 425.38794 559.52277 499.97485 1 0.27691376 497.1223 349.51917 671.11536 476.68976 1 0.27497667 245.1672 380.86615 526.14355 539.7919 1 0.22297719 308.09036 504.1889 583.9833 583.04144 1 0.21512507 343.17255 542.3873 529.1263 628.81995 1 0.20928328 320.08252 658.46857 433.396 701.372 1 0.20590588 524.6605 473.8607 603.02966 544.1688 1 0.19640924 279.17755 534.7834 513.8514 576.73016 1 0.19471456 361.00964 338.4873 687.2621 670.70636 1 0.17503846 160.34216 277.3001 363.4203 548.1899 1 0.15834992 555.2917 449.19443 607.591 490.25082 1 0.120441355 382.10907 255.0593 733.36285 395.30948 1 0.109992124 534.0701 496.2855 574.8953 546.174 1 0.092029296 569.7071 453.09915 609.4191 479.54666 1 0.08242889 468.80673 426.91626 587.17596 580.8525 1 0.08183724 286.4338 520.5604 477.0502 628.7273 1 0.076175205 549.28564 454.8311 608.5199 536.79364 1 0.071875356 490.54007 416.89685 543.3263 508.8122 1 0.056804273 563.64557 463.53558 607.5788 482.4579 ,test/0962.jpg
0 0.9722763 157.06113 478.03433 573.89453 712.94745 1 0.07706878 147.32689 478.28455 574.5228 712.9679 ,test/0963.jpg
0 0.056381654 234.89935 336.4387 714.96783 804.3025 5 0.97595924 254.20647 347.69055 699.09515 799.35925 8 0.05532746 247.04086 346.65707 703.5281 799.3214 ,test/0964.jpg
0 0.06911867 231.82666 453.42444 815.3624 804.3209 5 0.98991907 231.30014 450.91003 815.7744 805.15906 ,test/0965.jpg
0 0.67114115 456.89355 303.58197 790.32275 479.94598 0 0.5922247 463.85208 391.82272 687.64484 478.0748 0 0.118607014 389.07373 564.3607 467.77136 598.7383 0 0.11354973 560.50287 385.3953 624.51654 419.44455 0 0.1079961 365.7929 436.2716 484.9425 560.3854 0 0.09464868 546.66907 359.05396 656.5442 434.38843 0 0.09394214 169.46571 637.47266 228.37202 677.72437 0 0.07438622 195.6024 547.64343 504.1377 886.8689 1 0.14410432 462.82782 391.50647 697.0599 478.66638 1 0.11722651 456.11246 302.3952 792.61475 480.02954 3 0.22332552 195.70638 547.8734 502.73163 887.1052 5 0.97685856 199.87817 548.77814 503.37872 889.7176 7 0.68265164 454.51852 303.76376 790.3612 479.8384 ,test/0966.jpg
0 0.8757372 349.46115 430.18826 642.751 661.2749 1 0.3934907 350.72177 430.0401 641.97705 664.6523 7 0.16513756 350.44482 429.9825 642.87604 662.32025 ,test/0967.jpg
0 0.36360967 955.0314 6.564251 1024.0 125.13626 0 0.09870656 957.9629 64.92258 1022.76526 122.55809 1 0.8620364 843.14594 154.53378 1022.5922 276.76157 1 0.17192148 259.80936 0.0 363.08603 33.18496 1 0.14275812 232.0062 0.0 455.37698 30.254772 1 0.1160403 120.447174 0.8760357 449.53732 46.085968 1 0.08953853 92.02812 0.8763275 343.9969 246.77898 1 0.0776144 280.1136 0.61798763 352.33862 22.5644 1 0.060470708 136.42126 10.801846 687.2385 120.082016 1 0.05677775 18.390717 416.7729 379.56415 1007.76874 1 0.05055013 282.38657 2.4752674 399.55893 24.93326 4 0.92150974 192.31848 40.993774 752.5075 672.0469 4 0.2726275 429.6059 492.5377 707.92865 660.6695 4 0.09842412 216.01642 155.41156 735.49713 474.61487 5 0.31974798 187.90427 33.702087 749.1737 672.757 9 0.26151043 955.126 5.1682014 1024.0 126.28226 9 0.19713812 958.1609 72.59293 1023.4302 122.99712 9 0.09599303 929.0753 5.9743423 1021.4475 179.03482 ,test/0968.jpg
0 0.7932111 878.9325 7.1630783 1022.5071 104.72362 0 0.2298315 219.70624 188.44748 840.14056 673.7804 1 0.87544787 216.80048 186.86365 840.66156 676.52765 7 0.08189917 219.9703 187.46819 840.95447 674.8371 ,test/0969.jpg
0 0.075202264 209.2399 341.04138 913.4424 823.1277 9 0.9423385 201.57788 386.544 920.03 821.94183 9 0.1800734 545.2805 389.42618 913.2269 837.03357 ,test/0970.jpg
0 0.9469399 84.92952 480.34164 206.55583 557.54565 0 0.30664292 56.91632 455.44678 429.96295 731.9181 1 0.9920697 554.1721 451.9671 802.3721 593.00934 1 0.21149907 591.5989 474.6707 641.3551 511.5743 1 0.10475319 570.4277 467.83307 807.7631 516.8664 2 0.6304124 570.1164 431.00778 800.7951 515.088 2 0.4421452 550.1747 418.74243 816.0082 481.5464 2 0.44149002 555.683 437.2408 805.2212 600.7216 2 0.28239644 584.7313 440.21216 780.782 475.6894 5 0.99143 60.456085 455.13428 431.04095 736.8882 5 0.98582107 527.7623 269.27405 842.10974 475.20038 5 0.060830507 534.71277 326.4441 839.1089 583.62164 ,test/0971.jpg
1 0.9975546 122.543945 439.85886 907.4144 693.13574 ,test/0972.jpg
0 0.88805693 403.07172 274.85742 779.4327 737.36017 1 0.35053185 401.31134 273.94473 778.378 738.0991 ,test/0973.jpg
0 0.6010343 225.39838 157.00784 407.57764 299.31143 0 0.41475254 99.85594 572.9368 155.50327 616.76056 0 0.18621606 328.68152 640.86334 477.45917 704.32404 0 0.14885972 440.5154 697.6399 488.42935 728.76294 0 0.12818444 81.393295 504.38412 471.3098 651.7292 0 0.11793643 324.03564 715.0336 388.79083 782.0212 0 0.116877675 136.71426 561.7903 307.1288 676.7534 0 0.09695886 362.32492 256.72992 423.40628 298.0102 0 0.07996445 298.26898 627.29736 461.33673 669.39 0 0.07460263 276.80222 913.1015 341.49924 947.331 0 0.06811339 0.0 274.53226 37.537434 362.32956 0 0.05236443 316.26892 618.91614 451.3631 655.635 0 0.051860858 500.5107 868.0788 642.3456 987.4433 0 0.051732562 354.24835 563.706 460.67908 639.67267 1 0.9511161 0.0 311.59006 115.409775 403.4946 1 0.8581579 2.1169167 212.09126 99.51117 336.31158 1 0.73807776 294.37534 638.41534 490.61075 704.74445 1 0.6897058 0.0 209.85573 92.37703 281.03873 1 0.6601899 235.40533 155.77373 407.13055 298.12976 1 0.55385286 0.0 260.66696 122.52927 463.54733 1 0.45328304 78.5802 506.2189 472.81226 647.44653 1 0.32981277 0.0 266.19223 113.37575 353.5342 1 0.17322831 24.302235 272.5545 38.535892 350.47833 1 0.14736162 276.71393 912.972 341.75104 946.9213 1 0.1443624 0.0 252.08371 82.096756 405.01883 1 0.1396497 0.0 274.53226 37.537434 362.32956 1 0.13407777 498.67273 868.356 642.31396 986.7989 1 0.09702341 462.25143 649.8579 485.72836 695.7372 1 0.09689202 23.508934 258.93274 93.72616 338.24506 1 0.06469839 24.488235 319.54193 95.0403 346.32446 1 0.059954826 146.30243 584.23016 473.49457 665.1954 1 0.05667171 141.37766 509.13345 345.91156 679.6214 1 0.050975826 14.5574875 305.76352 88.920715 350.4539 1 0.050900046 4.3953857 475.96857 489.07404 715.84247 2 0.52330995 501.8457 868.4695 643.2372 987.71375 2 0.13008343 328.68152 640.86334 477.45917 704.32404 3 0.05727707 477.78976 513.7564 522.0562 573.2497 5 0.95444083 373.17877 709.4989 443.38257 756.652 5 0.32514095 337.08728 701.2383 455.40668 759.18896 5 0.2980668 375.63037 726.44305 407.6277 757.2514 5 0.29141676 0.096717834 451.1654 141.11646 642.52234 5 0.14964913 0.0 453.0051 143.1399 536.7099 5 0.08818389 3.5976505 654.53174 63.960526 747.1527 5 0.07808345 161.91655 641.9551 296.86914 686.7831 5 0.06366759 320.4442 716.2915 408.98975 780.95996 5 0.059581313 292.10587 641.3047 498.60092 704.9231 5 0.059392866 94.22572 496.6588 177.58861 638.63574 5 0.05548173 429.62558 728.72205 486.43015 752.4656 6 0.13958842 96.10434 514.53357 479.99118 654.70215 6 0.07600266 110.688835 566.2767 305.09006 673.445 7 0.99873155 68.074326 132.56778 222.03069 283.21683 7 0.99800247 114.34004 333.80096 516.50024 589.76135 7 0.9968719 344.96176 290.92477 521.0115 376.6437 7 0.99398804 3.09684 745.61676 213.66452 1021.4288 7 0.9894092 53.9917 632.8401 332.918 792.6477 7 0.95957613 386.70624 357.2838 633.3818 545.85406 7 0.78221095 500.28815 868.3454 642.2458 987.9797 7 0.71046054 6.028366 459.81006 469.5747 709.2594 7 0.7051361 276.86383 912.8644 341.72504 947.1478 7 0.33317742 3.0763092 626.5709 98.0841 766.15356 7 0.30069157 0.4890442 451.86487 142.03021 642.00305 7 0.2639805 85.17111 502.3623 467.68942 650.5781 7 0.19760528 4.094 656.23047 65.04644 744.5344 7 0.18582891 36.108887 516.1465 396.98233 784.72437 7 0.18327641 0.0 269.55185 31.62812 364.98166 7 0.15781415 2.5054932 342.86896 204.03413 1024.0 7 0.15705158 556.19714 436.7177 612.79443 499.75256 7 0.14882046 292.10587 641.3047 498.60092 704.9231 7 0.13562882 364.10553 256.86377 423.25128 297.6526 7 0.09547376 219.03479 157.52179 409.43304 299.861 7 0.091077454 323.15198 714.872 391.16058 781.4454 7 0.07681066 59.132656 631.5609 181.91283 756.42773 7 0.06458431 273.0479 702.94775 355.64362 771.00134 7 0.057600733 0.14121246 495.39087 150.56726 785.77795 ,test/0974.jpg
0 0.21376866 145.89543 231.0566 523.11926 718.3631 0 0.105841205 254.26834 277.90686 424.52847 308.70435 0 0.07920203 848.9884 199.04446 995.4397 505.5386 0 0.07750258 209.51643 271.60873 488.23322 311.34073 0 0.06980884 0.9770355 605.9813 103.89273 664.67554 0 0.05592709 218.97116 540.1065 450.6334 556.9765 1 0.9965869 472.9453 243.5831 891.2217 733.7676 1 0.99034613 1.0333405 606.31256 148.04158 771.5234 1 0.903435 148.23405 223.62799 522.88226 717.99036 1 0.5397389 490.92078 240.46852 790.8816 292.37527 1 0.46210855 167.75894 224.70746 486.2587 308.51917 1 0.42981836 1.5393219 606.4899 100.08644 663.2424 1 0.157543 496.25592 234.61743 821.26166 354.21185 2 0.23374896 146.13914 249.44771 509.78613 562.1526 6 0.12556472 481.38287 255.56004 889.3825 746.9989 ,test/0975.jpg
0 0.9848334 391.77783 768.2132 439.75623 845.93134 0 0.9807664 404.15128 376.8822 479.07388 441.72137 0 0.9171071 256.8569 354.3052 484.28378 813.97205 0 0.73746926 394.58627 369.7469 479.99973 719.0578 0 0.17951506 298.38812 354.14746 351.20642 414.48822 0 0.07521222 259.4454 761.3134 338.37796 828.9582 0 0.074179694 596.44305 11.744202 711.1962 599.8273 0 0.06559659 262.33185 170.05049 474.80786 429.94537 1 0.1905226 259.4454 761.3134 338.37796 828.9582 1 0.15407619 395.05334 371.492 479.15906 720.419 2 0.38657832 259.4454 761.3134 338.37796 828.9582 3 0.063594416 389.14813 762.00287 589.1827 1020.1696 7 0.97619766 931.28674 297.757 1023.83826 732.0242 7 0.96911174 263.6247 170.09167 357.4392 330.82413 7 0.90279514 647.23804 352.8756 731.4796 600.69434 7 0.12979981 394.569 369.974 479.9968 718.8999 7 0.07723768 596.44305 11.744202 711.1962 599.8273 ,test/0976.jpg
0 0.62632006 354.21878 293.05582 598.2875 554.4846 0 0.10691131 634.8046 769.3751 860.1761 903.26733 2 0.99273443 167.86029 547.60876 760.45544 830.16907 5 0.8207667 358.51324 293.4178 596.7215 553.1721 ,test/0977.jpg
0 0.84040165 884.951 0.0 1021.5213 536.81165 0 0.7089911 522.41583 191.07951 556.1956 333.12622 0 0.3327132 519.3544 304.96027 558.6376 352.23022 0 0.26376227 277.43793 227.50233 560.176 332.00214 0 0.2100299 481.56165 341.30438 577.12354 376.82404 0 0.15746294 486.84076 305.69916 568.7476 376.4934 0 0.14319287 521.6994 194.63553 554.2752 253.3555 0 0.10937996 307.419 200.77084 569.4481 394.19974 0 0.10612657 435.40897 310.71094 544.3384 359.37054 0 0.084768385 824.5679 10.613495 982.42847 529.7899 0 0.06882197 385.1865 301.7942 588.85944 398.15857 1 0.99921274 0.0 629.9436 333.9464 1023.76184 1 0.9035794 317.35413 594.28503 825.6229 931.48535 1 0.551803 363.56384 584.4329 399.56274 613.30206 1 0.4195154 329.12613 296.24454 579.1627 395.79062 1 0.2632809 304.89978 630.97485 364.90857 852.8612 1 0.24205883 605.59045 583.0772 767.0137 708.4815 1 0.24150082 435.97916 310.90738 532.705 359.14523 1 0.21009962 284.87958 227.34995 580.3147 385.34482 1 0.1399607 696.2943 676.96765 829.2683 840.2252 1 0.1349225 414.477 302.24142 565.53973 366.01657 1 0.07557885 301.33716 264.76627 558.7195 351.955 2 0.2598936 435.2326 312.34573 536.8127 359.01108 2 0.095530644 414.477 302.24142 565.53973 366.01657 5 0.9461717 690.351 638.92114 812.5756 763.5624 5 0.26437208 677.34143 626.6079 783.79944 717.3353 5 0.15409148 624.85547 588.6558 808.6736 763.2347 5 0.09471364 747.90076 717.801 797.5569 758.9087 5 0.05779933 669.34326 631.3755 826.28467 850.7565 5 0.053297024 721.02716 685.3085 798.2851 757.32324 7 0.99731284 335.63562 534.65234 698.1625 769.67444 7 0.8462928 475.94772 361.96805 819.6249 615.2511 7 0.80771035 232.6458 253.31245 696.2487 690.7631 7 0.18802923 333.35895 539.00037 819.3267 934.60486 7 0.17444497 675.60394 631.16534 824.3194 831.258 7 0.12168313 330.51703 296.27948 586.0245 396.21948 7 0.10836262 298.05603 202.66507 569.07104 387.04062 7 0.10584967 624.85547 588.6558 808.6736 763.2347 7 0.07170849 542.65576 367.40567 750.07495 464.11972 7 0.071257755 891.6932 0.0 1021.2636 534.0288 7 0.06531075 363.8038 584.58887 399.6251 612.4258 ,test/0978.jpg
0 0.5048424 118.74939 607.2437 319.2688 670.18646 0 0.40159002 133.90259 398.24854 357.1871 569.7092 0 0.21140014 314.3636 257.11542 564.1853 393.91156 0 0.13177393 216.80063 268.54733 261.34726 333.26645 0 0.09119699 134.27425 335.28632 600.20593 570.47296 0 0.059968602 179.29535 416.74817 339.68182 528.505 1 0.9860567 25.723236 225.07568 950.69995 808.2361 1 0.8744052 213.28812 212.03705 796.7113 478.48615 1 0.86040324 17.971771 263.6297 674.0254 652.1913 1 0.5422507 216.92673 268.6292 260.93707 333.06274 1 0.44217733 122.00637 601.92584 300.05026 670.36346 1 0.42659363 447.37976 346.80673 957.37744 645.1168 1 0.30040357 138.15471 413.5306 603.55347 667.0001 1 0.23934796 133.71451 471.40924 832.5012 806.9727 1 0.2097338 110.84924 534.8834 576.674 667.2853 1 0.19350255 125.63139 596.0575 418.26392 676.8794 1 0.18889499 230.43103 219.44556 567.1798 384.45087 1 0.12600261 134.27425 335.28632 600.20593 570.47296 1 0.10994614 643.50116 566.6636 774.7858 637.38904 1 0.090269744 189.41576 324.48508 260.49695 372.89865 7 0.077415116 119.15656 612.5481 310.67862 669.9258 ,test/0979.jpg
0 0.9609491 798.86804 881.6674 844.3274 951.8626 0 0.40492746 570.14557 101.92857 608.7547 157.73454 0 0.17401896 445.534 73.35077 769.0424 520.238 7 0.99987626 217.80484 395.16245 570.5509 904.1892 7 0.99983096 552.14526 287.28073 921.74805 839.9064 7 0.95791715 446.00934 71.27255 770.3919 524.9359 7 0.42944577 745.87775 140.20926 767.42267 225.08609 7 0.18968363 640.33374 78.02535 760.25757 231.54208 7 0.17406017 570.82465 101.961815 608.1375 159.49751 ,test/0980.jpg
0 0.8680226 629.21765 430.71622 845.9623 568.22705 0 0.6184556 470.95163 413.45914 545.6401 442.1465 0 0.20123905 588.0401 413.33255 643.36395 460.82004 0 0.16708314 564.7937 403.95627 644.8235 492.95987 0 0.15229854 507.47177 492.49185 644.00916 589.11523 0 0.12841256 506.80203 398.98767 662.0118 534.2362 0 0.09443509 669.7116 484.49158 842.93976 566.8978 0 0.07353804 71.19573 371.00064 271.926 469.54428 0 0.07127937 0.62490845 377.75073 85.27909 454.98553 0 0.06845998 572.47894 983.2649 589.21356 1023.3037 0 0.06631819 512.6028 410.90033 576.74963 524.57544 0 0.054969747 276.86575 191.2521 528.1532 508.71317 0 0.054935843 318.82556 490.35022 523.3604 693.437 0 0.054339293 483.8474 475.95737 521.86707 510.04507 1 0.91563123 487.52673 521.3045 735.1725 733.41534 1 0.8272624 451.1537 317.26355 913.0563 756.3617 1 0.6218623 506.6066 398.3638 658.22473 517.4634 1 0.553011 203.36362 328.68408 924.8362 1016.22485 1 0.43403965 318.82556 490.35022 523.3604 693.437 1 0.38011396 256.68933 542.6921 756.1378 1004.0633 1 0.3387886 609.58527 298.93802 920.84064 555.33496 1 0.29959536 511.80884 410.3167 577.0154 524.6195 1 0.29193217 456.17188 332.51895 642.9951 442.2148 1 0.27187243 507.47177 492.49185 644.00916 589.11523 1 0.2586095 507.33636 454.72983 857.00214 721.0851 1 0.17369924 471.36414 413.0307 545.2048 442.9452 1 0.1603288 624.5318 429.9658 849.383 569.23846 1 0.13342929 420.22403 673.59955 620.998 773.70844 1 0.11587768 129.28456 315.45197 188.17818 376.8404 1 0.11383947 428.6175 418.48877 523.643 485.20508 1 0.10820119 568.5452 360.4078 656.83746 458.82986 1 0.10561926 489.02866 376.0921 665.9103 634.414 1 0.07282574 564.7937 403.95627 644.8235 492.95987 1 0.07136293 549.8164 359.1944 841.94116 564.90283 1 0.052499082 633.92883 396.79187 662.40234 446.60785 1 0.051608037 635.8087 417.2992 664.83826 450.5313 2 0.90600276 320.30063 479.46732 526.3459 694.5852 2 0.4769193 459.25848 333.83878 633.8974 426.53445 2 0.41878903 509.39108 409.9121 577.3438 524.91846 2 0.24829558 575.3637 363.2133 649.30853 404.20566 2 0.1710414 511.14075 385.69147 653.9552 517.28955 2 0.15959278 341.15802 476.7729 524.1994 581.93634 2 0.14646749 570.2215 361.14587 657.37933 459.9972 2 0.10084305 482.51855 522.3848 733.85486 731.02313 2 0.078325324 501.63498 356.41373 653.1763 454.62595 2 0.06261937 507.47177 492.49185 644.00916 589.11523 2 0.054709226 578.6143 371.6602 636.10016 397.4977 3 0.3285371 213.72482 392.1022 266.41156 425.16898 3 0.2186288 195.3861 383.66928 270.21576 432.3925 3 0.06179297 198.49236 383.7714 262.05728 411.51083 3 0.054390635 481.95905 476.21448 521.62103 508.54303 5 0.9432533 96.6626 162.5245 427.67578 372.88956 5 0.93522674 273.97345 41.871864 531.1329 224.5841 5 0.6962444 169.45871 336.67325 250.11218 386.08322 5 0.6389834 277.1505 276.8219 494.68353 501.44714 5 0.41739115 293.68866 279.66898 467.2403 400.88968 5 0.3995904 69.13136 371.4659 289.73883 471.49063 5 0.39716458 192.91574 381.15845 271.30606 432.1844 5 0.31063917 3.7247753 947.74115 28.19562 997.8703 5 0.29026744 479.7025 477.83444 522.68823 510.77933 5 0.27817324 0.38531303 949.43 15.477556 999.93536 5 0.27403185 85.09807 42.935287 531.5248 442.0067 5 0.23892213 130.698 307.66983 259.75378 387.94913 5 0.22556815 298.19287 275.1195 392.79596 360.6051 5 0.18332084 343.75345 366.36035 466.99606 411.0279 5 0.18093264 258.70624 298.90836 321.66156 454.80527 5 0.17531744 251.76538 282.47476 393.59888 430.99472 5 0.15671128 174.14801 369.6652 287.66458 449.22385 5 0.14722985 0.0904541 377.8443 84.91405 454.92523 5 0.13123772 276.47174 127.61546 520.1984 568.8273 5 0.12735051 304.06818 73.85443 460.43237 213.04678 5 0.1064905 215.96194 392.8771 267.88956 425.89938 5 0.102702394 196.8044 382.73483 260.82114 410.10532 5 0.095121704 400.19965 134.67511 455.4621 193.31583 5 0.09018975 142.91467 305.83084 220.3978 349.7349 5 0.076365925 0.7068386 235.9775 45.332108 381.02368 5 0.06025451 367.96497 143.9872 456.33496 199.95586 5 0.05936569 142.9628 335.4586 276.5784 446.42838 5 0.058453288 142.75662 283.5522 369.72116 374.664 5 0.057706185 294.39923 315.22577 347.9798 394.9314 5 0.05611327 294.05597 369.46777 480.69403 512.7632 5 0.053356666 0.0 263.93994 209.6597 388.13922 6 0.6009745 373.29907 194.84119 535.2601 370.67297 6 0.10249771 276.86575 191.2521 528.1532 508.71317 7 0.9981346 8.887573 802.73694 375.2108 1021.2457 7 0.9978873 2.7496033 383.60205 338.44354 991.60815 7 0.7759499 0.5567665 377.7677 85.20975 454.83093 7 0.52468145 272.22073 277.06567 498.01315 510.08167 7 0.4607807 0.0 944.9765 247.59915 1023.1076 7 0.33401558 69.857254 371.8848 286.49915 475.34543 7 0.32218775 0.7068386 235.9775 45.332108 381.02368 7 0.25986776 2.1826172 4.9081116 85.292496 272.16068 7 0.15176238 257.62076 728.4911 291.8467 776.32666 7 0.10226611 0.0 366.3171 683.6426 988.1471 7 0.073517986 471.36362 413.19565 544.45593 441.66208 7 0.06753416 624.5318 429.9658 849.383 569.23846 7 0.057496514 93.52643 61.40689 512.0145 502.04935 7 0.05719605 0.9835434 232.84726 152.16205 467.9819 7 0.0510617 169.28809 336.82407 252.85715 385.3218 9 0.16227143 644.48987 430.18112 845.91455 567.02014 ,test/0981.jpg
0 0.81163925 329.47806 133.99606 658.4547 948.2709 1 0.0692302 328.56915 134.733 657.3232 954.3789 2 0.0760261 330.09506 129.5149 657.6013 947.17676 6 0.31996056 906.3299 38.050987 1022.2797 264.56433 6 0.26499316 113.41405 88.52835 406.35278 305.5877 6 0.07575626 115.862656 156.035 296.67163 312.42834 6 0.055893794 132.50128 176.30917 170.98682 222.56595 7 0.3389756 329.99805 131.1095 659.04834 949.74 ,test/0982.jpg
0 0.33391467 458.8769 240.62105 917.36115 707.3154 0 0.31911084 251.7937 656.5138 540.5449 880.94385 0 0.14419834 142.46924 321.17798 357.6111 597.07916 0 0.06973421 150.30551 250.51816 936.63513 798.8613 1 0.09486629 151.7001 253.06961 927.70996 734.8157 1 0.07406235 144.18617 308.84454 359.03265 596.598 5 0.07298364 251.7937 656.5138 540.5449 880.94385 6 0.7998057 454.7445 255.70935 910.454 725.4281 6 0.5089909 150.30551 250.51816 936.63513 798.8613 6 0.15705055 142.46924 321.17798 357.6111 597.07916 7 0.06320405 277.5046 657.6781 539.7123 878.4081 ,test/0983.jpg
0 0.059542075 415.2934 232.09042 573.8503 522.27014 1 0.99032694 309.04184 319.08856 717.4458 851.1855 1 0.94629085 418.63287 220.96297 606.14874 537.445 1 0.35825217 383.1631 166.56358 654.9159 605.37494 1 0.2889425 497.84573 269.7719 665.5319 643.3465 1 0.19666645 482.70212 154.0762 638.65234 521.1632 1 0.18264258 535.4434 286.69733 627.7896 492.56592 1 0.15824383 545.8326 355.03018 635.2448 634.5261 1 0.12514254 605.23254 397.5839 634.583 461.11008 1 0.12306164 560.8592 297.662 677.18146 579.33014 1 0.11283771 596.9878 401.72333 629.907 439.8974 1 0.10934265 593.06555 385.01636 650.38025 466.886 1 0.08255077 604.7668 405.61914 639.1934 435.5349 1 0.07891848 497.5695 313.4795 667.97217 499.5608 1 0.060402438 493.2411 224.75812 597.82715 492.21484 1 0.059798155 608.72516 401.9031 643.79974 425.88083 1 0.056023285 564.5561 153.1582 660.39056 363.78735 1 0.053295184 610.5779 391.09222 642.8041 440.82257 1 0.051620107 550.5392 138.68713 656.36975 511.98132 ,test/0984.jpg
9 0.9944239 33.071808 87.723755 900.0713 936.0853 ,test/0985.jpg
0 0.09504753 468.48132 541.7599 598.8771 896.3634 1 0.16691898 478.6128 543.2703 594.1604 869.409 1 0.0781432 501.83777 816.2995 875.65344 985.20795 1 0.06491716 489.52267 573.31067 579.32495 767.22986 1 0.055969317 408.00812 203.64828 908.4843 992.82434 5 0.08611583 483.36377 915.8506 618.2781 990.37244 6 0.06018011 487.04227 891.99585 614.852 993.71936 7 0.99964905 217.51114 180.27228 477.6246 837.82446 7 0.99810886 406.35873 207.38528 921.3541 989.0408 7 0.67470294 830.9711 745.0499 946.649 888.96277 7 0.24214076 461.0185 542.1483 600.5367 888.8301 7 0.23550965 222.67497 189.83449 473.10608 499.5315 7 0.13267982 389.8971 262.79953 590.7406 803.2897 7 0.064610876 476.28745 285.8203 576.35016 353.49908 ,test/0986.jpg
0 0.60198 352.58078 930.8551 549.50464 1024.0 0 0.1268092 811.76135 795.3981 1024.0 1023.2672 0 0.09867732 801.63763 799.9708 1024.0 908.7704 0 0.093258396 793.28625 855.40063 914.57007 883.7689 0 0.07047545 820.4525 863.2782 905.1985 880.1333 0 0.06691284 839.46045 896.59296 1023.42175 1021.0479 0 0.05197007 811.6455 860.984 927.53955 892.9171 1 0.9984559 534.5297 295.55975 1009.47784 569.104 1 0.9980094 211.06956 476.2175 489.28918 627.04156 1 0.20227565 350.98532 931.2132 550.64685 1024.0 1 0.15392447 606.42035 426.4476 1019.1347 600.63196 1 0.13265492 130.64342 655.2475 517.926 985.59955 2 0.9871974 323.5791 643.6334 520.16876 766.18396 2 0.96639585 129.04019 654.9187 510.25137 984.464 2 0.122604534 808.5404 799.6029 1024.0 899.4625 3 0.18545765 833.5485 876.1061 1024.0 1022.40955 3 0.111943215 806.0925 792.2662 1024.0 930.6192 3 0.06684252 839.4457 945.6525 1008.51294 1022.96246 3 0.05905474 758.1935 857.04266 1023.6742 934.9025 3 0.05353199 806.3761 857.91223 926.5419 889.2811 5 0.5647584 802.40283 794.94324 1022.8959 914.06445 5 0.4482638 814.51843 796.6786 1024.0 1023.1732 5 0.2921893 839.06116 945.66223 1013.652 1022.9717 5 0.28090373 825.24866 892.4345 1024.0 983.75836 5 0.20320155 445.62732 925.011 1023.7499 1019.20557 5 0.06719123 444.83878 801.93567 1020.1312 1014.20544 5 0.060734965 924.5699 776.90533 1023.94684 904.4161 5 0.05220027 128.20891 654.02856 517.6919 984.91565 ,test/0987.jpg
0 0.2109325 435.9528 620.7804 636.6106 655.1907 0 0.15313368 720.30164 665.4081 783.5991 760.23047 0 0.06399733 227.66145 256.28482 473.5287 819.0913 1 0.9090249 724.2448 666.40106 849.57135 806.4306 1 0.4277463 720.4815 665.23145 783.7131 760.0609 1 0.13439417 622.2676 631.8728 724.1089 689.4957 1 0.066978 666.6902 638.06885 723.03845 687.6273 1 0.059431195 710.6631 657.1971 788.4983 829.27435 7 0.999793 441.41428 197.84703 715.4055 642.9907 7 0.99625176 226.35814 264.08084 477.29565 827.90906 7 0.9906273 365.0011 619.3729 846.41284 987.8373 7 0.26535693 435.9528 620.7804 636.6106 655.1907 7 0.1340574 734.97205 765.67755 786.8086 861.8178 7 0.05676831 453.3654 773.52386 859.0128 1003.95514 7 0.055230774 207.80972 219.98279 791.6575 855.5753 ,test/0988.jpg
0 0.9353407 261.03793 761.9003 486.1708 870.1551 0 0.22962904 522.7854 556.7526 589.73975 732.7652 0 0.22719759 366.53387 678.7376 516.0937 795.9328 0 0.19769225 444.93542 573.8821 596.1532 614.21924 0 0.19378531 312.7569 692.09454 396.23804 734.3486 0 0.14364852 229.36122 696.38605 506.5357 875.2673 0 0.12392682 187.18147 821.88074 302.90814 876.8668 0 0.10707893 535.18176 667.4103 642.1256 739.0576 0 0.10676567 677.80853 261.75555 743.3232 308.31714 0 0.10206842 228.2916 865.0664 303.08438 874.87634 0 0.094151855 387.346 679.13367 484.34344 716.89795 0 0.08712564 282.4847 723.6156 378.8535 781.2229 0 0.08252197 457.55783 609.893 622.771 695.1319 0 0.07744324 460.35236 567.52374 584.04047 724.91034 0 0.07142481 312.5872 702.5302 375.71164 729.0694 0 0.056520876 497.52954 561.16046 608.43054 685.262 0 0.05592715 526.61597 136.51688 605.2053 328.55942 1 0.9318323 671.92633 261.96524 750.6827 308.60147 1 0.27252477 534.85504 671.9842 643.33344 738.8632 1 0.2356159 490.29837 211.20683 569.65405 467.86743 1 0.22477974 314.5263 687.1874 398.6894 737.4602 1 0.12586704 452.30508 578.33966 555.9602 613.83307 1 0.101971485 286.7009 584.36346 414.2383 724.94794 1 0.09961417 490.44003 371.81027 526.3728 471.43668 1 0.091512494 618.3504 260.48227 708.1932 295.62863 1 0.07109249 562.03534 740.5698 651.50665 800.0442 1 0.06141258 313.69623 700.98944 378.63348 728.9107 1 0.05879069 360.93597 685.80023 393.5868 730.13043 2 0.22576813 281.42578 688.66595 315.79346 776.84576 2 0.13061251 534.8112 672.1043 644.46906 738.6552 3 0.2987801 282.01285 689.25433 316.82388 776.1591 3 0.17694725 362.24182 683.3918 394.2962 729.0976 3 0.17552713 283.55594 705.8591 313.6511 753.618 3 0.15819299 581.1171 654.3745 631.57135 681.23645 3 0.14225957 535.5187 666.78955 641.7185 739.17236 3 0.12982053 401.53333 613.0033 505.62787 651.60376 3 0.058776848 218.0591 848.31433 304.25006 875.3712 4 0.077577904 360.93597 685.80023 393.5868 730.13043 5 0.4864543 534.5786 668.72784 643.4608 738.9499 5 0.45352766 454.78674 608.93146 620.7727 697.3232 5 0.36192003 129.42908 537.38824 151.61053 592.98175 5 0.31411633 524.528 551.83325 592.85724 737.3148 5 0.30011034 366.05823 678.16455 515.4712 795.2876 5 0.2934978 148.32681 515.4318 186.36237 602.2402 5 0.28301248 281.55258 688.7517 314.9208 774.704 5 0.21669668 567.87726 190.74432 612.8354 329.57904 5 0.18163544 442.58112 582.4347 636.8841 735.5835 5 0.15202461 286.7009 584.36346 414.2383 724.94794 5 0.14367744 525.4815 137.59778 604.4118 328.22665 5 0.12309691 431.90027 561.2725 595.1726 616.9167 5 0.11746814 474.35443 665.6772 525.7441 709.50116 5 0.08974977 607.4274 271.2511 667.5871 338.98785 5 0.08920825 540.541 654.54425 630.6035 690.9101 5 0.08086608 464.80212 609.7984 547.6939 715.264 5 0.07868964 387.03143 641.3996 480.3053 722.40314 5 0.06722643 581.1171 654.3745 631.57135 681.23645 5 0.06396136 387.346 679.13367 484.34344 716.89795 5 0.06355175 144.03943 514.79266 241.19705 636.70013 5 0.058788776 533.517 594.73846 620.8309 690.96576 5 0.058491226 512.8586 669.017 600.40424 725.1325 5 0.05823768 400.38226 608.42834 533.33044 649.787 5 0.056488086 282.4847 723.6156 378.8535 781.2229 7 0.999283 628.0831 550.6616 806.78723 812.5929 7 0.99104226 110.035065 642.39197 313.7537 828.71716 7 0.9906545 506.07516 276.76947 840.7407 628.1278 7 0.9659512 5.9530945 679.0771 162.41331 832.76886 7 0.9543423 704.69385 359.41675 1021.6124 733.1223 7 0.85653836 379.94366 452.16812 531.69556 594.1747 7 0.85377747 285.64273 585.2713 414.6932 719.69904 7 0.837224 209.5768 191.56375 334.43564 332.4407 7 0.8116341 124.90165 276.6986 342.23938 538.67194 7 0.7243843 145.41739 513.43756 327.39096 646.58026 7 0.61977464 120.39438 248.7651 405.5211 665.57275 7 0.5947916 150.93504 442.9049 407.85107 640.4546 7 0.55726653 514.6112 278.34174 1014.09326 728.6657 7 0.4231079 391.58524 642.6178 479.0068 696.17395 7 0.30493006 382.60886 446.57648 528.5422 725.8167 7 0.2772552 391.18646 588.00616 627.81396 729.38763 7 0.2640131 148.08162 515.18744 186.9257 602.3184 7 0.23549825 212.00156 167.95796 351.36343 465.29633 7 0.18064876 498.6681 285.7202 578.43506 460.79462 7 0.17625661 392.07196 582.2528 531.21686 701.995 7 0.13892782 100.061676 591.8914 183.06015 681.96674 7 0.13083996 527.1633 552.71185 596.8561 735.00165 7 0.1267531 283.33197 725.86084 377.851 782.297 7 0.12546223 319.8872 570.3833 817.30505 799.8568 7 0.11203315 146.21368 515.42926 220.09097 627.2758 7 0.10611924 330.63055 369.2465 536.1337 586.8176 7 0.10184227 467.8095 608.9885 632.42474 713.57385 7 0.08759245 157.22063 552.1257 266.50308 617.8621 7 0.084012024 524.2337 595.02716 642.1275 738.1298 7 0.08316483 0.0 691.3964 68.87698 747.52484 7 0.07840543 383.02988 508.89725 540.66034 614.95654 7 0.06859648 281.28024 687.2825 385.5436 790.4784 7 0.06798627 535.18176 667.4103 642.1256 739.0576 7 0.06448592 557.05286 660.5936 626.77856 684.6101 7 0.058540467 287.9948 744.50726 339.07288 776.30524 7 0.057018887 281.42578 688.66595 315.79346 776.84576 7 0.055891097 255.14627 230.1183 598.06274 720.51935 9 0.5004039 367.03845 678.1071 515.683 795.2662 ,test/0989.jpg
0 0.7796097 201.68758 114.36096 314.38135 234.831 0 0.7312021 623.1703 682.41565 763.5952 868.0305 0 0.7057215 615.4499 734.11847 727.06415 829.2758 0 0.5868347 802.9049 644.6292 885.0737 669.8051 0 0.30458894 653.25836 616.84906 700.34454 668.92535 0 0.23693915 503.78983 793.5709 536.63904 842.301 0 0.22075146 629.7401 765.0866 726.3397 866.99884 0 0.20732701 519.1317 603.00885 648.5847 845.9975 0 0.18206322 774.666 543.74963 883.12585 672.8767 0 0.13961229 532.56647 719.9991 621.5927 852.57355 0 0.1392054 610.0233 707.4972 649.2046 752.7654 0 0.13013299 800.777 450.1929 829.1886 510.3096 0 0.12526822 756.375 643.7517 885.6885 680.25586 0 0.12189366 629.5004 765.60565 714.4537 822.0551 0 0.116835676 820.8176 394.23248 872.7012 438.26257 0 0.11658076 528.19086 790.21375 609.4045 853.64905 0 0.10354123 952.7614 2.6867638 993.2392 55.73066 0 0.08581555 968.1769 0.0 1017.7013 15.885162 0 0.08286867 702.68536 739.7225 764.7802 823.65546 0 0.06517722 700.89 627.7423 791.08496 695.9298 0 0.06427336 798.32214 390.32288 873.52136 511.1051 0 0.060079373 532.57806 798.80804 573.46735 852.0195 0 0.060073372 612.14923 745.9286 634.17255 806.15454 0 0.058159392 560.85425 708.30865 648.47656 748.726 0 0.055403084 696.2231 626.07513 716.3488 703.45355 1 0.99076813 299.7516 567.2627 590.5506 882.9973 1 0.5156429 790.7762 552.2649 882.9167 672.38525 1 0.1812164 968.1769 0.0 1017.7013 15.885162 1 0.16933785 273.248 495.9568 758.77435 883.4967 1 0.1537162 514.0529 613.3761 628.1302 851.30994 1 0.1510046 621.3646 687.6824 760.6919 864.92847 1 0.10224814 504.7569 795.28015 535.12787 842.9573 1 0.055813853 331.74042 838.338 456.6194 1017.65295 1 0.050595213 508.48367 638.11957 585.1761 832.10175 2 0.99948406 332.32016 840.14905 456.31686 1017.25183 4 0.47858733 596.3955 605.9645 649.0631 745.1387 4 0.07732776 525.9407 604.8103 650.0554 830.4779 5 0.9875563 711.8741 560.2719 815.27167 685.75104 5 0.33180794 704.22644 632.6033 805.1157 688.468 5 0.22138034 596.3955 605.9645 649.0631 745.1387 5 0.20968115 762.07715 545.1714 815.9243 680.17285 5 0.20282629 774.666 543.74963 883.12585 672.8767 5 0.18702637 519.1317 603.00885 648.5847 845.9975 5 0.18465413 714.48724 603.45526 740.64154 665.3709 5 0.0860665 724.0665 657.3158 797.97974 684.708 5 0.06365414 712.23895 594.54285 756.37274 681.4575 5 0.06156758 695.88196 596.8445 779.91284 700.365 5 0.055360377 651.7335 618.6449 800.00305 699.11914 7 0.9995958 135.68597 125.82349 861.619 618.3454 7 0.37539196 532.56647 719.9991 621.5927 852.57355 7 0.23312451 821.56995 394.40933 872.9414 438.6948 7 0.12068392 515.6363 609.07996 650.6326 843.8661 7 0.11774184 798.32214 390.32288 873.52136 511.1051 7 0.10530354 681.61316 227.70749 848.1206 594.94604 7 0.077598944 620.1979 682.86615 764.5255 840.27423 7 0.054645643 535.46375 731.74414 563.45935 790.9487 ,test/0990.jpg
0 0.87795115 307.0067 54.127563 807.28796 942.4531 0 0.6574882 488.0345 83.899506 811.10016 717.1133 0 0.3085051 314.47256 527.3236 719.4833 926.72327 0 0.23791513 157.82797 312.8689 721.8994 937.4103 0 0.20485984 160.83604 343.57788 522.4463 678.3751 0 0.11020899 497.8652 306.04993 745.5489 708.7944 0 0.08287648 595.7624 83.26164 700.25604 240.5306 1 0.16582383 165.43964 249.70642 766.05005 944.32983 1 0.13185945 160.79153 347.7318 524.21814 683.69885 1 0.06450524 499.00012 193.75116 799.8954 706.618 2 0.9670262 163.96576 342.97742 522.0113 679.21497 7 0.66828185 442.28613 53.358696 503.92963 194.93991 7 0.16117856 312.85593 546.06976 722.08777 930.5262 ,test/0991.jpg
4 0.9983614 403.66455 111.60336 605.90173 944.6609 4 0.99834645 615.1027 126.24515 843.69025 914.20496 4 0.95952696 108.40402 143.16174 363.20895 934.91565 5 0.5258618 105.22041 151.94113 367.59332 941.18884 5 0.15666717 395.3507 130.00021 610.49414 945.0045 ,test/0992.jpg
0 0.9828383 462.86874 426.13385 604.90015 536.7443 7 0.11554187 462.9162 426.4148 604.7391 536.634 ,test/0993.jpg
1 0.13159615 0.19045067 509.4379 63.37783 585.1407 2 0.97043276 0.3846302 508.8352 63.687286 585.6411 7 0.9997987 275.12476 92.58087 797.9828 1003.6678 ,test/0994.jpg
0 0.5979713 416.74252 336.47293 714.4253 500.39993 0 0.45666865 245.71454 318.74478 848.64874 812.1655 0 0.24633732 689.67145 391.7858 831.3212 442.2515 0 0.2156891 250.01433 616.81335 328.03635 796.156 0 0.1949647 374.4977 483.02036 449.0009 534.4092 0 0.08181798 624.3968 786.9637 756.94293 877.57745 0 0.06315337 606.8302 392.61426 771.2971 504.2835 1 0.6168604 246.21548 317.05203 849.69116 811.69666 1 0.10257468 415.46686 338.87372 714.31586 499.3545 1 0.060501277 2.452301 847.6548 318.69943 1020.3756 7 0.054714806 245.79628 633.904 329.16245 793.9034 ,test/0995.jpg
0 0.8748332 9.635742 512.45886 545.82465 847.152 0 0.87140316 17.155212 610.3267 352.4264 803.9278 0 0.86421543 816.7433 534.3414 864.4176 579.99274 0 0.55802023 536.78796 584.1641 811.5071 661.77814 0 0.5560333 537.14014 584.3037 569.6322 662.4502 0 0.5345718 0.025787354 66.350266 548.03784 250.37993 0 0.44180438 86.473656 422.52658 276.17136 615.6618 0 0.42709994 726.26355 168.96985 823.19946 232.4472 0 0.25512382 521.9476 523.23364 824.60455 740.19666 0 0.19209187 51.130035 223.20691 591.36804 578.5671 0 0.18734765 0.9663391 169.14044 278.89545 622.0232 0 0.18059368 0.82141113 188.46823 164.79791 343.22836 0 0.17629926 2.2237434 583.514 92.610886 755.23175 0 0.15831524 405.84485 181.97098 825.43274 556.57837 0 0.14291754 85.182625 194.47113 239.19211 237.41125 0 0.13551965 0.549778 418.06354 111.709015 566.77325 0 0.13482146 497.58832 572.95013 1015.6066 865.1745 0 0.13070232 547.63745 534.7536 842.6719 639.4123 0 0.11475087 758.31055 0.1832428 1024.0 382.8344 0 0.09548232 1.9331169 471.03848 89.803955 620.8826 0 0.086215705 236.68985 503.1529 255.65363 594.2121 0 0.085533544 532.50037 531.81116 1004.2545 680.6743 0 0.07129982 1.1548843 315.77176 188.57422 429.81326 0 0.06757028 0.0 177.65031 487.25146 421.0572 0 0.06749275 557.2662 609.0015 632.02216 669.69147 0 0.064657666 200.22865 207.99022 307.5309 287.53677 0 0.05393936 798.9484 514.26605 839.0329 528.3256 0 0.050018147 32.44182 69.92122 278.37506 341.90857 1 0.5435497 225.3937 251.5534 564.29004 575.555 1 0.2508335 301.6547 180.44867 831.6542 576.1746 1 0.20214309 0.6287956 418.3981 118.99164 570.98816 1 0.07492613 85.38915 421.5774 289.43994 616.6876 1 0.06447677 758.1821 0.69065857 1024.0 382.47668 1 0.05622388 23.138184 181.21144 577.4584 590.1647 1 0.050858352 536.4031 582.0593 572.0082 665.4563 2 0.69378906 224.9146 246.48868 564.315 576.8523 2 0.2379684 255.01627 185.34175 827.76416 579.54407 2 0.15756057 530.8468 426.37787 811.6605 602.64386 2 0.13057055 0.23868561 418.04813 111.34378 564.85724 2 0.050709184 257.21436 232.10191 446.06964 372.3794 3 0.26543763 208.93222 234.87558 244.62363 262.97485 3 0.19223638 515.7545 566.3077 1015.7147 853.638 3 0.12581702 532.50037 531.81116 1004.2545 680.6743 3 0.07472482 534.27466 423.03534 809.1372 604.34406 3 0.05496426 208.31032 215.02943 253.65965 264.0892 3 0.05121335 2.922882 61.486298 281.8201 665.60376 4 0.23759787 87.12173 423.0031 269.81653 614.5262 5 0.92655474 545.19305 523.3819 843.92035 632.7768 5 0.6554161 537.82697 420.3959 808.32306 615.30664 5 0.6128528 0.76968384 185.02716 276.29608 437.93158 5 0.5900773 86.30903 423.6056 268.37622 612.7566 5 0.52227896 104.48102 191.22484 856.8278 583.7224 5 0.32057875 1.8778687 189.71727 142.20406 342.48315 5 0.26761577 476.0271 195.216 825.4723 633.6605 5 0.18377356 0.4043045 418.40332 111.61363 566.063 5 0.16638403 213.2059 511.94257 546.28503 836.55316 5 0.14575343 2.922882 61.486298 281.8201 665.60376 5 0.1312727 535.4155 576.12244 826.651 657.43713 5 0.10711602 532.50037 531.81116 1004.2545 680.6743 5 0.09900115 96.992836 226.49983 269.27826 350.5892 5 0.06961258 657.7112 235.08194 827.27405 426.67197 5 0.06950347 495.0786 540.28564 1017.2219 878.8967 5 0.065738395 803.0118 514.05804 837.5544 540.4251 5 0.06315923 544.06744 172.9715 827.592 286.5448 5 0.050549842 487.87827 513.7717 571.4229 664.8137 7 0.7514414 759.6869 0.80856323 1024.0 382.7911 7 0.40322545 402.12302 175.71349 828.76587 559.99634 7 0.271964 4.14476 244.3941 269.52612 433.3105 7 0.17483202 126.920715 515.5942 543.425 841.25226 7 0.14344741 1.8778687 189.71727 142.20406 342.48315 7 0.1210714 0.39239502 177.05357 283.04086 608.98517 7 0.091502026 85.182625 194.47113 239.19211 237.41125 7 0.083557256 0.0 186.54388 272.26364 357.1903 7 0.07524898 23.138184 181.21144 577.4584 590.1647 7 0.06812221 1.1548843 315.77176 188.57422 429.81326 7 0.056749824 0.0 62.257515 544.57355 312.9287 7 0.053449623 0.549778 418.06354 111.709015 566.77325 ,test/0996.jpg
0 0.906976 390.95035 188.71687 744.2279 682.2059 1 0.21759167 391.799 187.50098 742.8626 681.9779 ,test/0997.jpg
7 0.99502975 172.94891 171.28311 739.9159 937.1372 ,test/0998.jpg
0 0.3829697 343.60364 371.51526 793.25256 876.2589 0 0.12079848 62.766937 230.18839 800.5436 875.6138 0 0.11825968 200.25204 375.24902 715.2908 564.1528 0 0.10278354 2.0690308 567.51416 193.43163 849.8998 2 0.13049316 346.11566 365.2062 789.45026 878.39954 3 0.45310685 344.33344 373.1721 792.66095 875.05774 5 0.08437766 143.21143 294.35742 793.9148 878.6344 7 0.8784108 38.01819 0.83673096 529.30133 547.91016 7 0.83393353 73.900055 261.777 543.056 531.85596 7 0.5678427 221.67776 0.0 510.3682 215.60599 7 0.30325988 62.766937 230.18839 800.5436 875.6138 7 0.21572998 332.25024 0.8928604 502.1604 162.4231 7 0.10556679 1.5541916 569.71606 194.08307 848.8302 7 0.10262819 200.25204 375.24902 715.2908 564.1528 7 0.101209566 10.978485 200.83295 709.8739 583.1352 7 0.07733817 0.0 213.80869 524.57465 433.77115 ,test/0999.jpg
7 0.99666876 194.72604 269.80893 654.65137 774.8308 7 0.062031228 220.9095 269.5541 297.3274 408.4581 ,test/1000.jpg
0 0.28393534 268.8778 95.566345 952.0149 535.7592 0 0.14425619 159.77597 111.77048 925.3207 869.63135 0 0.0848968 171.37561 537.38196 739.7346 819.49866 0 0.06245352 3.2187805 183.74548 260.45575 407.13586 0 0.053881768 2.556961 125.2061 344.46716 525.1592 1 0.06606307 4.229248 184.41196 350.68753 514.6803 3 0.05177304 129.79105 532.2089 738.5901 819.3731 4 0.44390675 291.56616 110.33394 952.5326 520.5929 4 0.3612379 173.15994 538.01605 720.4088 815.65826 5 0.98656285 228.24173 318.4875 316.64145 417.80377 5 0.89869326 1.022583 52.77613 117.70497 285.602 5 0.18329391 173.772 537.3208 731.2916 819.3386 5 0.065569244 281.80707 110.130325 950.9244 521.9024 5 0.061333664 3.3899841 104.19922 281.01138 517.28503 5 0.051010516 157.20108 121.87082 928.4315 856.1533 6 0.06426295 0.8401222 52.275246 118.1902 284.5693 8 0.24616516 173.772 537.3208 731.2916 819.3386 9 0.8764935 121.210266 103.38147 936.2679 853.7485 9 0.48209792 268.90173 106.23819 950.4911 535.42773 9 0.22675076 170.944 536.8648 770.6963 826.4506 ,test/1001.jpg
0 0.68898743 149.4332 814.0486 320.17313 932.1738 0 0.054356813 59.962738 109.045746 989.3507 691.0874 1 0.9918419 75.48114 114.32864 984.72687 670.7578 4 0.8939332 376.55 567.253 717.2675 732.6099 5 0.6254471 373.438 567.0499 725.4481 732.0156 5 0.21726437 723.7245 656.05963 799.7499 718.7399 7 0.51735985 149.4035 814.19977 320.16202 932.2413 ,test/1002.jpg
0 0.7863802 341.55927 408.8035 432.70514 441.65543 0 0.6535399 132.39836 121.38544 462.2704 273.20013 0 0.4604613 194.81151 0.0 572.53894 180.10286 0 0.3566974 663.1222 322.02383 827.7726 383.84024 0 0.30910957 336.00717 415.20773 514.6929 447.9545 0 0.22894505 421.35065 431.0856 506.87616 446.83444 0 0.08867463 196.36069 347.99387 371.14084 403.55588 0 0.07378365 250.47644 551.32556 622.1508 717.10547 0 0.07139352 548.91156 609.92163 652.64154 622.306 0 0.06761446 94.329834 137.19748 164.82162 289.8366 1 0.9394592 18.047455 437.0421 883.16016 727.41003 1 0.91882885 389.2826 287.43774 793.6996 425.07642 1 0.9157709 194.43903 348.17145 371.4281 403.72687 1 0.8312655 77.39908 305.17215 850.2124 524.7871 1 0.6992722 114.29071 417.79095 826.11914 515.2685 1 0.66463256 114.75778 348.9072 830.65356 461.52316 1 0.6488285 18.8685 494.292 636.3677 689.6439 1 0.497595 34.536346 575.47723 591.07434 717.1475 1 0.40833008 114.78223 283.8931 548.0018 425.51974 1 0.3392565 370.67233 354.77563 799.2206 447.62714 1 0.31376565 41.41165 379.2256 848.5585 597.0503 1 0.27752757 121.0925 352.4416 535.80994 417.9405 1 0.25409895 108.27864 317.53662 552.56934 501.92078 1 0.24400131 101.204056 293.71567 391.4887 355.63748 1 0.23983979 371.95663 400.2015 821.9839 455.17776 1 0.23843244 121.97052 368.12265 223.54657 406.66495 1 0.23236811 74.92157 450.3988 713.72345 544.1789 1 0.21600506 155.83818 409.81116 510.83417 455.33038 1 0.20967913 73.68805 453.33466 163.1089 485.3457 1 0.1931989 151.05998 440.91168 648.4438 494.7132 1 0.17574641 102.65907 274.9572 490.4392 370.51074 1 0.17080858 178.34639 400.51617 364.7447 425.875 1 0.15934196 129.69743 420.60214 548.7084 475.62943 1 0.1558143 81.532135 460.82663 142.95468 481.92404 1 0.14911073 117.00482 394.74347 502.90918 441.0163 1 0.13751432 67.67795 499.7964 668.99634 598.0802 1 0.13135195 124.4079 414.28336 634.36127 644.23645 1 0.12902491 102.489044 340.04678 230.5506 408.7601 1 0.12892634 170.88403 407.31522 344.3875 441.0864 1 0.11844824 176.53531 430.39957 343.64938 464.4648 1 0.11499749 266.47174 546.87054 633.04974 699.65265 1 0.10807524 207.42764 344.22742 357.41623 366.12073 1 0.10441189 177.3717 466.9158 751.4315 524.535 1 0.10342324 78.57875 439.95847 181.29103 481.05594 1 0.10185737 85.56967 474.1201 605.64746 514.6034 1 0.09661219 119.015564 490.93158 609.78204 530.67224 1 0.084459804 139.89613 446.76645 304.8836 481.6829 1 0.08308039 712.9131 395.49066 851.2095 530.0054 1 0.0783842 421.35065 431.0856 506.87616 446.83444 1 0.0757013 96.89085 445.8348 175.14072 462.69278 1 0.07053399 86.77396 324.3569 417.0507 436.42368 1 0.07027797 357.5759 302.336 542.40564 403.75464 1 0.06586862 234.3786 293.45145 369.9768 327.03714 1 0.05497668 663.1222 322.02383 827.7726 383.84024 1 0.052509677 150.45871 375.43115 212.95786 406.0905 1 0.052305393 752.2117 370.96906 841.7252 507.92877 1 0.05176171 206.28467 422.31787 673.2056 462.20178 1 0.051732305 205.67438 382.4753 276.1687 402.3912 1 0.050774723 39.97409 638.1222 402.47333 712.61304 3 0.4447472 665.6606 248.07239 710.8837 276.1277 5 0.15666948 100.74754 407.73056 193.13945 443.58334 5 0.12994015 64.75236 403.7177 107.89744 476.44 5 0.120404124 72.2718 457.14328 151.41129 516.00446 5 0.06686593 65.50299 402.59494 193.59631 498.27817 5 0.06640566 665.53406 247.89185 711.2068 277.40778 7 0.98866177 0.0 0.0 245.71753 138.31894 7 0.9823883 514.29285 119.46269 673.61316 300.53198 7 0.60288423 0.0 0.0 239.44371 406.45947 7 0.5311363 186.13019 0.37348366 327.00238 63.08349 7 0.5166869 192.57799 0.0 576.6579 179.6575 7 0.43234116 136.64156 121.23697 460.96246 273.0224 7 0.2787217 99.252174 135.08151 166.6506 291.99927 7 0.123408265 87.1163 0.0 560.505 392.6403 7 0.06637793 0.0 11.300583 55.171494 87.36524 7 0.0600912 111.11536 129.49374 688.6018 293.4259 7 0.060068578 0.0 0.11238098 119.9411 403.69464 ,test/1003.jpg
0 0.15218987 103.262024 681.8414 138.0804 711.0534 0 0.10257937 108.83411 245.04547 832.70123 733.53235 1 0.9798973 108.2027 244.99413 833.6101 731.16437 1 0.11869156 76.24727 250.80939 183.39107 330.1991 ,test/1004.jpg
0 0.07453895 963.0522 179.06659 1021.373 440.29327 1 0.15516193 963.9841 178.1751 1021.32404 440.45996 4 0.99766195 73.10745 187.04968 336.31873 923.8507 4 0.99164796 0.0 346.54715 76.274864 903.4138 4 0.9821103 625.529 190.06631 958.4943 930.06445 4 0.96589035 378.30127 181.48935 632.82025 924.2291 4 0.42876986 644.0439 339.17474 724.9766 433.5703 4 0.39110884 1.5234375 381.05243 71.03384 494.61798 4 0.38217646 963.0522 179.06659 1021.373 440.29327 4 0.33513495 291.2798 286.96844 390.21942 414.5672 4 0.23143966 293.29706 377.96796 349.4154 898.2414 4 0.19960347 344.36386 375.61694 391.4731 905.7875 4 0.18484418 421.06058 189.48383 613.57983 480.3625 4 0.14863135 964.0653 540.58386 1021.93066 909.74634 4 0.13069274 640.25226 351.71136 707.5545 923.75836 4 0.12740764 607.3877 376.58087 650.2988 930.35516 4 0.12549084 158.98764 214.26509 396.56296 422.7027 4 0.11394208 135.67429 214.92361 969.796 938.26404 4 0.08686193 198.02821 198.58496 342.98108 915.4619 4 0.08611733 305.80496 288.1497 376.45267 930.71985 4 0.08231415 2.1102142 191.79785 276.11597 403.0999 4 0.06447567 967.8116 308.3468 1024.0 425.35706 4 0.06011923 338.2275 225.41606 446.82413 398.66052 4 0.05572692 708.23737 194.39682 963.70355 512.7313 4 0.055118255 935.6416 399.25818 1021.3303 909.5919 4 0.055039413 554.34204 330.0961 655.369 933.8082 5 0.12954229 969.59436 415.43896 1021.42017 916.8441 5 0.11934447 963.27057 174.42278 1021.1556 443.71063 7 0.088267155 964.3311 392.3645 1020.36957 923.0631 7 0.060550794 974.7197 547.9188 1021.10547 866.71606 9 0.08458834 963.0522 179.06659 1021.373 440.29327 ,test/1005.jpg
0 0.9856995 142.8066 343.0911 520.4228 687.563 0 0.9142829 526.99176 459.4572 671.14276 677.12787 0 0.3938406 409.82614 482.673 680.9387 677.55005 0 0.24235915 138.67154 346.48483 428.5132 545.2002 0 0.08829057 262.58798 674.97125 426.30527 766.64935 7 0.067721404 406.5221 484.94824 680.9719 677.46765 ,test/1006.jpg
0 0.652176 423.77716 310.17102 461.69397 357.94537 0 0.16271037 347.51312 523.81854 390.66925 636.04047 0 0.10716929 310.67734 533.2898 395.75284 633.86426 0 0.101656176 761.1619 450.1927 796.5865 482.00372 0 0.07971148 301.4975 123.348526 556.73224 350.67468 0 0.07210688 306.22607 534.16925 355.61182 590.34894 0 0.06553391 361.20148 534.7174 384.6488 629.15063 1 0.44802243 761.1619 450.1927 796.5865 482.00372 1 0.07404923 762.5188 457.7947 792.7449 495.8159 7 0.999616 289.88696 129.25018 775.9066 684.7306 7 0.4200853 302.04416 123.37007 550.9391 344.62323 ,test/1007.jpg
0 0.9922025 94.79654 354.11694 834.0188 684.5283 ,test/1008.jpg
0 0.22178926 839.4316 60.743362 1021.47076 422.32538 0 0.13850057 159.5925 463.15137 891.4519 508.82428 0 0.13232125 1.193634 2.7059326 131.75682 417.00775 0 0.08405589 866.1541 115.74808 1023.5264 240.26678 0 0.07018951 951.7737 247.97757 1023.72327 440.27176 0 0.06008686 919.24164 200.48404 1021.9255 324.54514 1 0.9967615 131.13211 461.18076 886.50195 876.5763 1 0.9859277 159.86115 109.98688 773.4273 481.06506 1 0.98209953 123.313446 87.84564 909.8723 886.3202 1 0.8946769 769.85767 0.0 1024.0 79.3512 1 0.83976144 948.1758 212.14285 1023.56775 444.20053 1 0.5902546 860.19543 91.09532 1023.74036 326.39014 1 0.5682218 733.5976 39.49507 1024.0 436.58496 1 0.5261471 566.0231 106.702484 1001.0836 465.83932 1 0.35766053 103.526215 1.4103165 881.43005 235.1907 1 0.31485853 896.2571 197.3761 1020.94055 305.34433 1 0.26077795 517.77734 9.044789 783.54333 33.484093 1 0.25932762 889.64215 181.84447 1024.0 451.4499 1 0.23691623 185.51859 461.1303 882.81274 628.66 1 0.20465893 734.126 50.673744 1021.97925 144.22519 1 0.19284603 195.45624 138.19072 535.6877 462.4076 1 0.18534547 101.57455 0.84962463 140.78934 92.42633 1 0.18236177 747.72736 1.5350685 804.97626 70.055984 1 0.18007393 141.92548 3.487648 812.85095 122.87902 1 0.16102353 1.4554443 2.058548 131.84879 416.80597 1 0.15853421 567.61096 2.9790115 865.5382 231.35144 1 0.12782238 747.1343 63.40468 1021.81885 111.17418 1 0.117990114 629.8208 16.450882 1021.3556 284.53082 1 0.10965448 161.03285 80.106026 646.6596 252.06055 1 0.09688431 414.86053 2.3136835 797.01434 30.590752 1 0.08597875 115.19934 492.029 181.10779 824.09064 1 0.084308356 0.0 0.0 180.76784 843.4751 1 0.0755694 702.62805 0.18538666 1016.74194 130.30344 1 0.07217092 770.135 40.235558 1023.1603 87.36228 1 0.07180399 697.36005 14.8474655 866.8128 166.37988 1 0.06671093 852.03723 75.150345 1023.9568 132.36708 1 0.063292265 546.6824 16.842861 752.11536 40.397522 1 0.054731052 318.1756 3.9439564 756.9887 42.84101 6 0.05011905 775.748 75.902725 1020.30084 131.79059 ,test/1009.jpg
0 0.088993765 951.6453 585.8086 996.0844 644.51575 0 0.05579378 283.8021 380.86786 680.77783 491.48853 3 0.19349341 951.0346 585.6457 1004.3907 645.59015 3 0.06952398 974.72687 584.4216 1001.57684 644.9633 7 0.99570364 155.47662 290.96265 830.3583 675.95966 ,test/1010.jpg
0 0.722358 770.8602 910.71295 931.13184 1023.1894 0 0.5163775 0.56809616 230.85913 112.19983 445.32214 0 0.28274414 20.282318 526.59906 101.08694 682.4224 0 0.17802836 555.4545 413.4522 777.4583 573.70087 0 0.1671196 240.26335 249.44864 610.1619 673.3229 0 0.087883696 271.86047 562.63525 297.25488 598.53174 0 0.08022265 269.71298 560.62836 339.21634 597.1739 0 0.05209572 221.61925 297.69308 261.5591 354.0554 1 0.8958291 240.71034 249.40471 611.0769 672.8455 1 0.8614177 24.579418 530.28357 99.59682 683.33167 1 0.7683916 554.66364 413.56497 777.5662 573.8102 1 0.07510924 416.866 398.64557 776.96765 680.2211 1 0.054654326 269.71298 560.62836 339.21634 597.1739 5 0.52092206 221.93948 319.0141 261.65842 354.2381 5 0.3617716 770.8695 910.95917 930.3352 1024.0 7 0.43835676 221.26671 298.13297 261.64062 355.40176 ,test/1011.jpg
0 0.17724742 657.5473 790.57043 724.9533 838.9824 1 0.95513123 657.4473 791.37 724.7861 839.0514 7 0.99989367 225.56068 167.16782 639.7861 922.0204 7 0.99977106 609.2092 382.1314 750.54724 657.4262 7 0.15893283 390.4633 830.9862 511.83047 873.65454 7 0.061800327 422.33707 221.2847 514.8084 271.01328 7 0.052769486 236.37213 705.01544 253.89944 784.9826 ,test/1012.jpg
6 0.999905 117.611176 138.0509 859.6443 688.9793 6 0.09790314 134.03885 143.60895 659.7639 338.6778 ,test/1013.jpg
0 0.9970642 406.747 775.61395 703.57184 902.9445 0 0.98849714 617.32404 572.925 801.2148 708.1883 0 0.6475456 362.24664 679.9455 484.9253 789.9578 0 0.5389495 115.628525 375.69016 475.33997 846.1107 0 0.5286218 451.64178 455.87408 566.4671 538.8081 0 0.51022017 763.31976 514.84064 890.3399 693.7253 0 0.44875595 447.44916 451.63275 549.4698 684.57733 0 0.32379973 683.62195 729.0197 831.4053 862.31757 0 0.28579733 574.1434 288.52887 892.2631 591.25916 0 0.18350643 412.07483 363.2776 564.1264 470.7622 0 0.1661327 604.3509 525.44073 886.8067 713.44037 0 0.1587287 399.6272 790.5056 419.45203 859.2545 0 0.15184541 529.0635 475.28497 570.60486 535.07043 0 0.13319649 445.78992 565.521 806.0586 857.2953 0 0.1184966 367.93246 786.19885 421.65836 857.45984 0 0.115862586 545.87195 477.7945 868.68665 805.00055 0 0.10600194 383.36005 371.9825 562.1906 539.0314 0 0.093261614 576.03467 510.67117 811.3635 587.4781 0 0.09214177 603.1013 563.60364 836.8158 784.4188 0 0.08700868 503.7644 468.3804 567.9778 539.005 0 0.081800535 363.9043 751.3369 431.9344 793.0311 0 0.07874755 705.145 625.844 802.4403 692.3594 0 0.06803486 287.95264 381.9796 472.09003 825.22095 0 0.059632782 111.89682 361.35837 306.00238 709.65955 0 0.052088596 685.98315 670.4698 798.9646 736.13873 0 0.05034264 759.36615 691.3102 794.76825 734.65515 1 0.6324387 683.6686 729.1848 831.5233 862.3364 1 0.25487345 452.7201 456.04068 565.17566 539.9629 1 0.05416509 448.21146 453.1142 552.0787 684.2873 1 0.0528563 476.61914 515.8639 813.23315 867.14136 1 0.05183799 570.23425 301.55972 891.324 585.39514 2 0.9273012 573.1344 288.75104 894.8965 587.8104 2 0.1277864 394.29483 673.1651 479.51846 780.3558 2 0.091049425 562.64624 399.9783 816.6809 589.29285 2 0.08679292 450.2799 638.2163 701.2417 791.7743 5 0.9316208 450.36072 638.02344 701.1763 791.63403 5 0.26195818 619.3389 639.54675 700.24725 783.75977 5 0.07383277 606.12726 678.10626 679.0914 781.81476 6 0.08638894 414.29077 361.85928 567.663 463.32858 6 0.05970066 764.47034 514.14575 890.098 694.802 7 0.6481349 447.9693 456.70367 548.8365 684.37714 7 0.060677283 362.24664 679.9455 484.9253 789.9578 7 0.05244375 365.3439 752.5305 428.86142 790.61646 9 0.74047285 96.65776 376.86768 477.07037 834.3158 9 0.10632168 130.76967 354.95776 293.1942 734.9336 9 0.05771281 91.50026 489.98465 191.5295 692.7709 9 0.05129177 287.95264 381.9796 472.09003 825.22095 ,test/1014.jpg
2 0.9999082 368.1452 327.92664 605.7298 701.76013 2 0.061527096 481.22574 325.12314 606.5586 681.8345 ,test/1015.jpg
0 0.86551744 458.1289 69.754105 582.89087 396.92828 0 0.2844629 479.94397 73.43294 525.5379 195.09557 0 0.23915939 473.84677 74.056595 583.4736 252.91518 0 0.21719806 319.28485 262.97943 549.52325 761.5833 0 0.19493721 426.4729 343.08676 716.2538 860.19385 1 0.41057384 425.463 349.83002 718.3115 862.0749 1 0.3725975 455.26242 70.66461 584.589 396.40543 1 0.26930574 476.06808 73.57388 584.0927 252.6962 1 0.20595235 313.47183 90.20242 599.2031 781.15576 5 0.052153617 325.65042 318.91284 487.80624 764.83923 7 0.55737144 425.95084 349.60275 717.71326 860.277 7 0.20189762 321.77054 262.8718 545.9215 764.4227 ,test/1016.jpg
0 0.4486697 121.091415 23.43422 420.10785 306.32587 0 0.12195995 0.0 481.30072 251.88646 1011.75836 1 0.2076673 120.790955 25.661697 421.53088 303.89032 7 0.99090123 77.9104 400.16632 734.6671 829.55145 7 0.97800076 289.0777 736.77374 592.9982 1020.14777 7 0.87934476 88.418274 129.62173 812.92535 975.48413 7 0.72727114 207.4863 141.53477 933.33167 516.22046 7 0.5244876 120.36575 26.00711 424.08163 307.3124 7 0.12657958 257.98126 467.32425 720.9992 1009.67224 7 0.09126646 312.08463 600.6172 350.9384 644.8744 ,test/1017.jpg
0 0.8265065 378.2724 279.7369 619.96875 813.4082 1 0.21929505 378.53815 278.6533 619.881 816.0154 7 0.18655506 378.2157 279.46973 620.0496 814.5851 ,test/1018.jpg
7 0.9948644 337.05475 364.38916 581.94586 613.9853 ,test/1019.jpg
0 0.30310556 260.8214 0.56414795 568.15546 335.3364 0 0.14695317 262.2096 0.0 412.14758 273.75552 2 0.99912506 547.9794 270.05005 802.74304 691.95325 5 0.46704555 574.44476 257.97626 801.25287 448.93933 5 0.2569893 719.3765 282.9613 801.0357 433.57745 ,test/1020.jpg
0 0.43569833 113.3903 327.4257 218.34314 582.07355 0 0.3521231 718.47876 401.193 761.859 553.911 0 0.19102868 114.34706 242.08215 269.37823 577.83746 0 0.1294278 706.24005 297.17102 766.41534 556.4692 0 0.12459449 726.2578 425.3239 758.59607 523.2284 0 0.10927432 351.2924 453.84937 465.3646 492.9831 0 0.10857337 327.03757 560.2057 375.25357 584.7522 0 0.08560761 553.2968 244.8868 580.47784 403.18652 1 0.9980118 198.57011 212.61615 692.99384 617.0385 1 0.7935745 152.73788 240.33026 829.70483 772.9373 1 0.6569278 216.23618 546.1492 815.5985 785.25854 1 0.5237352 184.18338 461.42603 716.2362 641.15845 1 0.22710507 404.45508 186.90692 614.2496 216.76263 1 0.1922002 634.14844 282.30475 848.2582 574.3576 1 0.141671 439.30554 241.7971 703.29407 634.1441 1 0.13052925 703.3041 305.80225 849.8052 519.84174 1 0.12992468 116.16952 240.09308 261.4195 585.23956 1 0.10422385 297.28583 194.40253 614.7427 243.26889 1 0.09087744 577.5476 239.38031 740.8905 578.4667 1 0.05424227 706.24005 297.17102 766.41534 556.4692 6 0.27206492 501.83157 788.83496 607.7227 834.0669 6 0.25134915 114.23421 326.03436 219.11638 587.1442 6 0.05586247 421.544 739.57776 759.5706 797.5082 7 0.06514945 236.18427 245.14966 282.61835 388.74432 ,test/1021.jpg
1 0.097936995 200.18068 284.2716 694.3062 662.54486 2 0.19262117 150.49625 283.9422 698.58154 663.505 3 0.7025998 91.47351 278.28534 715.2726 674.79016 5 0.28534386 96.211426 277.41687 712.9227 676.58527 ,test/1022.jpg
0 0.35358334 50.41565 266.51672 782.2658 776.7565 7 0.9289428 42.334473 266.31122 784.7094 780.1811 ,test/1023.jpg
0 0.22320624 247.8067 110.045746 820.44574 818.2993 1 0.8146853 248.11395 108.3024 822.04755 816.85913 2 0.0909705 249.2626 110.71332 822.6548 816.5569 5 0.05177107 255.36533 114.84833 816.00146 820.36975 7 0.06528489 253.08093 111.119415 819.5659 821.2102 ,test/1024.jpg
5 0.9984101 439.87726 175.42691 675.9909 784.4569 ,test/1025.jpg
0 0.18067582 55.468582 615.1306 249.27406 748.1328 0 0.06707227 73.685455 270.34946 929.2733 752.5631 3 0.077722706 129.44022 1.0150452 713.625 370.23773 5 0.90017676 77.65909 249.92592 928.0858 747.1793 5 0.54401594 118.76544 0.0 714.94495 372.48746 5 0.21063392 0.0 73.146866 209.83005 416.4284 5 0.09442416 2.1809082 490.7942 237.80093 725.42346 5 0.05654475 197.2247 384.7002 814.036 694.02026 ,test/1026.jpg
0 0.26443928 421.72223 572.64136 569.04706 744.6106 0 0.0935418 396.49353 96.9227 656.5995 438.42917 1 0.9974486 319.89493 125.91434 888.9492 926.099 1 0.92262787 395.20245 111.61983 664.7603 433.60254 1 0.12862213 394.29367 239.21292 483.512 418.94577 1 0.09571006 315.71222 382.3007 556.66077 748.3928 ,test/1027.jpg
0 0.23141728 361.28464 536.5612 479.71475 754.8757 0 0.19368432 108.270615 477.51736 493.73535 825.6688 0 0.1616855 119.51988 486.94348 247.03355 590.298 0 0.12737927 0.0 319.83405 333.4288 920.4146 0 0.111612275 2.553421 636.9534 317.31805 841.523 0 0.07385998 296.82672 565.3305 762.28595 890.7718 0 0.057849012 327.30786 499.47522 449.80676 696.40393 0 0.052737553 175.44647 363.10483 706.6536 865.3612 1 0.9814699 116.57794 112.58057 641.16125 544.6534 1 0.96911377 116.38977 386.94666 754.76965 873.67993 1 0.9383558 359.4391 358.52875 673.55884 546.52814 1 0.7239101 380.6264 581.57404 769.7015 892.72894 1 0.564888 338.45383 344.4859 682.2803 800.4284 1 0.21499065 391.513 464.5491 674.89166 550.7782 1 0.1781684 108.270615 477.51736 493.73535 825.6688 1 0.14493504 0.0 320.47485 342.81653 901.364 1 0.11942569 634.8871 455.37152 763.21423 616.10284 1 0.08889297 177.74393 338.15295 692.7565 640.1521 1 0.068204336 414.06915 451.36023 693.6624 739.8948 1 0.066045 1.5315018 389.15576 151.30057 719.05396 7 0.7209832 114.01849 491.66763 256.5346 589.69904 7 0.055656016 354.86276 540.37354 463.56485 759.2897 7 0.052876122 109.05257 482.58157 482.56586 833.1703 ,test/1028.jpg
0 0.2034017 642.42676 218.29532 884.04895 483.74008 1 0.071605116 642.42676 218.29532 884.04895 483.74008 2 0.06330635 640.22504 222.08623 883.033 480.47266 3 0.9999031 365.13013 350.22296 790.2893 688.9841 3 0.07969235 639.345 225.51993 883.31445 481.34134 5 0.48227403 640.22504 222.08623 883.033 480.47266 6 0.74485403 642.5676 223.0306 881.53125 480.65588 ,test/1029.jpg
0 0.6093932 340.82535 520.20074 600.12744 774.28656 1 0.99574983 206.31122 273.4647 860.2044 852.49866 1 0.91777533 339.8982 521.8085 600.72723 772.1675 1 0.20258696 286.71375 272.8795 596.0748 782.87866 1 0.06841494 230.63208 674.0017 846.2893 852.4114 7 0.99637574 903.03156 314.07587 1022.4202 783.1357 ,test/1030.jpg
0 0.41127756 213.90454 267.46466 839.8096 706.4721 1 0.2569791 210.8648 268.7773 839.4178 705.9087 2 0.9099122 214.47314 269.15656 837.6987 703.8911 7 0.07154412 210.95789 268.93964 843.62146 707.4527 ,test/1031.jpg
0 0.44915682 787.7648 0.0 978.6439 422.1529 0 0.4070744 154.15976 356.28925 905.1135 595.97754 7 0.879425 153.0657 363.19165 912.7224 591.3772 ,test/1032.jpg
0 0.11978971 202.78517 221.23798 582.4733 359.37292 0 0.11259501 828.47375 997.8111 927.17126 1022.82587 0 0.08577051 664.6758 419.11685 770.0709 469.94174 0 0.057853784 659.0106 396.07147 1005.8369 664.5428 0 0.053958014 121.7125 270.42322 250.96518 545.24207 1 0.838272 571.5375 338.0874 723.4441 432.6009 1 0.7551769 31.740204 270.10767 255.25565 529.24097 1 0.7408435 0.0 291.97165 1006.55835 1017.9437 1 0.52006435 662.6168 419.78967 773.1327 469.91827 1 0.37599948 601.2561 400.39322 783.39844 469.73306 1 0.23366505 570.8096 338.02197 780.5581 475.17816 1 0.19310643 668.48694 394.38538 1006.16003 652.4905 1 0.185136 608.81726 391.33615 727.73535 441.2142 1 0.12592323 758.10925 430.12796 791.04553 473.62656 1 0.055643976 88.6004 253.2766 774.506 683.17255 1 0.051659778 703.3726 422.6704 792.3271 472.35748 1 0.050072793 721.6324 421.09836 767.18207 469.4119 7 0.94039094 125.44876 235.25562 643.5757 596.7891 7 0.8191244 205.9691 219.79099 582.0819 357.19278 7 0.66120833 377.19293 502.11523 765.70233 711.9817 7 0.5121968 0.0 236.01282 1004.6067 1018.21594 7 0.17695087 182.10452 310.06686 773.4447 701.93896 7 0.0818492 249.75198 403.65118 771.9265 610.2312 7 0.062922984 194.23767 65.66768 709.2953 553.45245 ,test/1033.jpg
0 0.26443022 105.018555 483.86572 312.767 630.1809 4 0.9254953 245.19897 226.2277 438.85663 437.01617 5 0.9997112 596.8394 542.6891 958.971 875.1677 5 0.13481906 244.95517 226.2864 435.63504 433.37143 ,test/1034.jpg
0 0.3759975 534.4872 541.08356 596.4209 745.2974 0 0.24605957 378.02444 437.50192 507.91922 552.4936 0 0.2329635 381.78305 536.47754 555.75574 728.23486 0 0.20557964 307.33386 159.61926 713.76086 796.6817 0 0.12069615 341.02466 469.5804 593.27466 796.62024 0 0.08780874 526.1563 615.4459 595.0538 793.29224 0 0.07516804 309.4 439.96924 520.0027 646.48096 1 0.07205856 312.90533 451.9656 421.05762 650.82965 5 0.9289824 302.5945 164.4031 725.8678 807.7977 5 0.057474628 372.66867 753.15204 575.05865 877.56134 7 0.91766965 371.93677 527.71436 596.70996 798.85706 7 0.7762575 374.04636 753.27954 574.1438 879.0156 7 0.55776143 370.25836 439.31924 505.2691 568.4248 7 0.18844873 400.45663 531.3536 555.448 727.608 7 0.16244963 309.4 439.96924 520.0027 646.48096 7 0.06984949 303.98932 159.66736 725.5278 837.37244 7 0.05249542 315.83838 453.6173 422.86407 656.78894 ,test/1035.jpg
0 0.99497104 0.0 444.0901 163.65427 727.21436 0 0.6718892 463.334 271.91998 650.7298 313.91077 0 0.24936233 539.801 419.72775 657.7997 463.17435 0 0.18218265 208.25626 553.01526 222.62363 630.2815 0 0.10612884 0.0 417.72958 298.54913 744.9857 0 0.099951416 222.07039 990.1791 275.27792 1022.89624 0 0.06484308 488.78485 271.38672 652.13715 290.7439 0 0.051951617 493.62036 820.82465 518.26556 846.858 1 0.98762476 362.37448 266.0338 997.76843 472.5368 1 0.7492516 708.0632 411.4472 818.1722 466.83105 1 0.30590066 444.2969 272.4656 654.9396 314.9017 1 0.28580832 353.62006 354.54712 844.77216 484.4391 1 0.22956747 539.801 419.72775 657.7997 463.17435 1 0.21747549 442.7998 280.9692 477.33716 314.21695 1 0.19619204 822.0227 380.7037 970.8246 418.20096 1 0.18751392 409.50882 283.4786 476.44327 324.75735 1 0.17911305 420.69345 269.057 985.91235 383.02173 1 0.14332345 487.10498 410.91095 829.84656 468.07593 1 0.13907617 800.7558 406.6947 881.6058 438.693 1 0.10443701 645.79443 334.95715 1008.9818 461.51245 1 0.104005404 893.5049 304.1325 980.2345 316.76392 1 0.10383279 428.00876 389.02365 966.3251 521.3356 1 0.09434627 436.97595 416.78824 715.54065 478.13187 1 0.09176125 787.34265 378.55383 976.62683 440.57147 1 0.08488706 400.9952 273.11493 691.32947 382.2746 1 0.07983601 383.8857 280.86206 479.29086 383.48022 1 0.07849643 405.09198 278.91403 648.86163 341.80734 1 0.078208685 901.0871 290.2356 977.0898 316.73004 1 0.075156935 357.31256 384.18732 666.0465 465.50323 1 0.07314558 689.04926 390.25037 978.76447 467.73547 1 0.072846785 400.46738 347.3794 824.6521 425.60706 1 0.06938114 634.9967 309.9376 983.08496 393.16782 1 0.0686545 395.76996 316.37988 790.98517 390.83984 1 0.068233304 399.3178 282.73383 734.9189 514.1808 5 0.0877979 458.6319 272.39413 650.86176 313.51553 6 0.07337006 493.62036 820.82465 518.26556 846.858 7 0.9997652 503.16138 429.3594 1002.345 981.28894 7 0.9996039 3.3677063 207.40454 312.0481 557.1437 7 0.98498976 260.39902 365.24213 589.4452 727.83295 7 0.7170515 414.0423 285.1279 451.1844 323.90152 7 0.29918435 1000.1204 278.33298 1024.0 328.2206 7 0.1253876 459.0617 272.33813 650.5092 313.98224 7 0.064478256 7.3597565 440.44318 271.70398 549.6698 ,test/1036.jpg
0 0.65681165 217.214 323.5241 685.8003 827.97504 0 0.08078647 755.10333 627.0428 799.2059 668.78033 1 0.159242 755.10333 627.0428 799.2059 668.78033 2 0.07099071 222.51732 321.39618 686.54364 826.2364 3 0.5616336 222.13623 320.39984 686.8916 825.71796 5 0.35728213 223.14938 321.06723 685.6216 827.3109 7 0.1358658 869.208 433.84445 1009.1605 554.0585 ,test/1037.jpg
0 0.11526744 467.5113 168.48204 521.34973 196.08946 1 0.99790263 238.44159 74.903015 777.87854 723.0824 1 0.7138642 389.74298 35.820778 478.1629 96.2322 1 0.16952117 546.7804 253.39745 784.86414 617.8176 1 0.1308213 339.68698 57.019493 377.37283 99.615974 5 0.3134065 263.1616 97.15244 382.24118 177.68088 7 0.0964688 262.21527 94.79945 395.9065 177.52385 7 0.067197934 263.7432 84.55232 492.09384 172.25923 ,test/1038.jpg
0 0.10395496 403.17554 289.05493 792.6887 670.3033 1 0.058820628 395.36975 125.11755 806.9595 678.46545 2 0.98121303 392.7851 135.49127 812.1386 686.34424 3 0.06860978 392.1474 135.67664 812.9262 683.3612 ,test/1039.jpg
0 0.8094167 201.83817 436.09186 767.2727 653.74835 0 0.19157979 202.53546 426.75296 334.83405 655.0249 1 0.055045094 199.25189 436.66437 770.8873 657.8842 6 0.18798772 72.29399 8.76656 152.72473 133.289 7 0.23914777 203.76657 436.20972 770.12866 655.3478 ,test/1040.jpg
0 0.75873834 543.95276 131.93082 701.27686 510.60587 0 0.43743944 528.68365 177.19809 581.7503 268.46802 0 0.312898 530.9443 132.88242 631.60004 270.52814 0 0.19714671 0.0 406.95755 167.20647 544.3834 0 0.18758453 363.54996 149.02196 709.2075 540.6891 0 0.080250576 412.93658 182.96472 580.2717 263.59967 1 0.27572906 530.72815 132.59912 631.74805 270.9652 3 0.42388293 695.05396 898.4133 757.4651 990.7406 5 0.15611844 538.8264 129.11566 722.9918 503.9699 5 0.14736098 0.0 407.32916 167.20935 543.97205 9 0.912396 0.0 297.12585 55.98954 406.08307 9 0.66205156 0.0 407.53247 167.40619 544.04205 ,test/1041.jpg
0 0.13562332 635.4103 265.31857 659.3943 294.29587 0 0.10721278 550.0799 170.46768 697.8995 284.07416 0 0.060276832 246.88817 238.66623 672.2334 753.72546 1 0.5647597 551.128 166.56644 761.89105 255.91263 1 0.24197027 247.6065 239.22845 667.8629 753.9145 1 0.11848501 551.78766 164.85875 808.7299 642.03815 1 0.059481774 5.0585175 0.0 509.5243 148.76184 7 0.9917998 555.49536 173.33478 809.82227 630.3365 7 0.9223574 248.38966 235.75815 675.899 756.8417 7 0.28867003 549.23315 188.12262 687.24854 286.3981 7 0.1223566 540.7648 235.37074 673.9485 685.5294 ,test/1042.jpg
3 0.99986124 446.8263 212.69931 712.61536 571.05615 ,test/1043.jpg
1 0.99446195 183.0253 432.93835 796.6123 718.08826 ,test/1044.jpg
7 0.99930227 255.62175 169.0372 756.4169 771.879 ,test/1045.jpg
0 0.8712346 225.56046 458.2291 314.0129 523.6717 0 0.14066663 243.16675 1006.5713 321.7209 1024.0 0 0.06568386 227.53078 487.97012 312.56964 521.2065 1 0.9998648 128.82501 378.01434 849.3474 758.94696 5 0.99447834 499.74963 993.5042 600.3452 1024.0 5 0.17781457 7.772766 0.3225479 413.26038 157.99106 7 0.5438587 242.8053 1006.8142 321.9812 1024.0 ,test/1046.jpg
0 0.94178087 325.67676 284.41608 829.13904 689.70294 1 0.06324323 321.9745 275.59357 836.3627 646.82367 ,test/1047.jpg
0 0.23132613 448.92633 665.64417 467.79358 739.8812 0 0.094981894 446.10345 541.60535 471.54474 743.3174 1 0.96790576 64.99742 421.49194 471.47675 763.2394 1 0.08779815 63.854202 427.54037 481.83466 546.67957 4 0.27319893 732.5963 127.39224 961.08765 809.8965 5 0.9989483 454.98694 379.8256 745.9911 778.38855 5 0.96271574 732.4209 127.27118 959.00476 809.7603 5 0.33437118 741.0652 526.12665 892.02734 802.62665 5 0.12648001 986.2704 360.55646 1024.0 579.4042 5 0.12632523 770.8199 545.4836 883.56464 721.5306 ,test/1048.jpg
0 0.06051295 364.47638 470.31943 801.8156 696.9899 2 0.99921846 370.30624 469.54758 796.8043 696.9145 6 0.3213269 563.59296 664.7532 636.5258 715.1273 ,test/1049.jpg
7 0.9998104 627.51447 356.9323 760.4528 528.5778 7 0.99955696 381.4871 334.5069 633.6817 521.08936 7 0.9993579 187.80792 293.0193 383.44513 520.1983 7 0.9992086 438.03503 501.56897 782.0325 878.4702 7 0.9989525 172.26054 469.6297 495.21216 941.14764 7 0.99787545 328.39264 174.27586 669.6595 374.00494 7 0.9524329 993.46704 853.9206 1023.2726 1008.18964 7 0.4290376 994.4565 861.9412 1011.49506 996.56976 7 0.055643994 359.91626 523.2249 487.26324 570.8405 ,test/1050.jpg
3 0.99991846 272.21606 290.88983 562.4704 787.41595 ,test/1051.jpg
0 0.9999839 173.64249 308.1318 727.1184 849.651 0 0.95388883 90.73726 226.13815 152.64746 334.09866 ,test/1052.jpg
0 0.09834338 64.05574 65.802826 461.5686 895.0593 0 0.060664214 30.713562 59.425934 953.2009 924.2096 1 0.99752384 272.9324 394.12866 464.6022 533.8238 3 0.055560756 28.9599 84.010956 958.7972 924.31836 4 0.2946307 25.837036 72.88394 963.0217 922.1726 5 0.8626517 19.60144 66.737305 965.7822 922.3507 5 0.19638285 64.05574 65.802826 461.5686 895.0593 5 0.11864727 620.2007 101.55176 954.7788 882.9717 ,test/1053.jpg
5 0.99977475 195.12747 188.48315 816.79297 684.1713 ,test/1054.jpg
5 0.9998566 480.76706 439.75687 623.8623 548.14734 ,test/1055.jpg
0 0.44535804 458.21268 850.454 568.3899 978.8356 0 0.31724256 452.2259 810.1892 621.34174 980.568 0 0.08580896 183.1712 308.3596 825.1559 683.0315 1 0.9936035 149.33524 176.68036 874.046 832.28064 1 0.059296455 377.24908 322.21082 853.4836 499.38757 1 0.056950085 150.74612 298.3973 853.7075 592.0117 ,test/1056.jpg
0 0.19369486 603.13635 532.09875 657.1334 624.8021 3 0.7542881 336.40454 737.26746 381.99908 786.02905 5 0.2920245 239.769 607.82684 731.3689 1024.0 5 0.06010129 336.3266 739.6175 382.33008 785.4733 8 0.5036033 569.97424 536.1064 627.0719 637.3077 ,test/1057.jpg
0 0.062798336 276.74915 211.98087 743.36096 839.1101 1 0.9793188 288.59387 231.48932 736.67786 840.5153 1 0.054520436 404.69598 266.8415 708.0074 714.76935 ,test/1058.jpg
0 0.6724402 222.28766 542.60504 400.8039 768.2441 0 0.48776817 372.5351 487.009 386.83594 554.3948 0 0.21499416 676.7129 165.75853 849.62537 494.9347 0 0.20611371 371.99652 476.4253 511.14618 759.5001 0 0.19184807 416.80106 527.0535 661.31195 780.3211 0 0.081619054 371.98923 484.33487 397.63065 600.9427 0 0.06598899 371.189 483.41394 380.6295 558.11475 0 0.06252761 476.5888 563.125 652.6097 643.2423 0 0.06034121 386.19833 489.64673 404.76248 564.76025 0 0.059888046 306.39954 496.97217 407.2614 639.07654 0 0.05638321 478.03015 510.87207 661.3854 614.1577 0 0.055532403 300.0018 478.25116 529.14545 686.26666 0 0.050566915 470.84198 584.6389 647.7955 676.9055 1 0.63645154 540.4053 379.42456 689.73425 484.69965 1 0.5418237 375.52112 478.6648 510.729 758.37756 1 0.26202527 307.11407 476.87512 385.65894 565.72034 1 0.106055155 456.27344 465.2623 490.5799 482.8137 5 0.8965597 11.523354 565.9533 222.84952 871.85187 5 0.11155562 372.18225 477.99976 511.5581 758.5205 5 0.07514153 676.22327 168.1154 848.77734 496.2672 5 0.06357277 360.92792 471.84338 473.38434 486.6776 7 0.99227285 520.47314 617.27875 756.84216 839.2419 7 0.98982006 509.2036 421.823 675.6681 538.2911 7 0.8512514 478.44583 513.5087 659.6647 604.31903 7 0.83979213 431.39597 564.2942 651.174 779.93066 7 0.66526693 222.3359 542.4756 400.41428 768.2333 7 0.3983258 366.40564 459.58307 692.6384 778.55707 7 0.32522658 531.60645 377.34766 689.65173 511.1194 7 0.28157488 611.9411 529.6594 658.87946 577.5477 7 0.26889977 475.25262 474.8802 664.3857 671.9848 7 0.118742906 476.5888 563.125 652.6097 643.2423 7 0.1028243 362.7099 480.27405 512.08276 761.14307 7 0.102051355 470.84198 584.6389 647.7955 676.9055 7 0.10043054 318.25693 534.22705 403.49826 721.6006 7 0.097152345 480.12662 502.0411 533.9129 596.8797 7 0.08606279 458.39728 518.97565 836.28094 839.70123 7 0.08243017 408.5822 496.69745 576.7674 778.42194 7 0.07633653 317.044 546.97894 398.47827 621.2802 7 0.07149429 419.2165 629.8774 593.145 773.4682 7 0.057682335 638.3036 607.4895 746.6731 728.2754 9 0.077316806 222.09537 543.12146 400.34164 768.27625 ,test/1059.jpg
0 0.9992723 86.077545 106.51483 786.67334 673.73895 0 0.21201798 63.96779 94.15245 552.6897 548.99567 ,test/1060.jpg
5 0.17638464 0.0 369.25073 235.83974 564.528 5 0.072147176 179.46529 220.18108 277.65454 275.13696 7 0.9986816 152.72775 167.8169 857.7103 786.80585 7 0.724685 318.4433 138.62668 576.3756 358.94507 7 0.16968237 194.86023 149.0075 617.6932 633.8305 7 0.08138681 275.01315 226.3371 494.64163 374.51624 7 0.07481054 421.99243 134.8465 578.15393 311.59198 ,test/1061.jpg
6 0.99908304 133.74756 490.19315 657.67664 909.04785 ,test/1062.jpg
0 0.0654461 991.05164 0.16389465 1024.0 128.92949 0 0.056651507 770.8702 1.0022049 1020.39935 147.14828 5 0.9999224 267.13028 336.456 485.16824 716.40436 5 0.99985194 582.56744 334.43134 806.9113 695.366 7 0.12789352 770.84314 0.9526367 1020.923 147.19812 ,test/1063.jpg
0 0.76286495 377.3466 234.44962 609.79346 300.17624 0 0.1426683 380.14722 269.50375 505.5478 296.81015 0 0.053402327 299.18854 162.98497 781.9162 567.28516 6 0.9987263 299.3271 161.3477 782.8338 571.7168 ,test/1064.jpg
0 0.99996924 326.96918 920.00134 427.77368 1024.0 0 0.24896894 696.5542 551.1521 1024.0 885.4143 0 0.11573105 433.42706 0.0 1024.0 566.3348 0 0.08973414 441.84433 750.4091 494.57993 831.0346 0 0.06763569 647.7937 695.99506 1022.4812 901.2054 0 0.056011666 845.4376 570.98755 1022.4617 878.86316 1 0.98727 170.26205 280.4032 1019.68506 880.5587 1 0.68673474 847.61584 533.70435 1020.86414 879.7003 1 0.3014063 720.46906 525.89734 1021.6971 931.10266 1 0.13807738 409.38824 265.1291 973.8947 594.0515 1 0.07737091 584.9901 632.35455 1021.90466 892.7972 1 0.06617474 641.54974 731.00183 1016.19147 1018.4031 1 0.059446827 436.64618 2.1828308 1024.0 596.6846 7 0.4983494 623.92847 763.9943 1019.60474 1021.53485 7 0.1887895 696.5542 551.1521 1024.0 885.4143 7 0.12458669 847.845 569.98334 1023.02576 877.7065 7 0.11102098 675.89404 739.18506 874.63403 867.5437 7 0.06711916 933.62885 540.58044 1017.5982 602.5945 9 0.18163656 433.42706 0.0 1024.0 566.3348 ,test/1065.jpg
0 0.19971098 980.0248 213.90524 1023.40955 270.26318 0 0.05078381 160.49323 331.41272 677.4184 751.853 1 0.99942756 134.1359 248.5599 720.5875 753.0415 1 0.8203615 246.9809 236.21973 687.5817 379.3742 1 0.54379267 332.89578 222.26912 687.178 266.17865 1 0.4064947 981.54443 214.23747 1023.2008 271.06274 1 0.3398737 290.05563 151.99284 720.7284 259.70605 1 0.13318516 629.498 223.9176 733.49286 393.38782 1 0.12849396 269.2127 186.45253 710.76886 312.49344 ,test/1066.jpg
0 0.5491231 140.24045 45.699005 798.2649 658.68054 0 0.19394411 117.593475 334.36823 682.2582 960.72614 0 0.16908306 145.47565 368.80048 668.61505 668.42523 0 0.052096628 78.34404 630.44073 349.6073 912.2404 1 0.07787004 150.88649 394.83768 568.11206 668.40857 3 0.49699572 160.46451 47.230576 775.6278 436.29016 3 0.12856223 147.82852 337.0309 732.1107 664.75525 5 0.5105198 160.74976 47.25969 780.793 436.2555 ,test/1067.jpg
0 0.09936316 393.05768 591.32117 565.91345 631.6719 0 0.055667646 588.20306 505.71954 605.69684 586.0522 0 0.051258374 3.5728035 179.19928 41.653816 351.23193 1 0.9918894 188.40216 77.24965 724.27075 588.94403 1 0.983267 241.84573 439.31912 699.3506 775.76904 1 0.9594405 746.9035 580.35266 812.9085 702.1411 1 0.87734646 296.71255 461.9912 576.60815 606.8872 1 0.38914 0.9090214 177.74524 43.37783 350.98633 1 0.2747732 565.7003 504.60025 592.06335 587.52344 1 0.26968673 234.90825 490.90625 255.6793 539.9807 1 0.21966559 250.95708 484.41452 595.1966 689.42957 1 0.21253131 392.88013 590.3103 566.3693 631.7777 1 0.1334845 587.59924 498.29654 607.05225 585.8296 1 0.08921096 588.23975 496.36642 611.7881 541.08264 1 0.08140145 586.2281 451.8475 690.3221 596.78455 1 0.0800127 576.4069 430.90466 693.1558 726.06714 1 0.069353424 264.41907 411.2595 675.74994 586.5592 1 0.06548873 447.57825 465.65262 561.42285 531.8287 1 0.056910045 563.8319 372.91724 697.04846 591.5401 1 0.056066718 570.30145 497.74564 611.4301 583.0039 2 0.05440446 2.5364265 177.03621 38.285366 356.2105 4 0.21426171 588.4408 465.05722 689.1012 594.69855 5 0.9745928 591.2292 459.1751 687.9725 594.7719 5 0.37077796 2.8368988 179.28864 42.436234 350.17804 5 0.11070765 228.83076 233.70717 275.6912 270.3886 7 0.09148527 456.13892 0.0 599.806 88.88634 7 0.0576522 227.87616 233.60283 278.23062 271.23996 7 0.057340745 588.20306 505.71954 605.69684 586.0522 ,test/1068.jpg
0 0.29202434 326.15604 74.27969 401.48856 134.12643 0 0.22593655 0.0 145.19958 166.14902 275.78156 0 0.06309184 138.31665 529.4931 188.99384 566.27203 1 0.99904853 135.61646 221.3493 960.7334 777.6165 1 0.99416006 20.58316 540.3597 434.8682 755.1342 1 0.3496208 325.38388 73.695175 401.96713 133.856 1 0.08690593 0.0 147.13922 163.13269 284.3412 1 0.060069147 180.29256 229.9156 541.38403 492.1825 7 0.96903116 0.0 41.984146 478.02905 521.29785 7 0.8958417 220.41537 21.500938 484.16275 232.62207 7 0.8709204 0.86686134 124.54159 61.88877 164.13026 7 0.42700377 0.0 138.09502 281.84497 535.95636 7 0.34128034 325.71426 74.132286 401.51712 133.87877 7 0.33691043 189.42369 10.912186 479.75146 415.4737 7 0.15567514 0.0 147.13922 163.13269 284.3412 7 0.09878312 6.47143 124.39721 55.358192 148.29005 ,test/1069.jpg
5 0.08078547 410.2391 2.0325737 765.32935 60.88807 7 0.9996081 498.07895 503.56543 682.1387 867.03687 7 0.9987062 668.36926 450.31567 854.06116 796.916 7 0.99720544 304.81644 433.79926 522.6256 830.68097 7 0.9969969 320.776 325.41714 452.00708 485.2587 7 0.98143286 414.8375 397.8196 531.85376 544.02234 7 0.89836097 256.43802 430.4203 409.77548 719.38306 7 0.05250413 468.00443 393.71338 530.41833 604.7321 ,test/1070.jpg
0 0.47088614 336.35336 108.261444 420.16953 250.15637 0 0.114734665 394.68118 448.08548 682.84436 578.1223 1 0.97489697 301.31567 238.98465 695.534 468.6882 1 0.973321 153.69829 372.34863 394.3686 632.3115 1 0.9512892 749.1551 571.1155 1022.3046 952.881 1 0.8463158 389.6452 441.07794 693.2996 577.9287 1 0.8057261 604.55084 449.97052 705.7463 541.4055 1 0.77987903 230.18762 299.28622 759.25214 737.14453 1 0.6111848 340.1853 463.05554 754.1841 723.42053 1 0.43060994 375.8135 318.534 703.6034 572.72363 1 0.25673527 302.3318 217.85576 398.36993 564.6563 1 0.12935263 395.9387 490.03842 414.61758 541.2417 1 0.089015976 504.98816 446.5296 689.08984 541.0629 1 0.0628027 158.31499 235.67264 579.32794 627.59436 1 0.056737978 139.67226 462.91888 171.25182 513.87024 1 0.053748414 375.52585 357.0584 398.31302 559.1141 5 0.6356603 336.86743 108.91859 421.54718 250.06314 5 0.5773041 324.7951 643.9315 742.1213 898.47437 5 0.244512 139.57628 462.34668 170.15388 510.68414 7 0.27322575 392.59113 443.53143 682.77765 577.8709 ,test/1071.jpg
0 0.57670414 622.01636 949.2909 734.3496 1023.07043 0 0.39256656 157.51544 213.67307 861.15686 889.2434 0 0.0937332 530.25305 212.50388 865.64233 365.51187 1 0.8021538 157.68726 214.18887 861.8025 889.61414 1 0.55498576 622.80164 949.2675 734.10583 1022.7596 ,test/1072.jpg
0 0.89979637 743.6006 822.7295 884.0748 959.38513 0 0.54893404 415.51163 431.10153 812.64233 753.8966 0 0.3482812 269.68167 121.768585 806.70496 692.9592 0 0.25715956 522.3301 283.64417 809.10315 484.37195 0 0.1393582 427.03174 290.68152 750.5514 600.99805 0 0.07908065 561.03827 327.58994 765.7775 467.73703 1 0.7767885 265.4925 126.49191 810.80084 768.2483 1 0.12500857 522.3301 283.64417 809.10315 484.37195 1 0.07661274 422.85687 290.1355 759.7099 601.6836 7 0.11442648 416.04474 431.25696 812.4793 755.0625 7 0.06427581 614.302 242.37387 722.50146 301.71127 7 0.056729857 743.8316 822.7754 884.0506 960.0724 ,test/1073.jpg
0 0.15977196 393.10538 359.29913 626.49866 623.3603 5 0.9276746 391.79156 359.7978 626.7211 622.66 ,test/1074.jpg
0 0.9331435 0.0 625.72705 146.6701 846.8628 0 0.40669692 0.0 700.46906 76.06986 820.7907 0 0.26848987 0.0 840.9809 47.855812 949.0268 0 0.12842952 207.19981 471.9065 263.63324 499.22827 0 0.06368403 0.0 3.4589386 343.5382 447.77856 1 0.7613561 27.990356 584.4563 945.1757 1022.6279 1 0.72051424 0.0 833.35376 281.6192 1022.4883 1 0.47017077 0.0 775.02045 483.74506 1024.0 1 0.3101682 73.38066 611.25964 213.91634 753.5681 1 0.28935385 93.81232 462.5103 622.08514 621.24115 1 0.2592532 0.0 841.7821 47.83728 948.93884 1 0.20576037 13.503479 90.02411 655.333 668.1397 1 0.16146828 0.0 609.9584 220.97226 818.57336 1 0.12386997 13.399078 351.48364 823.1083 729.725 1 0.117231645 148.71542 467.36902 765.3314 687.30896 1 0.0885724 42.87097 464.1583 816.60876 875.7245 1 0.07507334 155.26529 628.50757 677.6559 1011.83484 1 0.07154803 4.4626617 508.36935 298.23163 1021.84827 1 0.06487059 0.0 3.385086 345.12836 447.06866 1 0.06281117 207.19981 471.9065 263.63324 499.22827 1 0.05952078 190.85034 550.2863 431.63556 635.83905 1 0.055028446 2.284008 821.99445 118.24014 947.7066 1 0.053310044 10.6215515 173.17673 859.7694 927.6842 1 0.05053978 3.8785095 234.93268 361.92935 871.9915 5 0.88546586 53.010376 500.45154 817.72437 856.94434 5 0.8715587 91.28726 583.69403 610.8844 842.4097 5 0.7838796 420.6842 208.02571 913.84656 473.50464 5 0.69069463 10.6215515 173.17673 859.7694 927.6842 5 0.34296808 164.22678 143.43207 895.17664 495.5468 5 0.31578442 204.85501 448.25275 808.3617 694.92413 5 0.22918352 216.5489 328.15005 641.6578 518.81836 5 0.18807495 13.399078 351.48364 823.1083 729.725 5 0.100473896 100.43475 249.4095 668.829 624.7447 5 0.09300921 21.545746 58.559692 731.10266 675.22296 5 0.083395034 410.20227 452.9064 811.3164 635.26135 5 0.06991316 108.864105 456.36975 660.8357 631.0917 5 0.059444685 8.341705 602.74976 761.73376 1014.9794 6 0.5950182 0.0 4.234543 343.3543 447.80408 6 0.45548534 6.407257 0.0 778.59607 392.647 6 0.3858821 13.155518 80.66217 381.6709 696.3834 6 0.19061513 6.433777 9.945343 814.4907 890.9459 6 0.097796865 20.244263 112.04961 582.7789 493.0633 6 0.061904766 2.973526 325.43146 278.43622 681.6881 7 0.06435717 77.71445 457.32635 659.98816 624.73517 7 0.057574756 216.5489 328.15005 641.6578 518.81836 ,test/1075.jpg
7 0.99911124 291.46246 158.00177 735.34564 682.6729 ,test/1076.jpg
0 0.2087417 80.98999 146.36337 943.8772 820.0608 1 0.06277302 74.06372 145.0784 948.7596 818.42993 7 0.8912298 89.591644 144.45868 948.9878 822.29236 ,test/1077.jpg
0 0.9983895 233.9224 282.48535 590.5393 847.14246 ,test/1078.jpg
0 0.8602063 293.6029 147.5529 425.8053 255.33455 1 0.19909468 294.35208 149.17488 422.24057 245.71196 5 0.9987024 45.476288 103.45926 796.35144 836.41565 5 0.06773105 295.3149 149.23558 422.26163 245.54192 ,test/1079.jpg
0 0.94972354 1.8145599 659.93616 265.57098 991.4757 0 0.13393056 0.0 362.98282 287.7662 985.6543 0 0.11736746 47.857883 349.68005 136.83052 449.86908 0 0.09427856 450.1194 228.73007 927.34644 911.3578 0 0.07579132 0.0 785.675 17.580439 877.9382 0 0.06394471 3.2122307 690.91626 106.19191 800.343 5 0.98779255 197.98076 254.06406 461.91547 852.3811 5 0.9820047 220.69357 246.33481 373.93558 436.02988 5 0.9809076 449.6233 225.6658 925.928 915.3015 5 0.9188991 3.2268066 351.61075 211.01329 676.2689 5 0.21484211 198.0527 273.25705 333.48642 834.0393 5 0.10616892 230.79051 659.10754 386.60333 837.2765 7 0.06514961 5.7918167 349.4464 212.14874 691.8351 ,test/1080.jpg
0 0.07337542 889.80084 820.42535 956.3316 862.13983 1 0.069720745 553.58826 473.74084 935.7322 795.11865 1 0.057681672 453.6956 458.84134 581.3063 660.9423 2 0.99711394 140.66846 432.20087 517.3621 763.9294 2 0.99524397 553.24243 472.8651 936.37573 794.0768 2 0.41252986 138.00677 441.0569 512.22015 504.8144 2 0.27974668 557.5539 485.16498 942.8414 544.7703 2 0.10619914 453.42032 458.8992 581.2825 660.8351 2 0.07713533 546.458 442.3938 942.99194 523.7042 2 0.05632662 538.51276 322.43777 957.8768 527.2016 5 0.99040014 131.06335 320.74078 513.3676 481.05963 5 0.99007344 537.18494 321.53015 960.48706 528.4865 5 0.068874575 174.42581 0.0 1023.6968 524.8676 7 0.99132264 886.3271 288.92383 1021.83124 713.293 7 0.71929276 936.9636 182.22505 1022.8479 342.39124 7 0.24283028 835.5541 101.710815 1024.0 742.46326 7 0.06083419 884.3155 326.65967 1024.0 537.355 ,test/1081.jpg
0 0.083687715 516.844 879.64435 581.5211 911.3143 0 0.056086324 584.0867 638.75134 723.23865 852.47217 0 0.054758027 188.0629 558.65845 886.82983 933.947 1 0.9849225 259.19345 72.6469 691.76685 465.04248 1 0.9834147 144.94766 132.08481 947.2157 919.68616 1 0.91187924 156.9721 327.1692 905.7828 689.02057 1 0.85103 190.87573 578.18256 842.3342 927.9233 1 0.8357676 137.85013 105.09041 765.3484 606.85944 1 0.33766213 373.28552 81.14012 682.4668 316.27454 1 0.27749085 629.7512 304.4491 948.61865 789.4491 1 0.23901775 602.3518 649.709 925.7051 865.71594 1 0.23435448 749.24896 400.5055 947.55194 779.6896 1 0.20865339 229.59854 478.13132 854.32324 686.1822 1 0.15907425 276.09384 248.58691 672.82666 471.66724 1 0.1220082 132.347 194.11943 367.7556 471.57983 1 0.08516687 357.07935 614.3775 785.8517 862.8066 1 0.063733906 578.6853 637.52686 726.9507 852.5951 1 0.06326444 147.19049 163.5825 575.1075 470.8988 1 0.061844498 832.02795 852.69025 887.49194 897.9733 ,test/1082.jpg
0 0.07437589 149.35811 447.53516 293.16376 787.46643 9 0.89824986 246.80356 461.18634 580.58716 704.2271 9 0.8930151 474.9818 415.92596 812.10583 653.9327 9 0.5199966 195.92468 430.14862 818.83466 709.5114 9 0.23323894 160.64151 451.89478 321.57877 788.6008 9 0.10566849 203.05418 459.4975 362.27942 703.02106 9 0.05954025 479.53058 413.9596 640.7203 653.7433 9 0.057015207 428.7522 531.61566 569.5889 649.9805 ,test/1083.jpg
0 0.32267433 46.726746 398.21252 853.1209 550.8893 0 0.18514442 15.197449 260.5564 878.66986 549.00134 1 0.67755747 40.235382 370.14523 865.90454 551.6243 1 0.054909684 16.688477 185.24245 879.253 557.53265 ,test/1084.jpg
0 0.98271286 131.73355 773.213 207.13977 821.4541 0 0.95743805 55.595108 360.38443 129.75075 464.30185 0 0.6582157 781.38086 218.51578 868.9514 278.713 0 0.6149156 192.60907 775.45715 230.88135 823.8021 0 0.594545 450.2555 100.59836 679.2124 348.38022 0 0.3100344 717.9818 582.85046 909.66455 694.3689 0 0.27534002 505.9214 199.97485 639.7446 449.4392 0 0.23673503 513.18445 117.6013 650.71094 272.62665 0 0.23475441 533.32355 126.9185 593.9522 222.58995 0 0.22598235 473.08603 104.75009 656.9518 528.407 0 0.1528904 456.3739 225.28783 736.0404 603.5507 0 0.14549403 518.4605 325.86823 644.3387 431.5808 0 0.12074878 502.43127 341.47122 739.82446 875.16174 0 0.10456937 501.72174 330.68304 753.1868 547.65356 0 0.10057069 557.5478 60.63658 635.5839 138.62703 0 0.09774886 460.0907 184.36897 632.92505 353.13788 0 0.07931252 2.641632 287.98962 308.08533 778.0193 0 0.052322973 195.01562 283.7375 731.72943 880.4771 1 0.5548815 457.32208 189.42746 633.5107 352.53476 1 0.2975939 533.2409 127.145096 593.60236 221.97475 1 0.28276297 450.2555 100.59836 679.2124 348.38022 1 0.23208842 186.6308 281.803 726.15204 888.1422 1 0.15686178 511.7918 344.2978 743.79425 872.4556 1 0.15491915 473.08603 104.75009 656.9518 528.407 1 0.06864108 0.0 753.1667 36.588562 784.3295 1 0.050177876 56.83825 360.90445 129.19461 463.87247 5 0.9031558 41.966686 108.757256 115.67369 266.1194 5 0.17093274 716.2835 583.766 911.5357 697.89526 5 0.091594696 43.564148 126.52472 173.8825 405.56976 5 0.05481021 70.49815 245.54053 172.52577 386.44983 6 0.99096656 170.41156 284.0577 712.21216 886.68274 6 0.2664802 5.3242493 273.29227 545.6875 786.673 7 0.8237784 558.57 60.56378 633.7541 139.72534 7 0.82027715 2.6874237 299.77795 307.70758 775.5521 7 0.66113526 716.18396 583.34827 911.61035 697.62415 7 0.23352957 518.41644 325.61047 644.69147 431.6759 7 0.116627745 0.36426735 113.032074 52.10241 216.21014 7 0.1109761 469.80353 99.24159 667.8217 452.1103 7 0.10356943 131.16347 692.42773 279.39746 829.7522 7 0.10063443 568.46216 339.55023 745.99744 839.0351 7 0.08593509 3.8378944 196.72366 62.702106 437.0718 7 0.07234305 42.622677 109.94617 116.63745 265.7877 7 0.0637945 43.564148 126.52472 173.8825 405.56976 7 0.057811584 477.6692 295.15585 721.7501 514.47363 7 0.05436872 3.7350159 150.76825 152.04254 688.0673 7 0.05300705 53.548843 275.98505 471.6159 814.1976 ,test/1085.jpg
0 0.9997732 184.2557 213.36499 868.7051 822.73596 0 0.17609327 80.42177 804.78644 143.80067 966.53766 ,test/1086.jpg
0 0.22756733 782.8217 502.25684 912.0993 540.54614 0 0.19763815 573.1939 651.9836 623.87885 722.0159 0 0.18124226 39.50612 853.61755 303.9848 1005.8003 0 0.11530284 432.67053 808.5359 733.1294 1023.48047 0 0.09259285 850.1072 7.0455627 881.58765 151.96086 0 0.084340125 867.6266 130.09967 995.8229 214.47638 0 0.060642533 31.048658 902.26794 81.34767 976.494 0 0.054188192 835.8765 9.347961 867.92975 218.33301 0 0.05120257 854.3428 21.735573 1011.53516 231.7656 1 0.9960408 500.99954 156.34344 812.45447 434.53857 1 0.98643714 564.11346 426.41406 989.8494 725.6621 1 0.8153799 429.76804 803.94055 732.23157 1023.9989 1 0.7798495 44.69847 848.0237 303.08173 1009.994 1 0.7236363 576.1639 571.2771 973.2314 727.0392 1 0.58194345 735.7139 585.62775 952.55023 654.1274 1 0.4655446 573.9684 591.5909 761.225 659.53986 1 0.37932062 822.3325 167.60371 903.2721 246.6454 1 0.26046288 561.6032 434.6809 995.4908 562.682 1 0.2537835 867.6266 130.09967 995.8229 214.47638 1 0.23128246 785.327 198.01633 1021.885 496.61356 1 0.2183785 605.629 119.631966 665.99414 167.27344 1 0.21736449 530.8714 157.00882 982.429 516.9667 1 0.19641441 819.0082 216.99194 858.8154 245.69669 1 0.19198522 558.59125 523.76154 762.71356 657.9555 1 0.18906523 919.4984 418.89923 1021.6561 564.3764 1 0.1671457 536.2286 304.23926 795.5042 436.23492 1 0.13176368 578.62714 485.20776 974.4382 581.38574 1 0.11497199 821.1164 130.94742 976.7646 250.55136 1 0.110014915 732.69696 586.3657 844.38605 654.8856 1 0.08706178 889.79846 360.32593 1024.0 582.348 1 0.076805204 485.4193 169.86041 534.2154 232.59769 1 0.076282464 549.5853 432.46753 1011.7827 493.95593 1 0.07610691 817.35046 227.38834 857.32935 252.64249 1 0.072810635 796.444 178.32036 1011.94434 253.2838 1 0.072054364 852.6821 95.85047 1017.69104 232.98495 1 0.060929127 959.1544 460.35376 1020.0563 578.99646 1 0.059335552 573.1939 651.9836 623.87885 722.0159 1 0.05712357 567.1809 489.5807 874.54614 675.13245 1 0.055739094 482.4062 148.86761 584.0953 278.30936 1 0.053081386 910.6444 330.30576 1022.1293 485.75162 2 0.1009951 430.06195 802.79224 732.55255 1024.0 2 0.07936449 959.77875 489.67365 1021.5855 564.5164 5 0.70112133 970.67645 489.38885 1022.5889 548.0961 5 0.13106304 981.98224 481.77603 1021.9836 495.30612 5 0.122379236 958.01654 478.28925 1022.5672 576.4189 5 0.07002372 850.91425 76.1222 888.96466 151.82672 5 0.058161903 979.1651 488.9207 1022.092 507.14804 6 0.9973521 70.93988 201.40845 544.7247 500.54437 6 0.9784394 420.0608 465.31076 574.7807 666.8971 6 0.21930301 294.69342 456.85376 589.16907 659.79346 6 0.19635357 430.00543 484.67184 573.1808 560.1501 6 0.1552474 428.20197 471.29205 574.8123 523.03046 6 0.075420916 498.00165 468.96738 577.8924 664.28784 7 0.99905485 99.11197 454.51804 545.4109 883.53516 7 0.99202746 0.83239746 585.537 195.05737 916.8956 7 0.9584578 795.7143 182.3188 1024.0 464.6458 7 0.54545087 752.2936 35.511986 864.03296 257.91904 7 0.46456927 58.137863 327.63818 125.51961 382.84387 7 0.3518783 790.47174 235.2742 879.6689 415.46646 7 0.35147128 46.435715 848.1642 301.10663 1006.09924 7 0.27097818 791.9485 241.51959 849.29565 285.8639 7 0.19272703 62.579422 841.9095 210.55489 902.53937 7 0.16538155 881.8128 342.35986 962.8719 430.15442 7 0.1289236 852.1829 273.81897 957.16754 431.85693 7 0.11729002 430.654 802.3543 731.84845 1023.8953 7 0.110310405 803.8753 12.278015 875.4349 251.05487 7 0.09148957 807.4709 350.75177 889.8366 413.12207 7 0.0874977 789.75946 246.53105 973.40375 427.2138 7 0.0851349 718.23413 8.748573 1015.7523 247.18478 7 0.08503644 40.71295 415.5565 205.23445 589.2343 7 0.07580273 24.30783 842.592 209.71324 938.9008 7 0.061478663 0.10623932 842.1754 111.736855 906.5176 7 0.05876241 267.92236 454.1046 589.4092 662.34546 7 0.052301638 3.5175323 376.6829 245.20317 935.8893 ,test/1087.jpg
0 0.17095219 731.9528 607.32983 772.1785 653.2075 1 0.5443736 137.31824 569.55035 169.70657 633.1274 1 0.16364615 138.7801 568.87006 199.39488 631.1319 3 0.06526186 711.83606 505.54974 744.8699 524.1722 5 0.9945821 217.04105 511.8981 309.0096 612.85144 5 0.659851 157.50621 558.6234 230.55357 607.6207 5 0.6179731 135.44635 564.9518 225.15582 630.67566 5 0.46949893 241.41956 383.7783 382.18268 498.30948 5 0.41166475 211.19585 504.387 266.19333 540.99445 5 0.40790322 124.040634 483.79175 265.01782 627.41736 5 0.32271874 493.4805 264.59406 720.004 368.22827 5 0.28917718 140.80269 569.8139 187.99995 629.1243 5 0.21025498 248.3596 513.3335 310.4328 587.2208 5 0.15371054 163.83157 481.21207 296.32733 598.74536 5 0.14687422 146.54576 572.45874 210.35161 614.3058 5 0.118549116 219.64917 571.50006 246.49982 615.6707 5 0.07359009 136.85283 569.3776 166.79018 632.8079 5 0.07322435 199.56488 485.9807 284.95343 571.6682 5 0.068631135 156.30939 497.61746 226.53351 609.787 5 0.06496956 141.21255 601.3688 226.22531 636.1094 5 0.0622758 232.35721 561.57404 308.04446 606.7941 5 0.053251006 126.26812 541.82434 311.54953 625.25134 7 0.9979358 79.43605 467.4832 481.71002 777.0471 7 0.99680495 333.25058 226.52371 875.7578 734.44934 7 0.2748539 241.40005 383.86176 380.63083 498.4217 7 0.18785931 460.33276 509.79623 688.3557 708.2374 7 0.14736117 141.21255 601.3688 226.22531 636.1094 7 0.14346008 121.73592 485.5128 251.35666 627.77356 7 0.09832206 349.22382 426.51193 697.1988 724.0759 ,test/1088.jpg
0 0.37995902 52.997993 0.0 246.93549 138.69247 0 0.27399778 157.17282 0.0 244.76031 129.73529 0 0.24204947 571.9765 68.63371 620.6059 123.345566 0 0.23406936 569.05865 0.0 748.2331 142.42905 0 0.20537275 686.74915 462.28333 794.67957 538.1081 0 0.17351186 0.0 49.30014 1019.07153 966.5403 0 0.17028636 639.09485 117.41528 734.25256 151.84854 0 0.16419719 257.03928 64.265625 949.96484 509.03027 0 0.14304373 655.38135 639.35504 736.1876 905.1076 0 0.11391453 176.72617 488.87958 262.47906 560.5372 0 0.09716363 3.5642166 4.7577515 241.2142 245.47443 0 0.07494107 737.6767 779.5758 815.08966 884.5858 0 0.054526288 698.74 664.4417 737.6968 894.34503 1 0.9466094 713.47534 0.0 785.9503 74.79084 1 0.8940426 0.0 0.0 109.15402 277.36505 1 0.7895173 0.46315765 1.300293 248.2962 168.85477 1 0.5962801 66.48559 0.0 215.75699 137.2691 1 0.45355213 702.8602 641.1093 823.87854 882.80426 1 0.26798508 3.6756268 138.50998 49.285095 280.43134 1 0.261072 177.03976 2.332161 887.0751 156.60333 1 0.23987631 657.3896 639.43915 735.40814 904.83234 1 0.20415536 253.11684 0.0 583.402 161.36609 1 0.12140621 8.515701 80.84604 429.12115 967.0519 1 0.11667226 249.69978 54.057262 393.58588 144.39287 1 0.11482765 25.265625 0.14228821 491.5963 170.08173 1 0.10356999 686.0291 462.71893 794.424 537.76245 1 0.084867455 4.126465 7.51548 741.496 210.17545 1 0.08482437 173.03067 535.9862 319.32654 856.26086 1 0.084087305 616.2452 0.0 714.8515 19.379608 1 0.079391964 563.2639 0.0 783.25977 143.80151 1 0.07798561 737.6767 779.5758 815.08966 884.5858 1 0.06795783 0.3855362 4.659912 245.72137 377.91043 1 0.06445896 581.5875 0.23801422 792.55176 75.63632 1 0.0561888 698.74 664.4417 737.6968 894.34503 1 0.055170547 724.4815 3.4848938 923.37274 132.68105 1 0.05052827 576.8687 0.0 683.3183 74.072655 2 0.6213004 708.8181 646.9415 821.04944 863.62244 2 0.15150577 640.06665 116.982544 734.06665 152.19592 2 0.08221711 701.43445 662.4499 739.0641 895.71906 2 0.055761077 203.68988 386.23508 283.26276 486.4285 2 0.05203301 686.0291 462.71893 794.424 537.76245 3 0.8107837 204.10031 386.71155 282.22986 486.5464 3 0.07146504 172.65848 541.049 322.3128 855.7646 3 0.0616468 737.6767 779.5758 815.08966 884.5858 4 0.97078526 517.446 417.89383 725.93195 960.7522 4 0.6131842 173.31807 445.76514 327.60022 904.2301 4 0.5293608 615.56085 431.32715 835.06036 717.0397 4 0.24907918 220.57425 365.70822 744.51587 921.84863 4 0.17554362 591.21045 416.12564 854.1714 903.3363 4 0.080226906 203.3393 386.05396 284.8029 486.7348 4 0.067357235 522.289 486.69174 707.25385 735.0768 4 0.059523866 621.94037 485.47812 771.36444 908.2809 4 0.05474799 590.034 599.3006 731.3615 953.53644 4 0.053663082 211.2446 525.4303 381.41885 916.9912 5 0.3530808 170.09106 446.32846 383.86804 917.0952 5 0.23101594 640.06665 116.982544 734.06665 152.19592 5 0.2075701 721.591 2.875908 928.38715 135.41751 5 0.16589412 208.82376 376.62567 827.79004 920.8171 5 0.1563775 203.68988 386.23508 283.26276 486.4285 5 0.115084976 707.7753 643.51337 820.83453 883.7231 5 0.10599311 612.9165 22.65292 692.1516 110.1461 5 0.096344195 174.22763 537.47186 311.94556 850.554 5 0.08005097 506.61133 421.99582 786.2362 951.68896 5 0.061278343 654.0594 431.80838 795.9532 537.04675 5 0.05694219 609.2883 4.01989 746.56995 145.51556 5 0.051795837 655.38135 639.35504 736.1876 905.1076 6 0.38491008 569.45874 0.0 748.66675 144.54382 6 0.227003 576.8687 0.0 683.3183 74.072655 6 0.18537256 727.60455 2.8929367 920.7974 133.8345 6 0.11215761 710.6764 646.94354 822.4348 833.0396 6 0.0952662 612.9165 22.65292 692.1516 110.1461 6 0.08324706 820.4996 0.0 916.5612 123.6098 7 0.9331934 267.059 320.49307 576.1775 915.9813 7 0.5530316 686.73816 462.38443 794.7883 538.06525 7 0.46776825 466.46625 0.8836365 789.2884 180.85089 7 0.45443374 724.4815 3.4848938 923.37274 132.68105 7 0.44889382 649.7159 427.2975 796.727 538.6383 7 0.38756377 264.19836 321.79205 546.2856 565.17896 7 0.29811484 0.0 49.30014 1019.07153 966.5403 7 0.29014722 615.43066 432.28363 834.87976 719.3953 7 0.23147738 208.82376 376.62567 827.79004 920.8171 7 0.21646205 570.4498 0.0 748.72754 144.50223 7 0.20303433 737.6767 779.5758 815.08966 884.5858 7 0.17829625 640.0597 118.28474 735.76306 151.57993 7 0.117325895 559.6719 2.8283005 992.00745 152.75735 7 0.1122976 157.17282 0.0 244.76031 129.73529 7 0.07261501 21.325974 67.11319 447.63763 992.04517 7 0.05589977 285.28732 56.99362 943.3025 702.36926 9 0.07850398 570.4498 0.0 748.72754 144.50223 9 0.057894006 230.75174 44.191208 954.7351 516.1575 ,test/1089.jpg
0 0.7075471 56.658485 291.2467 254.41968 414.63196 0 0.64016783 18.080399 256.4086 282.71698 446.15866 0 0.41193083 77.59536 392.51123 166.43906 465.88837 0 0.34697264 168.67154 341.1237 279.79163 419.57553 0 0.23348996 111.00681 465.47916 254.13959 626.4674 0 0.16005592 49.93695 264.74564 117.54904 317.1083 0 0.12318094 4.202448 402.44864 39.54178 457.28732 0 0.11397461 44.42611 262.29782 185.7385 397.71243 0 0.08344447 55.423737 384.98993 206.47092 475.8581 0 0.080031134 93.33751 97.68921 199.70396 204.89337 0 0.071507946 213.65088 402.54593 278.85324 426.5112 0 0.06396017 10.662491 244.2757 268.06244 642.1875 0 0.06239326 238.92676 174.08495 292.10944 200.69588 0 0.054007243 0.6628952 284.8573 169.1777 441.88788 1 0.21407813 78.255844 392.4097 166.89027 467.42838 1 0.0966309 93.33751 97.68921 199.70396 204.89337 1 0.08739375 456.12634 442.5061 861.9916 758.2501 1 0.08012984 21.93927 249.57501 281.4639 447.8377 1 0.071719274 2.8073292 403.46326 40.976715 454.78546 1 0.061977867 55.423737 384.98993 206.47092 475.8581 1 0.053140473 57.573143 128.7497 293.13397 271.3431 3 0.98575276 454.9464 440.85916 862.57336 759.94934 5 0.1466268 8.497147 257.01056 62.22834 287.90985 5 0.057190973 19.239416 257.2406 63.925575 276.3647 6 0.66422147 118.035614 467.78467 253.51358 627.54614 6 0.31398204 77.22189 391.4823 168.4239 472.51154 6 0.18635644 18.519594 281.77277 60.132484 321.77283 6 0.11955688 3.3896122 403.34518 40.445747 456.00748 6 0.11365306 153.59161 516.6076 247.3894 614.55646 6 0.10726649 74.796196 299.02588 274.33218 427.9851 6 0.07921959 109.26611 467.53857 223.83487 547.637 6 0.059269223 40.519577 251.54996 251.02718 472.4069 6 0.054891113 105.274765 465.87122 189.87056 520.3284 6 0.05060115 47.995583 410.96863 268.5486 686.39 7 0.9989202 18.21524 249.52878 592.0261 984.8325 7 0.9311607 225.72948 617.31885 268.48193 678.152 7 0.8346424 0.0 117.69975 296.86102 274.18304 7 0.5614494 95.03906 97.54982 199.89206 205.94093 7 0.462587 0.0 417.23047 25.904243 600.7611 7 0.45171705 0.0 292.30444 60.17585 455.60358 7 0.29278553 456.07242 440.7561 862.2446 760.4877 7 0.22044231 29.404953 415.95273 269.27783 676.5729 7 0.17067277 0.31350517 260.38815 61.760063 295.7557 7 0.16666356 3.0231934 247.97769 282.18744 448.59744 7 0.11797599 1.5580139 263.8996 112.143936 446.0371 7 0.1056526 10.662491 244.2757 268.06244 642.1875 7 0.08734473 104.743385 458.76498 255.50204 627.2485 7 0.07838737 23.100494 107.71075 183.20113 301.37955 7 0.072729126 0.10979462 273.01996 53.66525 293.08307 7 0.07151561 67.23315 389.86853 170.70035 470.9121 7 0.064773686 2.202156 139.82127 164.1448 244.70528 7 0.058602273 18.44328 281.9228 59.63882 321.48212 7 0.057733886 13.976963 258.3532 62.686626 283.15222 7 0.0529576 109.35556 294.75922 527.07983 679.55817 7 0.052825343 0.0 384.1851 46.607246 597.2235 7 0.051636007 148.76524 509.23282 252.26003 626.0991 ,test/1090.jpg
0 0.25911745 87.49613 1.4523163 208.27856 247.47395 0 0.2020114 118.05545 94.11305 170.42786 188.03966 1 0.9633907 784.8225 107.85787 876.3551 261.53656 1 0.93701047 562.41833 2.6612625 864.35376 224.12466 1 0.8847915 529.5815 300.65613 650.42426 497.4201 1 0.31809372 777.77405 25.913185 948.6306 274.76822 1 0.29546863 820.2754 116.35745 885.6975 406.90775 1 0.19958943 867.3836 80.50253 905.99115 240.51135 1 0.16220066 774.8408 112.54867 831.1953 247.13043 1 0.09273158 862.9826 5.469574 926.84674 265.20023 1 0.076528765 841.2412 4.561905 976.0232 284.16382 1 0.07078913 704.9078 111.97736 896.91327 267.11536 1 0.05679359 827.4774 127.78572 880.7007 270.34283 1 0.05540476 629.0844 376.187 665.7847 472.3452 1 0.053145375 811.80853 116.84168 873.8027 214.51205 3 0.13793327 86.62289 13.751877 212.14175 251.40907 3 0.0760127 127.272095 93.70933 221.715 236.7648 5 0.9701259 0.6802521 23.120972 188.76219 665.4895 5 0.8998038 855.5701 0.0 1023.206 873.22363 5 0.5254305 0.7434845 7.340378 197.82935 266.27014 5 0.47906727 867.44745 466.56897 1022.0406 861.2444 5 0.44769046 0.0 173.69339 167.21089 535.70325 5 0.42545053 87.06969 2.6743393 208.71083 249.702 5 0.37892717 3.9736786 332.55316 161.00209 679.45856 5 0.2229509 3.9539337 78.55235 172.67578 368.23395 5 0.15775704 856.87506 208.7714 1019.88324 374.21762 5 0.14581165 867.49646 15.704056 1018.48865 405.97052 5 0.11152718 146.34413 248.57832 193.80495 319.76926 5 0.07442665 928.3378 16.620865 1022.66595 334.9115 5 0.05898632 118.068535 92.31053 170.00345 192.23973 5 0.0574815 162.0396 108.81924 203.6444 183.55466 7 0.99967253 115.56239 136.97119 491.63794 925.8915 7 0.99898 479.76263 0.0 878.3101 913.1075 7 0.16137896 507.7478 0.0 815.4203 550.20795 7 0.09313601 826.6062 387.11163 874.31665 792.91254 7 0.08699466 842.48944 0.0 1024.0 865.534 7 0.07449887 831.4804 644.42834 873.12286 736.64465 7 0.07023868 86.433105 1.541008 211.49918 246.32144 7 0.06942381 832.4373 530.70465 875.56964 747.35443 7 0.06077759 867.49646 15.704056 1018.48865 405.97052 ,test/1091.jpg
0 0.14234099 413.91528 546.6857 665.02563 674.6866 1 0.06958648 417.0173 546.7174 664.1276 674.6196 2 0.99960536 254.72226 349.34796 669.2959 671.17365 ,test/1092.jpg
0 0.7183294 558.6778 589.03894 610.4406 915.0382 0 0.365033 439.8863 336.80713 552.3148 469.54138 0 0.3317098 174.74765 419.77338 488.2526 622.72125 0 0.26985145 442.72928 317.00006 821.6117 605.698 0 0.26330212 274.2448 531.0948 448.63196 634.5478 0 0.15644735 769.17584 409.678 908.04083 546.09406 0 0.15317176 489.05066 597.1467 552.1405 629.50134 0 0.13050815 170.28305 343.26355 939.9717 626.84985 0 0.08997071 473.04703 584.0791 615.0539 910.4877 0 0.088614404 242.27667 609.7564 550.3641 668.41754 0 0.08857239 434.06064 533.32544 539.8471 603.9695 0 0.083133094 436.71524 372.03687 520.0855 456.48102 0 0.06550124 210.14906 625.07263 590.56586 863.7717 0 0.06281436 459.74582 526.8407 551.86847 632.84607 0 0.057353504 473.27573 525.8601 976.41345 612.4729 1 0.63783944 436.99854 315.47516 826.0934 605.6921 1 0.5544868 172.94263 352.61157 939.03455 624.25793 1 0.54354143 488.4034 596.80096 551.6395 630.30084 1 0.5304597 442.7364 587.4163 552.7347 631.33136 1 0.44913062 519.31494 528.9921 978.8993 627.9034 1 0.42235702 439.2647 614.6216 515.37897 628.6023 1 0.3310398 245.12921 608.1623 552.045 667.4986 1 0.3186376 223.43472 624.2129 569.3176 858.99146 1 0.30352554 776.3763 412.47083 806.8376 472.63202 1 0.24898914 443.05844 589.00793 501.89395 624.3331 1 0.2074571 434.145 604.1398 533.44965 634.4149 1 0.17285685 466.01636 586.78217 512.83057 629.7326 1 0.16873936 427.0633 609.7694 517.4698 650.8374 1 0.15912668 207.1243 597.5218 1003.67676 857.857 1 0.1406725 437.13965 618.96814 511.41754 633.57996 1 0.13240051 463.93802 582.7217 490.39273 622.88965 1 0.11450532 441.59772 589.2785 474.79358 622.503 1 0.09172703 430.53415 626.85046 511.2772 643.2456 1 0.091585204 274.2448 531.0948 448.63196 634.5478 1 0.08800773 162.25153 390.71915 919.25275 857.1128 1 0.06621705 392.2758 598.3102 556.6909 651.1504 1 0.06297084 453.89786 586.6947 480.71512 623.7184 1 0.060826212 608.09753 507.05362 940.2543 591.1302 1 0.06059007 459.74582 526.8407 551.86847 632.84607 1 0.059359163 470.28033 568.7183 521.37823 637.09674 1 0.05695984 472.52448 575.07446 513.46967 605.9962 2 0.094933845 274.80386 536.90375 452.4872 632.58014 5 0.82649153 397.27188 458.3121 496.3126 532.4547 5 0.71685505 210.20554 497.40836 285.56393 542.63 5 0.4181657 388.377 441.57663 497.27454 579.6716 5 0.35606435 178.32175 415.82452 495.7944 623.0379 5 0.3421384 396.5666 421.24872 446.6283 450.1504 5 0.23617826 273.98502 528.1523 447.66177 639.6419 5 0.1806745 408.1512 464.4136 493.68924 478.34396 5 0.17355096 242.53523 608.0045 549.6479 668.0331 5 0.16254772 395.69778 417.73517 481.05594 462.8377 5 0.12002032 400.08478 495.78076 498.5459 537.6035 5 0.08398163 457.1145 428.74652 494.20355 476.9549 5 0.07867573 436.4093 543.3643 479.96973 587.2763 5 0.071932286 421.5246 502.35898 474.0694 540.2825 5 0.07092528 434.06064 533.32544 539.8471 603.9695 5 0.06802504 403.19244 437.92352 479.67322 462.36182 5 0.06335973 437.58484 419.40857 498.07123 482.28503 5 0.057244252 388.8132 419.6417 500.72098 488.92728 5 0.054352265 400.18716 449.45282 496.55527 485.8462 5 0.052408196 403.44717 456.59604 478.572 476.5247 7 0.2632312 171.36847 346.65906 930.4141 624.6964 7 0.17017311 444.37073 315.6289 818.1116 605.64685 7 0.15890396 245.12921 608.1623 552.045 667.4986 7 0.12321878 175.77922 421.6693 465.03033 621.45715 7 0.10695724 274.2448 531.0948 448.63196 634.5478 7 0.07944879 489.91458 598.6933 551.1211 630.14606 7 0.06439684 439.77512 533.77875 538.0765 601.9676 9 0.0811362 175.88457 417.4184 489.37128 624.56146 ,test/1093.jpg
0 0.9708165 119.66092 788.5558 298.9853 876.21655 0 0.07615226 122.66911 811.3236 143.55351 875.1958 5 0.9592555 295.33655 282.3821 342.34546 315.4133 5 0.7753708 266.85498 300.31177 309.63586 332.58392 5 0.45737723 416.13104 276.75595 544.3681 323.65683 5 0.40722808 323.78317 297.3971 415.9232 325.39813 5 0.18271463 203.8097 303.882 312.07825 347.72617 5 0.14509816 264.55118 285.0967 341.65378 332.91922 5 0.10820182 271.76083 290.25543 419.75803 327.20056 5 0.063997045 210.17538 310.45712 270.09744 341.98013 5 0.05611643 199.54411 291.18964 355.1045 360.48846 5 0.054720175 213.17824 294.59952 346.99445 459.99637 7 0.9998989 209.59058 241.06305 824.1654 866.36066 7 0.6388154 417.6751 277.24954 543.7452 323.1235 7 0.5589829 330.0936 298.04446 416.0662 324.82187 7 0.09399217 202.99442 280.86337 551.3812 493.1404 7 0.051389366 119.49361 788.5692 299.39392 875.73206 ,test/1094.jpg
0 0.1402084 192.61981 224.40018 752.6698 723.93286 3 0.9933482 192.08887 224.43343 753.6257 724.22345 ,test/1095.jpg
0 0.10610024 266.08646 363.04822 912.85 631.3709 1 0.06587653 261.493 366.33813 910.59863 629.69336 2 0.58898795 263.96027 364.55652 912.72675 630.30835 3 0.848831 262.26523 364.94458 911.06335 630.5946 ,test/1096.jpg
2 0.38609907 238.89148 376.15085 333.93958 439.16043 2 0.09446633 238.64084 392.00385 331.69675 423.37433 3 0.10358691 415.46646 313.64954 533.7073 532.3793 4 0.94005203 415.5164 312.47958 535.15247 532.3463 5 0.763694 238.37921 373.69666 337.02435 445.03772 8 0.11264608 415.6721 312.90442 532.6407 532.78827 ,test/1097.jpg
0 0.30843017 619.32605 0.0 702.9961 75.34439 3 0.99915516 271.15054 114.26868 716.56494 748.53906 3 0.25543925 619.0785 0.0 703.0427 75.12962 5 0.38442057 619.6007 0.0 702.9606 75.33363 7 0.4112478 0.7485962 286.3418 165.14995 389.81635 7 0.19856659 53.819984 916.93567 119.56107 1001.23645 7 0.15236264 23.312027 282.48563 137.94 360.126 ,test/1098.jpg
0 0.99712926 192.80734 155.24689 805.2942 796.1342 0 0.069603994 728.49384 207.01611 788.7303 283.03268 ,test/1099.jpg
3 0.9997814 562.91077 451.2814 760.5078 806.88855 3 0.9985588 192.9571 308.7574 571.048 563.24164 3 0.9820692 202.27982 518.2239 570.4398 779.32935 3 0.3401495 185.22913 266.25305 587.73126 768.7717 7 0.08575473 513.8575 609.29785 588.18414 820.1256 ,test/1100.jpg
0 0.08921484 169.92102 423.5087 518.54956 688.3446 0 0.057078797 415.63318 379.58734 817.3584 698.5629 0 0.050038267 233.86269 380.13852 273.5647 537.21655 6 0.9877608 413.97137 378.33258 819.15204 700.206 7 0.16537064 233.86269 380.13852 273.5647 537.21655 ,test/1101.jpg
0 0.4017825 2.2328033 934.5011 258.93622 1020.68567 0 0.25700238 0.6307945 614.38153 66.85611 941.4517 0 0.20994234 365.30505 603.31384 386.72876 661.85315 0 0.17866886 182.58932 927.85455 264.0734 1019.60626 0 0.079450026 355.43567 592.6009 383.35535 659.99225 0 0.06978697 306.08926 588.79663 386.90164 701.1041 0 0.057709266 210.64856 352.2819 385.74707 584.69965 1 0.99776757 459.52585 201.32599 749.46326 767.4285 1 0.9806913 337.76392 316.8817 474.6469 693.179 1 0.9509676 1.1997375 182.21127 766.1001 980.4955 1 0.69027746 1.5216064 934.25867 260.4593 1021.2478 1 0.54912645 203.10367 711.2635 746.2223 990.6152 1 0.41885582 172.46121 207.93277 459.86594 378.3187 1 0.38646552 33.47238 186.82318 490.05984 821.63055 1 0.32386622 154.2208 607.62524 461.249 900.8595 1 0.3173411 180.9174 207.4171 461.18542 295.3579 1 0.3025973 187.04677 218.1708 468.96393 667.077 1 0.21749328 211.1158 386.44003 346.31384 582.4794 1 0.14254856 212.11691 335.01956 425.45395 588.45874 1 0.13909149 371.20673 307.52206 425.76312 345.6921 1 0.11108261 0.0 600.68933 277.04037 1021.2313 1 0.10321731 0.0 146.2254 246.11526 912.79047 1 0.07115721 1.8523369 591.64923 66.55437 949.74554 2 0.9888843 226.57106 593.0735 292.7054 689.56885 2 0.76074594 211.66629 378.2514 346.7924 585.8235 5 0.5028494 210.401 355.03238 349.34363 586.1655 5 0.11047361 0.6307945 614.38153 66.85611 941.4517 5 0.06697881 183.47427 927.827 264.48816 1019.4203 7 0.98713046 0.0 148.00891 121.600555 650.21704 7 0.10697411 1.2586136 603.82166 66.51557 947.03296 7 0.08010202 0.0 155.0453 110.56317 378.07947 ,test/1102.jpg
0 0.97730905 206.84543 276.97656 726.9513 664.04706 0 0.116802625 391.21393 926.1495 590.32983 1020.033 0 0.08737446 219.32816 263.63196 398.65512 401.669 7 0.09805063 198.98642 277.44745 732.27344 660.8098 ,test/1103.jpg
0 0.05142224 483.5905 479.5432 521.6061 514.07983 1 0.19196358 313.75574 451.5562 492.8496 532.8868 2 0.05776942 313.69205 451.63104 495.8561 532.7869 5 0.9577612 312.94177 451.7661 503.50787 532.745 5 0.4434971 482.96237 479.3253 521.58405 514.28485 5 0.054942075 461.039 477.2534 530.71094 516.6936 ,test/1104.jpg
0 0.9182428 196.54376 940.6076 261.52368 1017.33014 0 0.36935097 665.94916 844.9769 704.27924 901.7892 0 0.20248203 634.64825 577.23206 673.4561 682.68506 0 0.14327283 637.1032 580.1677 657.97125 656.92285 0 0.13479725 268.73297 705.21497 301.6906 739.6028 0 0.12668802 784.11664 569.30524 835.10614 664.8503 0 0.11482499 618.506 542.5264 841.7446 794.97675 0 0.10211759 801.25385 570.55054 832.7244 632.6459 0 0.07028733 624.42615 482.3464 757.27014 528.24347 0 0.06716144 642.65564 579.73456 669.44275 655.9576 0 0.06676302 646.09753 565.8309 689.4685 672.289 0 0.06406662 638.78815 556.28955 772.9875 669.5858 1 0.97441804 350.4311 539.0874 573.10284 930.725 1 0.8850411 628.72455 388.45746 668.7056 418.17896 1 0.7832173 618.5505 541.4704 841.6586 794.4886 1 0.7825739 475.7116 497.3009 631.82635 811.29456 1 0.70635724 665.95105 845.14825 704.552 901.20294 1 0.6116625 796.8676 407.60696 897.832 509.31186 1 0.5797908 548.6238 568.3821 633.51794 805.88196 1 0.47850648 416.75555 562.65186 560.48065 742.5272 1 0.29796275 487.22836 538.8671 570.7023 745.39813 1 0.28319833 608.22144 385.00818 671.3544 482.24158 1 0.27041227 624.42615 482.3464 757.27014 528.24347 1 0.26988775 503.7828 573.8279 618.3811 760.9949 1 0.2363036 650.4299 542.65466 826.88226 672.71594 1 0.1965945 780.76385 571.158 835.7828 664.58954 1 0.16731176 478.43076 505.89172 614.24493 675.6124 1 0.14153175 600.10925 330.82004 889.0148 527.16785 1 0.10576211 801.25385 570.55054 832.7244 632.6459 1 0.10441998 474.9657 510.9053 735.92285 700.6296 1 0.09549213 717.8547 536.54016 834.9628 654.6643 1 0.08301183 196.00114 674.88184 375.63043 883.12683 1 0.08174979 634.64825 577.23206 673.4561 682.68506 1 0.079181716 577.906 406.5393 696.74255 481.94696 1 0.07402602 196.40324 940.95026 262.81732 1017.52216 1 0.06378151 739.49963 542.1767 815.73926 603.9886 1 0.062461257 443.94183 489.98874 848.11786 794.4564 1 0.06234637 422.16592 348.58295 593.1331 505.48578 1 0.055534817 628.7856 453.5601 707.5832 487.2308 1 0.053671986 607.3575 441.94135 753.566 534.15247 1 0.052323647 439.12988 574.699 524.2202 711.00696 2 0.76191425 648.8799 546.23376 826.05554 672.6332 2 0.12289642 784.11664 569.30524 835.10614 664.8503 2 0.097030155 628.44574 547.9887 846.08527 792.45355 2 0.09543048 637.70996 476.34528 715.0143 492.08038 2 0.069646336 640.8158 561.6322 734.4922 673.43665 2 0.053364933 266.66656 706.1683 302.6021 737.0826 2 0.050330862 628.7856 453.5601 707.5832 487.2308 3 0.06331739 634.9695 458.6618 685.95447 485.9063 5 0.88015246 620.32513 799.5735 658.02216 832.1288 5 0.7844075 103.62314 562.2218 223.29398 762.38306 5 0.65371037 597.36194 330.28314 886.08923 526.3974 5 0.6237573 151.42409 595.9141 205.77489 700.36566 5 0.58503693 192.63998 555.74426 234.2662 604.05994 5 0.38347173 675.1756 810.04736 699.1805 841.10266 5 0.30105382 185.6311 550.069 235.74927 630.7191 5 0.19905183 556.2081 473.29102 649.27576 569.16626 5 0.19333605 199.13345 623.0469 222.2316 684.5276 5 0.18354495 566.4668 474.44574 640.78687 531.4951 5 0.17287895 640.7824 580.42096 667.1567 657.8614 5 0.13821332 554.4436 499.92236 697.09766 561.80054 5 0.13222127 195.95264 608.643 235.038 680.9732 5 0.12629467 646.09753 565.8309 689.4685 672.289 5 0.10374642 39.299095 871.02954 271.87354 1023.67444 5 0.095464975 633.29016 576.99084 675.85803 680.933 5 0.08222157 756.8396 326.22263 874.94324 431.01907 5 0.0794629 624.42615 482.3464 757.27014 528.24347 5 0.057049625 630.06335 450.74026 699.8445 488.18063 5 0.052904118 633.8655 576.5964 651.7595 659.8221 6 0.9850941 195.28156 683.87103 372.489 879.79926 6 0.97945225 422.65576 349.03555 593.0618 505.8016 6 0.2626442 618.506 542.5264 841.7446 794.97675 6 0.084411845 739.7273 542.8703 814.00684 599.1412 7 0.9987924 207.72919 328.5547 393.52295 487.39606 7 0.99847 338.37122 434.69165 498.1261 623.40686 7 0.9243531 215.99344 474.57977 393.05527 727.51715 7 0.53376555 603.599 333.15393 878.39905 527.5546 7 0.21408913 636.58856 577.1311 673.6945 678.594 7 0.2134238 103.18686 530.8929 250.2089 763.26447 7 0.17173466 646.09753 565.8309 689.4685 672.289 7 0.104399204 640.7025 581.11487 664.11584 656.7031 7 0.09157077 625.7109 489.23218 757.4926 527.6527 7 0.07916538 271.03284 621.6694 398.6222 720.09674 7 0.077837795 555.22144 478.96436 690.61584 576.6542 7 0.06729814 797.87317 406.17914 897.94446 509.2433 7 0.063675836 196.33481 942.69055 263.88055 1017.63354 7 0.061453175 106.08887 470.3612 352.90356 758.59656 7 0.060462125 206.26744 470.26453 370.8949 617.63354 7 0.059059877 336.77325 621.74634 388.9516 710.8832 ,test/1105.jpg
0 0.29072163 143.53986 32.661926 916.1412 830.4228 1 0.88351154 157.0806 29.08966 919.30554 869.5354 1 0.054021545 392.8659 512.6096 918.2094 901.9302 ,test/1106.jpg
0 0.5791996 1003.7531 849.8706 1023.89435 892.8452 0 0.24781628 0.34356308 869.9052 99.56105 1024.0 0 0.16451941 238.2485 860.51184 741.2208 1021.5354 0 0.16113079 688.76685 861.2499 1020.7523 1020.11035 0 0.13214542 263.74777 896.9588 437.50217 1022.4876 0 0.118958175 53.06151 877.95245 521.0576 1020.15045 0 0.107383154 0.084661484 868.42346 52.27072 1008.00305 0 0.07714456 620.663 481.09747 797.7911 558.52216 0 0.069418795 531.10693 867.5794 738.03784 952.62274 1 0.1385429 1005.0683 849.7977 1023.0528 893.6538 1 0.08687313 529.04224 857.90686 711.37256 928.78455 1 0.057141658 528.2574 856.81305 702.5959 894.09186 3 0.32570723 154.76857 115.21167 403.74823 246.82285 7 0.15999843 790.338 863.8154 1022.1638 1023.4685 7 0.075985335 279.78894 866.377 738.7747 1021.3608 7 0.06100245 0.4189663 868.1147 52.325417 1008.05096 7 0.058858298 1.0194359 869.9616 94.51935 1023.1314 9 0.9727811 160.25311 279.2821 948.6508 941.9033 9 0.5460961 554.1527 450.3979 799.90735 831.70856 9 0.48182097 14.172607 859.9261 928.72626 1021.56464 9 0.45242617 562.59894 294.71866 943.1911 956.6864 9 0.37881395 35.51146 372.6086 317.94647 963.6112 9 0.2486955 618.96765 481.61945 797.5748 564.7723 9 0.23979706 69.60536 877.50903 474.97992 1020.24585 9 0.23561694 0.34356308 869.9052 99.56105 1024.0 9 0.20321238 688.76685 861.2499 1020.7523 1020.11035 9 0.16115505 177.51077 546.0781 811.1079 940.2925 9 0.11773638 184.22003 742.8089 745.8516 926.10187 9 0.10293759 565.72577 480.66693 795.4095 660.2087 9 0.0916248 3.2865143 667.69385 279.56824 980.0397 9 0.08665643 531.15607 868.90845 740.9028 970.1428 9 0.07782443 481.80695 270.32462 810.13324 886.89685 9 0.076061785 54.081818 767.48737 1016.31824 996.3835 9 0.06765689 279.78894 866.377 738.7747 1021.3608 ,test/1107.jpg
4 0.9992131 292.46948 144.97514 787.97925 614.74677 ,test/1108.jpg
0 0.7427234 434.46005 332.96762 584.65216 518.1227 0 0.17303534 470.90314 384.65826 579.8492 499.16376 0 0.1223563 36.035347 771.39905 290.29288 875.1416 1 0.101479135 434.27252 332.32965 584.50433 518.1084 3 0.99838114 350.3722 759.52045 653.70416 1000.0789 3 0.07844555 434.53433 331.0365 584.7523 518.53577 7 0.06906556 36.035347 771.39905 290.29288 875.1416 ,test/1109.jpg
0 0.50572926 8.319618 959.6443 168.51135 1014.1471 0 0.27373084 121.176636 677.28485 176.94684 744.87726 0 0.10483786 124.911606 701.21173 175.28648 729.4047 0 0.070702456 287.95645 925.0008 349.27377 951.0612 1 0.99928963 606.816 285.01038 908.1641 428.87225 1 0.9750048 489.95557 294.80914 920.3447 736.49286 1 0.91068757 638.2561 547.7461 835.82825 601.07153 1 0.89915144 388.39075 550.63715 837.71216 739.49506 1 0.8951985 522.5809 392.9641 912.23395 634.90015 1 0.8083503 181.27557 567.7076 438.1289 717.81805 1 0.7155896 119.199585 574.5477 513.80676 817.23926 1 0.6775245 445.59418 534.02997 580.5013 652.6694 1 0.6640934 180.96707 664.8801 515.4485 742.9032 1 0.602213 570.603 288.8248 903.713 568.0624 1 0.5911158 105.00894 730.3562 465.65 824.6416 1 0.5414903 85.31006 639.1174 852.6133 828.63666 1 0.5256851 612.36993 294.81476 740.71564 425.31732 1 0.44444165 593.71497 288.83102 638.7717 426.41116 1 0.44042155 807.7971 532.2999 838.38367 572.5139 1 0.42973453 390.36685 533.4852 547.65784 693.76245 1 0.42138532 486.97717 630.1688 584.14795 694.90564 1 0.37725583 770.5787 544.09894 838.84076 598.4028 1 0.31786454 771.48663 547.82745 823.0893 580.9454 1 0.31682974 121.176636 677.28485 176.94684 744.87726 1 0.26335356 785.90106 545.79144 837.4803 570.1772 1 0.2451285 118.74077 694.06726 451.787 755.40247 1 0.21315755 508.3952 655.68445 812.4395 742.2532 1 0.20025912 792.2418 573.59546 840.3839 595.4325 1 0.19234313 690.70264 298.72998 799.29944 342.15234 1 0.1838103 560.9423 568.68427 853.4832 635.4683 1 0.17769781 800.9303 410.81708 911.4127 571.2366 1 0.15355235 749.0786 590.97363 832.5304 604.99365 1 0.15322745 642.1527 496.82608 829.6145 605.82605 1 0.14711954 386.082 568.4356 492.73758 692.65643 1 0.12627263 791.0446 535.4532 840.18805 582.2078 1 0.12606366 753.4597 575.82947 841.97974 605.29504 1 0.12593791 166.6799 705.36066 311.15958 746.061 1 0.12400995 600.15076 417.76138 859.61914 584.026 1 0.11899704 812.74646 474.1374 866.1776 573.1562 1 0.11732417 659.74036 590.7481 756.943 609.70966 1 0.11600079 479.86673 560.76306 569.35333 647.70557 1 0.105004564 437.0181 369.1482 601.0792 654.12006 1 0.10425716 144.7174 604.61017 738.5317 751.37897 1 0.09994151 848.4656 365.18744 911.94617 427.8551 1 0.08643793 550.5105 404.1314 595.53894 543.02496 1 0.0820369 494.3979 632.75934 576.5008 653.8078 1 0.079868115 625.222 469.33804 843.28546 563.1938 1 0.07649824 188.99066 578.897 250.01205 716.3617 1 0.07570106 782.665 555.7451 838.5903 577.81433 1 0.07499894 547.1975 401.6097 743.75854 583.90216 1 0.073701516 261.71844 732.05273 454.07788 794.9259 1 0.071512505 124.911606 701.21173 175.28648 729.4047 1 0.06842488 802.75085 579.5357 841.2705 603.481 1 0.065525725 420.66977 508.75046 626.5902 748.02435 1 0.06183183 479.67142 608.0869 828.50464 714.8081 1 0.06034055 270.36417 601.5651 399.35214 682.25385 1 0.059727885 706.4492 551.13416 812.92395 590.8025 1 0.05790071 551.3558 403.52756 640.6884 571.2549 1 0.05744041 123.13168 701.4334 200.67087 743.0621 1 0.0572721 502.214 425.9715 596.19385 646.5992 1 0.052873027 661.07495 578.94196 842.4674 610.86847 7 0.09302482 120.84877 676.42706 175.29771 743.5704 ,test/1110.jpg
0 0.57480544 39.62435 81.51905 95.30735 211.86325 0 0.06238726 332.3643 362.74127 583.4114 557.07825 1 0.07376092 38.547546 79.02622 95.887405 211.7103 5 0.99926966 220.00522 346.33093 792.26355 576.5027 5 0.051562365 449.87347 359.7854 761.0279 564.0397 6 0.118283056 239.70358 347.07184 794.66956 576.50604 ,test/1111.jpg
3 0.9570098 368.4636 560.0265 526.01855 763.64856 3 0.4011801 286.41083 659.1045 372.84338 722.7147 3 0.07234741 282.9554 657.279 409.88907 745.9788 3 0.05739468 418.24313 567.1318 498.3367 590.9959 5 0.8755441 286.05103 658.9216 373.0263 722.6242 5 0.13965744 368.31165 560.30237 526.6736 763.5309 ,test/1112.jpg
7 0.99907315 207.49957 407.43005 640.24475 697.6632 ,test/1113.jpg
0 0.1305744 64.2112 578.30457 390.53693 867.60156 0 0.0565044 352.5318 643.38654 403.3902 759.37494 1 0.99503595 277.9347 80.906555 652.06085 497.8767 1 0.9614215 556.008 127.23959 882.3244 688.91797 1 0.9611629 64.67578 577.5824 389.414 868.183 1 0.905422 552.10864 434.4016 858.34766 688.5065 1 0.76806223 283.2258 76.19165 876.2827 676.3567 1 0.530869 352.21835 643.0144 402.52994 759.12024 1 0.14529315 653.2938 577.5673 720.49097 639.95306 1 0.070791624 552.73834 445.4839 604.87103 609.76404 1 0.06503979 594.7206 434.30948 839.50073 521.0164 ,test/1114.jpg
0 0.99995196 231.66574 378.87582 770.5802 817.26794 ,test/1115.jpg
7 0.99922574 102.77426 247.12122 780.33826 859.1094 ,test/1116.jpg
0 0.8406129 267.95496 94.5408 730.8667 862.3417 9 0.23365235 261.78616 91.09299 733.62463 865.37634 ,test/1117.jpg
0 0.95074 398.72144 48.188293 888.2969 899.1324 0 0.06270548 164.64392 75.35192 304.64224 236.57477 6 0.38520697 400.71716 48.52292 887.86646 886.32214 ,test/1118.jpg
0 0.68528396 405.1919 383.3256 664.64514 569.7809 1 0.1896552 403.49915 383.66034 665.56287 569.7962 5 0.37917238 403.6229 384.16098 666.244 569.849 ,test/1119.jpg
0 0.19926652 305.4207 185.99991 1007.09326 903.4469 1 0.9553665 300.65506 204.89099 1000.9092 899.06335 ,test/1120.jpg
3 0.08345569 751.55566 605.7696 845.7252 680.81976 5 0.06522242 456.44772 190.8089 581.7407 245.76471 7 0.99990046 122.5112 82.89679 888.07104 748.9904 7 0.9985857 0.06938553 0.44737244 124.11369 179.72427 7 0.9793035 104.26169 0.0 417.35898 322.37848 7 0.8395737 120.78003 0.0 634.4141 235.60315 7 0.11352236 322.25684 3.372528 601.4144 217.01599 7 0.055703156 270.38025 74.90119 555.356 246.68115 ,test/1121.jpg
2 0.9997178 70.002106 153.42725 873.33496 675.1483 ,test/1122.jpg
7 0.9953206 223.60211 285.51428 732.2573 587.67633 ,test/1123.jpg
0 0.117955424 117.333954 135.87877 163.53793 176.40663 0 0.08900315 110.74959 539.13196 285.26758 725.57043 0 0.07900616 354.5911 15.5503235 723.7593 900.4685 0 0.06573032 86.52013 128.38457 165.84659 176.24358 7 0.92413825 356.1687 16.128479 785.8004 893.7226 7 0.919504 110.314156 543.0057 284.83618 725.1235 7 0.7369086 591.13715 16.44783 826.8317 277.49072 ,test/1124.jpg
0 0.07882078 234.10124 899.174 357.55328 1022.7697 1 0.58054596 234.3181 901.2539 358.02777 1022.57214 3 0.8243301 341.67303 387.27936 694.6099 648.44635 4 0.19119991 342.81 386.67017 690.2686 648.8638 5 0.2417506 333.79077 382.48914 752.6555 646.93835 ,test/1125.jpg
0 0.68063277 660.2051 529.6512 703.2916 586.6408 0 0.2050895 695.4885 620.459 744.879 729.4435 0 0.082626075 504.88455 601.47595 564.3673 643.3469 0 0.064064026 660.3243 574.8265 701.05145 669.46295 1 0.60798675 695.4678 620.49646 745.00806 729.203 1 0.35321543 144.42105 378.8844 286.41367 573.21606 1 0.16001786 660.12067 529.9299 703.2928 586.62177 1 0.15222754 115.13044 476.84354 179.72952 529.7351 1 0.076601334 522.01355 664.58435 576.83215 729.0637 1 0.05887864 504.82315 601.46643 563.85657 643.29114 1 0.058561783 506.9897 664.2457 578.68756 766.3412 2 0.3960886 695.4135 620.52686 745.143 729.15625 2 0.24840507 504.40604 601.4242 564.95483 643.36035 2 0.09305587 660.023 529.73096 703.29803 586.5204 3 0.62282586 660.2223 574.36633 702.0051 670.4762 3 0.13597588 660.2401 529.65137 703.27686 586.6008 3 0.11092806 716.1209 318.50046 739.9417 357.28836 3 0.06711809 685.8155 578.21906 702.9056 669.60065 3 0.060780797 502.19806 664.84564 577.5245 767.4322 3 0.053718023 504.3812 601.311 566.104 644.4111 4 0.06601599 502.19806 664.84564 577.5245 767.4322 5 0.7013453 501.44696 664.69116 577.4432 766.4343 5 0.6949276 504.94498 601.3701 565.10913 643.8185 5 0.66855466 787.907 228.712 843.1886 315.03537 5 0.4607452 659.99274 574.46344 702.11835 671.1479 5 0.4030069 634.866 181.52597 738.361 341.8541 5 0.31010106 545.8436 719.7015 596.0541 800.0241 5 0.29077816 484.15646 604.4066 575.1261 795.4049 5 0.2631094 765.4762 200.08669 855.52563 322.5106 5 0.21896005 546.2261 743.4138 578.181 800.8003 5 0.18549764 517.224 126.562195 634.1787 372.41708 5 0.13987578 717.3274 317.64874 740.01306 357.51886 5 0.09302341 746.46387 214.18857 798.4933 333.32455 5 0.08678589 522.01355 664.58435 576.83215 729.0637 5 0.08195616 512.0427 169.81999 563.6803 253.35762 5 0.075372495 719.31726 161.53531 855.82117 353.43137 5 0.06304417 543.8611 675.0236 645.7009 797.38715 5 0.05438801 808.6806 216.9949 856.6794 298.49222 5 0.053801127 590.3546 173.22684 651.9321 369.90756 7 0.99968433 30.152222 504.21155 295.8546 882.6328 7 0.99934894 414.60477 564.8936 728.64197 982.3454 7 0.99798226 215.50235 364.35022 434.84927 790.6998 7 0.99578273 824.2434 247.36975 970.7058 410.35767 7 0.9916705 948.204 253.52985 1022.67017 471.84753 7 0.9840661 414.24292 469.46875 666.00073 656.08704 7 0.931576 450.00482 61.58281 760.9322 524.89185 7 0.87205786 5.818344 505.00024 74.28493 569.1553 7 0.67762077 288.96408 312.39282 506.39743 559.7914 7 0.5352015 143.67819 381.93283 279.61502 575.8602 7 0.33493692 574.36786 63.38028 761.0916 392.12668 7 0.28833154 660.47955 526.4453 703.16583 586.25305 7 0.21529377 605.95544 180.9437 738.8191 403.95602 7 0.1550575 985.1335 276.49213 1024.0 473.16748 7 0.1537636 456.31842 272.97797 716.5109 541.8874 7 0.14662835 717.30914 159.08578 850.7205 357.61124 7 0.13406534 521.8649 428.32172 711.61334 541.3748 7 0.11912446 411.52704 377.30182 684.31256 723.83026 7 0.0998853 484.15646 604.4066 575.1261 795.4049 7 0.09776637 658.58673 498.85535 702.68097 538.80334 7 0.08928359 821.69684 245.24295 941.5429 350.69504 7 0.08894769 466.63333 571.78 662.44543 797.83777 7 0.087311946 150.36685 485.90427 225.69412 561.9084 7 0.0709454 232.8669 324.96106 650.5956 789.26086 7 0.05579703 621.8399 126.67627 859.40216 359.55185 ,test/1126.jpg
0 0.14601384 545.1583 687.3581 677.1958 774.5026 0 0.05342219 362.56317 581.0663 496.09546 716.95325 1 0.95761985 545.43414 687.3231 677.49713 774.73645 5 0.9968298 332.44153 334.12335 728.6365 632.7456 ,test/1127.jpg
0 0.7474088 464.36255 396.4605 685.761 505.13654 0 0.09486355 344.40363 157.76349 791.222 585.1245 0 0.06736287 517.4047 145.47661 612.11005 173.57576 0 0.05270798 653.6611 168.72179 739.61725 198.26839 0 0.052513458 1010.16425 306.6153 1022.5799 375.48535 1 0.990377 364.4199 0.0 767.9282 174.77133 5 0.6455633 700.3512 285.1521 1023.9651 638.38947 5 0.5171569 344.76154 163.27354 794.299 589.2946 5 0.22575152 623.84875 168.14606 760.8168 249.47516 5 0.05588239 1010.16425 306.6153 1022.5799 375.48535 6 0.8120648 343.46472 165.1406 793.35583 586.35583 6 0.65904653 623.8957 168.49222 762.1263 249.87714 7 0.116073705 466.58087 395.81516 685.9472 504.4059 9 0.17437272 155.60886 140.8328 374.4211 411.07785 ,test/1128.jpg
7 0.9999074 331.11395 383.08087 709.2757 787.78143 ,test/1129.jpg
7 0.9997868 122.710266 131.33066 996.46625 740.672 ,test/1130.jpg
0 0.4545422 96.59267 149.10884 208.24654 220.22304 2 0.99590427 144.47281 337.4852 349.3103 637.6859 3 0.059834853 146.55238 361.1878 343.4566 632.6684 7 0.9993166 271.54047 16.37149 1016.6883 676.3252 7 0.5357113 652.07715 0.0 1019.22644 293.85742 7 0.23637797 0.0 0.0 595.7794 72.367935 7 0.09042377 236.93948 71.083954 458.44785 602.19336 7 0.07577501 176.79004 0.0 751.96136 592.4442 ,test/1131.jpg
0 0.11282885 506.55417 332.44025 569.681 383.17468 0 0.059038494 517.84375 342.04532 606.3849 381.55527 1 0.8851959 172.86377 268.34442 728.01074 743.7869 3 0.24224949 475.13513 576.4741 518.4481 605.48987 3 0.093736574 473.9199 539.5135 524.71625 609.92145 3 0.082642205 170.58482 362.7377 649.76843 730.6068 4 0.9144634 321.87585 409.7333 375.53772 497.94778 4 0.912085 366.16684 360.80237 596.0912 471.15436 4 0.87897927 573.8819 425.04462 649.3333 515.14703 4 0.85737836 408.40585 329.30737 449.85757 385.89923 4 0.7729403 276.75854 440.9599 326.65234 536.9298 4 0.752222 509.9889 533.7162 562.0111 579.89465 4 0.67258435 273.0446 491.7531 329.75797 532.5804 4 0.6329573 325.25534 457.41864 377.1769 492.46375 4 0.59630173 546.95776 481.81323 593.35925 556.54517 4 0.59535116 326.54102 466.82028 451.5569 571.64386 4 0.5719863 280.25937 448.86325 326.5245 496.50424 4 0.5674673 365.33328 363.83362 407.4282 410.91254 4 0.55932987 600.78094 426.50977 647.5002 485.9511 4 0.55803317 293.80856 509.12613 365.18826 554.17505 4 0.51714206 278.0725 406.8698 384.055 502.84192 4 0.46251133 530.0837 457.9699 573.2182 512.12463 4 0.45902032 395.97955 497.2668 481.02704 584.58374 4 0.4342365 377.20535 344.31885 513.5976 462.03308 4 0.40284288 468.88257 525.97455 568.5138 609.4766 4 0.38846442 477.70166 384.85968 573.90234 445.18488 4 0.3839788 467.123 369.52856 604.273 471.92365 4 0.37435588 526.6513 464.51358 594.91046 535.27856 4 0.355938 241.37231 491.47177 375.35187 556.6818 4 0.34345335 397.69263 553.8478 437.92175 582.4977 4 0.3205087 466.5791 467.42538 599.0858 561.7798 4 0.2789122 241.96301 493.79764 286.56573 528.3088 4 0.2663389 550.41406 371.7828 602.29004 476.4869 4 0.24493162 271.67697 447.32672 369.66946 558.9343 4 0.24461372 509.64743 335.39557 561.75024 368.0503 4 0.22974159 369.15497 462.2871 465.6808 509.82422 4 0.18936843 467.60794 459.79135 521.51056 524.9453 4 0.1751535 355.5421 398.4266 544.1783 478.68765 4 0.17320818 473.38834 530.0656 524.5055 556.2236 4 0.17270997 550.7991 497.66846 593.511 533.61865 4 0.17017858 410.51263 357.38104 499.4084 417.4638 4 0.16767603 517.84375 342.04532 606.3849 381.55527 4 0.16363248 264.3749 483.41223 426.03934 563.7593 4 0.1601423 403.37714 501.7372 531.4487 597.519 4 0.15253769 552.78845 511.3809 591.51465 552.19403 4 0.14338444 473.52826 571.729 540.5309 607.7246 4 0.12958008 510.20004 450.05078 617.95404 545.14606 4 0.12257488 382.15002 346.58374 570.84937 416.0171 4 0.11805889 353.67184 473.59906 412.9849 558.858 4 0.11700188 289.00726 359.22455 501.97308 475.89948 4 0.11605617 472.46198 520.4408 526.58203 582.00854 4 0.115166076 503.07825 471.75256 565.5847 585.0742 4 0.109707296 562.6236 422.10864 665.195 554.71735 4 0.10932263 344.56982 448.97626 473.21606 545.27277 4 0.10414756 522.4961 370.89584 616.0569 498.88754 4 0.10245711 533.7235 496.7017 566.1201 533.5856 4 0.097612016 465.73862 457.52744 559.5651 537.5206 4 0.09648785 309.99908 423.34296 370.45935 477.2586 4 0.09518785 296.33655 508.65024 327.78717 548.5762 4 0.08697877 296.82162 486.1314 333.13303 529.7105 4 0.08270086 659.5107 326.71048 757.00946 366.94724 4 0.081994645 400.2852 503.4526 449.63254 526.1597 4 0.07353647 282.6372 434.45996 357.42505 498.3908 4 0.07287282 423.126 396.64005 585.7411 465.32584 4 0.07175893 318.46918 359.19684 403.628 495.36865 4 0.07167888 470.54388 503.9084 560.76227 556.7746 4 0.071245044 321.0641 453.42004 402.58514 504.81134 4 0.071000025 494.72775 382.29672 557.4703 399.98502 4 0.06872982 473.9199 539.5135 524.71625 609.92145 4 0.06818237 311.19742 421.15186 456.5836 500.31293 4 0.066931896 482.99182 373.54163 579.5879 408.8985 4 0.06353897 515.9597 478.27115 545.152 508.72476 4 0.061464146 294.33044 456.10876 365.04126 529.894 4 0.057304457 693.25323 409.136 759.2762 471.10895 4 0.054783694 543.77216 409.28403 629.1453 535.8984 4 0.053569447 503.07184 484.97565 543.79 516.45593 4 0.05348491 365.0948 363.21686 438.33746 444.2378 4 0.052883085 607.11475 426.3783 657.3827 462.9477 5 0.22229852 168.01212 297.46863 725.07324 739.5112 5 0.1092335 693.25323 409.136 759.2762 471.10895 6 0.07589167 172.74512 267.8755 726.1213 743.9824 7 0.9836991 763.1571 8.803238 992.4243 238.58504 7 0.43749613 502.56485 282.53635 698.6406 350.78452 7 0.0964347 693.9364 409.0329 759.3716 471.07117 7 0.06358834 550.46545 304.73395 697.5342 350.083 ,test/1132.jpg
0 0.66167074 295.49512 480.8658 394.3437 551.0209 0 0.3250486 417.6547 760.9574 453.96628 794.58057 0 0.17073926 321.51932 767.9084 532.5458 939.0151 0 0.10933257 727.92584 477.7422 794.2253 541.28827 1 0.06437809 295.4545 480.92844 394.0107 551.20044 2 0.22284728 295.65012 480.73093 394.47836 551.05963 6 0.9950734 235.50702 414.42825 541.5987 791.4436 6 0.9866458 310.81342 716.58575 538.6029 968.143 6 0.7357463 312.00867 710.78864 523.0654 805.918 6 0.20372471 264.95895 615.58325 546.6919 794.48474 6 0.18396482 276.30167 432.38666 521.57556 591.9714 6 0.12891895 245.33884 479.18958 526.7731 671.84937 6 0.062375825 241.28209 543.3574 552.8675 737.01074 6 0.059796996 285.6245 445.25098 436.7906 553.5337 7 0.9998605 447.01282 62.265167 685.5226 459.12424 7 0.99934584 658.79987 60.95114 777.2144 395.00632 7 0.99577266 511.41107 543.05176 784.11395 809.02185 7 0.98710525 442.0046 346.69516 736.36475 643.4226 7 0.87408537 722.893 349.3002 821.59515 567.48065 7 0.59099895 728.3271 477.92303 793.6242 541.4344 7 0.33124253 663.6643 72.31912 745.76575 132.99507 7 0.25365543 420.98926 403.60504 800.35486 768.9993 7 0.24034809 725.2342 359.7436 798.9931 453.22717 7 0.14293595 664.85223 278.55127 704.27216 356.32526 7 0.105156064 664.42303 285.21655 733.3952 561.09955 7 0.09320465 295.94507 480.3972 394.57513 551.0819 7 0.07747449 591.11487 66.53809 646.428 87.63253 ,test/1133.jpg
0 0.8314276 247.03821 561.251 297.56012 607.01904 0 0.36068597 382.38687 321.78354 401.4902 408.30478 0 0.15915935 276.17773 327.74103 422.92767 474.55225 0 0.12903783 421.6814 183.18176 624.7483 291.94678 0 0.08043733 34.743248 363.80307 96.557686 400.4149 0 0.06514859 891.3948 159.9042 931.5669 306.4098 0 0.06497445 379.5489 322.4569 419.62775 411.07086 0 0.05959359 520.5695 183.1861 623.54596 300.6639 0 0.052941263 737.6102 317.05432 817.50476 413.70038 1 0.968306 34.42099 364.35388 96.8336 399.542 1 0.058404244 306.17172 351.37085 386.38663 420.67944 3 0.07585284 520.5695 183.1861 623.54596 300.6639 3 0.06126622 421.6814 183.18176 624.7483 291.94678 7 0.9996877 630.9967 326.43436 946.9957 911.1272 7 0.9991295 252.9226 350.25742 487.25647 873.73596 7 0.99760395 0.0 427.09555 119.173676 711.1406 7 0.99743867 83.302895 380.96112 322.66586 791.1309 7 0.9971396 407.60327 251.60727 687.9475 742.25806 7 0.7106846 292.41684 326.39172 421.6508 478.42938 7 0.23630758 120.708824 375.326 308.5972 566.8957 7 0.20224215 616.9499 558.4776 685.6148 675.66046 7 0.10807895 611.3524 396.07098 687.75366 683.5356 7 0.104160175 278.3524 408.07788 313.92648 471.80005 7 0.098155424 304.21417 351.46225 384.72998 424.56882 7 0.05821494 382.38687 321.78354 401.4902 408.30478 7 0.05411757 389.02637 344.12833 482.62445 880.42737 ,test/1134.jpg
0 0.56648225 295.37518 411.93152 703.18744 736.78064 0 0.061023448 227.45132 594.97235 327.10873 667.49774 2 0.2104946 296.08755 411.2765 703.6129 736.5321 3 0.07987265 296.5303 411.1916 702.91077 736.56134 5 0.44979024 296.08536 411.61548 703.3679 736.63464 7 0.06436081 227.45132 594.97235 327.10873 667.49774 ,test/1135.jpg
0 0.99952066 129.3458 277.4115 942.77734 737.2428 ,test/1136.jpg
0 0.93237525 336.0391 677.589 641.8705 800.89343 0 0.79243803 0.9278183 0.0 177.80792 669.64703 0 0.7179366 60.141357 474.48196 737.8934 706.9447 0 0.6686071 128.86017 622.7263 651.07635 805.526 0 0.47290915 774.2882 14.934753 1024.0 716.20337 0 0.41986105 11.283386 0.0 1024.0 939.11835 0 0.23889503 24.582764 465.15146 982.55493 1024.0 0 0.23864955 557.4989 463.21848 964.18054 995.84106 0 0.19542743 51.945312 186.4556 775.75006 824.93555 0 0.085942976 453.9485 2.8246765 1024.0 743.771 0 0.054267865 576.43005 545.7749 736.3795 685.2704 0 0.051027555 151.90866 393.07446 1011.6698 736.3534 0 0.050856583 76.177795 466.93723 446.4057 630.6933 1 0.86277217 833.2491 429.54932 924.7122 598.5032 1 0.11430944 740.1204 434.3023 925.36273 609.4084 1 0.077420734 0.75775146 0.0 178.00035 672.02625 1 0.051136415 635.42084 445.80673 918.028 661.7726 5 0.07668052 636.5211 443.6046 927.635 627.2936 5 0.07106042 645.9354 543.3418 903.1448 642.54565 7 0.8679727 66.17285 0.0 988.8247 672.8206 7 0.5353897 166.89795 142.99208 872.6406 582.7775 7 0.21508284 74.54285 439.7953 706.801 731.5237 7 0.07046302 91.14371 571.6046 641.0934 810.8899 7 0.06951014 104.9263 419.75034 609.29895 581.3379 7 0.06408344 51.945312 186.4556 775.75006 824.93555 7 0.05469135 925.3104 1007.28436 1021.2999 1023.37775 9 0.10391987 61.859863 473.61536 736.5733 707.02686 ,test/1137.jpg
0 0.9998196 370.07733 412.10294 758.0817 703.94385 0 0.22324689 851.17224 591.5517 1024.0 807.62213 5 0.40938458 850.733 591.4951 1024.0 808.3445 ,test/1138.jpg
1 0.9990415 73.82419 144.13385 865.8164 770.16833 1 0.5420646 846.3265 3.440796 1022.8931 361.76782 1 0.3885995 87.07521 226.02985 451.221 754.46106 1 0.33004996 11.952972 0.0 933.5923 242.58932 1 0.053458985 163.01773 481.12836 410.30173 763.5561 1 0.05072273 316.78174 215.19815 604.4364 354.358 ,test/1139.jpg
0 0.34038168 0.07867432 21.151093 163.39917 700.63904 0 0.19982651 705.18585 294.51395 1018.13104 441.24698 0 0.1897968 922.2461 412.7112 976.5128 440.30478 0 0.18254645 824.0365 323.90265 1024.0 435.4792 0 0.1539323 545.35706 120.3683 598.1957 197.57396 0 0.06703926 727.3961 236.91039 1022.60486 330.22305 0 0.058752786 663.2417 314.5343 896.0846 484.4005 1 0.68630594 666.1503 323.34714 896.05927 481.7582 1 0.09071085 937.44104 413.66946 1023.04956 447.7297 1 0.05215386 711.30804 274.03665 1019.3155 447.87967 1 0.0521537 484.5962 431.16953 698.0376 490.18863 5 0.99144393 549.9031 116.74841 746.5477 232.88351 5 0.69417125 449.74908 59.64479 594.399 212.1324 5 0.5927996 545.3624 120.02107 597.906 197.13423 5 0.10051773 457.14957 60.409786 598.16425 137.85194 5 0.099015236 441.05115 115.533295 598.68616 190.4957 5 0.089193225 423.79172 73.611084 475.9023 115.71597 5 0.055698395 449.5978 85.449036 738.0724 252.25235 5 0.050936423 447.3017 92.57427 520.65845 191.01035 6 0.9626451 348.39697 207.909 731.04395 487.69025 6 0.07856045 452.37427 190.72705 735.88513 357.5031 6 0.055965513 545.68195 120.31465 597.19086 197.32655 7 0.9857734 803.41876 369.34753 1024.0 901.31445 7 0.7299842 697.8107 314.23572 1023.0761 435.14093 7 0.46329546 975.8017 317.726 1022.6348 373.7475 7 0.36537352 447.92044 57.659737 596.2865 236.7669 7 0.2770285 921.91876 412.57083 979.3361 446.6094 7 0.12402793 0.0 20.144653 169.68474 679.6929 7 0.123156436 675.15094 311.9483 895.3304 477.12195 7 0.07732163 848.89276 312.13245 1024.0 381.80255 7 0.064808294 446.96646 62.56599 595.43445 149.48662 ,test/1140.jpg
0 0.97588605 311.67633 254.1211 648.67944 1013.1754 0 0.8997524 339.52054 578.3601 633.7958 1024.0 7 0.15794554 311.03632 255.99524 640.0786 936.7423 ,test/1141.jpg
0 0.8430339 468.99097 445.32837 548.96765 648.6752 0 0.51607335 501.47687 445.88098 542.6187 469.6562 0 0.47288162 120.44653 381.8578 278.0849 549.02875 0 0.06353305 505.8824 446.27032 546.7625 552.9005 1 0.9979096 155.24667 338.87097 493.63333 703.5697 1 0.850512 42.063354 349.67368 274.94778 666.91113 1 0.505762 119.024155 380.03967 282.59174 549.8138 1 0.34484744 609.8666 1.4732971 798.05896 281.16144 1 0.17257181 468.88113 445.37155 548.3784 648.4241 1 0.08845242 52.588223 354.59982 142.17365 659.38025 1 0.087995484 174.6629 384.21045 287.5907 674.3026 1 0.080943994 482.3655 439.7352 508.74777 461.82175 4 0.46005008 444.7439 2.6825714 641.5526 273.53143 4 0.20947935 529.5824 0.0 634.8887 234.87627 4 0.05970703 516.93805 1.6508179 699.40936 279.63568 4 0.050358467 590.03687 185.07826 712.16895 283.9241 7 0.9997509 538.33264 205.95738 938.1666 623.94556 7 0.28249454 469.27856 444.98325 550.725 650.4787 ,test/1142.jpg
0 0.11833783 4.9692535 207.31554 183.83614 309.41504 0 0.05733725 647.84827 237.86581 677.05444 278.0034 1 0.101945445 504.90646 470.507 596.7147 517.8051 1 0.055638377 531.00653 477.37668 584.5119 515.76904 5 0.15464154 490.88843 467.8995 609.72485 518.6696 7 0.9998109 123.91402 471.86096 546.51556 823.59827 7 0.99960274 511.7663 464.4367 881.461 820.7652 7 0.99834144 437.81006 747.49646 861.16895 1014.6699 7 0.99592906 146.89497 260.14383 488.58966 513.2655 7 0.9782196 456.59952 269.95523 609.22705 467.80746 7 0.9705666 544.062 305.14966 795.7777 480.62878 7 0.72451115 4.950989 206.75542 184.16653 309.46655 7 0.7130759 480.75397 465.92902 611.86383 518.9132 7 0.46074304 438.70724 746.9983 539.8977 1009.13464 7 0.26706135 547.75696 270.44012 731.3578 381.71875 7 0.09079973 560.52985 448.6826 609.7631 476.2242 7 0.059207838 442.07355 464.14288 499.43726 480.38373 7 0.057423137 446.6819 269.26483 751.4009 427.31134 7 0.052644312 590.275 304.95245 778.24194 400.42487 ,test/1143.jpg
0 0.109420076 156.4945 91.515656 452.75293 995.66394 1 0.07861519 1.5434265 887.2634 162.10597 1021.10754 1 0.054330494 662.5396 142.85916 964.73883 973.46326 1 0.053908437 141.50214 98.101776 933.78143 989.85205 3 0.052173693 408.3841 82.30972 732.07245 993.0021 4 0.51159483 418.98068 120.291046 727.4542 996.2092 4 0.38722548 162.19368 92.378876 450.53418 992.0398 4 0.17986625 142.25562 99.730194 921.64746 990.9199 4 0.123292685 682.2936 200.09427 947.47156 970.3544 5 0.9413955 683.4155 197.32748 950.2551 970.3782 5 0.7970358 414.99863 118.059906 728.8447 979.4675 5 0.6429924 158.8582 95.24246 453.93616 996.09985 5 0.48197117 141.50214 98.101776 933.78143 989.85205 5 0.13872579 963.8626 869.417 1023.5689 964.2388 6 0.07576952 954.9476 869.1757 1024.0 957.2327 7 0.22867735 156.86469 78.19241 451.6985 997.9144 7 0.09165312 408.3841 82.30972 732.07245 993.0021 ,test/1144.jpg
5 0.98385197 152.50662 288.29514 774.3867 738.78796 ,test/1145.jpg
5 0.9973008 257.31122 320.24377 720.67053 738.3113 ,test/1146.jpg
2 0.999908 322.61884 485.46198 581.0029 704.60345 ,test/1147.jpg
0 0.2732456 609.8174 606.55 704.7394 753.1115 0 0.063517354 624.6695 656.6463 694.6436 754.18317 2 0.99817634 189.6323 391.61725 648.2007 732.6879 ,test/1148.jpg
0 0.83505577 233.87067 260.43988 798.7282 872.3133 1 0.34839305 232.76971 262.03357 800.4727 872.0995 7 0.07682884 229.80609 261.15387 801.2006 872.90765 ,test/1149.jpg
0 0.9590428 254.6174 374.03317 331.7195 438.9277 0 0.3772743 312.59354 443.11414 370.81662 463.93872 0 0.2762308 252.10774 372.0595 359.56262 466.48322 1 0.28916 314.7898 443.59296 370.01923 465.60388 1 0.26288286 331.0652 297.3913 576.3614 607.7594 2 0.07226267 331.58035 299.2331 588.9535 579.1054 5 0.10957528 186.37018 422.51367 378.6419 465.00702 5 0.08968381 189.20493 418.6569 335.27682 439.06186 5 0.06379399 187.29494 423.46335 283.3708 439.79752 7 0.99990153 40.292557 404.00156 494.78503 830.84534 7 0.99986756 567.16223 197.38931 893.66833 632.89355 7 0.89303833 549.6205 274.5466 617.1538 523.2411 7 0.20950702 607.73193 197.2059 880.5419 385.36044 7 0.15073298 312.78702 443.22165 370.5455 465.34787 7 0.1138961 560.8042 284.64413 618.74805 434.03195 7 0.063673675 187.0643 420.05023 379.08713 468.4983 7 0.051185522 577.7081 280.7306 620.15955 381.28864 ,test/1150.jpg
7 0.99934214 131.818 109.66373 866.29 956.06604 ,test/1151.jpg
0 0.77152115 380.6995 846.98865 583.2355 954.9568 0 0.5597558 309.86057 379.89127 923.85376 834.6432 1 0.35258543 310.8365 381.465 921.32574 834.9165 2 0.11923357 309.92245 381.03058 922.8469 834.5168 4 0.063983485 79.13454 623.2752 211.15211 721.10236 4 0.055810284 9.883453 576.2345 268.22638 763.73596 7 0.32472363 309.59457 381.03204 923.40186 841.82184 ,test/1152.jpg
0 0.95597094 31.028717 288.5276 945.36597 754.8424 0 0.21051833 9.7309265 380.02722 910.31604 1024.0 0 0.11772051 834.6229 47.0401 1019.02454 328.93707 0 0.0787206 166.33716 3.3108215 932.4441 636.5593 0 0.068338156 805.5232 20.935791 1021.34045 582.1025 1 0.5722873 213.27397 9.815186 604.84174 541.60114 1 0.56907797 185.98383 0.0 936.2736 648.8152 1 0.52724606 578.11743 1.2514191 896.3611 343.07947 1 0.09638401 161.8332 2.270752 436.40796 533.3056 1 0.06806625 291.78638 0.0 903.3966 375.16504 1 0.05646136 33.86685 0.0 544.2733 651.39465 ,test/1153.jpg
0 0.657136 290.32025 487.988 482.88965 597.22235 0 0.16319531 760.4688 84.87373 861.25555 184.06657 0 0.07188833 361.21112 556.4414 460.40857 632.3225 1 0.163803 290.52045 490.02255 482.30322 593.5211 2 0.19182687 290.65787 488.64844 482.53787 592.8816 3 0.3543952 291.0723 487.38007 483.2607 592.97955 6 0.27611896 518.62604 682.7148 565.2994 773.9184 7 0.16556175 291.16962 487.53735 483.1947 592.9149 ,test/1154.jpg
0 0.9991297 239.83789 493.55725 944.08606 856.26196 0 0.24131106 892.5337 445.6656 1024.0 504.29596 7 0.15583654 891.9288 448.32916 1024.0 503.90845 ,test/1155.jpg
0 0.25266108 190.42545 209.00552 737.70544 892.3429 1 0.87847877 190.38336 208.21649 738.93274 893.3465 2 0.110656604 189.98718 208.48947 736.9035 890.85803 ,test/1156.jpg
0 0.21795957 302.3357 453.20135 736.23804 689.05 7 0.9696195 299.0192 451.73035 737.01843 687.6124 ,test/1157.jpg
0 0.14416356 644.2481 689.56396 751.0573 777.8562 0 0.05149993 0.0 820.92487 62.066307 981.5208 1 0.38797837 1.3708 766.8077 66.63867 979.9278 5 0.99997056 299.76196 603.4779 569.3948 839.5083 5 0.6884139 644.76624 689.75867 750.8755 777.79346 6 0.2504522 644.3715 689.6466 751.1143 777.94434 ,test/1158.jpg
0 0.31521913 350.50143 206.46384 485.2747 394.9224 0 0.051849674 267.51807 496.51 746.5527 859.745 3 0.614821 269.39056 495.76526 745.2905 860.05615 3 0.46834967 350.40387 206.75854 485.40918 394.6975 3 0.051627386 620.9289 504.72787 740.8234 698.65204 5 0.39978138 350.72348 205.82816 484.5164 395.45676 7 0.6257764 274.33286 502.04065 689.084 863.4064 ,test/1159.jpg
0 0.066977344 41.014038 458.00867 477.0899 705.2389 1 0.54900014 864.654 3.289299 1023.8536 136.65042 5 0.99420846 42.00508 457.07434 476.74115 704.4762 5 0.99100375 445.12228 441.8493 837.7103 751.4416 5 0.9196663 479.65094 314.70013 899.27826 639.8186 5 0.11987229 804.6769 358.1843 897.2521 627.98535 ,test/1160.jpg
5 0.9987382 140.82547 241.69913 829.5851 776.19006 ,test/1161.jpg
0 0.60547084 585.90796 225.90105 637.71936 262.96542 0 0.13250719 284.6219 241.39583 681.75494 627.8261 1 0.8542714 286.31665 240.74757 679.9831 626.9708 2 0.21045668 287.06757 240.21439 679.8771 626.35144 ,test/1162.jpg
5 0.99822575 469.59045 177.37186 602.7755 589.3956 5 0.41913268 511.46625 174.05988 560.9759 208.8219 ,test/1163.jpg
6 0.99705637 216.15063 258.6415 633.94055 831.708 6 0.14935118 250.51779 513.48596 600.38416 831.00916 ,test/1164.jpg
0 0.27783775 433.9187 661.2259 580.55396 868.9909 0 0.06683807 359.9342 387.85376 776.0161 637.1642 1 0.693808 433.88873 660.9213 580.6435 868.9218 1 0.06338104 660.4758 638.8362 939.3125 1021.76965 2 0.9963169 368.92572 390.9319 780.1335 660.9917 ,test/1165.jpg
0 0.35743347 0.78523827 759.4213 36.7424 1024.0 0 0.28271994 0.0 907.1563 37.45227 1021.951 0 0.23113777 634.08325 368.81458 991.0973 460.42004 0 0.21572176 0.0 783.668 21.217705 925.70526 0 0.10693978 619.8716 585.3234 933.3793 793.1208 0 0.09603471 0.0 908.0562 17.02208 1018.16034 1 0.5690394 920.17664 465.4433 1022.7263 793.6539 1 0.25149262 619.8716 585.3234 933.3793 793.1208 1 0.08388461 635.08984 369.2991 987.89844 459.29428 4 0.947817 296.083 97.43613 542.06586 795.13904 4 0.9097899 615.95483 443.99573 954.41125 801.94775 4 0.8430694 528.8326 473.52777 640.7586 763.6419 4 0.29837587 39.82541 88.486664 324.3955 952.69763 4 0.23842785 630.43427 307.7564 989.4589 466.59015 4 0.138397 923.43866 408.1373 1023.87555 797.6189 4 0.06693312 20.393127 98.865295 635.3826 1005.56866 5 0.8100563 49.834457 90.11124 311.24536 754.3474 5 0.2219257 630.43427 307.7564 989.4589 466.59015 5 0.14072566 20.384552 105.5271 620.1572 1011.1315 5 0.1314201 616.8699 443.5613 952.806 805.7278 5 0.12601575 297.48987 98.699036 541.334 791.57904 5 0.088687524 923.43866 408.1373 1023.87555 797.6189 7 0.61607975 0.0 907.1162 37.38305 1021.91125 7 0.05622666 2.1682777 772.32 36.526993 1024.0 8 0.29920742 633.80334 365.84155 990.02075 461.64056 ,test/1166.jpg
0 0.8447912 5.0337677 568.1668 356.79462 1020.8111 0 0.6405208 449.38336 606.986 500.53357 714.0131 0 0.46294817 12.414307 574.4087 345.3842 784.9469 0 0.36154723 174.15987 639.55695 348.46204 742.79034 0 0.28658113 575.04236 414.1288 591.2942 523.25336 0 0.20372914 4.3099365 605.0548 345.1361 704.0304 0 0.19032538 44.837563 557.899 227.3565 990.3466 0 0.18871443 174.29376 605.44714 350.67792 999.11475 0 0.15962179 429.13892 694.23914 539.7519 783.68555 0 0.15081105 62.153538 803.4592 174.11772 925.3624 0 0.122675896 422.173 623.47705 535.5911 777.95886 0 0.06579993 11.411926 573.94775 235.50528 730.4612 1 0.31774884 438.40298 693.55817 537.85876 781.8714 1 0.15621427 0.0 672.81506 165.24313 780.30237 1 0.05877622 449.54395 607.03345 500.38843 711.3425 1 0.057885874 425.3866 623.93805 533.826 783.9285 3 0.5067662 436.3086 391.44174 581.34546 751.96716 3 0.11090832 429.76172 415.7928 567.85095 587.41296 5 0.97215986 741.41504 293.94678 883.0283 597.8438 5 0.94086635 653.486 282.07053 716.4981 352.50345 5 0.9236826 572.6603 273.19574 677.60046 603.0801 5 0.8599685 635.42883 272.13263 802.26624 579.0124 5 0.6450534 424.42224 258.2671 603.07166 757.8136 5 0.5408127 480.00958 246.41205 601.3205 586.3226 5 0.43867266 543.42883 324.44 587.3402 384.21088 5 0.35897216 435.48932 274.38672 662.826 592.7859 5 0.28389415 728.00854 295.94147 813.7993 564.1275 5 0.18931037 486.9307 263.28418 806.31067 593.38403 5 0.15037575 572.53467 268.37946 624.8523 604.3813 5 0.099997394 541.782 272.95587 600.4729 540.16516 5 0.09955024 746.97156 335.42532 800.56616 464.91708 5 0.053891286 219.21848 243.70328 651.8982 719.4988 6 0.99570566 6.0108185 158.93086 280.25452 575.7565 6 0.9804223 230.1153 244.23149 518.5336 706.2285 6 0.92505544 326.96274 616.77924 508.32584 925.91534 6 0.45541394 0.64920807 455.8424 241.16116 595.6228 6 0.3226022 358.87775 670.8022 536.8945 785.4799 6 0.30989075 429.87726 611.84705 512.04974 783.2859 6 0.16531835 3.2161255 534.85834 418.211 1011.205 6 0.13444033 1.6460876 571.0846 343.22073 720.6437 6 0.10878065 488.34177 250.49048 589.46185 410.06958 6 0.10554986 1.6842194 469.80258 82.85083 590.1786 6 0.09865 573.45715 270.03302 673.3627 603.7836 6 0.09364821 634.09766 271.7992 799.26013 583.5781 6 0.08383378 328.25497 244.86784 521.2897 579.719 6 0.07293465 360.01898 252.85193 676.24774 585.9774 6 0.07101965 448.29602 606.8551 500.78424 714.2334 6 0.05606634 726.98663 288.77936 882.9821 593.3947 6 0.051151868 367.703 612.7793 508.66693 716.8666 7 0.99811006 381.8383 234.22174 512.7246 425.23633 7 0.20652005 398.56137 257.4303 687.079 599.7209 7 0.12277127 4.1073456 564.75867 369.77716 1014.9021 7 0.08945445 575.04236 414.1288 591.2942 523.25336 7 0.077060044 424.42224 258.2671 603.07166 757.8136 7 0.0694952 377.70352 213.56056 512.8021 684.94696 7 0.069193706 151.97015 592.01794 348.69638 1006.45764 7 0.06045749 222.31166 241.06183 663.37537 691.6483 7 0.053420328 450.7029 604.215 500.73508 719.1263 ,test/1167.jpg
0 0.8037638 6.662903 57.470398 532.4026 734.2883 0 0.36601138 10.467209 355.80927 359.83435 697.7941 0 0.22992426 193.19576 55.365143 527.9908 518.79065 0 0.18466988 877.7391 442.79218 1022.4545 639.361 3 0.074235514 8.543518 63.306 538.5419 737.4238 3 0.05075947 879.34033 443.2211 1022.4341 638.8053 4 0.99192715 449.54648 218.53922 813.947 764.69336 4 0.1630578 574.6124 226.02988 803.95557 649.6008 5 0.08384698 877.3947 442.29684 1022.37213 639.84436 7 0.09651403 214.69592 45.870926 527.3907 516.01624 ,test/1168.jpg
0 0.8942206 106.775604 103.99318 400.1332 302.18115 0 0.5251333 532.5493 697.4057 605.07715 742.878 0 0.17020446 327.2358 100.23361 378.96432 132.95757 0 0.11385209 530.988 657.0942 656.7702 745.56146 0 0.073111065 577.39307 442.25488 852.323 681.62964 0 0.057424143 251.52097 85.40789 379.15573 129.61864 1 0.5905419 490.5272 681.028 713.72266 823.16486 1 0.1810134 531.7067 696.5945 605.8615 743.23987 1 0.17329088 105.80391 100.4706 401.07184 302.2556 1 0.14374891 176.98972 568.8828 692.95996 878.9022 1 0.1308539 644.78436 690.02454 706.89716 773.09656 1 0.12520854 530.1063 661.4833 657.6261 746.7263 1 0.05765277 251.52097 85.40789 379.15573 129.61864 1 0.055044867 363.55035 642.2233 699.8558 829.52765 1 0.05258396 326.45435 100.48122 379.61414 133.1396 2 0.23523304 185.77916 565.5785 691.85944 879.522 3 0.4328661 578.94653 423.90637 851.469 683.0906 3 0.20053917 158.37228 485.78122 869.35583 874.10815 5 0.99930334 477.88116 69.4014 696.17523 381.4152 5 0.9768554 167.44641 563.6914 699.7192 883.3684 5 0.8666486 579.087 421.49725 848.1857 682.7365 5 0.07410947 623.5048 428.75195 827.27264 530.9564 6 0.22406533 326.73422 100.33281 379.24124 132.96736 7 0.40497205 103.53148 100.855225 401.74402 302.54532 7 0.09466888 326.73422 100.33281 379.24124 132.96736 7 0.05564447 533.153 697.466 604.9111 742.7413 ,test/1169.jpg
0 0.060170885 582.80035 271.64923 606.95624 301.64288 0 0.060092427 551.87494 298.1297 598.47516 329.26166 0 0.052396096 0.0 557.6561 82.05528 727.2711 7 0.9998196 459.16455 280.32526 871.8098 529.7742 7 0.99854016 28.325867 423.81165 738.12506 889.1044 7 0.10629316 551.4649 298.04327 598.1419 329.6541 ,test/1170.jpg
0 0.15175977 382.37268 351.42407 740.66016 810.2074 9 0.96913326 379.81226 349.29514 742.4562 814.31384 ,test/1171.jpg
1 0.99881566 437.1051 384.95908 721.8096 609.1231 ,test/1172.jpg
0 0.36490068 589.5954 800.22107 878.00055 940.8773 0 0.076880045 8.623596 3.8677673 489.62366 669.47595 1 0.14881939 20.009033 2.7499084 470.32474 512.4873 1 0.10008619 736.39124 0.11041641 1022.6444 78.40903 5 0.70332444 589.8563 799.595 880.60034 941.3795 8 0.3398995 587.7399 798.8816 882.4954 940.7241 9 0.96540195 0.0 28.777344 1004.579 806.15247 9 0.46399036 8.623596 3.8677673 489.62366 669.47595 9 0.45117384 15.51889 283.71375 679.8823 795.52783 9 0.37568015 6.360092 314.95862 510.10663 654.51215 9 0.22140649 286.06067 93.48105 922.7621 689.4437 9 0.10300153 492.7866 127.12813 891.3152 463.6477 9 0.08396268 476.87585 77.55917 991.583 970.5592 9 0.07918004 13.840408 543.97955 464.14117 663.4554 9 0.05869631 133.26598 675.41766 614.4867 796.1392 9 0.057252117 20.724335 583.1127 627.6549 796.105 ,test/1173.jpg
7 0.9930131 89.392624 194.40158 566.9239 952.24524 7 0.9929224 345.07043 168.983 987.4408 695.771 7 0.9888494 65.95099 164.65729 1004.42267 956.67755 ,test/1174.jpg
0 0.3919493 192.28732 281.02625 801.7871 692.007 0 0.30667627 271.53262 215.16833 395.09537 435.20074 0 0.20239364 329.8542 898.98834 365.0334 925.0501 1 0.07545112 189.54214 308.92194 801.7798 688.06976 2 0.14899376 269.13513 220.16098 374.64978 378.92502 7 0.83963627 193.39627 296.74042 802.3876 689.50854 ,test/1175.jpg
0 0.6473613 233.28064 729.35724 318.75464 801.2371 1 0.9971813 138.55252 330.51227 651.88513 711.5098 1 0.19881968 351.48108 137.08562 669.5092 482.20538 6 0.06440201 233.40863 728.5894 318.00867 801.7952 7 0.2827149 112.75236 289.32056 176.09207 339.58527 ,test/1176.jpg
0 0.80543 249.3517 798.8734 404.3357 1023.1477 0 0.20289361 241.7712 762.0382 551.6444 1020.43835 1 0.99893683 142.51196 208.3418 816.1259 840.4144 1 0.5894728 162.0875 508.45593 525.2106 851.8866 5 0.07501306 247.48454 798.08435 404.6435 1023.2151 ,test/1177.jpg
0 0.1909288 279.02863 268.3612 716.84564 775.5348 1 0.93464935 278.18488 268.11523 716.17676 778.61084 7 0.09928007 279.02863 268.3612 716.84564 775.5348 ,test/1178.jpg
0 0.9999143 138.50546 215.77145 921.4667 781.1488 0 0.18700892 267.95044 853.5696 496.33826 1021.1052 0 0.054078083 132.06055 208.59511 564.4751 685.67206 ,test/1179.jpg
0 0.9410723 287.32153 243.57944 750.4402 695.6185 1 0.14388263 288.1292 243.37889 749.8743 695.7756 2 0.14330675 286.70667 243.35924 749.995 695.29065 ,test/1180.jpg
0 0.22006169 358.38745 179.63934 665.7009 843.4751 1 0.06829072 356.4411 182.14899 671.2609 840.2898 7 0.9184677 354.40094 179.55847 668.0342 843.11035 ,test/1181.jpg
0 0.9998512 564.44836 56.524033 1019.4403 472.12415 0 0.7340572 110.817566 668.3062 374.0517 861.0732 0 0.60632306 94.56416 785.6073 178.51472 854.6727 0 0.05536779 110.01633 248.77347 1023.4697 877.37085 1 0.07458566 94.636116 785.53143 178.47949 854.79974 5 0.060283374 105.11752 657.6621 364.9697 858.53564 ,test/1182.jpg
0 0.10084624 331.79846 395.45667 841.9363 627.2173 2 0.9934889 333.24503 396.13812 839.9756 625.7796 ,test/1183.jpg
0 0.99268335 295.0527 473.2827 647.527 695.2178 ,test/1184.jpg
0 0.71034795 252.79836 415.10745 605.0961 816.4364 7 0.6534099 253.6163 419.3551 605.90076 817.73254 ,test/1185.jpg
0 0.9832587 223.73036 694.6926 351.0352 891.7825 1 0.0862512 222.21295 694.9497 351.18237 894.3209 2 0.06726443 552.90564 275.1687 829.66895 446.60474 5 0.97978187 555.30927 274.31186 830.1796 446.0862 ,test/1186.jpg
0 0.7564602 299.1898 373.89493 873.38916 807.287 1 0.61589307 296.91415 374.9876 872.5526 806.3681 ,test/1187.jpg
0 0.39574426 570.9977 546.86725 836.6377 809.95074 0 0.33861148 0.0 309.9021 379.99927 433.78125 0 0.06777024 208.96295 303.48096 370.07507 370.1778 1 0.14788215 570.898 547.22156 836.54266 810.67444 2 0.79110974 571.22174 546.9345 836.98175 811.1114 5 0.26502234 570.67804 547.0304 836.3813 809.746 7 0.9951717 240.64102 410.9303 646.8833 651.3782 7 0.084565364 623.9059 790.081 696.6753 887.56573 ,test/1188.jpg
0 0.28526145 504.4384 432.9564 793.8473 687.5654 0 0.23881195 520.1339 422.3902 905.5155 833.9805 0 0.2132583 25.707703 96.296295 960.77814 673.6515 0 0.091498755 459.46173 158.17905 948.0441 678.3993 1 0.65972483 20.742249 125.95343 954.15063 650.4294 1 0.39284497 9.5746765 0.020805359 861.76184 245.76416 1 0.18350849 8.336563 5.1272354 249.67552 257.0527 4 0.16955093 459.46173 158.17905 948.0441 678.3993 5 0.6353857 25.457703 103.80289 957.56335 677.2761 5 0.5813767 9.984009 464.5522 978.07996 882.87067 5 0.33329958 233.9208 124.44542 873.9309 296.2553 5 0.26352003 508.2442 203.5769 956.5103 648.83594 5 0.16149953 458.62683 430.2952 813.3578 683.5488 5 0.157034 346.0087 145.07376 970.50354 889.7915 5 0.11025364 490.09772 423.60623 931.03485 846.1172 5 0.050775986 293.2396 110.32683 946.4186 436.32526 6 0.16547859 23.405334 122.75287 949.3249 659.192 7 0.9974994 628.2539 1.9159851 1022.9187 163.84004 7 0.16601841 14.758118 1.364708 1005.2564 251.59091 7 0.06097742 21.189758 101.83768 957.3655 672.0023 ,test/1189.jpg
0 0.12499682 0.0 235.78922 178.13301 355.28848 1 0.055347834 0.0 93.312164 310.34308 664.1991 5 0.061252266 122.32092 64.12549 904.4585 985.6725 6 0.94550574 121.69162 80.82028 900.89734 971.9929 6 0.79747456 285.8792 394.991 559.50525 555.34155 6 0.120849244 125.73135 547.7156 878.4166 956.6719 6 0.05316015 301.68793 390.81384 826.3764 590.3483 7 0.69341904 188.67703 33.61818 831.1758 414.68066 7 0.62467355 130.89514 63.346863 902.9691 991.13837 ,test/1190.jpg
0 0.99904424 277.70538 155.93301 563.51605 998.30554 0 0.19841477 221.75641 142.18192 393.46997 233.5769 1 0.74208874 483.84335 0.0 1013.7959 163.50214 ,test/1191.jpg
0 0.8276074 411.1477 550.2025 723.9739 720.5038 0 0.3268344 383.9452 346.95477 590.53394 498.09375 1 0.89360374 385.19223 346.6314 590.4772 497.8932 1 0.3693372 410.92554 550.2027 724.6118 720.6788 7 0.088030554 410.03992 550.08234 723.86816 722.8223 ,test/1192.jpg
0 0.99225944 331.9933 395.70184 569.5663 664.24677 0 0.3942063 824.23145 451.87393 1016.57825 647.77606 5 0.20167819 825.2874 451.4155 1016.6148 647.8046 7 0.2224772 825.97614 451.69812 1016.9555 647.2959 ,test/1193.jpg
0 0.38605532 532.85364 683.40173 890.9225 808.26404 0 0.1740612 17.433563 351.83008 835.3303 600.36865 0 0.13187529 1.638916 120.09593 954.235 587.8241 0 0.11890741 19.533386 328.9896 887.5757 815.0238 0 0.05700791 30.239233 186.88693 87.354126 294.62955 5 0.8535294 532.1028 683.5762 891.06445 808.1527 5 0.6568486 9.983215 110.47394 943.52277 575.8757 5 0.35621646 16.523224 354.76364 840.18005 594.9303 5 0.2152038 691.8516 603.7753 842.49774 679.6639 5 0.07717149 23.969788 345.27838 890.17926 823.5092 7 0.22033475 3.3051147 345.50635 820.60175 592.2619 9 0.4800514 9.02417 111.676544 945.775 576.2339 9 0.3882347 16.396576 356.44922 835.5442 590.7939 9 0.064956754 23.969788 345.27838 890.17926 823.5092 9 0.05697491 0.0 298.11505 984.1476 488.24377 ,test/1194.jpg
0 0.36871472 317.9004 463.03003 528.76373 601.94104 0 0.30941752 218.46577 388.8835 502.6424 510.34787 0 0.059364717 385.7901 472.1228 519.56067 575.1122 3 0.26420778 214.62073 382.0433 516.4442 514.2181 3 0.0665995 317.62997 463.1073 546.8755 598.87195 5 0.72236496 324.05695 464.3985 535.71466 598.6202 5 0.33248743 219.30374 383.81165 492.996 515.7115 5 0.28098783 385.7901 472.1228 519.56067 575.1122 5 0.09130911 467.94943 449.8283 641.466 516.0988 5 0.08040533 349.1612 457.59396 493.83356 555.77295 5 0.053579826 234.71196 403.5664 518.3638 586.01276 ,test/1195.jpg
0 0.05406359 167.81906 307.95142 770.25684 785.61804 1 0.9802555 170.73987 302.72354 767.1211 785.8413 2 0.06797515 253.28778 293.44733 673.0973 439.83624 7 0.10083786 172.25024 301.48273 767.4162 786.64594 ,test/1196.jpg
0 0.9481113 386.1248 713.2345 448.87698 833.21936 0 0.09374166 465.37634 389.59875 545.10913 437.9676 1 0.99842155 147.79498 98.692474 810.3588 900.9049 1 0.97691125 318.49707 303.63303 586.07776 437.6459 1 0.9480484 362.3629 86.36339 721.0935 395.73383 1 0.8504674 466.3228 389.3413 544.16077 438.16876 1 0.8313164 361.27313 398.4213 546.64185 508.43344 1 0.81222177 362.8229 435.60358 468.3776 496.5603 1 0.7333518 319.68787 393.22873 540.909 445.10654 1 0.73085237 508.9047 246.60869 749.7045 679.78613 1 0.627345 405.921 484.04245 536.963 515.6031 1 0.6203132 170.44193 109.221695 730.8707 578.1507 1 0.5873923 613.5447 249.3534 734.3545 399.36237 1 0.42738146 671.6356 452.64774 721.94934 532.4899 1 0.37398016 563.94104 570.27875 649.103 663.8117 1 0.311701 602.10767 239.3307 738.5149 542.9871 1 0.30014977 425.84177 429.71002 523.4075 498.86157 1 0.27698416 513.93176 380.34604 655.28235 520.6139 1 0.24487564 339.44934 251.28772 712.9813 456.6172 1 0.2383685 558.23944 526.90216 679.2879 652.0048 1 0.220394 321.06158 298.18008 646.7657 641.57117 1 0.20893918 311.6785 415.15872 367.75693 457.24722 1 0.20036994 495.2324 354.82706 726.3369 600.23566 1 0.1942068 603.8111 254.81071 810.587 667.2599 1 0.18777534 289.70258 450.94788 394.66412 486.12836 1 0.17283948 318.43027 342.16785 609.76245 506.1861 1 0.16871792 344.70282 240.77512 814.07526 732.36487 1 0.16519655 313.6787 420.6664 344.39868 454.3585 1 0.16392846 568.3775 652.06085 613.5595 690.9024 1 0.15819445 373.60114 439.03534 447.27765 468.28192 1 0.15218902 338.92957 409.04523 483.36053 430.86725 1 0.14887705 346.26202 432.40988 461.20746 471.3931 1 0.14250423 339.17343 432.15802 459.3173 449.1801 1 0.14233308 485.26904 477.50967 699.2803 631.65686 1 0.13302547 504.60846 66.98744 559.3591 135.6658 1 0.1306175 213.90076 394.61084 711.921 617.8415 1 0.114489876 413.803 384.30826 771.6725 656.6316 1 0.11278476 348.54825 436.12253 455.2172 456.16544 1 0.1090358 651.9444 241.72467 740.3549 460.66968 1 0.10664628 192.63745 297.5971 570.18445 502.72064 1 0.1037794 359.78073 448.86118 398.48465 473.6143 1 0.09773607 324.0193 426.0663 464.55658 458.2764 1 0.08820663 204.60834 441.28055 465.0672 502.6133 1 0.08605591 301.69217 416.22095 532.6864 473.67212 1 0.0703575 362.08994 305.3414 619.07983 385.2927 1 0.06779768 309.61356 410.2555 405.49716 466.14117 1 0.06514179 719.72705 280.05273 739.7123 387.22314 1 0.06169112 418.84482 484.90924 682.94226 583.8475 1 0.05699019 0.0 124.6517 362.74988 715.72766 1 0.050100937 176.02554 397.39673 708.0864 887.05273 2 0.057802536 466.80722 389.04672 544.25037 438.23154 ,test/1197.jpg
3 0.99999034 399.20685 302.40424 728.4559 675.6907 6 0.9951261 258.62305 414.93805 371.1856 514.528 ,test/1198.jpg
0 0.35390645 392.56622 196.17053 595.4973 807.643 1 0.10989914 392.35645 181.84372 597.62164 810.6626 5 0.06393429 392.39224 191.33371 596.4102 808.4016 7 0.78598464 391.69653 185.24637 598.048 807.66785 ,test/1199.jpg
0 0.9982344 356.11432 306.21063 669.4731 898.0452 ,test/1200.jpg
3 0.99855393 244.45438 412.3276 691.53625 873.9302 ,test/1201.jpg
1 0.98446965 372.97836 437.4306 726.41125 819.48346 1 0.123187125 432.4897 436.1221 729.75494 657.2814 ,test/1202.jpg
0 0.1309309 421.98944 9.580048 835.2133 944.8114 7 0.98415124 421.14386 14.7491455 836.8935 925.99927 ,test/1203.jpg
0 0.16898364 239.74771 448.8056 831.85547 540.7327 0 0.08550694 15.011414 366.01917 1024.0 840.35876 0 0.07738254 228.70435 336.71747 854.55615 545.405 1 0.8860842 792.7521 399.31107 1022.64185 664.4889 7 0.78581107 240.50745 334.24075 840.5077 535.00684 7 0.15550502 239.62231 438.35312 830.3862 537.23755 9 0.944057 13.764221 362.8358 1024.0 840.724 9 0.5219225 225.84424 434.00592 830.5115 538.1984 9 0.4250908 227.90591 336.23523 851.80566 544.83795 9 0.1276881 25.06543 763.5682 1024.0 1024.0 9 0.09576537 979.361 327.1026 1023.71454 440.4843 ,test/1204.jpg
0 0.99040574 287.00082 494.71094 746.7698 995.56445 0 0.98710907 267.91943 1.979065 780.0919 682.2187 0 0.29652375 291.18878 566.84985 486.648 831.17065 ,test/1205.jpg
0 0.98934376 270.08536 347.99713 877.3478 716.0092 ,test/1206.jpg
0 0.8949482 413.87543 131.66074 446.27576 179.25839 0 0.53769624 765.8195 646.62866 1024.0 788.08215 0 0.4576499 291.80774 207.10458 558.5134 331.9656 0 0.31740397 663.96295 205.26392 823.21735 302.5687 0 0.19157048 809.2615 652.367 1024.0 732.34955 0 0.119935736 249.40034 524.09937 735.8077 729.43884 0 0.07346843 308.29358 250.40492 472.0669 322.00327 0 0.060828988 0.62795067 577.57825 38.847473 634.08167 1 0.1522812 293.0075 207.1307 559.86035 331.64566 1 0.12866504 0.62795067 577.57825 38.847473 634.08167 1 0.06717683 413.68546 132.86655 446.33542 179.00781 5 0.48893532 1.1418457 0.0 303.38837 443.5183 5 0.15796503 292.0603 206.31157 560.6291 338.74744 5 0.13831346 765.29614 646.3855 1024.0 788.63 5 0.07682771 663.9932 205.70197 818.8698 301.1539 6 0.99896073 109.28488 282.85382 728.6782 729.2468 6 0.99699116 546.23206 210.59087 965.56665 569.32916 6 0.9961372 438.21954 74.80473 727.899 262.44928 6 0.3737608 242.5766 520.221 738.5122 731.2664 6 0.29752502 123.20262 295.74966 559.681 459.1517 6 0.1959774 291.98285 207.18442 561.1427 339.85373 6 0.17499587 764.6646 645.86066 1024.0 788.38605 6 0.13987695 549.4816 210.70772 760.81415 540.8062 6 0.1278198 0.56108284 577.66656 38.691284 633.87445 6 0.110437356 312.4033 66.31056 741.6719 331.72595 7 0.9947731 242.99341 2.739273 440.78217 180.74911 7 0.7457476 663.69415 205.45627 819.2537 301.07953 7 0.43918258 292.163 207.26025 559.5386 335.87836 ,test/1207.jpg
5 0.9630647 345.22723 262.28732 994.4107 690.31445 5 0.055611476 318.77365 289.22687 770.6813 447.61884 ,test/1208.jpg
0 0.5080457 684.3553 402.4533 741.3403 430.52124 0 0.43301782 682.1955 376.9513 742.06915 435.2022 0 0.05759785 258.22144 496.89835 294.575 516.2739 1 0.99590695 378.90735 162.61475 736.7285 678.22186 1 0.5577527 354.7613 549.4447 776.0086 749.64087 1 0.23072608 330.7827 395.5935 759.46704 798.2517 1 0.18843205 381.1726 430.38635 737.7257 668.6466 1 0.14992967 360.9546 370.19025 417.30652 501.1353 1 0.09109434 402.42142 545.8222 725.26575 668.044 1 0.08614655 414.6635 162.215 664.6724 257.6975 1 0.06621376 362.05762 374.07632 385.78546 438.39847 1 0.06060396 335.9667 636.7076 461.14218 784.6595 2 0.24578305 334.68716 633.98596 459.70242 799.0095 3 0.124007635 331.96918 626.95386 458.77264 812.53406 5 0.99757093 189.1638 485.4807 345.16882 816.02856 5 0.8396871 331.73367 628.0107 458.73373 813.32574 5 0.78533703 331.35037 707.1851 441.19547 817.3818 5 0.10336123 258.73923 496.89825 294.4938 516.2881 5 0.07109309 256.80975 496.62964 300.71747 536.98096 7 0.31888208 683.8714 402.91742 741.45917 430.53333 ,test/1209.jpg
0 0.13720526 0.0 311.7861 231.85727 492.65024 0 0.10110999 82.06837 392.86426 228.5972 525.5053 0 0.1008036 127.36015 388.3563 294.28198 520.9992 0 0.09688475 176.89107 387.9839 295.98517 447.78156 0 0.07717993 62.7856 352.8438 286.43555 539.77844 1 0.9973642 70.694824 391.52686 798.00916 713.6188 1 0.9565836 65.98581 438.13992 811.58044 967.2136 1 0.81467223 155.72897 624.0602 736.61206 960.0864 1 0.2346113 0.0 311.7861 231.85727 492.65024 1 0.20559432 173.87675 386.07724 299.14102 447.05203 1 0.14519146 139.42044 607.46814 701.79724 720.3157 1 0.13105394 623.391 423.99927 811.7588 723.44934 1 0.12947083 70.79601 362.82236 226.82599 505.38516 1 0.10627133 1.1120605 452.97845 80.45943 615.38116 1 0.10232169 3.8899155 362.28156 226.67032 603.7485 1 0.0929699 0.0 360.27795 91.53348 466.58087 1 0.0893515 58.01066 374.3836 284.3347 464.6089 1 0.07704058 0.0 328.5421 568.7579 477.03625 1 0.06944748 0.0 452.0765 174.57422 615.9303 1 0.052956104 61.654736 353.14703 185.77391 413.38898 1 0.0500302 75.29677 427.40207 217.89653 541.3152 5 0.605505 0.33735657 468.28055 127.8741 615.1031 5 0.5226729 0.42063904 363.18234 87.70458 466.7604 5 0.10420055 0.0 312.9742 232.97488 485.7983 5 0.09644648 28.430618 503.6773 126.20302 594.0854 5 0.085603006 110.66797 450.2068 187.0452 516.97174 5 0.066863485 70.01237 449.23764 205.55563 524.58813 5 0.0627545 1.4060211 314.18658 114.44426 480.08087 5 0.055410855 54.90201 507.11157 116.50136 527.60034 5 0.05209122 0.0 372.8294 150.5245 607.151 6 0.47335982 0.0 315.60526 237.22888 466.6956 6 0.058179986 0.9436836 311.14008 108.22316 428.47974 7 0.06946379 0.0 602.1287 24.014374 737.88385 ,test/1210.jpg
3 0.9996259 259.87244 514.5062 789.1129 816.8275 ,test/1211.jpg
0 0.9778871 271.48352 358.00476 317.81445 422.12714 0 0.12038501 508.68634 333.1323 535.68463 366.07742 0 0.067770295 541.5077 500.58502 558.6804 820.1812 1 0.91023666 952.3125 528.0788 1021.0222 1024.0 1 0.4373535 930.89667 527.8664 1023.6154 625.20306 1 0.42024162 604.7362 540.7068 980.8823 1000.4081 1 0.3561481 950.802 516.5927 986.3026 1024.0 1 0.26059222 931.2964 594.5819 972.2833 1000.2335 1 0.2317367 966.92676 587.94037 1023.69226 752.259 1 0.20366661 900.6375 528.97046 1003.64325 1022.0514 1 0.1132429 936.23914 526.80896 1021.8524 801.7272 1 0.066796705 937.04175 530.28284 986.2716 631.75256 3 0.18928134 625.5687 251.20685 960.9342 545.33435 3 0.11031844 596.5177 258.45407 982.5298 990.556 4 0.3075644 42.608017 264.80402 399.82196 557.64215 4 0.1201905 625.5687 251.20685 960.9342 545.33435 5 0.9950597 390.18176 313.77557 558.4046 919.17523 5 0.84182674 138.07971 520.00397 403.67725 942.32733 5 0.7213474 28.943771 262.94342 421.0431 558.5962 5 0.26500654 604.4605 541.70984 982.34235 999.31323 5 0.09637952 171.46709 276.33047 442.1552 489.3298 5 0.071890175 623.8784 250.2223 963.975 550.1889 5 0.06910568 77.50345 343.74365 551.2318 913.3884 5 0.064495325 15.012939 255.84119 218.25415 537.135 7 0.15377854 507.86987 331.98795 536.0929 366.9553 ,test/1212.jpg
0 0.22621131 0.18231201 123.79877 238.80136 969.61066 0 0.1890349 272.56998 26.886963 603.60425 1023.95325 0 0.07770935 0.0 543.12683 176.48164 882.15125 1 0.14780124 4.061371 820.29474 181.85306 898.3996 3 0.14170088 690.3513 297.226 1024.0 787.2065 3 0.052661914 269.5155 29.255463 600.27747 1020.93005 4 0.9597697 269.73175 29.30014 600.55634 1023.6854 4 0.7691607 690.3259 297.53333 1024.0 785.03174 4 0.21558087 2.6382446 115.61139 192.2587 952.1871 5 0.43136266 1.1477432 94.66312 216.672 972.12427 5 0.26476336 658.05457 911.8158 825.761 1018.24414 5 0.13573869 269.82278 28.78482 600.2416 1022.22766 5 0.11388406 693.2684 327.94183 1016.9582 956.86224 ,test/1213.jpg
0 0.13102777 486.245 911.912 607.7134 1021.1659 0 0.10737382 410.1622 108.2472 543.4739 262.33978 0 0.10507369 88.731476 0.0 1004.82446 1023.0061 0 0.09193691 329.92328 10.707901 498.58716 296.8719 0 0.08338763 345.60968 111.63273 484.13623 280.5613 0 0.07502938 307.764 4.9950867 1015.4669 294.3033 0 0.07020612 597.9858 929.1134 637.9108 976.83386 0 0.06740437 333.43915 36.343872 793.94904 383.0272 0 0.0662698 268.35104 6.808029 501.3688 499.07623 0 0.055113588 120.97073 73.08136 663.37585 872.7564 1 0.5101019 84.22412 13.948517 970.5907 1021.2981 1 0.5028996 318.97522 8.794434 490.58032 303.03256 1 0.27092785 484.8678 911.7716 607.8596 1022.3888 1 0.1673431 102.0733 434.4429 767.39124 1018.76135 1 0.16014808 88.96254 0.0 476.58606 866.9473 1 0.13802046 268.35104 6.808029 501.3688 499.07623 1 0.12343809 349.29535 114.126976 473.77637 282.312 1 0.08583581 314.19757 4.299057 1015.7498 276.47443 2 0.08031925 484.72116 911.606 606.7656 1022.4692 3 0.07950836 589.4601 847.3795 649.48474 945.66077 4 0.96515775 241.96864 560.44214 485.22107 790.4933 4 0.94342375 290.8568 263.36823 412.6922 452.55762 4 0.9408984 449.3504 234.23795 776.2391 437.75412 4 0.9258873 570.37805 575.7351 695.6439 856.7644 4 0.9206921 402.19214 120.10513 636.9314 351.9744 4 0.9031126 243.22456 380.2565 476.74915 670.0664 4 0.89225596 455.35284 412.81656 678.0826 699.3668 4 0.87880605 318.90173 656.94934 595.71436 900.11304 4 0.86935437 650.5755 483.56314 759.47504 622.11835 4 0.7820218 485.8575 818.11566 649.26086 934.02716 4 0.6067053 719.7241 291.648 818.81274 494.81317 4 0.58346653 648.792 231.91577 782.1334 369.2119 4 0.57625335 678.00995 412.4619 783.4041 556.35767 4 0.46651974 348.48163 112.019684 470.05792 281.91388 4 0.43987274 319.72586 668.3101 466.3691 881.6707 4 0.43717933 623.7751 365.02487 724.94293 467.26218 4 0.3995128 709.2778 272.40427 789.8239 433.09476 4 0.3928849 462.26038 425.18997 593.355 643.82544 4 0.37255606 588.5706 846.6415 649.1187 944.3529 4 0.31887868 683.5375 264.47717 823.55664 591.9349 4 0.31145802 268.04065 394.73138 443.68793 521.8801 4 0.31037885 433.17142 603.94305 600.87195 916.8256 4 0.28009284 566.56757 699.57715 670.17426 862.44434 4 0.27847725 275.0698 380.0642 353.7863 508.84723 4 0.23716457 486.3364 718.6235 601.2811 921.1667 4 0.23047069 457.38284 362.8421 697.791 454.3343 4 0.22910401 311.65976 783.8804 425.89548 879.4905 4 0.22695349 374.1607 106.452576 820.88153 453.88428 4 0.21260817 192.05699 674.2005 234.7318 748.722 4 0.20969523 469.0532 633.5392 580.36743 795.2024 4 0.18560243 419.3947 543.3586 495.08093 648.0638 4 0.17968966 562.5132 407.6189 678.66284 630.3839 4 0.17786276 403.0198 357.1061 507.66843 475.9523 4 0.15991414 469.173 444.90744 510.02432 571.19763 4 0.15619034 238.84566 473.6806 663.7283 891.6187 4 0.14499076 184.56094 673.75146 257.60925 772.7633 4 0.14033261 427.81815 397.66565 504.38266 581.1002 4 0.13344295 482.61868 599.1361 613.09235 759.3966 4 0.12439803 220.69337 620.67456 278.6005 730.556 4 0.12101133 689.8577 345.29532 735.43304 377.18008 4 0.11727643 186.53123 679.00806 300.19757 795.00964 4 0.11632412 441.61957 461.78577 652.1485 843.75867 4 0.11429545 713.1393 311.05408 773.1698 418.5605 4 0.11099945 266.75305 414.26505 324.95862 524.1925 4 0.10630701 527.826 823.7815 617.65216 924.9398 4 0.09122978 404.6068 254.69275 777.4005 922.7351 4 0.090737574 597.37787 606.9038 689.0417 797.18616 4 0.08956462 570.28326 459.438 754.44086 914.063 4 0.0873337 507.43478 387.76764 682.4026 481.36676 4 0.086785376 694.07513 326.5276 738.7718 439.80554 4 0.07646294 403.5221 445.1265 490.06067 612.7695 4 0.07422036 602.79333 445.6419 693.91016 654.2808 4 0.07404842 339.28027 578.9956 692.4935 837.4133 4 0.07060505 564.51117 419.40515 686.42426 523.0344 4 0.068775445 585.9632 303.25314 804.6851 846.9563 4 0.06814801 502.30197 638.37476 657.93787 1005.0476 4 0.063029446 451.88013 610.7097 506.0022 652.6041 4 0.05703698 401.89764 366.37158 446.2155 391.5982 4 0.055641327 260.93317 248.20203 448.21765 525.73267 4 0.05516541 490.75156 427.65076 617.3015 532.1267 4 0.054532576 87.138275 160.20547 881.3628 898.1416 4 0.052835215 268.47302 380.99237 733.0907 628.89886 5 0.111911535 401.5417 120.3847 638.3919 350.62222 5 0.070215926 191.07327 5.2694397 930.2616 958.88416 5 0.06403169 219.67068 359.97015 475.97287 807.2874 6 0.14734423 191.07327 5.2694397 930.2616 958.88416 6 0.07803075 307.764 4.9950867 1015.4669 294.3033 7 0.9354558 533.4748 0.0 1024.0 223.69717 7 0.5329614 583.48456 671.07227 1022.32306 1019.95593 7 0.14955685 832.21136 0.0 1023.44305 219.96881 7 0.07664269 187.4892 21.913239 976.9627 797.03064 7 0.06721959 264.94968 27.500046 1018.27405 406.6375 ,test/1214.jpg
0 0.98946685 526.98157 140.0872 741.0925 509.83826 0 0.77401656 594.747 0.2851715 874.76776 177.98744 0 0.7075453 564.8687 118.53157 1024.0 560.4042 0 0.5129559 687.12476 190.70927 914.5353 571.45294 0 0.34077263 711.6106 224.39484 849.99963 438.49762 0 0.17910495 322.82 279.4903 725.158 788.19415 0 0.1452634 720.72003 119.57823 847.8392 238.02043 0 0.12119597 695.34296 398.29233 871.26666 565.0593 0 0.0922798 592.6866 0.0 1005.8139 257.1781 0 0.09037519 704.3339 83.082275 926.38617 439.41528 0 0.07888686 650.81824 548.50006 1022.80505 874.9649 0 0.06499401 592.043 88.591064 842.72406 521.1441 0 0.052492365 692.3641 103.10283 1010.71783 267.47144 0 0.051190153 656.21185 189.23985 745.2094 488.27618 1 0.8894261 792.4571 0.21240234 1023.01886 156.0223 1 0.29198822 322.82 279.4903 725.158 788.19415 1 0.07885416 718.18616 122.33777 857.69324 236.76416 2 0.9854982 313.43958 347.72473 718.6195 784.38086 6 0.950197 677.9563 561.8615 1020.6074 875.1445 7 0.9833128 913.95776 373.04114 1023.839 613.58795 7 0.75552124 711.40125 115.76805 1019.8678 527.0115 7 0.35761827 830.56226 400.65002 926.37427 568.65924 7 0.28375825 595.39185 5.2476273 970.5692 179.2667 7 0.18097557 692.3641 103.10283 1010.71783 267.47144 7 0.13946067 833.78595 308.55096 1017.8536 588.1074 7 0.10583415 690.10425 415.1386 923.484 574.1281 7 0.09201399 752.59485 561.91925 878.838 663.1453 7 0.06302211 849.6886 127.336525 1018.8556 219.04663 7 0.05317498 833.5193 317.77075 930.54895 533.37335 7 0.05246155 714.204 119.81399 852.80176 251.87119 ,test/1215.jpg
0 0.23391074 173.98157 105.72878 405.98352 229.09329 0 0.0906018 262.33566 143.13606 408.5128 219.46095 1 0.19878104 199.13635 125.462845 406.32544 225.00352 5 0.07369592 170.61658 100.3128 405.81354 232.16635 5 0.051451877 58.209946 206.50311 111.775375 269.16083 7 0.9997875 481.19904 421.29987 858.6807 930.0247 7 0.9993436 325.20093 356.6178 625.48676 675.87476 7 0.9985782 36.12967 103.14424 418.44577 520.58203 7 0.9978941 317.686 351.7574 465.34293 461.5891 7 0.8258786 338.53543 351.17676 455.90323 420.3448 7 0.4248181 170.74438 102.16137 404.44208 230.31534 7 0.23702878 243.08836 307.57468 307.0489 385.02658 7 0.2026706 58.047775 205.75774 112.71835 271.56027 7 0.12538835 262.33566 143.13606 408.5128 219.46095 7 0.071335815 309.8233 400.58386 395.9121 457.29132 ,test/1216.jpg
0 0.87161434 736.19073 426.59094 916.17426 636.56323 0 0.14091271 725.0312 336.70248 886.59076 373.59836 0 0.09689332 624.86285 365.30652 938.3704 633.6194 0 0.09543653 773.3143 928.8857 992.4985 1021.9764 1 0.3939089 778.52765 979.2372 821.62933 1021.68225 1 0.07143375 740.8677 1006.98035 805.0748 1024.0 2 0.11532002 740.8677 1006.98035 805.0748 1024.0 3 0.33212447 719.5178 135.03703 917.81604 235.22093 3 0.16400875 654.24304 135.1407 927.2886 418.68048 3 0.051469695 800.87994 879.60455 880.8295 955.2607 5 0.9589839 0.0 633.94867 360.19653 875.9859 5 0.46413738 725.0312 336.70248 886.59076 373.59836 5 0.44291836 1.609024 817.88745 280.5216 1024.0 5 0.20587732 631.82825 137.93196 926.61194 441.5041 5 0.18636954 872.98865 897.86676 948.64124 960.66486 5 0.18397126 801.0013 879.7155 878.04755 954.44 5 0.15832512 733.0098 1007.9807 803.49445 1024.0 5 0.13068505 719.5178 135.03703 917.81604 235.22093 5 0.08249274 0.72158813 601.6952 590.6493 898.98816 5 0.06601986 772.56647 977.3887 834.9484 1021.3467 5 0.06578818 926.0896 897.91235 943.3616 960.23193 6 0.38105175 773.69666 826.52124 798.9536 932.47864 7 0.9992472 165.54857 344.9585 417.20862 618.1815 7 0.9949418 572.2571 604.75586 793.84106 837.3967 7 0.99463344 258.28815 594.9143 606.2176 1024.0 7 0.99082875 383.08392 420.3007 554.5847 670.8219 7 0.96990347 502.9368 419.60052 803.8723 646.0157 7 0.4908048 776.33215 933.6716 960.6808 1021.7647 7 0.40750456 630.29144 144.47789 907.30524 442.47906 7 0.38895547 473.54456 619.8231 576.65454 759.10693 7 0.36241755 629.3821 346.8764 880.87585 432.56396 7 0.35838172 611.44025 360.5267 911.3322 637.8218 7 0.2081948 656.7806 180.2131 849.8968 387.40408 7 0.16802932 0.72158813 601.6952 590.6493 898.98816 7 0.15892106 730.573 412.72586 929.6394 638.3826 7 0.12472443 511.86377 432.35388 812.05774 873.7926 7 0.08595195 801.7049 880.0201 875.2491 954.63763 7 0.075771935 224.5999 586.2188 508.46063 853.712 7 0.061148107 771.7265 884.6843 1022.6879 1022.0397 7 0.0597334 632.5881 583.0092 728.5483 636.55927 ,test/1217.jpg
0 0.5772705 516.5048 284.21835 601.1995 329.90756 1 0.0980703 516.3074 283.55933 601.463 329.07404 7 0.9998989 33.616486 103.606125 419.33386 545.62427 7 0.9998796 259.42816 215.43631 706.02136 780.4761 7 0.99958104 512.19763 549.41614 945.7782 933.95154 7 0.57867277 115.694885 131.40556 238.96936 170.0732 7 0.23838827 410.9535 214.4862 703.39905 398.8022 7 0.064639375 516.3005 284.1563 601.4698 331.1676 ,test/1218.jpg
4 0.06791727 118.670074 152.05194 977.6804 989.54645 5 0.9788215 119.756195 125.82089 960.9336 987.00635 ,test/1219.jpg
0 0.299715 645.2532 727.093 864.4686 929.30664 0 0.28599712 646.1706 772.48804 718.98834 924.3191 0 0.05207799 925.6578 713.0222 1022.42706 946.1986 0 0.051057283 0.58161926 22.405975 269.76465 911.1975 1 0.118002914 645.01733 727.524 864.7435 927.4506 1 0.05208409 924.52997 716.3972 1022.58624 928.79016 5 0.80228984 925.0592 715.0511 1022.2456 934.9338 5 0.5565334 367.72498 0.0 596.63916 132.37103 5 0.23228377 376.75638 0.36502838 452.42435 85.44438 5 0.064334445 645.8921 726.5631 864.98047 928.16797 6 0.28353924 645.0842 727.3361 864.6421 928.1882 7 0.99987066 207.37668 30.906647 665.9647 764.0668 7 0.9864204 564.7503 0.30377197 747.3648 475.52402 7 0.92387474 1.7007446 21.833832 270.4317 929.18774 7 0.88615865 214.9293 122.67463 323.57465 297.61615 7 0.72955626 3.9698334 673.9646 263.42596 919.32556 7 0.38986096 389.542 4.589325 769.1417 476.03513 7 0.36136472 925.1727 715.05756 1022.65173 931.64044 7 0.26802206 603.7461 145.09988 724.5305 491.63992 7 0.121589005 199.35573 20.580963 457.07288 296.78882 7 0.10596735 565.5629 465.29752 677.59064 732.1477 7 0.06551822 365.0176 0.0 597.777 157.58708 ,test/1220.jpg
0 0.20797427 478.71884 537.88324 580.0763 744.3028 0 0.07231865 516.8407 662.6937 579.4204 750.4767 3 0.99906224 284.5391 821.3315 487.78012 1003.5627 3 0.9980666 502.8714 356.27213 632.14044 592.80396 ,test/1221.jpg
0 0.28408659 276.43872 255.63573 697.97375 733.4464 1 0.10357403 273.3938 265.41678 701.2926 729.0751 2 0.91386807 266.18893 266.39838 704.26013 729.3914 3 0.24295695 267.6378 266.79495 706.78125 729.3843 5 0.05008542 272.5986 261.45908 699.44214 730.402 7 0.07385799 270.35086 261.88843 700.1444 730.0405 ,test/1222.jpg
0 0.31643283 845.9069 389.4558 898.2286 471.44757 0 0.13163203 793.301 390.3227 901.0303 467.6327 0 0.08796718 663.2496 442.25006 728.24677 477.6399 0 0.08338824 585.1916 365.31024 733.3128 483.98956 0 0.07329212 688.50964 455.89944 728.9806 480.57773 1 0.3686047 842.08716 388.2014 898.8098 469.5895 1 0.28366336 646.41437 339.8969 705.446 372.71283 1 0.25656274 583.72894 371.0929 735.2021 483.19666 1 0.21238129 781.05853 390.9664 903.0715 468.21048 1 0.17153566 663.93604 443.20837 727.9137 477.2796 1 0.16004092 688.50964 455.89944 728.9806 480.57773 2 0.12616311 663.2496 442.25006 728.24677 477.6399 4 0.2650281 182.36821 501.27893 370.0896 638.286 5 0.95606184 499.99142 341.227 633.00916 463.33722 5 0.52322763 662.97217 442.09857 728.58154 478.1983 5 0.3344329 495.98804 342.21765 745.9624 481.28412 5 0.241984 688.9308 377.3553 767.66736 438.1468 5 0.17654796 585.08875 367.23438 732.4946 482.51843 5 0.1274545 596.2549 359.76926 646.5543 389.42178 5 0.12507688 507.26974 398.00195 585.1367 464.0042 5 0.10774229 515.9368 339.36752 655.59296 374.61087 5 0.09823059 639.8567 363.97913 782.86975 437.6922 5 0.09023939 715.5127 390.09338 764.06604 439.14197 5 0.08749565 689.36597 383.24976 739.8873 422.27344 5 0.083956845 688.50964 455.89944 728.9806 480.57773 5 0.07898217 508.77957 339.77158 640.649 406.04892 5 0.0711568 573.6684 349.33737 650.6706 394.81778 5 0.07060814 839.5176 389.9685 898.81226 468.9917 5 0.05461291 644.03467 339.8769 707.0077 373.38477 6 0.98637563 716.2233 310.74847 869.7182 438.95038 6 0.12900046 677.49493 368.34183 876.8743 443.06595 6 0.089994155 646.814 339.9115 705.40594 372.77216 6 0.05419265 588.3759 360.80475 731.16974 482.97137 7 0.9991392 359.5204 430.81256 633.3268 745.9543 7 0.98843783 99.06586 612.19836 340.12506 839.2423 7 0.9642571 291.33057 570.70636 438.76733 838.9838 7 0.9561225 582.37366 369.63617 803.4192 598.38416 7 0.6734187 583.796 369.53848 733.8209 483.70132 7 0.5524942 96.48899 602.26117 321.4397 732.575 7 0.34034997 683.6836 376.81375 769.35486 437.87106 7 0.13841249 314.5492 582.8267 587.12244 837.7913 7 0.13119827 495.8177 338.06165 723.0313 477.4071 7 0.10770719 184.41873 500.21326 370.6075 640.8489 7 0.088249914 716.57916 388.90634 763.99603 438.7153 7 0.067448735 639.8567 363.97913 782.86975 437.6922 7 0.058282763 94.80313 519.8836 389.59576 715.83356 7 0.05079994 688.5676 384.09152 741.73425 422.2593 ,test/1223.jpg
0 0.9981275 380.79163 383.67267 786.17615 588.0425 ,test/1224.jpg
1 0.07577836 140.3833 294.46848 788.54486 792.9973 7 0.98176783 138.23056 295.75305 787.77783 795.2053 ,test/1225.jpg
0 0.9160015 700.98816 332.37186 965.4508 590.7671 0 0.51783204 73.210266 395.6096 377.46194 695.2897 0 0.06488841 136.7151 418.35715 347.59216 626.0569 1 0.27500388 701.07623 331.84213 965.5529 591.194 1 0.0870224 111.48491 394.8916 363.84088 689.9258 7 0.7669184 70.63275 396.76715 390.56708 696.72577 ,test/1226.jpg
0 0.073463336 292.7595 545.22327 363.55954 599.6709 7 0.9979013 228.46243 428.77747 749.6527 644.9994 7 0.1824638 243.76218 419.28094 419.48257 588.3533 7 0.07631785 291.92212 544.5796 362.3781 592.92566 ,test/1227.jpg
0 0.6283484 220.6325 306.29968 921.5384 791.0532 0 0.056049176 52.068207 316.167 567.1284 744.87036 3 0.592546 469.63568 303.8579 910.79486 791.6138 5 0.17254633 462.10284 316.73712 922.52985 790.7203 7 0.22880422 0.0 76.90742 54.234184 148.59265 ,test/1228.jpg
0 0.48809502 278.9575 339.81915 531.42706 530.18353 0 0.39366913 271.62457 339.69385 675.8457 597.41644 0 0.06955127 434.98926 444.88522 659.4352 598.475 1 0.059857134 422.0069 415.00427 532.8336 506.64752 7 0.7574833 269.54788 336.90698 665.5238 596.50745 7 0.7451089 438.69583 458.30328 659.35944 598.0534 7 0.31617135 278.9575 339.81915 531.42706 530.18353 ,test/1229.jpg
7 0.999739 78.38699 150.95456 942.3429 860.1461 7 0.97111976 901.3677 0.0 1024.0 387.72852 7 0.13229586 529.8295 141.0766 739.4427 219.44809 7 0.06938696 948.52246 68.064255 1022.25134 378.59045 7 0.05855564 570.26636 177.99947 883.7665 678.2602 ,test/1230.jpg
0 0.9855138 329.7668 740.9356 549.8424 896.566 1 0.06621463 332.63187 739.8155 545.2973 897.68805 2 0.9998983 384.22113 205.98486 564.415 332.53204 ,test/1231.jpg
1 0.4595302 305.32166 273.62793 737.01514 964.67395 1 0.050851125 629.2922 479.43066 753.9908 946.9419 3 0.0942327 310.9347 102.99271 738.33374 983.3981 3 0.087092504 391.6511 124.43364 738.8712 564.01025 4 0.93460166 308.4081 118.829254 745.8812 982.0383 4 0.7925293 392.1927 129.03056 734.8919 559.7732 4 0.06837652 312.7459 890.49084 664.7805 976.7373 5 0.15299696 305.74 133.62085 735.31555 978.2993 8 0.846362 316.19574 890.981 665.6769 977.0451 8 0.09408181 391.6511 124.43364 738.8712 564.01025 ,test/1232.jpg
0 0.97330385 561.2102 651.9213 639.06396 709.4847 0 0.2650117 447.48346 649.495 564.3655 757.9983 0 0.1647712 408.39725 656.6045 454.6442 750.6692 0 0.12963483 599.15955 653.2728 635.97205 706.3605 0 0.083538935 494.4207 645.295 645.9238 708.0002 0 0.07328032 463.52106 649.64496 553.5451 666.23846 0 0.056903575 350.7856 751.8997 389.79654 816.17206 0 0.055795014 585.45465 649.713 624.49786 704.91296 0 0.050262358 762.4104 768.19086 828.8209 870.69025 1 0.97552115 584.1872 314.16287 985.0091 827.103 1 0.6306986 420.37006 650.4741 567.1707 755.58936 1 0.32137018 764.08563 773.08746 827.4361 870.35175 1 0.19366685 762.6212 744.5399 891.1428 818.7521 1 0.18297452 408.39725 656.6045 454.6442 750.6692 1 0.08310918 453.74466 538.77344 641.11725 657.98694 1 0.0764303 463.52106 649.64496 553.5451 666.23846 1 0.055122036 463.8755 272.33704 708.2551 528.8382 2 0.56011516 453.9327 538.8753 641.85925 657.2083 2 0.06332089 585.49554 302.5343 993.48883 821.36365 5 0.4884633 764.001 773.36444 828.20483 870.1767 5 0.09113932 350.7856 751.8997 389.79654 816.17206 5 0.05434058 453.74466 538.77344 641.11725 657.98694 6 0.6642498 453.48065 538.77856 642.37054 658.15894 6 0.48652422 400.54156 651.75073 566.658 756.4419 6 0.13954867 406.31772 654.4229 456.97318 751.39435 7 0.99989176 55.62184 96.7113 477.89233 846.3213 7 0.19373362 444.66956 649.4824 564.50446 757.7749 7 0.16984941 350.7856 751.8997 389.79654 816.17206 7 0.08378021 763.64233 772.47675 827.7744 870.4439 7 0.07715231 408.39725 656.6045 454.6442 750.6692 7 0.054593552 464.81976 651.04877 554.0188 668.2696 ,test/1233.jpg
0 0.559344 34.983467 749.52344 148.21991 864.2345 1 0.519701 34.78932 749.8909 147.91199 864.142 2 0.9998056 402.75107 419.91418 655.7766 752.86707 ,test/1234.jpg
1 0.12699293 781.3146 345.6632 820.55664 370.08307 7 0.9919335 304.12814 96.246826 904.7689 952.78955 7 0.9373202 497.3346 307.41162 894.8595 968.1863 ,test/1235.jpg
0 0.13952526 189.94476 225.36975 840.57135 647.95374 0 0.13337162 244.98367 280.02286 644.27344 578.281 0 0.10395898 354.17834 303.7225 635.30383 513.7738 0 0.07155112 17.625488 220.44827 865.37506 998.28064 1 0.4545052 17.625488 220.44827 865.37506 998.28064 1 0.29410928 194.84872 220.74654 827.197 651.2408 1 0.13854994 39.148865 672.22925 884.5794 1017.636 5 0.84720194 347.1451 296.05984 648.2876 530.755 5 0.12319803 531.35004 368.62347 644.4859 536.51434 5 0.10704811 197.3422 262.13257 657.4269 591.5695 5 0.07039112 336.61652 299.0072 591.97394 424.30377 7 0.9036741 190.35352 222.33994 834.92346 645.1327 7 0.11401805 304.06146 229.31345 645.68964 543.51526 7 0.07554968 204.12025 216.58983 558.6707 441.72772 ,test/1236.jpg
0 0.20966445 108.74907 168.61642 249.53896 304.2779 0 0.12668367 468.69388 151.8989 663.9114 276.67557 0 0.11096542 475.26147 169.08575 600.82947 259.40622 0 0.060455054 495.38797 270.00262 550.242 286.62238 1 0.99148774 290.80182 150.99391 740.52423 652.495 1 0.92153865 232.275 522.0843 813.93933 842.1984 1 0.78896636 283.40952 578.5275 789.6708 707.23175 1 0.71209174 249.52786 675.5984 788.14734 832.4907 1 0.66161656 498.4091 219.55179 721.3536 408.99643 1 0.61667323 310.01645 625.08014 787.5397 755.2453 1 0.5994877 334.33005 136.04337 709.23706 408.34097 1 0.40551427 668.45886 364.74225 854.0493 651.2595 1 0.24675539 318.172 475.79587 820.09827 680.6991 1 0.21506839 466.27112 150.28033 684.1649 279.78873 1 0.16787827 344.2837 649.2929 636.0072 737.33307 1 0.15074289 284.2764 685.22894 756.3041 743.955 1 0.1371169 333.45074 231.87616 548.21295 403.58472 1 0.13256012 265.3824 718.53784 815.5181 775.3812 1 0.11925019 282.5946 513.7632 690.56433 637.18835 1 0.11212547 314.52823 634.8737 673.68506 699.73004 1 0.09596204 328.686 643.9455 439.73904 661.5782 1 0.08132862 261.27298 514.0995 631.95935 741.91833 1 0.076372564 684.5842 371.87497 1024.0 830.46497 1 0.065364555 277.32245 311.40582 720.6325 518.6209 1 0.062188234 309.02197 644.61926 456.45844 687.3563 1 0.06022121 224.26965 603.61304 400.55957 695.3176 1 0.05516817 548.2427 363.9856 834.1384 741.0803 6 0.18517448 35.59305 0.0 531.50916 177.0239 6 0.10885733 285.35638 455.7122 310.3877 480.05923 ,test/1237.jpg
0 0.050831683 432.97623 293.53064 840.5967 806.9757 1 0.90813094 432.39523 289.8168 837.5073 806.6771 1 0.79054856 76.396454 36.17041 926.5884 890.2306 1 0.15962619 80.20477 52.526276 915.4174 452.7036 1 0.14163873 95.50256 73.078094 550.3522 825.21704 1 0.07014989 222.58488 182.5542 688.777 846.2252 1 0.062843636 241.71072 186.42072 490.9006 792.4237 4 0.48363224 272.8514 188.6123 453.09177 599.33264 5 0.8097457 268.62305 185.96881 455.76746 764.5714 7 0.10050099 433.45868 292.1414 845.7348 820.0061 ,test/1238.jpg
1 0.99754274 572.4179 235.29268 865.9692 745.41846 1 0.995758 201.8102 257.77313 515.4314 741.80646 1 0.69048315 204.24557 257.5537 406.63992 437.57007 1 0.5021988 607.8912 595.25116 646.9122 719.4578 1 0.4656688 604.3983 567.48816 793.452 734.5663 1 0.2503248 197.84476 234.72409 875.08215 737.76917 1 0.15771587 575.9931 326.1135 824.5185 397.21994 1 0.1470927 623.069 381.66766 648.4989 441.87048 1 0.14262228 605.82465 606.5828 638.2872 645.7198 1 0.12781242 576.42163 350.16724 679.3573 469.3747 1 0.11450039 592.67535 354.00537 772.67975 463.61963 1 0.097529784 574.0065 372.10196 673.94604 614.36896 1 0.07733443 616.4481 349.82947 804.57935 682.1996 1 0.07481291 609.3681 604.9375 629.22076 670.7031 1 0.070452 620.8657 370.9719 684.73914 447.36313 1 0.056038905 429.7836 347.01794 652.3041 730.08704 1 0.053436376 606.52246 571.80133 672.437 721.77997 1 0.05316755 575.49713 380.95267 646.6695 471.55368 1 0.05144453 567.8169 276.39163 861.38025 403.6456 6 0.056294795 613.67566 609.6344 645.7854 716.5343 ,test/1239.jpg
5 0.9997714 402.3863 327.75748 642.5722 739.88257 6 0.57789207 676.3756 358.12195 1014.88074 512.8362 6 0.43147042 642.0508 360.71964 1018.3259 659.708 6 0.17506386 623.288 418.3661 710.4224 638.33997 ,test/1240.jpg
0 0.6225057 400.60187 413.5367 675.955 539.6277 0 0.054619092 452.77505 456.60364 667.7094 544.6429 0 0.05259985 346.44995 379.5205 795.95325 720.0614 6 0.99956805 343.93384 379.31064 793.2451 749.79395 ,test/1241.jpg
0 0.99974996 81.683014 294.1921 866.38696 781.6123 0 0.24370793 81.21915 383.30322 488.2737 784.20654 0 0.058781236 481.69855 180.34361 730.1949 344.88257 ,test/1242.jpg
4 0.18266504 303.6906 494.33698 742.9412 900.4349 5 0.98839134 248.19899 146.0874 690.8207 405.09778 5 0.98321116 305.61682 495.88715 738.1918 899.10394 7 0.09961182 249.65562 145.618 689.7648 408.0863 ,test/1243.jpg
5 0.9884299 390.91702 478.8642 621.9143 643.0583 ,test/1244.jpg
0 0.18834619 593.2522 143.50546 736.9486 442.87827 5 0.053885225 719.5034 120.058105 959.5355 447.39716 5 0.052852515 732.63965 270.93936 863.6028 417.93137 9 0.9897396 568.83203 350.922 938.60876 829.72656 9 0.9775647 107.86864 100.16896 606.7239 516.9506 9 0.95106053 59.938263 102.25049 628.47034 946.02136 9 0.93188906 172.02957 587.76184 548.6315 936.75024 9 0.65663826 63.63221 570.49963 289.87564 923.61975 9 0.6261028 718.8288 119.79437 959.34015 454.3476 9 0.3631416 580.0924 143.8174 740.8672 440.98407 9 0.31079736 757.8225 348.89615 936.3054 841.62 9 0.27971444 109.41882 328.27615 946.718 958.9866 9 0.12141721 709.03815 127.370026 1013.98285 819.66956 9 0.10987817 912.6143 99.43649 1022.18304 1024.0 9 0.10272591 95.95238 469.14893 419.50586 943.7577 9 0.08900585 563.0132 123.25722 973.4552 535.78564 ,test/1245.jpg
0 0.17312685 58.00714 407.1499 1024.0 1011.38403 0 0.10080886 56.897644 536.1101 1024.0 712.3613 0 0.07377459 56.11032 360.29272 1024.0 698.5228 1 0.22757412 50.187347 584.17175 1024.0 704.8329 1 0.09726784 56.11032 360.29272 1024.0 698.5228 6 0.9210067 77.31583 274.35965 1018.70886 624.08276 6 0.8545876 116.44867 650.55023 1014.7673 1002.2426 6 0.4778569 74.74939 289.2588 1024.0 1011.8041 6 0.0657453 243.1976 907.3533 885.9535 1008.6448 7 0.2881239 50.187347 584.17175 1024.0 704.8329 ,test/1246.jpg
0 0.4448756 597.0942 426.27258 683.55316 520.8615 0 0.24132684 332.29996 761.2326 358.71445 812.5903 0 0.21281981 677.959 814.83014 766.44385 857.8753 0 0.20958485 358.02298 476.03513 441.33188 509.9918 0 0.1882277 475.4725 864.73486 530.13306 895.26416 0 0.14434102 314.7751 614.01715 801.8461 766.75604 0 0.13422671 376.99854 360.65594 562.6334 524.6478 0 0.12849094 452.99252 280.3403 503.80527 318.4479 0 0.1264414 636.8139 856.25775 659.034 920.7591 0 0.12276034 478.55005 280.22202 710.7908 326.11044 0 0.08313073 638.1013 705.5116 790.91125 747.2124 0 0.08308238 622.5241 852.02454 661.3084 931.5797 0 0.078287415 488.69998 280.01224 556.85333 315.9247 0 0.07294241 581.84454 881.7616 659.6153 927.78174 0 0.07244458 439.3559 646.30066 799.3055 746.09094 0 0.06869501 673.3255 803.98627 805.98334 862.5711 0 0.0669912 595.4968 283.30505 711.41516 330.627 1 0.99855655 90.93385 289.79758 372.26837 434.8336 1 0.9930992 31.941223 468.57593 327.6653 673.75916 1 0.9798514 760.3715 268.03577 891.5988 354.74274 1 0.9518195 260.07605 720.3508 854.86304 1005.1471 1 0.92543334 299.89276 605.246 802.6174 855.5514 1 0.91902065 287.54684 465.64365 441.06516 594.12524 1 0.91614425 522.2424 387.3319 898.6137 569.06055 1 0.88470197 403.2333 495.86328 909.5845 749.3429 1 0.86291546 456.4245 276.39542 713.1718 337.9302 1 0.8614117 375.57098 295.65164 905.10345 581.01416 1 0.816528 377.47943 342.47388 642.9556 540.2036 1 0.7996751 264.03177 518.6954 889.4347 967.39386 1 0.7130162 442.00702 240.88635 736.0269 380.58997 1 0.7098553 270.34222 757.9651 757.5467 912.29297 1 0.5669507 359.82877 297.02103 432.7383 357.0168 1 0.554393 117.5984 438.49997 322.50858 569.11993 1 0.5482436 404.67493 319.0935 734.19836 385.18793 1 0.5148506 356.26505 600.24603 799.0979 745.94073 1 0.5032628 601.3864 531.7269 842.4627 613.10315 1 0.49254614 465.8158 244.09344 743.66394 319.3767 1 0.45797625 452.99252 280.3403 503.80527 318.4479 1 0.4395401 820.76764 383.2665 895.68646 421.58163 1 0.41075864 372.39575 300.92883 901.67017 429.7846 1 0.40772745 110.09085 431.0771 383.46948 498.46533 1 0.38399953 321.5949 430.01492 383.94733 491.02127 1 0.37503326 597.0415 425.82703 683.9164 521.01416 1 0.37399143 86.08154 434.21814 424.66507 595.96277 1 0.37341863 358.02298 476.03513 441.33188 509.9918 1 0.34919536 318.0047 805.10345 729.4124 879.8411 1 0.32191288 400.87488 471.41235 888.75085 637.0763 1 0.3156088 532.42847 315.0969 916.234 375.7941 1 0.31471276 341.0371 771.7103 663.6779 866.59717 1 0.27716088 672.7814 339.9962 937.046 392.8162 1 0.26643765 321.61395 431.04266 528.80054 514.764 1 0.2576792 452.3207 277.86188 917.0571 379.92694 1 0.24919909 385.11554 838.9043 482.09607 879.1067 1 0.22745432 655.0045 809.9854 823.7279 949.8045 1 0.22593415 672.16766 775.91675 817.0418 864.44556 1 0.21118048 360.41925 314.50348 538.6445 370.41162 1 0.20620309 306.8733 824.16315 675.02594 907.7248 1 0.2057423 529.05896 899.9443 801.8801 1013.44037 1 0.20467809 406.48737 800.63245 825.4671 989.49976 1 0.19788219 539.47687 340.00565 724.1734 380.1804 1 0.19170842 455.87762 860.7487 547.8192 948.23126 1 0.1901014 854.22375 439.90054 914.47424 505.00974 1 0.18765292 36.750946 352.06976 427.43414 647.5763 1 0.1840588 531.9618 281.4003 710.3446 321.01193 1 0.1815813 569.58936 348.45615 910.0648 410.3616 1 0.17056203 360.43848 292.9718 646.9565 359.59796 1 0.15390304 99.19806 359.98444 371.74316 435.1842 1 0.14320223 677.5688 275.42276 892.75653 388.68405 1 0.14219648 677.959 814.83014 766.44385 857.8753 1 0.14170194 332.48816 761.559 358.57684 812.972 1 0.14053129 821.7093 383.60693 884.31793 404.05988 1 0.13549161 610.72876 283.242 709.6583 330.00714 1 0.12769265 373.69586 360.68887 552.84735 501.87265 1 0.12709177 369.4322 844.6141 553.8695 942.6025 1 0.12177258 487.58398 280.28925 571.62744 299.3004 1 0.12126485 450.60098 277.03644 562.49884 317.54602 1 0.120211914 555.03845 950.34515 790.9242 1014.82245 1 0.11990142 63.006134 481.2185 321.1461 593.9352 1 0.117634565 537.9231 831.0756 819.00305 959.90094 1 0.11747429 315.643 419.9161 446.2126 537.59814 1 0.113929465 360.6999 412.3437 388.19073 442.14404 1 0.107474625 275.9556 420.4828 670.98755 569.81915 1 0.10687447 495.18512 875.4811 797.37787 950.3373 1 0.10641629 362.1313 328.94635 453.2964 364.3476 1 0.099886835 707.4302 334.7158 871.73425 369.71487 1 0.09932369 550.14923 323.6209 723.0688 367.99683 1 0.0978473 473.72412 282.4843 646.6692 314.2954 1 0.09709951 385.0407 841.617 534.0293 895.7172 1 0.09113465 628.42017 317.33563 774.209 339.10675 1 0.091055445 729.9322 356.12842 899.4754 393.80682 1 0.091020815 80.098206 408.02838 371.6161 540.2255 1 0.08473276 547.8925 394.10544 684.90485 544.54846 1 0.080983624 854.69305 384.9788 894.0412 421.3414 1 0.08032779 792.52374 435.25995 905.56683 580.1632 1 0.077751346 614.45135 531.2292 765.0594 579.29 1 0.07688442 325.79343 425.94113 383.61118 445.10934 1 0.07281381 536.094 379.82706 888.7959 462.14487 1 0.07143697 487.3614 284.2769 553.21747 313.41226 1 0.06872281 380.34155 319.55515 507.46204 358.03574 1 0.06681868 28.328949 385.54956 820.9263 633.1521 ,test/1247.jpg
0 0.95915365 253.19916 160.90219 786.6042 1007.11926 0 0.20213838 318.10748 364.46088 367.7118 458.7965 0 0.07195187 536.7312 256.71387 667.71936 504.537 1 0.17136252 248.9755 148.11911 784.34924 1010.8782 7 0.7459653 318.2067 365.05948 367.7029 458.6165 ,test/1248.jpg
0 0.12713145 948.41125 0.5868988 1023.4363 347.72626 1 0.0520375 948.27344 0.51779175 1023.67554 347.91287 5 0.21615237 948.41125 0.5868988 1023.4363 347.72626 7 0.99899954 279.77313 190.14516 868.5922 613.3934 7 0.99897206 201.60997 501.4994 535.2661 741.89844 ,test/1249.jpg
0 0.7630758 250.37569 639.4933 450.0481 704.92175 0 0.08177714 653.1771 495.69672 956.86804 964.0804 1 0.07129956 250.33365 639.4516 450.0518 704.88605 3 0.9959881 383.38092 254.62506 582.1195 522.5485 7 0.99673945 1.9733734 0.0 284.3302 344.68457 7 0.12518881 250.39473 639.7876 450.05798 704.8965 ,test/1250.jpg
8 0.99998176 251.44202 523.60095 369.72852 840.7722 8 0.9991597 583.72473 571.14557 979.6715 767.66205 8 0.99910337 401.47238 316.47888 768.09033 486.92163 ,test/1251.jpg
0 0.49915826 395.67383 588.4906 592.8346 760.2665 0 0.32148615 334.41888 502.3884 599.28674 754.25146 0 0.08911686 397.53012 675.6804 561.2366 757.37695 0 0.085958466 465.0734 834.17993 594.9396 920.0786 0 0.054909658 286.67377 340.26233 719.8957 764.92163 0 0.050370652 404.2953 510.6077 598.23956 680.32684 1 0.9985372 284.9687 334.4253 807.2375 939.3324 1 0.69118583 301.1097 496.89096 599.7311 727.85736 1 0.2509628 300.31854 364.1576 714.4731 736.0498 1 0.10694399 394.53046 591.09827 589.40234 759.5095 1 0.08609058 303.57205 532.9416 668.4697 855.0345 1 0.07572721 388.55237 507.30545 602.02844 666.559 4 0.09172932 399.70798 593.43524 588.62146 758.78925 5 0.6968762 399.70798 593.43524 588.62146 758.78925 5 0.60518974 578.21466 566.73193 623.56586 631.1919 ,test/1252.jpg
0 0.06530907 122.625885 327.2995 853.76636 788.8293 5 0.21074791 124.19882 329.55933 853.5355 787.3292 7 0.93247265 129.43164 329.78036 854.34296 784.59753 ,test/1253.jpg
0 0.07111588 431.80872 150.07262 870.68176 633.18475 3 0.5881679 440.54468 149.37216 875.49817 636.87854 4 0.12830816 431.80872 150.07262 870.68176 633.18475 5 0.99786395 484.05154 719.6462 730.62036 908.4394 5 0.6451727 438.08334 141.96138 875.0348 640.4981 5 0.078681976 19.03894 156.49603 502.4939 685.4113 ,test/1254.jpg
0 0.2816784 197.91455 184.65579 757.2055 680.64453 1 0.86920255 195.09894 182.20299 758.2326 681.0606 ,test/1255.jpg
0 0.30116597 336.96045 316.2964 760.7455 656.5238 0 0.300914 183.67212 186.3247 882.68225 798.2085 1 0.8120352 162.07587 179.19443 882.6641 801.50146 1 0.45509344 154.11182 159.89484 280.21915 770.96313 3 0.27391335 335.8697 317.56946 761.57306 656.0258 3 0.06748902 249.39352 191.44699 840.838 694.13794 4 0.32744902 333.1172 316.33282 760.5394 654.51154 5 0.31405088 278.46167 189.47667 849.9619 664.5668 7 0.06634991 200.69888 187.45303 879.93176 803.3906 8 0.059487958 339.01758 317.60168 760.89233 656.84937 ,test/1256.jpg
0 0.97500247 724.57886 515.77966 808.45874 606.07153 0 0.2723096 478.23886 526.34717 550.88153 574.7655 0 0.07337632 665.4292 516.8326 806.2356 622.4456 1 0.99954766 282.60156 270.58575 816.92834 642.0263 ,test/1257.jpg
0 0.78031456 241.34413 292.59674 509.76904 759.48236 0 0.5208497 244.13193 293.6856 412.1215 611.0059 0 0.31688932 331.91946 157.18646 406.642 214.14066 0 0.24472828 205.96446 253.8959 255.99336 345.75662 0 0.066460036 506.7891 679.0759 600.509 880.5217 0 0.062229794 331.99472 109.415955 456.61295 223.27008 0 0.055352468 0.6043396 77.96597 581.7866 990.48486 1 0.9871515 739.05963 927.98083 935.56464 1022.7412 1 0.9735931 0.0 43.450104 691.1239 990.2301 1 0.30964738 211.32315 41.33777 819.73413 595.9889 1 0.1168972 239.28084 277.3378 533.6866 790.69324 1 0.07133407 95.80287 255.96356 558.0701 960.8005 1 0.070928544 228.06189 84.68695 614.91595 866.8829 6 0.99901724 604.7825 468.16327 993.92053 919.14984 ,test/1258.jpg
0 0.53711313 895.4919 802.04297 998.10675 895.1688 0 0.40168548 335.21274 800.1175 383.444 833.3261 0 0.36162618 739.2137 776.9481 800.7402 797.4818 0 0.26021233 679.7198 310.2918 712.7437 390.65466 0 0.16567592 738.3822 775.70166 800.4862 816.37354 0 0.16238275 665.2057 803.9996 712.9032 834.2536 0 0.081870176 519.18256 260.4879 679.45245 527.4375 0 0.06037293 895.1501 805.0183 959.03217 839.72327 0 0.05950602 824.83453 783.5269 1003.1353 897.18964 1 0.9900108 169.8008 117.43506 558.011 523.00525 1 0.9185299 305.93927 318.7392 759.1141 639.0215 1 0.677204 350.788 518.12244 404.15427 545.5923 1 0.5910972 626.73303 0.0 1018.4584 148.49666 1 0.498096 234.381 278.2423 686.49744 548.1061 1 0.43031126 893.64575 802.29193 999.39624 896.6174 1 0.41008672 526.3749 260.5055 679.8236 526.02 1 0.37173304 184.06674 147.11949 745.5138 635.88654 1 0.2715205 272.22156 415.21518 698.17926 544.00146 1 0.22779773 256.32275 285.58875 490.05304 376.69208 1 0.22313425 548.12823 204.65314 714.4837 372.86 1 0.21891758 800.5505 787.4534 916.9305 844.88336 1 0.16676638 335.21274 800.1175 383.444 833.3261 1 0.14954646 239.09186 409.35986 542.53754 517.3724 1 0.11189411 824.83453 783.5269 1003.1353 897.18964 1 0.09527513 246.15558 476.42233 279.88922 510.73306 1 0.08921671 339.10632 436.4251 581.09314 540.2117 1 0.0679053 581.5271 263.54044 716.308 383.48502 1 0.066581644 467.00354 153.08385 682.2003 458.3495 1 0.05837075 665.09454 803.1582 713.4379 832.249 1 0.054875705 736.2464 784.1969 961.5041 856.791 2 0.24791546 802.53094 786.98285 915.87885 845.4881 5 0.75541157 971.6378 749.17957 1024.0 922.13745 5 0.7140287 731.8799 775.5778 887.21387 849.4432 5 0.19108285 734.5379 774.3786 806.7034 838.3565 5 0.052161757 726.2053 781.5688 1018.42395 900.1817 5 0.05065107 0.0 64.57446 220.2561 216.77649 7 0.41332194 726.2053 781.5688 1018.42395 900.1817 7 0.2058235 735.3436 783.5128 930.16846 849.33154 7 0.19557136 891.3543 798.59485 999.7641 896.567 7 0.073157914 664.5524 800.01855 715.2946 834.53345 7 0.06309443 746.4958 792.0327 855.3438 849.63586 7 0.06193048 968.56824 696.0383 1022.7158 924.084 ,test/1259.jpg
0 0.18939477 271.37408 294.63574 895.39154 713.3498 1 0.054681975 270.8219 294.20667 894.084 713.53436 2 0.76119155 271.22217 293.42374 893.75195 712.723 3 0.05090841 272.87836 292.55164 893.81683 713.9214 5 0.7838231 675.182 285.6285 907.0481 490.81204 5 0.48203433 269.01685 293.68982 893.01587 712.29486 ,test/1260.jpg
0 0.064774014 587.51135 280.9727 1010.82043 473.58633 4 0.9999198 345.03116 223.09824 604.6776 803.1699 ,test/1261.jpg
0 0.3461151 5.395523 500.8013 321.4978 616.8419 0 0.06808813 332.33536 6.8558044 419.97336 206.23708 0 0.05535757 293.58426 13.800301 394.23282 196.66916 3 0.99792105 262.2043 324.078 648.426 677.2609 3 0.14407036 199.77008 30.785873 320.1275 334.807 3 0.064907916 3.5530243 445.98947 335.70258 618.9745 5 0.38720256 188.05411 4.2480316 321.6191 340.54193 5 0.13295929 207.6281 130.5221 319.71594 330.86563 5 0.07142525 108.81331 2.499878 414.94812 352.36966 ,test/1262.jpg
0 0.83292675 566.90326 627.50604 634.11334 754.1838 0 0.05383382 599.87695 628.6056 631.7881 691.70886 5 0.15346067 568.4249 655.9822 619.6482 753.62866 7 0.99755573 293.57428 131.48828 724.00574 719.2758 7 0.089094825 567.5742 627.51373 634.1189 753.2681 ,test/1263.jpg
1 0.31379208 215.5664 421.0171 677.1888 686.5105 1 0.12318833 396.5017 228.80655 820.0995 499.6559 1 0.10387746 195.1157 517.55865 482.57166 698.98956 1 0.075682625 211.50449 425.46112 840.8296 805.20404 2 0.62304014 221.60849 512.68933 490.06284 710.9387 2 0.6168106 222.37694 426.4915 672.75635 683.54956 2 0.2627084 213.52374 421.41803 834.8945 808.8488 2 0.058749042 196.66437 551.3661 474.96613 797.0005 7 0.9915142 90.90471 200.18594 462.69342 532.5238 7 0.9592041 216.5144 411.7214 843.12585 808.96814 7 0.8755778 238.70483 264.29626 584.8383 503.3797 7 0.8695169 90.17728 210.4278 825.7119 527.7317 7 0.14867769 247.50319 390.3451 605.96625 499.79797 7 0.14294212 187.25822 225.14693 627.5323 604.2012 7 0.077473976 216.17653 422.84274 674.75366 687.62866 7 0.05688293 490.63788 400.24475 841.1495 714.55676 ,test/1264.jpg
0 0.47630006 146.36432 390.276 188.47348 456.29053 0 0.2648448 46.908417 329.77362 185.80879 469.924 0 0.23542972 87.40665 373.79922 190.65997 467.81906 0 0.06439952 151.98878 426.31415 245.84663 512.55225 0 0.06359577 183.54857 411.05792 291.4104 469.15686 0 0.062686704 248.03212 416.6633 290.05084 470.57535 0 0.052037485 73.986176 363.4279 255.07321 487.68478 1 0.9625954 106.03484 400.27234 302.48245 712.2744 1 0.7716962 46.674194 329.88254 188.09811 469.89297 1 0.23145111 236.96437 415.6328 289.54916 475.70154 1 0.14038987 134.34207 324.66418 262.0931 502.35272 1 0.12870239 134.34569 352.99335 179.92046 392.6206 1 0.11662158 151.1984 406.79453 274.5705 514.58624 1 0.060695764 145.79996 390.65686 201.15057 447.88593 1 0.05928712 73.986176 363.4279 255.07321 487.68478 1 0.05647942 85.818405 373.28683 191.60667 468.88388 1 0.05344765 149.77304 430.73157 248.78384 545.8251 2 0.9938474 179.80911 325.68143 258.54883 438.80496 2 0.8492428 237.02647 415.33774 289.91437 475.00034 2 0.75863856 151.05981 432.73074 240.54123 512.4125 2 0.48590484 149.32733 434.8778 188.0885 475.29016 2 0.20892769 183.54857 411.05792 291.4104 469.15686 2 0.14272545 157.62296 323.19675 265.3305 491.63907 2 0.0736964 194.84268 432.33542 240.00153 448.50912 2 0.06265178 147.05243 394.82092 287.79608 484.11896 2 0.06098346 234.93393 414.61154 267.18427 464.44632 2 0.059571274 203.10445 431.31097 239.63997 481.47473 5 0.34588426 150.92459 432.97287 240.23105 512.5006 5 0.10439721 153.75032 475.53915 183.01897 512.1755 5 0.101578444 237.84702 414.99347 289.97116 472.73914 5 0.05109073 203.10445 431.31097 239.63997 481.47473 6 0.06377172 151.47433 433.74274 239.84851 511.33167 7 0.99989533 610.0029 208.70407 880.3347 701.8617 ,test/1265.jpg
0 0.36625576 699.2398 220.2093 823.1552 275.98987 0 0.26059878 529.6863 332.84857 584.69824 539.82 0 0.10018247 400.1598 186.81044 708.75305 535.6831 0 0.052065298 699.16125 217.57372 821.34985 249.75139 1 0.9928451 679.9473 236.6489 958.60443 597.9579 1 0.98694986 183.25876 222.90237 816.02344 679.28064 1 0.9742376 399.4259 174.894 710.9326 535.2486 1 0.9030533 530.35925 167.08028 580.9852 209.7246 1 0.85435885 252.27164 621.1029 669.0199 888.81616 1 0.57361954 383.46875 195.28275 953.4193 579.3541 1 0.44360828 405.73627 150.47345 580.2351 262.24533 1 0.213418 417.26404 152.1335 576.1644 210.75969 1 0.20000088 228.76886 241.75551 423.5735 525.7092 1 0.10953364 490.7614 126.225716 581.40985 209.15414 1 0.105618015 699.362 220.14902 822.227 275.66827 1 0.0901736 86.12268 276.4543 277.8437 526.02765 1 0.07951136 691.5877 243.98534 963.4362 429.51617 1 0.07087971 257.56018 540.84143 805.82324 702.52124 1 0.06023275 210.39146 252.53328 677.7525 549.4281 1 0.052295122 695.941 230.44026 844.1965 334.8567 6 0.99830735 83.76769 273.90118 260.68082 524.8732 7 0.89081293 511.92828 128.54066 573.9382 172.36482 7 0.38819548 512.68384 126.522064 579.81946 207.96567 ,test/1266.jpg
2 0.5323013 0.0 352.81033 32.040955 415.21677 5 0.4039307 0.0 352.9394 32.282272 415.0877 5 0.10577846 0.34031582 333.91193 21.530277 355.4408 6 0.062255327 0.0 353.00122 32.067955 415.31567 7 0.9995913 307.144 422.5445 774.807 903.5909 7 0.9928474 0.30523682 0.0 225.21368 389.45108 7 0.9881456 47.028183 186.68912 263.19287 429.49246 7 0.9773636 370.43387 137.39098 749.20435 484.0442 7 0.97340536 47.775146 282.37482 421.6903 542.7053 7 0.8536022 599.73096 209.42624 646.9133 248.79102 7 0.59259695 396.84543 448.35583 733.12 601.52563 7 0.33809793 205.36581 271.99298 511.14157 538.0775 7 0.26724234 591.9578 473.8216 738.88336 531.4051 7 0.26525146 634.9287 235.10863 675.7312 255.5995 7 0.2109207 205.59282 191.8308 257.29648 240.34972 7 0.18926951 98.834 191.88126 257.09375 240.30981 7 0.112105474 174.5544 196.69794 224.21733 239.05493 7 0.109132454 98.609924 190.12045 266.00473 322.8046 7 0.10894161 1.4663391 172.43416 238.9473 344.19238 7 0.09715885 108.77064 195.94458 168.23387 230.0929 7 0.078754015 164.04922 153.83911 707.0758 552.4027 7 0.07504646 420.83035 509.88516 571.6219 602.5988 7 0.05992987 599.8683 210.17691 640.90625 229.67712 7 0.0596136 319.7793 459.7721 539.6625 705.6238 ,test/1267.jpg
0 0.9997178 288.6503 629.0611 447.84177 806.67914 0 0.58443683 566.26434 581.955 666.1976 645.8305 0 0.123129174 240.52087 67.78595 942.20935 584.9346 0 0.058134876 247.98799 241.46698 273.51813 343.51355 1 0.97500956 243.74115 69.197784 940.3796 583.8401 4 0.99131507 417.75742 630.3906 636.5608 861.532 5 0.059700277 413.83862 628.7533 635.8767 866.556 ,test/1268.jpg
0 0.97294337 674.68164 681.0491 819.4824 769.18835 1 0.76025015 674.7831 681.571 817.86035 772.1833 7 0.99522084 287.26923 329.15594 587.6137 554.0948 7 0.10311822 674.4822 681.79974 817.7196 772.0688 ,test/1269.jpg
0 0.46496442 444.2366 573.22534 621.76733 614.4839 0 0.26863536 289.26373 367.35336 474.94403 590.12823 0 0.18100347 289.64468 657.7963 389.81253 670.716 0 0.111429475 395.24493 389.24182 484.6175 585.8845 0 0.10941273 359.41302 385.77454 458.5899 595.153 0 0.07696224 303.39133 569.88544 386.49344 590.27094 1 0.995275 226.73828 339.84998 687.5068 687.027 1 0.985623 533.5486 351.4341 680.1101 594.36914 1 0.8973546 459.686 370.3452 558.8058 589.54846 1 0.5882959 288.4033 348.1719 495.53366 593.72424 1 0.5656097 538.1405 319.72562 606.91736 586.4603 1 0.53164077 586.33887 396.76514 663.4227 437.8938 1 0.51661384 438.07953 368.95508 646.5229 595.382 1 0.48098493 441.56567 568.59283 623.77783 614.731 1 0.43123952 434.86777 388.88004 497.52603 586.67773 1 0.31438008 524.80273 378.7074 560.99 583.9099 1 0.2866082 378.81665 362.1195 569.17474 593.1155 1 0.25710908 303.39133 569.88544 386.49344 590.27094 1 0.20354913 589.274 384.91113 658.11566 594.69495 1 0.19543952 530.8707 332.67532 667.3296 439.37766 1 0.1681179 500.8643 369.59302 591.2658 588.1208 1 0.15900642 395.24493 389.24182 484.6175 585.8845 1 0.07772011 330.52563 339.91678 685.79626 548.2207 1 0.061412245 289.64468 657.7963 389.81253 670.716 1 0.0581754 465.77332 406.84702 511.67267 589.80255 1 0.054233536 485.54028 432.2006 562.7826 583.6938 6 0.33840346 772.56537 7.5914 1024.0 455.63815 7 0.15422925 442.53378 570.81976 624.69244 614.72845 7 0.09714774 289.8216 369.4749 481.81476 592.8484 7 0.07849492 359.41302 385.77454 458.5899 595.153 7 0.05260399 395.24493 389.24182 484.6175 585.8845 9 0.07757083 283.90793 375.95978 486.07773 585.3001 9 0.061804608 395.24493 389.24182 484.6175 585.8845 ,test/1270.jpg
0 0.9880894 518.66205 644.30634 709.72906 805.0274 0 0.71134955 3.8080292 742.1201 258.8966 918.3135 0 0.62491417 2.2500916 747.0444 365.08853 1024.0 0 0.30057707 770.5972 377.90268 841.0434 416.89334 0 0.10564307 144.2446 771.8385 231.90637 909.6848 0 0.102053575 54.164272 759.5017 157.23865 869.90955 0 0.097269915 697.89526 643.1124 804.35266 809.45435 1 0.1897309 512.7453 645.74133 796.49066 804.30884 1 0.18614835 698.54346 643.1404 803.96155 809.84705 1 0.11696435 0.0 761.27747 382.97217 1024.0 1 0.059769597 76.766174 713.4896 656.07495 1011.2667 2 0.99944085 234.42122 713.5341 647.21387 1007.25995 5 0.9987552 400.84088 0.80281067 818.67596 280.5312 5 0.118648715 775.79 65.922935 831.80695 124.24984 6 0.8032239 699.3966 643.2355 804.0156 809.0597 6 0.18670349 770.42694 377.72717 841.1076 416.90863 ,test/1271.jpg
0 0.103127785 271.5289 354.58643 780.2528 859.3229 5 0.05092199 267.2393 388.20276 786.48804 846.3065 7 0.9587912 257.8643 358.82385 784.18494 853.4287 ,test/1272.jpg
0 0.3049879 931.397 578.0569 1021.39795 646.2445 0 0.06129077 183.203 183.01254 250.38245 300.30148 0 0.059980236 668.7648 661.44977 892.52 781.00775 0 0.058843657 233.64352 400.0086 275.406 480.5564 0 0.057546865 945.4684 498.53882 1024.0 653.5464 0 0.056912247 586.89386 580.28674 973.9379 791.51587 1 0.99421024 548.66705 429.22467 1002.3919 659.5009 1 0.83753306 541.05255 560.6452 940.5776 787.78937 1 0.77678597 611.8178 572.7465 703.84564 632.67255 1 0.64156836 953.844 494.5481 1024.0 654.9436 1 0.6048168 551.18195 555.05115 728.68146 637.3268 1 0.37902915 526.0368 492.40497 1009.10834 879.4279 1 0.3646104 542.0183 550.2794 761.2018 724.3556 1 0.32274935 950.1317 430.8208 1022.98206 482.00226 1 0.2967789 930.88513 578.68225 1021.808 646.896 1 0.24311252 973.2877 510.88345 1023.2151 564.6034 1 0.16070843 947.79236 396.58432 1024.0 519.2438 1 0.13876607 907.2901 436.80804 1024.0 662.99054 1 0.12794328 649.8893 609.54785 700.25574 631.82874 1 0.094531074 910.4714 443.45312 1021.4196 541.0364 1 0.074630894 952.52527 486.70142 1023.718 517.7445 1 0.06888416 986.28644 481.45575 1022.9213 501.0902 1 0.068361044 561.74927 548.9642 632.18335 589.80084 1 0.06389402 952.4791 436.68744 1024.0 446.48285 1 0.051174562 969.05054 575.86597 1017.3544 628.85657 3 0.3263161 12.075302 123.58176 318.52393 900.0071 5 0.6507441 906.2039 446.638 989.30206 513.0228 5 0.36394364 903.91364 443.71643 955.61273 488.15576 5 0.1272081 924.1552 470.1369 985.1557 509.86157 5 0.06901484 949.60944 478.24084 995.79315 513.20996 5 0.06644799 892.60767 430.6135 1023.30493 507.24667 7 0.999694 336.92163 624.0677 620.54626 869.41974 7 0.5773151 898.6773 439.26733 1018.30536 511.9145 7 0.41707867 918.6039 575.7333 1023.05225 649.3071 7 0.2645088 904.6042 444.68283 974.2098 499.72 7 0.22202122 950.1317 430.8208 1022.98206 482.00226 7 0.20467708 943.8886 409.5743 1023.7746 511.89786 7 0.113167696 914.2268 397.38962 1024.0 647.2827 7 0.08409164 935.1814 577.32764 970.9575 621.3302 7 0.060036737 898.65643 440.46545 955.94073 486.23187 7 0.05917982 910.6717 585.1565 942.45233 621.48926 7 0.05636739 938.8003 502.42334 1024.0 652.60095 7 0.05317313 911.694 576.4084 991.71204 622.064 ,test/1273.jpg
0 0.4204651 536.24396 387.1115 631.4963 489.0481 0 0.32796955 587.3618 388.93173 619.9474 466.5505 0 0.12472999 541.1444 394.00555 631.10254 592.59546 0 0.12218212 982.4592 322.77823 1023.48 398.0502 0 0.09911353 506.50528 378.3613 670.7124 583.35547 0 0.06050086 495.8065 430.46878 577.0239 483.45663 0 0.059697192 508.67883 412.38287 562.7909 562.98773 0 0.054489337 536.5127 518.4151 585.2025 547.5694 1 0.16220555 980.2849 323.6664 1023.3196 399.88107 1 0.07425123 536.3827 387.43604 631.94275 496.84155 1 0.060977027 544.0899 482.48883 625.76556 607.51154 2 0.0749042 971.6394 323.97995 1024.0 397.9069 3 0.99950314 353.96017 504.03662 513.9231 809.82275 3 0.17696798 510.04807 389.60138 637.2136 608.7081 3 0.14617139 982.4592 322.77823 1023.48 398.0502 3 0.07157788 507.9091 402.22256 567.3618 605.0872 3 0.05583461 505.56 456.04736 597.19904 595.0969 4 0.3391334 983.992 288.87186 1024.0 397.19247 4 0.066221274 992.0003 326.4255 1023.862 357.4531 4 0.058967404 991.77295 288.11713 1022.07935 329.13782 5 0.9977487 617.84296 307.315 833.70416 690.66406 5 0.98849505 839.2197 263.60297 982.15 471.84662 5 0.20518811 614.5514 375.4754 675.1958 601.3927 5 0.18426317 652.97 320.5775 829.77893 549.7372 5 0.171292 971.6394 323.97995 1024.0 397.9069 5 0.1025334 921.0007 319.63977 975.6912 465.2052 5 0.06665175 653.75726 424.3046 821.8173 535.64026 5 0.065688334 724.01306 300.1996 819.77563 353.34235 7 0.07068429 982.4592 322.77823 1023.48 398.0502 ,test/1274.jpg
0 0.07140786 861.97766 425.97882 886.1682 467.64246 7 0.999897 497.5194 334.70105 1014.1172 826.23413 7 0.9993175 3.3212433 441.47968 490.16095 813.1331 7 0.0633801 745.34705 350.67267 883.4724 489.8924 ,test/1275.jpg
2 0.99660826 298.96252 347.79327 671.449 827.4781 ,test/1276.jpg
0 0.28914595 610.521 452.77112 825.7617 867.25745 0 0.14668225 226.72873 424.0932 275.8029 470.29144 0 0.118018486 408.7653 487.6182 435.76596 527.04956 0 0.10186705 539.6086 247.36807 628.01483 286.94357 0 0.07146072 754.66284 531.2731 868.6476 823.0288 0 0.06650449 468.53378 310.2304 546.41986 539.5029 0 0.059368953 409.1174 458.8083 446.97073 599.3206 0 0.05293638 399.6513 465.27808 435.95532 544.4888 1 0.95332426 529.0018 238.75302 655.779 390.82065 1 0.874865 657.649 347.2149 695.1309 435.63354 1 0.84570605 524.4405 67.07615 638.263 269.42773 1 0.82517743 423.789 101.64682 686.3908 868.57764 1 0.7408521 600.9349 196.52786 644.2421 271.80295 1 0.55120873 609.2991 454.69806 686.3928 652.414 1 0.5381375 538.8256 247.0536 634.5026 288.61823 1 0.50450987 517.89996 93.14868 677.148 429.17072 1 0.38234133 460.23563 134.56383 678.7161 554.56116 1 0.35540202 611.7159 450.54773 812.2542 869.35 1 0.29962 617.53534 298.31073 684.1607 401.0564 1 0.23018357 592.1285 130.68407 630.8255 255.8658 1 0.20994407 616.8625 227.89336 680.56793 443.93866 1 0.20040545 559.43616 260.4269 640.6582 370.86984 1 0.19777608 491.6155 445.7677 680.684 850.03186 1 0.19130318 613.9026 315.4536 696.7849 442.4698 1 0.16686113 408.83005 488.85068 435.81442 529.59656 1 0.121115945 591.02203 442.09958 764.02814 660.38055 1 0.08897531 521.2015 183.34665 641.59467 287.7729 1 0.079624794 525.06384 602.45905 638.6018 841.7824 1 0.06968816 599.95435 178.94485 631.64465 253.78339 1 0.068614 403.2472 465.20242 437.92847 548.9949 1 0.061546896 515.5607 118.78077 630.9172 336.70175 1 0.060122866 997.5205 158.12808 1023.82556 270.7707 1 0.05813918 593.0321 170.6724 652.77515 391.4562 1 0.05479273 413.117 414.42087 446.79858 578.80444 1 0.05426884 467.10928 313.23608 538.10754 539.99927 1 0.051916655 444.3735 573.3586 463.34976 614.4211 3 0.24801072 706.59576 349.08426 937.1656 590.0694 5 0.21234024 325.65768 461.75577 391.8232 535.5009 5 0.13975416 705.7173 334.96866 937.73706 590.73206 6 0.61488765 759.0655 530.9922 865.9743 820.058 6 0.14036861 771.55835 532.00336 880.3672 705.10614 6 0.13642173 608.84033 459.1618 845.1748 865.8343 7 0.99933773 128.57098 425.5542 328.82013 792.28357 7 0.9989052 363.18796 596.14453 518.59924 896.849 7 0.99760073 976.6449 258.87823 1024.0 331.45074 7 0.99617285 298.89917 445.80066 440.34094 762.50195 7 0.9951326 376.4933 94.90016 516.70483 398.1819 7 0.98987365 363.89325 100.6405 463.651 198.89978 7 0.9714687 229.31131 161.30547 431.0801 506.5636 7 0.57645136 393.193 447.67584 448.51288 607.4639 7 0.25781548 304.82233 459.31317 520.56177 896.1237 7 0.23651859 360.52252 603.43134 478.35583 791.2907 7 0.23044346 307.63748 461.9462 405.82333 539.6135 7 0.15232217 301.7392 459.9141 441.3255 618.7621 7 0.09151946 379.4099 105.06618 524.4406 202.29897 7 0.081842795 394.11896 464.2357 439.77466 557.3352 7 0.07368596 338.55353 595.43414 447.17914 754.837 7 0.07241831 610.521 452.77112 825.7617 867.25745 7 0.06678628 432.28058 355.2017 446.29724 417.0834 ,test/1277.jpg
5 0.9988374 368.4876 183.94943 724.48126 594.31116 ,test/1278.jpg
0 0.42009574 249.8654 334.3806 727.7852 819.63684 1 0.5421565 249.81647 334.17963 727.62756 819.649 2 0.147979 246.4231 334.086 727.4795 819.54755 7 0.50865656 245.47453 334.40952 729.351 819.3002 ,test/1279.jpg
0 0.9068054 866.6823 367.38934 959.39545 415.93768 2 0.13067687 311.71597 202.02118 398.803 267.335 2 0.05006521 319.2739 202.50497 400.8293 221.78723 5 0.9868917 311.28857 201.53201 399.72235 268.485 6 0.99870324 72.048584 313.00055 608.0992 714.0075 6 0.11877383 80.866165 588.20953 590.5284 711.2764 ,test/1280.jpg
0 0.4121554 205.28247 0.0 845.7643 626.07275 0 0.1323357 844.18744 622.6305 1021.43365 661.24036 1 0.25635624 16.99887 478.734 1014.49426 1024.0 4 0.99714726 357.6228 422.94476 536.7852 703.17926 4 0.96008873 879.7128 480.7399 1021.2985 661.6791 4 0.06735809 353.0679 485.1178 1024.0 697.38135 4 0.05817417 1006.47284 513.22595 1023.175 577.62317 9 0.22427276 203.68622 0.0 840.7935 633.79584 ,test/1281.jpg
0 0.9972373 155.23085 248.11914 420.28674 558.2845 0 0.9825216 325.59027 86.19722 511.04224 323.46973 0 0.66793096 33.825035 3.0590973 285.41037 258.97046 0 0.64196765 157.64803 99.76982 516.69617 562.3603 0 0.37163392 64.76278 62.758175 135.51639 107.7534 0 0.29499897 132.12025 315.6856 175.46278 411.13092 0 0.22465757 302.04486 244.11505 419.7058 472.02026 0 0.19610973 322.90335 87.63855 400.74747 229.41751 0 0.17832966 26.836151 11.169968 500.15042 434.8089 0 0.1093424 315.37982 243.6327 505.48065 378.85645 0 0.09667887 371.02655 469.22482 444.87213 631.33545 0 0.0528201 336.63013 230.98244 496.15192 311.0015 3 0.06698414 377.43222 447.0805 694.8324 799.861 5 0.9826215 378.1612 446.80884 697.68866 800.54333 5 0.14530411 34.010162 3.0356827 284.96536 258.75912 7 0.13921174 34.217033 2.2543182 285.6786 257.66125 7 0.13199775 31.47076 3.402691 133.43988 128.24654 ,test/1282.jpg
7 0.99987376 528.95746 301.1234 914.10736 708.21594 7 0.99975616 225.83432 281.59634 606.91235 726.5736 7 0.17593506 274.62946 287.04037 328.6889 325.00497 7 0.11382665 603.28656 358.80817 644.70746 409.7473 7 0.10987114 266.34274 266.62854 474.08408 398.03876 ,test/1283.jpg
3 0.6940889 291.2377 234.52975 614.3281 651.18567 5 0.73647785 291.31046 234.8371 614.1145 651.8897 5 0.11293376 72.890564 4.6770935 631.1292 857.2158 5 0.059859 28.814575 201.20679 1024.0 850.84375 ,test/1284.jpg
0 0.114234656 428.87256 404.1096 449.38153 637.36926 0 0.07494852 489.27167 624.27124 843.857 975.4667 1 0.97956014 100.28441 268.0199 495.54382 975.042 1 0.29425102 308.91 271.1462 489.40524 987.6869 1 0.23344801 45.614532 83.33682 879.2511 996.67505 1 0.081343 109.369965 796.98083 581.6394 1016.8275 6 0.053858027 781.1174 829.5886 991.571 960.7582 9 0.97461843 484.19025 624.0203 842.52155 976.0745 ,test/1285.jpg
4 0.9996804 410.56113 534.24207 572.0376 855.67163 4 0.9996731 633.45233 510.91617 824.1441 824.87195 7 0.18805791 0.0 974.2957 112.88393 1023.24225 ,test/1286.jpg
5 0.998256 425.92047 61.506424 842.4926 371.95215 5 0.9962592 128.51505 386.09686 929.2782 953.1862 ,test/1287.jpg
7 0.9993801 202.1387 396.35913 802.3313 893.81226 7 0.39589286 214.42947 128.45041 469.59592 636.8734 ,test/1288.jpg
3 0.9999658 808.84607 637.35785 975.3353 740.7376 7 0.9991592 382.51202 543.04645 709.8371 800.038 7 0.9989691 57.919205 343.61768 450.18317 775.21216 ,test/1289.jpg
0 0.6226143 152.67413 881.2423 211.12943 970.78906 0 0.2546842 482.8255 493.6915 560.14325 556.3883 0 0.10936457 3.9268837 675.8815 76.77037 782.4569 0 0.07199612 206.89151 900.3893 249.45828 964.308 1 0.25477347 767.7847 296.8244 798.972 383.22095 1 0.23362583 152.7492 881.15045 211.30518 971.00165 3 0.073181115 3.9268837 675.8815 76.77037 782.4569 5 0.99833053 459.7597 500.29208 573.86786 649.46265 5 0.85615253 5.9709625 514.63995 218.10846 694.3073 5 0.4993194 476.27768 494.0198 563.9228 557.594 5 0.38863018 325.0543 204.45708 478.63608 487.80005 5 0.3607525 414.67038 457.3879 567.332 561.69244 5 0.21200499 443.52518 550.56885 464.6852 598.765 5 0.20133671 314.87326 631.31537 364.51932 720.7198 5 0.086705476 3.819477 676.56433 76.811874 782.5553 5 0.086316645 214.6205 167.771 485.57037 462.46997 5 0.08531063 416.12494 407.48178 593.5572 667.8668 5 0.06773675 357.44788 343.80093 454.19507 476.8892 7 0.9986053 453.62796 43.49411 820.0055 493.1417 7 0.9976865 338.15308 370.22638 678.8562 916.78864 7 0.99747974 92.107254 592.73505 362.09155 950.8737 7 0.98524845 145.90656 158.56635 394.95154 597.1378 7 0.4855688 13.5078125 514.23627 278.05997 708.5511 7 0.45210508 3.799858 676.4087 76.86522 782.2134 7 0.41795194 259.42648 166.88933 483.6072 474.0241 7 0.16355361 102.33002 841.5749 155.78937 920.24506 7 0.1531652 101.38492 825.43823 204.86685 967.5387 7 0.13324304 357.566 349.50415 462.87125 482.36932 7 0.12837341 152.68155 881.2589 212.56168 970.8435 7 0.12789775 102.91213 587.1602 338.4846 678.9351 7 0.10356028 415.20233 457.78964 562.57916 557.7948 7 0.07630516 315.09247 636.4824 380.70782 848.8916 7 0.072901346 380.94696 399.00183 653.1036 659.51526 7 0.056451187 96.31299 823.1078 311.28598 918.07654 ,test/1290.jpg
0 0.071127065 464.62326 390.44543 764.9125 620.1885 7 0.95045626 462.39377 396.95554 760.94116 666.9719 ,test/1291.jpg
0 0.9549916 414.53018 407.85605 706.754 654.37744 0 0.29349545 534.33984 429.20386 702.3812 626.1869 0 0.28719783 415.04517 420.0918 776.75244 945.016 0 0.26873884 116.47189 303.2983 835.5303 996.209 0 0.2367755 122.74469 324.2492 443.03357 956.5595 0 0.13896567 511.16528 562.49164 550.84106 671.065 0 0.09008003 495.36432 532.9218 526.6805 669.711 0 0.063258775 417.24988 409.8294 585.90814 622.33405 1 0.1726618 418.66348 409.49518 667.6194 642.19415 1 0.05099185 518.9276 425.00983 704.3628 633.3698 5 0.058192786 124.844666 322.74265 451.10468 946.8301 ,test/1292.jpg
2 0.99976355 207.6662 305.62396 779.7789 724.7681 ,test/1293.jpg
4 0.8906649 227.32106 273.084 476.57654 762.10925 5 0.9993363 514.06824 338.706 852.43396 735.70404 5 0.3561266 222.41327 271.7282 472.57593 768.2177 ,test/1294.jpg
0 0.9786264 443.68253 415.35312 571.7999 659.88525 0 0.91913575 15.734314 638.75165 402.76053 1022.6137 0 0.9034638 359.34833 354.97766 1024.0 993.4564 0 0.79141784 866.93695 336.51282 1020.9577 750.0842 0 0.5689343 381.6486 398.69824 591.41785 812.8788 0 0.516991 426.65015 364.7705 625.088 702.3955 0 0.16095066 677.61865 353.42554 1024.0 772.0708 0 0.08028551 261.30496 224.22403 632.1173 758.772 0 0.05211442 371.56143 371.5105 871.2993 773.5216 6 0.99682283 179.26541 216.62839 620.07776 743.8406 6 0.678714 459.1665 209.05067 734.08057 400.41333 6 0.21690822 427.0266 334.7744 628.7501 728.2434 6 0.17436105 334.87714 344.9416 688.97504 821.0871 7 0.99259806 623.945 382.0279 725.84406 518.0737 7 0.9714305 694.7979 54.278336 913.1928 432.31433 7 0.22265197 346.55103 325.48505 1024.0 994.4532 9 0.19020383 928.3248 552.2738 1022.8157 752.17004 ,test/1295.jpg
0 0.33808526 208.54553 316.06015 859.9341 940.16174 2 0.29466256 208.66946 314.98434 860.8873 940.9712 3 0.88529944 208.36053 315.78607 860.757 941.76117 7 0.110665105 864.0929 0.0 1023.3616 596.9081 ,test/1296.jpg
0 0.99639493 302.95212 451.07452 772.89795 778.2819 ,test/1297.jpg
8 0.9998858 322.33984 249.04361 431.0191 584.7749 8 0.9996383 534.4149 464.3957 659.069 798.2453 ,test/1298.jpg
0 0.8803599 643.5243 221.01912 696.9608 405.76166 5 0.99904853 308.91827 282.0915 870.83295 751.24286 5 0.23646222 644.17163 222.03183 697.70325 402.43124 ,test/1299.jpg
0 0.4329282 896.5405 796.4636 932.1023 881.86145 0 0.063822314 897.71564 799.5192 915.0451 882.65717 1 0.087173365 896.5405 796.4636 932.1023 881.86145 7 0.9960075 299.17477 239.19296 779.1489 686.6216 ,test/1300.jpg
0 0.43710575 268.8131 426.448 749.07294 601.14343 0 0.21512355 531.46576 426.56818 759.99445 564.12866 0 0.07188225 582.9434 437.52768 613.9117 510.79666 1 0.79124016 551.48785 426.6106 759.326 563.2972 1 0.24329656 268.24805 426.53296 748.05945 601.6571 7 0.6382287 266.07205 434.9127 677.5182 604.26495 ,test/1301.jpg
0 0.2533341 0.0 951.036 90.01764 1024.0 0 0.24569565 735.7969 610.5449 783.89 713.11206 0 0.15612793 873.82825 33.727234 1016.20984 594.4674 0 0.12016955 0.0 992.64716 17.062183 1022.41254 0 0.11993636 367.53998 274.21838 705.34894 614.2929 0 0.10829238 0.0 1010.4467 74.523026 1024.0 0 0.08104268 940.51263 9.882874 1023.7862 577.1461 0 0.080262564 0.0 993.2218 32.092323 1018.0016 1 0.9973086 240.42053 71.66272 784.9619 756.22687 1 0.9547729 366.98047 273.5183 704.74646 614.2321 1 0.66404986 721.7787 43.3732 1012.4404 1024.0 1 0.66089493 336.62665 81.93184 712.77277 296.0511 1 0.5199013 871.1169 29.274109 1021.17816 591.2867 1 0.4798693 768.46716 446.69125 1016.365 1018.354 1 0.420045 731.3709 157.0826 880.69 579.2769 1 0.40795508 902.8452 0.0 1024.0 105.64139 1 0.2862272 498.16177 3.501625 901.01184 153.31854 1 0.23889324 989.1535 591.5501 1020.7398 1013.31903 1 0.19317426 735.7969 610.5449 783.89 713.11206 1 0.14514703 875.4279 589.41925 1010.0251 1018.07086 1 0.12117053 361.30746 555.551 764.4679 764.00793 1 0.09510286 682.86487 62.160187 1024.0 588.5126 1 0.059054613 657.78827 177.70818 774.5201 688.699 1 0.05513671 802.5688 34.18158 917.764 577.9337 1 0.054879256 964.803 13.51181 1023.1094 566.8628 1 0.054723695 944.3761 606.1207 1017.2433 1003.926 1 0.053232178 390.74265 599.9525 490.17734 616.0735 2 0.7953471 736.82446 610.7688 784.36426 712.99146 5 0.7430638 286.0479 991.2205 396.3449 1024.0 5 0.107392445 879.6276 24.05655 1019.1807 591.97363 6 0.4345876 887.5484 32.127472 1018.35394 590.89795 6 0.13128752 961.97534 17.849426 1022.8445 566.64075 6 0.068742625 905.07904 0.0 1018.8565 115.90019 7 0.0795122 735.7969 610.5449 783.89 713.11206 9 0.44363636 0.0 951.036 90.01764 1024.0 ,test/1302.jpg
0 0.70597416 242.82516 460.83365 317.7784 541.6569 0 0.31636614 370.54715 588.89044 448.95493 731.0312 0 0.26183677 339.4606 830.81525 519.2948 951.94183 0 0.21765785 567.31696 321.66714 635.27264 425.78195 0 0.11764744 299.81458 591.0754 379.2921 648.59344 0 0.09988485 443.3135 612.97217 494.28012 684.0641 0 0.078368194 273.19867 478.36353 317.93652 538.4528 0 0.06909086 243.61064 465.1055 332.90204 595.4946 0 0.067208365 391.99402 839.483 513.6157 923.2603 0 0.06616594 301.95422 480.44843 323.53918 510.20966 0 0.06532906 532.9089 315.3448 667.0622 539.0083 0 0.061163187 226.65103 438.71732 305.705 517.8316 1 0.98178804 772.85657 583.4701 1023.3894 994.0316 1 0.97772765 429.47516 8.218674 692.1038 292.88983 1 0.9754293 293.2358 289.30585 540.06433 585.20483 1 0.9747192 738.1181 392.05298 997.0102 594.14264 1 0.9591556 444.9053 536.5599 603.3967 688.17816 1 0.95069045 255.26486 571.83655 379.10605 750.01843 1 0.945572 275.4624 551.41846 763.7517 944.58167 1 0.8872713 221.59424 433.98944 335.5819 595.2692 1 0.8722081 83.34202 489.35995 291.5844 833.4487 1 0.8028418 627.8155 438.20453 670.5778 517.79456 1 0.75049394 502.748 268.5119 732.24774 619.62726 1 0.72908413 94.16455 213.66724 773.0808 924.68555 1 0.70675474 520.27966 306.74222 666.93176 564.90576 1 0.69269174 436.9589 613.18274 494.34317 689.3523 1 0.68035233 368.3605 586.5562 457.65158 736.1331 1 0.6075008 340.89078 623.2783 400.51175 759.0736 1 0.5955374 411.51462 656.6491 468.8107 723.92926 1 0.5908853 541.08386 33.162735 676.9292 281.06927 1 0.53849196 436.2033 655.98254 485.851 686.8657 1 0.5138994 199.00821 195.2944 752.94885 651.7361 1 0.49258682 566.6181 317.84024 633.43475 424.73868 1 0.49077547 249.41212 578.9061 286.6517 637.5481 1 0.44686708 379.28357 552.91486 757.78723 728.0794 1 0.41875947 262.66895 582.63196 476.09277 762.16077 1 0.37814197 314.10678 634.8787 432.93777 765.8046 1 0.3632407 543.3084 25.833511 663.76556 156.03654 1 0.36243358 461.0501 565.4003 715.472 687.4294 1 0.31884417 388.4448 608.7015 490.9528 729.9969 1 0.31255144 230.11565 446.43515 322.92004 544.5246 1 0.31002408 387.3648 75.19614 756.6707 782.57166 1 0.28059506 410.365 117.703735 616.73596 279.86176 1 0.1933986 334.26465 483.08603 533.4597 597.3292 1 0.19085586 71.490845 483.22556 490.78534 848.0499 1 0.18418503 265.46866 616.66595 352.11807 742.15985 1 0.17054507 570.68524 316.67722 664.38837 503.06302 1 0.16007027 426.72797 582.01715 509.4743 694.1938 1 0.1541778 222.09012 430.76913 380.4976 756.2113 1 0.15052459 440.50375 601.16644 583.03296 693.4875 1 0.14771913 415.4091 346.41724 744.17456 690.1288 1 0.13192141 324.40436 575.28784 621.7416 758.03784 1 0.12954716 656.22473 471.03568 674.6598 533.27875 1 0.12741488 410.46744 471.27545 670.5021 702.25226 1 0.120790035 215.27641 438.90234 519.5051 602.03955 1 0.116689295 305.72745 496.4567 324.97482 544.4384 1 0.11638937 259.0467 632.7003 287.86133 732.49084 1 0.11561297 382.26865 288.12415 584.2583 728.31323 1 0.109569885 337.2819 626.3389 381.3674 722.85016 1 0.099165544 434.59674 553.6857 488.11584 672.85406 1 0.09283018 652.746 495.14435 672.8928 534.4572 1 0.08843119 299.3501 480.10318 323.22998 539.94507 1 0.08647403 430.1929 654.3053 486.7806 709.3137 1 0.08427802 310.43338 685.24866 367.37674 769.57837 1 0.07101291 635.15045 468.3723 667.3464 532.1682 1 0.07002021 301.95422 480.44843 323.53918 510.20966 1 0.06809737 436.26755 540.797 527.72815 681.8982 1 0.066415966 248.34862 586.385 537.387 937.2589 1 0.061202545 361.07748 518.29956 450.76462 603.84436 1 0.058754627 604.9549 392.3534 673.3891 528.3971 1 0.058195934 482.92252 661.58014 542.8908 688.8226 1 0.056212306 259.91394 474.85965 324.76123 540.75885 1 0.053061116 436.797 562.6629 478.5653 634.4476 1 0.052981418 438.858 618.27924 475.56107 670.98456 2 0.12398781 627.71436 437.82727 670.6428 518.81866 7 0.99918014 687.17645 1.7597656 970.2568 307.05652 7 0.42879933 420.53387 844.051 508.22638 903.3479 7 0.35330534 349.8075 835.1917 517.40326 945.1855 7 0.067074366 300.7856 587.5735 377.95566 648.9148 ,test/1303.jpg
2 0.2677517 364.20215 336.6667 724.1094 696.8316 3 0.98807573 365.79022 340.30463 724.5533 697.86346 ,test/1304.jpg
0 0.945481 726.58527 134.1019 1020.7884 310.91772 0 0.8525246 870.4866 606.87744 1022.3048 748.1582 0 0.63180304 814.0519 678.8905 872.9375 736.6669 0 0.51802856 190.32495 568.5264 276.34323 592.48785 0 0.39737502 995.3977 792.4598 1023.83984 821.4223 0 0.3770728 429.86652 728.1062 572.7635 769.2036 0 0.34562075 376.003 458.8736 501.107 613.8709 0 0.2194397 866.3519 803.9688 986.81506 832.4831 0 0.2166969 465.5409 676.3344 697.2604 788.22833 0 0.1631537 814.4193 635.0947 883.3462 739.89136 0 0.14800535 635.7965 124.589615 1024.0 401.68585 0 0.12887171 753.38214 864.3603 1024.0 1022.84796 0 0.12080265 333.27643 548.8399 497.32983 668.11554 0 0.07384323 719.20166 188.40192 886.036 296.2348 0 0.06461345 871.82623 724.0719 942.31757 762.3285 0 0.062007032 435.13635 682.3507 618.8806 774.4872 0 0.061639775 891.9028 489.46872 1021.89545 622.71606 0 0.057070866 868.3871 779.4203 998.0774 833.0575 0 0.053486593 60.187057 150.7024 202.51009 256.01868 0 0.05271255 890.8636 812.79565 982.2303 829.1444 1 0.29850727 756.48694 863.33594 1023.88965 1023.66016 1 0.21233393 813.97455 679.0847 873.16376 736.71216 1 0.19494174 465.5409 676.3344 697.2604 788.22833 1 0.090833284 375.56027 459.71198 499.0043 612.37054 1 0.07447398 891.9028 489.46872 1021.89545 622.71606 1 0.07187841 870.167 589.63354 1022.7656 749.25574 1 0.061277673 995.3977 792.4598 1023.83984 821.4223 2 0.79702073 755.2541 862.843 1023.89655 1023.4596 2 0.08175774 334.40707 546.1285 498.6464 682.6911 3 0.15711989 536.3037 570.71 744.0149 664.2664 3 0.0852935 60.187057 150.7024 202.51009 256.01868 5 0.42675135 59.63327 149.83217 202.51141 256.10355 5 0.14536932 365.3523 608.6044 514.9041 691.172 5 0.13262962 713.9844 645.0708 777.9475 781.621 5 0.12929732 653.20966 527.78064 784.14984 630.98755 5 0.090885535 827.89124 630.6958 883.3904 698.9741 5 0.086233236 565.98694 626.61365 714.0709 710.4326 5 0.07434853 334.65076 549.7339 484.39746 674.8253 5 0.06387704 369.6058 603.06165 462.2471 670.14575 5 0.05430133 817.12354 625.4429 878.4259 738.46716 6 0.15674208 756.3738 863.0896 1023.52783 1023.6306 7 0.9997974 74.49936 188.992 404.48236 549.0165 7 0.99968743 340.3365 80.68968 748.15924 407.2035 7 0.99911755 640.3992 259.281 886.03784 397.68945 7 0.99908566 264.5131 332.05292 923.88196 941.53094 7 0.44322076 867.87256 566.5997 1023.33777 749.56866 7 0.3590428 373.45764 459.5842 499.79474 613.721 7 0.27311483 589.0938 874.612 686.554 931.39386 7 0.18956837 888.5373 489.48727 1021.946 624.1726 7 0.18791717 368.6292 634.394 776.68744 918.1667 7 0.1316347 465.5409 676.3344 697.2604 788.22833 7 0.11915241 635.0454 122.63377 1024.0 405.8789 7 0.118929975 333.27643 548.8399 497.32983 668.11554 7 0.06259701 817.12354 625.4429 878.4259 738.46716 7 0.061864458 429.86652 728.1062 572.7635 769.2036 7 0.058339573 274.51022 453.67093 538.6035 673.9374 7 0.05438464 827.89124 630.6958 883.3904 698.9741 ,test/1305.jpg
0 0.40131637 324.31433 343.35712 753.64185 657.10736 1 0.21403511 324.67242 343.96075 754.03925 657.87384 7 0.7798978 325.23877 343.51877 754.0947 656.5404 ,test/1306.jpg
0 0.17619886 371.6362 115.72859 728.1793 459.79987 0 0.11387757 127.91931 425.6006 691.7961 790.944 0 0.089877546 381.3611 234.33835 636.04626 441.7181 6 0.99804914 128.01028 126.02615 1010.62683 802.2383 6 0.92170674 114.438385 419.35284 678.631 788.4517 6 0.30616164 354.3833 112.48004 771.7522 464.01147 6 0.14841 556.1752 416.1278 1021.171 795.81946 6 0.10006449 350.42944 186.62997 713.2755 787.8434 6 0.059646726 205.65771 217.05394 685.8421 529.13525 ,test/1307.jpg
0 0.5395158 0.0 0.0 992.858 356.3264 0 0.387298 82.44031 242.06853 321.9693 326.05618 0 0.29858 979.99915 445.0628 1024.0 653.7048 0 0.24077284 3.1720886 290.89337 67.39719 489.50537 0 0.14549835 226.55042 293.55252 616.8463 767.02637 0 0.12223075 265.467 742.27734 616.26587 905.8583 0 0.121639155 348.80743 694.28827 464.24127 742.93744 0 0.10178681 40.91327 241.92586 332.91925 523.6724 0 0.07481145 299.7487 750.96594 606.1687 831.72375 0 0.07194532 585.1176 311.30426 979.66437 789.43756 1 0.686463 44.68199 241.38948 327.9109 523.7903 1 0.34405503 979.5405 444.42773 1024.0 654.98035 1 0.07300598 267.87305 693.5254 612.8052 936.74243 1 0.06335055 10.639236 248.43372 401.87476 759.94135 6 0.985168 548.1865 245.3645 980.9027 781.99927 6 0.9517169 225.92393 291.72446 618.07324 767.71875 6 0.82700133 266.45193 647.43835 616.98535 941.13904 6 0.44568205 875.7229 438.7067 986.64954 670.81 6 0.13847841 798.076 291.88522 994.0328 647.84607 6 0.06253907 43.763504 244.02756 336.24738 523.87805 6 0.060912028 299.7487 750.96594 606.1687 831.72375 6 0.050207578 330.69977 288.18658 585.49603 647.18536 7 0.79153883 913.4868 860.8548 1021.58923 1018.6912 7 0.56907713 1.8040009 293.90628 66.80716 494.4462 7 0.5428389 980.00616 444.69315 1024.0 653.94 7 0.09382714 153.92665 276.765 628.22424 775.9302 ,test/1308.jpg
5 0.9986313 430.82974 449.50446 542.83167 537.1162 ,test/1309.jpg
0 0.933399 400.6037 963.46576 445.40552 1023.91 0 0.07794917 485.79718 70.64433 592.82513 334.0373 0 0.06968044 869.06494 74.94234 1024.0 313.0976 9 0.9519144 404.09247 61.006836 1011.66644 1011.1704 9 0.86904556 224.74811 85.361176 760.9228 966.9863 9 0.77465945 6.1558533 330.8324 464.34433 1018.8662 9 0.3207889 317.14355 546.2099 712.0458 990.2818 9 0.21104507 487.901 71.85214 591.47644 332.98492 9 0.14920619 229.38301 68.49335 485.5047 727.0433 ,test/1310.jpg
0 0.09376043 32.243866 261.34827 592.92847 680.3678 0 0.060867585 16.503265 101.698395 608.66394 1024.0 3 0.99995863 64.658 64.93269 246.76334 289.2691 3 0.9993143 616.323 696.0929 903.9895 824.24634 3 0.42515942 8.394714 439.6796 616.8123 1024.0 3 0.27239442 69.60608 60.953377 513.5216 300.73965 3 0.05225269 557.39264 595.8727 916.95404 819.8456 5 0.3341854 10.8836975 435.38254 623.71704 1024.0 5 0.06389745 31.65741 259.08984 587.7123 677.9945 ,test/1311.jpg
0 0.3428586 133.21735 306.08557 849.2178 730.59143 1 0.71641636 133.71698 258.79248 851.5111 738.9795 2 0.055044267 142.20352 369.15332 849.50037 721.3804 7 0.3446842 135.62 263.67426 851.9783 743.9257 ,test/1312.jpg
0 0.14497371 135.96155 227.58739 175.6759 346.27148 1 0.99915504 105.26254 229.80266 877.26416 702.89557 ,test/1313.jpg
1 0.984046 144.79532 205.65036 791.31396 807.11755 ,test/1314.jpg
0 0.7814656 649.99115 800.86884 761.77264 900.9753 0 0.1844458 126.76385 483.17862 148.94112 527.9972 1 0.9979955 323.31555 249.13098 804.0935 777.1714 1 0.4867484 407.20377 255.71329 661.30115 481.98734 1 0.32339683 650.50507 801.23956 761.5784 901.9456 1 0.2900312 659.09216 264.3001 729.96326 474.0595 1 0.07780322 718.5901 416.78033 816.52527 682.3221 1 0.07737822 547.7257 388.32065 635.03784 479.1639 1 0.05033587 523.88196 262.5666 707.4281 478.80005 5 0.9986481 546.9351 257.90234 663.76776 485.77405 5 0.55549127 547.6719 390.30865 635.4614 480.451 5 0.06897883 445.63644 410.49872 553.5876 478.42224 7 0.9600807 442.04733 409.58142 554.9131 479.95428 7 0.32736892 650.619 801.3299 761.4879 902.0927 7 0.052228514 628.07654 397.84857 665.0742 471.33466 ,test/1315.jpg
0 0.99998355 167.28366 265.76242 774.3259 747.44775 ,test/1316.jpg
0 0.08800379 41.52591 54.20758 1024.0 1019.87994 1 0.9770824 41.75055 51.77588 1024.0 1019.24805 ,test/1317.jpg
0 0.63538104 576.08997 546.81915 752.70374 663.20233 0 0.4251574 417.44443 349.3703 686.0609 638.8175 0 0.1810545 519.70087 422.86877 640.0297 623.75964 1 0.828633 424.42938 353.17072 646.408 630.2985 1 0.38352257 574.0572 547.8343 751.51483 661.8824 7 0.19544077 573.274 547.18115 751.8724 662.9325 ,test/1318.jpg
0 0.60363114 456.27228 579.2175 999.89984 998.3424 0 0.49904007 538.6428 507.58713 680.97205 634.71655 0 0.2965789 578.78625 509.01593 686.2626 582.43207 0 0.25259727 435.7781 515.26337 686.42163 608.257 0 0.21639337 643.5023 775.2884 733.78613 916.1672 0 0.19897547 328.06186 569.52936 403.38846 594.79755 0 0.11154544 85.323654 313.69827 150.78816 426.9857 0 0.0773442 99.82962 162.87485 847.5491 617.42236 0 0.065697424 190.43962 566.9323 282.06186 730.48846 1 0.91800857 47.809265 160.13326 857.00977 613.2166 1 0.7326686 200.64545 574.10095 1010.54205 1008.75244 1 0.67385536 256.23746 575.76697 570.0122 816.30237 1 0.6039961 240.96841 715.4959 383.49802 807.62396 1 0.47359964 83.79825 314.24298 150.88666 426.91852 1 0.4298949 267.49487 569.2584 446.71832 721.17285 1 0.37341368 14.863953 144.31107 933.15607 1024.0 1 0.34882683 199.17636 437.79718 668.19617 608.22064 1 0.26376447 903.52466 871.4262 1022.9055 1024.0 1 0.24878214 7.2239075 0.0 799.91907 151.8114 1 0.21389121 1.9578476 162.85771 252.82626 556.94525 1 0.20934357 393.10733 571.96155 574.55334 718.53784 1 0.20799199 8.756798 139.21048 256.02924 1017.79114 1 0.12312282 17.49305 139.74498 154.52786 430.71008 1 0.1162025 236.14351 695.0984 501.28668 819.3528 1 0.10075456 190.36351 566.7142 291.7696 730.2873 1 0.093998805 149.7005 173.93956 585.8936 584.57983 1 0.093228266 765.6007 901.9031 922.95544 1022.432 1 0.09186862 48.841557 982.85626 144.46115 1024.0 1 0.076874 2.5801678 335.68668 58.254868 607.97595 1 0.06311049 420.60968 514.0219 688.6241 611.5927 1 0.061865803 459.31366 173.58768 843.0998 633.25806 1 0.060788594 784.63513 200.7286 852.20386 616.041 1 0.059482273 468.5831 426.12653 661.94507 575.0671 2 0.99826556 470.49686 428.7772 656.80945 553.4046 2 0.862661 392.34048 572.9011 574.88293 712.718 2 0.737221 275.96118 571.94836 439.49725 716.0867 2 0.43383306 262.25073 579.7196 569.09875 814.7031 2 0.1128416 241.08122 715.5195 384.01123 807.16583 5 0.22677837 190.43962 566.9323 282.06186 730.48846 5 0.06740729 84.60621 311.78894 150.81622 426.92957 7 0.25640804 49.13134 983.1444 143.24136 1024.0 7 0.09427201 458.08047 578.6615 1020.36584 950.1444 7 0.084501885 85.323654 313.69827 150.78816 426.9857 9 0.09901591 190.43962 566.9323 282.06186 730.48846 ,test/1319.jpg
0 0.60917115 443.47913 472.75385 928.8102 838.09564 0 0.41324496 10.522079 679.70496 207.7766 947.3865 1 0.61477166 10.840698 680.4077 207.7276 946.1802 1 0.102497675 443.40417 472.84006 928.87354 840.5072 2 0.68828416 11.280884 684.0759 208.47379 943.40283 7 0.6578896 443.47192 472.7046 927.5625 840.5132 ,test/1320.jpg
0 0.40763327 352.1441 307.2361 595.53265 727.37646 0 0.07147162 367.13257 443.36554 552.00287 655.9285 2 0.12942648 538.452 329.45798 592.296 449.2314 7 0.9998658 568.5828 314.66345 932.5733 816.05005 7 0.99229616 0.0 322.9435 473.94135 715.91956 7 0.8333943 351.3791 304.869 596.1596 727.3772 7 0.07675569 376.6505 432.10977 564.6918 688.1633 ,test/1321.jpg
0 0.09739025 420.20178 643.3607 709.9789 732.7351 5 0.1947079 419.11554 643.02155 709.92523 737.87946 7 0.99460113 330.9458 360.9308 731.30005 792.71265 7 0.12221128 527.43774 415.61697 579.16833 444.21475 7 0.050037302 420.20178 643.3607 709.9789 732.7351 ,test/1322.jpg
2 0.99991596 417.3565 267.19788 734.659 643.20605 ,test/1323.jpg
0 0.7369086 701.8073 455.92957 849.8807 513.64496 0 0.17226332 292.23544 435.22742 425.74783 642.6835 5 0.9991277 361.86868 235.03032 710.3219 670.1619 ,test/1324.jpg
7 0.9915371 412.98975 360.7373 711.1631 670.34485 ,test/1325.jpg
0 0.9867026 449.23807 820.6051 520.84906 879.3026 0 0.92275196 125.457634 856.7998 267.49915 1024.0 0 0.9150865 163.62413 206.97353 187.42192 276.00726 0 0.8287783 499.0054 704.1832 568.789 865.1802 0 0.67221946 305.85214 861.1758 342.95102 897.3688 0 0.5953785 72.017586 973.1764 127.66689 1024.0 0 0.44353783 162.20836 208.11478 212.11662 275.7412 0 0.4365139 143.36275 223.3176 302.8924 382.178 0 0.42673054 305.37994 777.10724 348.93488 879.1097 0 0.4053269 274.9583 761.0115 320.58844 886.6609 0 0.40521434 79.860954 995.47424 127.68769 1024.0 0 0.34503886 143.3102 214.88501 224.72057 375.95886 0 0.2678289 174.62543 205.94304 247.17154 252.21764 0 0.26526907 516.6033 834.2544 568.11926 864.7405 0 0.24232143 166.36063 234.17085 220.87363 302.3953 0 0.1731509 139.45935 279.8534 225.39615 360.7962 0 0.16729645 176.67184 209.04276 213.22089 253.45352 0 0.15006594 444.31525 714.73413 569.8872 878.35986 0 0.14378451 734.0101 218.81517 773.81854 358.85754 0 0.13122606 430.99368 839.69434 460.80826 888.23157 0 0.114218146 197.91006 240.4605 219.909 301.75314 0 0.104848914 304.97147 793.043 321.44962 881.86725 0 0.09666406 86.196396 402.2248 173.5157 454.20337 0 0.08394114 145.90833 202.77637 188.9252 334.52283 0 0.07149447 517.47205 750.6831 568.0043 861.511 0 0.06619279 419.56168 857.8844 450.19223 895.6852 1 0.30030724 79.860954 995.47424 127.68769 1024.0 1 0.19572623 145.09492 226.28821 304.99023 389.23694 1 0.18601881 125.64457 857.0283 267.50903 1024.0 1 0.17541565 499.57608 703.945 569.9281 864.90216 1 0.11992299 86.196396 402.2248 173.5157 454.20337 1 0.079297565 139.45935 279.8534 225.39615 360.7962 1 0.076342806 446.89185 698.2423 578.0298 880.15906 1 0.059918325 305.65637 861.20294 342.9088 896.9722 1 0.054536726 85.89206 416.9761 153.66162 448.8387 1 0.05242851 72.18754 974.131 127.70876 1024.0 5 0.9344812 694.7003 583.33905 742.11755 655.6154 5 0.83945566 341.66278 206.79266 483.65137 389.19275 5 0.6323803 544.8169 514.9173 744.46277 757.8089 5 0.5967123 433.88922 365.4505 535.6855 501.9724 5 0.52811295 111.377975 351.26328 231.19194 420.46127 5 0.4727618 72.60502 348.6061 205.66293 555.6116 5 0.43546182 447.2171 133.92122 732.0102 486.44928 5 0.3645622 89.07736 353.13297 226.61957 469.83365 5 0.35749325 550.6578 516.7789 713.2059 604.62213 5 0.32570335 653.52386 198.42004 745.4533 427.12433 5 0.19421491 623.5591 570.4779 742.7488 749.578 5 0.17014189 440.16968 227.90103 600.6814 373.9493 5 0.16448532 692.80945 561.5148 760.5366 663.6299 5 0.15743387 334.49524 203.02293 610.0026 484.08307 5 0.153218 139.77765 351.21158 247.31924 391.0507 5 0.14503363 616.23236 514.6018 739.41315 670.53845 5 0.13796933 535.2064 526.5391 626.9125 725.2895 5 0.12096739 407.92615 163.90846 691.3949 650.4624 5 0.11321409 410.24512 285.8353 481.27032 379.26657 5 0.110191524 442.10846 228.28012 518.7042 284.49722 5 0.10979683 74.17766 430.08606 143.52362 535.4032 5 0.10586547 600.9403 221.15132 687.5138 461.50928 5 0.084555976 539.49524 502.43695 892.89014 878.358 5 0.08255332 490.00867 368.04767 612.656 481.9826 5 0.070233606 514.1145 413.5382 614.1987 471.80707 5 0.06895108 516.39935 403.38342 658.51385 491.44165 5 0.05470869 664.3439 231.25822 797.1461 663.98895 5 0.053228363 771.814 524.3236 884.7404 794.36523 5 0.05311754 501.18036 376.69775 795.97626 850.1769 7 0.9994623 33.11158 561.6532 282.76285 1016.6846 7 0.9959388 113.94211 172.79233 511.7238 910.74854 7 0.9110818 344.36096 122.36606 825.77246 833.225 7 0.86946374 539.7935 492.8111 899.1225 892.4122 7 0.6294508 72.23399 972.56995 127.809875 1024.0 7 0.5948085 272.94302 759.4025 321.2369 884.62714 7 0.29231256 865.15875 699.45245 918.85175 756.0424 7 0.23186159 140.37924 174.9567 414.06302 451.59036 7 0.19030079 52.791443 345.35034 221.73563 576.1933 7 0.1739006 86.196396 402.2248 173.5157 454.20337 7 0.16991304 125.02921 856.82104 267.5031 1024.0 7 0.14932461 341.5678 204.27611 479.7926 388.94232 7 0.1453927 144.34692 203.89453 313.4441 399.8626 7 0.13471746 305.84476 858.88654 343.00058 897.80475 7 0.13118498 342.8546 198.20972 554.79315 719.4147 7 0.12989743 305.17813 775.7643 350.08102 878.28345 7 0.09911026 260.0311 684.86633 501.77225 904.06226 7 0.09652869 89.993065 352.24136 229.28662 463.16013 7 0.094644696 214.71667 147.91693 293.9614 252.7398 7 0.09426721 501.18036 376.69775 795.97626 850.1769 7 0.08915194 443.82245 701.82697 574.489 879.3421 7 0.082453385 211.1254 673.2 345.13852 891.8049 7 0.07988613 542.9253 520.9173 758.26904 787.6689 7 0.07570991 411.34586 356.90942 532.2727 881.1388 7 0.073349714 67.37584 152.37222 429.05798 688.04517 7 0.054517303 75.30586 418.1971 146.18689 536.97345 7 0.054018196 342.92853 170.3344 702.27924 499.42792 7 0.05282098 408.98904 207.2672 673.9259 705.2301 ,test/1326.jpg
0 0.06420992 441.64972 248.61412 930.1174 594.4368 0 0.05198133 117.57799 649.4659 534.92303 761.17706 1 0.96616614 129.29552 648.693 533.55865 760.94775 1 0.3079093 443.33356 248.17912 929.7188 594.96 2 0.8825114 445.33344 248.31332 929.1685 594.2749 ,test/1327.jpg
0 0.24099912 274.4886 248.50845 911.8714 451.13992 0 0.08145732 483.01678 85.50386 898.02985 463.43182 0 0.067367174 28.07486 235.02463 924.7379 965.12146 0 0.0611192 42.504333 598.4298 598.96643 953.85583 1 0.48208633 251.46881 248.90472 910.332 450.56976 1 0.15917517 155.69385 127.155365 905.2599 485.75925 1 0.15650639 29.711548 154.59302 898.163 964.04675 1 0.07569794 99.41321 255.95053 896.3848 571.3563 1 0.062762685 42.504333 598.4298 598.96643 953.85583 1 0.0550178 483.01678 85.50386 898.02985 463.43182 3 0.42629305 739.4194 740.59955 773.951 910.92365 3 0.36135006 734.26385 641.7848 806.8886 917.51855 3 0.28641617 29.711548 154.59302 898.163 964.04675 3 0.26690316 43.1958 591.7256 570.847 964.9005 3 0.26225683 140.69537 340.2947 413.08972 550.10565 3 0.22285263 82.12036 239.69606 894.3455 651.92114 3 0.099312164 506.97836 86.66794 819.63086 302.3628 3 0.09730849 23.372223 623.7423 985.48315 991.4806 3 0.08441635 53.270817 621.29517 122.357956 900.4131 3 0.050465103 144.29095 352.23596 288.34763 534.7563 4 0.06550077 43.1958 591.7256 570.847 964.9005 5 0.3392764 43.804382 593.4211 572.2582 964.19635 5 0.14739 274.00812 248.52295 909.0114 453.81445 5 0.14376588 32.915466 222.0187 911.28827 957.4667 5 0.09217063 23.372223 623.7423 985.48315 991.4806 5 0.06386898 99.41321 255.95053 896.3848 571.3563 7 0.12547117 274.00812 248.52295 909.0114 453.81445 ,test/1328.jpg
0 0.39554414 326.03195 510.15945 499.3898 739.89417 0 0.15697132 333.25635 371.7533 586.5731 742.37134 0 0.053714022 529.4961 367.71075 594.0785 488.50513 7 0.45726806 325.15887 503.1729 554.42676 746.2463 ,test/1329.jpg
2 0.9996277 419.5479 349.0447 611.212 511.46127 ,test/1330.jpg
0 0.28513703 703.82196 656.44403 879.9451 730.2933 0 0.13329871 3.620758 630.0353 309.6752 913.4818 0 0.08731544 190.6183 528.8329 207.7772 580.23755 0 0.0712303 776.0786 528.27136 829.32544 543.531 1 0.99810827 543.3896 534.8982 1017.51874 867.6395 1 0.99508154 8.874878 487.34497 602.68616 953.26 1 0.96739554 480.514 502.73032 585.6972 656.1481 1 0.9257019 199.28674 436.8625 506.09644 584.837 1 0.6777412 704.82764 651.04376 907.3479 742.3383 1 0.45388052 447.31287 456.55167 524.26 546.841 1 0.42026275 3.620758 630.0353 309.6752 913.4818 1 0.28215206 444.8777 457.99866 512.6286 501.1997 1 0.20134836 529.29364 577.70215 586.5339 646.693 1 0.19656362 44.568542 527.2189 337.26733 841.4354 1 0.14637464 677.10004 586.9331 930.19086 680.32227 1 0.14272538 200.73189 435.2964 510.7221 727.3148 1 0.083098985 411.03345 465.08575 587.4435 667.7094 1 0.07306163 683.4216 644.1379 1007.9858 717.4715 1 0.068334736 706.7512 680.7677 1002.7837 770.0392 1 0.06572927 776.0786 528.27136 829.32544 543.531 1 0.059337325 585.63873 523.0797 938.35895 675.776 1 0.05799399 292.66837 842.1128 355.60068 898.7593 1 0.053948708 707.66486 639.1106 909.87177 683.124 1 0.052377835 166.65234 501.1122 1019.5421 886.5875 1 0.051235072 343.14328 532.0526 392.71445 558.64624 7 0.99877423 492.1952 159.10028 824.0741 577.91925 ,test/1331.jpg
0 0.08710206 372.58643 370.8539 722.27136 512.2761 0 0.07684522 370.72684 209.37386 774.4938 544.53064 0 0.06269497 408.57913 176.06346 833.6239 364.61017 1 0.95745325 622.5774 207.80554 1024.0 494.873 1 0.7986582 4.6870117 89.92541 891.1436 342.8815 1 0.7467051 327.92227 194.67749 1008.3771 532.8415 1 0.527764 407.59967 189.51962 839.81024 363.4991 1 0.45862517 374.07745 267.05804 729.4621 556.93396 1 0.14176881 372.58643 370.8539 722.27136 512.2761 2 0.18059576 384.10126 386.148 720.11163 549.5879 3 0.09524611 376.49994 372.64026 721.93695 510.95135 7 0.07419561 372.58643 370.8539 722.27136 512.2761 ,test/1332.jpg
9 0.99209046 329.1759 172.38602 951.94104 822.56274 9 0.70018524 61.042755 441.06952 543.7224 660.6182 9 0.06798669 72.6322 215.80644 738.31635 671.659 ,test/1333.jpg
0 0.92487705 629.92737 289.34177 694.6294 357.1514 0 0.92003566 343.69165 462.96207 381.91547 538.1496 0 0.3698371 137.28128 187.56703 358.68103 323.289 0 0.3296389 301.25204 287.76968 351.06125 317.16776 0 0.1543313 404.42355 332.86652 476.75034 363.6242 0 0.07883434 768.5927 0.0 1021.2957 105.67125 0 0.07590372 68.53248 236.06839 303.49896 325.8737 0 0.07492054 147.7642 351.96616 189.57994 399.8926 0 0.06901445 0.0 243.14575 343.02185 353.88477 0 0.06101604 327.6856 888.5476 419.60742 938.7529 0 0.05578731 93.48668 349.4131 188.92223 402.9386 0 0.050963014 0.0 469.52167 156.48853 677.7729 1 0.998781 448.9476 145.89066 746.65845 588.3468 1 0.977714 0.0 330.9376 241.28302 514.92944 1 0.9079071 171.37334 314.3364 483.5747 473.96255 1 0.8946296 449.63947 148.1867 746.63275 276.2426 1 0.6851525 321.78714 578.67804 475.9432 699.545 1 0.6416039 23.526657 314.28516 483.79608 582.82935 1 0.61559427 59.242977 233.31218 161.33664 269.91034 1 0.57269615 918.3781 836.38104 1024.0 948.44305 1 0.5699589 101.91802 338.05127 241.54077 411.4096 1 0.5378973 101.404495 407.93643 470.32928 564.97546 1 0.48597327 340.32214 443.273 482.00616 541.03613 1 0.48272634 625.1447 564.07416 1024.0 940.07855 1 0.44977027 217.02283 578.23486 449.60992 946.6376 1 0.40575558 338.17902 792.1964 360.85254 834.80664 1 0.3362996 97.24481 344.67743 190.82312 403.70068 1 0.31222317 261.571 562.8713 505.4628 813.3564 1 0.28465652 225.74835 660.2164 375.22803 828.47235 1 0.2531763 329.17175 780.6941 364.5702 833.88257 1 0.24964958 7.17939 479.81195 183.37857 581.7016 1 0.22817726 587.1407 249.74934 608.237 278.52747 1 0.222893 411.34027 288.7576 444.39453 334.23367 1 0.2047675 500.82407 563.0482 624.34015 617.2488 1 0.1930664 0.0 333.95325 222.98126 420.49945 1 0.18115184 337.05157 445.66046 688.8564 602.0833 1 0.15393506 177.16008 312.78537 362.71326 408.12564 1 0.1535508 319.67233 510.81342 723.6836 700.25946 1 0.14787343 450.90475 554.06494 692.46405 617.17004 1 0.1437693 5.6323395 400.19476 177.16534 534.72766 1 0.13966283 287.1532 541.2251 614.76855 748.07153 1 0.1339351 331.59653 504.58646 580.073 597.105 1 0.12951234 0.22330809 424.0177 15.624317 483.28516 1 0.12716357 0.0 466.27887 163.37361 675.07623 1 0.12594177 280.09003 552.8827 372.89337 603.0928 1 0.10940745 194.93222 310.4442 442.8055 382.30707 1 0.10256514 334.52863 551.44727 1009.6231 999.2362 1 0.092486896 353.23544 785.95605 368.67087 837.4431 1 0.09207748 402.20987 330.4411 496.3989 364.04187 1 0.0906929 15.081055 447.89908 365.8833 581.8666 1 0.087349966 148.08653 350.49802 189.5371 400.93167 1 0.08578459 97.11499 171.47418 671.3755 576.625 1 0.081282996 0.0 330.12772 42.24688 483.47745 1 0.07910708 129.5076 411.32928 309.0968 465.32208 1 0.07341806 161.61159 248.68027 474.6646 396.31906 1 0.07098129 374.55066 265.57617 445.25262 336.85382 1 0.0689638 5.840393 296.1705 294.68655 652.3419 1 0.067222536 141.49956 188.9239 492.63977 474.69836 1 0.05859969 0.0 242.1923 341.31726 355.09445 1 0.05519922 127.23709 195.03818 466.47342 350.5128 1 0.05408729 296.96802 270.0218 462.11853 340.79865 5 0.30242112 281.42255 256.66528 465.94623 340.5338 5 0.1466968 320.8121 268.1931 424.98508 340.9745 5 0.1155175 137.60706 187.1011 356.99594 325.51334 5 0.098707244 336.26373 264.7061 449.85693 314.53085 6 0.56841815 5.5083694 479.63074 189.74686 579.2566 6 0.34325692 108.36328 408.17694 378.42374 575.0498 6 0.09316992 53.6334 516.0054 175.71487 577.80505 6 0.058838792 25.646385 393.42462 180.79382 599.045 7 0.9994893 24.490906 530.44855 348.48685 763.57697 7 0.9966037 324.6859 553.09717 938.89307 1016.4342 7 0.9734797 0.10673523 491.97336 66.42841 677.38464 7 0.33245534 0.0 469.52167 156.48853 677.7729 7 0.09642305 588.48645 553.35114 1024.0 941.95746 9 0.5136133 137.89911 188.15205 361.5396 321.83295 9 0.25101 0.0 243.14575 343.02185 353.88477 ,test/1334.jpg
2 0.0660686 310.37064 316.5429 629.92224 716.65265 3 0.9879149 312.0307 317.54456 630.09436 720.8402 5 0.08533566 308.85266 316.5454 630.0105 708.0929 ,test/1335.jpg
5 0.99482214 156.9433 252.75455 947.7537 850.921 ,test/1336.jpg
3 0.999925 374.41556 452.42725 701.0526 626.4713 ,test/1337.jpg
1 0.08048314 891.2805 391.71436 936.1953 434.10657 5 0.7943391 756.47766 145.85216 1023.9823 424.7697 7 0.9999263 307.9732 341.17422 683.7679 720.8822 ,test/1338.jpg
0 0.2104721 145.22757 201.2214 823.6156 815.28894 2 0.053204898 146.52481 202.49588 821.839 815.7261 3 0.82946736 139.72903 202.32797 822.89 815.4967 5 0.09214609 145.48166 199.51572 833.3224 815.12085 7 0.2261749 145.48166 199.51572 833.3224 815.12085 ,test/1339.jpg
0 0.9269949 624.8087 955.99567 725.0665 1020.5223 0 0.87997794 557.6021 0.80041504 1016.45636 496.6868 0 0.6309121 43.97058 0.0 787.9426 252.396 0 0.32460323 43.4494 114.01808 85.56575 183.24706 0 0.23011142 66.08601 35.90088 169.53749 108.14169 0 0.09502892 42.247177 104.68826 64.889595 185.19083 0 0.09014906 48.60247 23.578964 170.06024 173.19879 0 0.054557204 338.92255 68.865845 1021.7331 699.225 1 0.10215238 54.01053 0.0 825.121 253.68425 4 0.059685763 271.3866 297.26373 938.20044 790.7022 5 0.22984254 239.35419 267.15216 935.86566 784.804 5 0.12431607 103.299805 192.87094 734.97974 711.90173 6 0.089575805 562.68933 8.837753 1024.0 493.5998 7 0.57205844 41.242126 104.057785 184.26195 182.57262 7 0.53811157 47.62228 11.924454 172.55605 181.08588 7 0.5136636 67.582016 41.865784 168.77226 107.39632 7 0.2144985 69.6365 72.15455 165.3436 106.288 7 0.109558694 45.41983 0.0 743.365 249.36029 7 0.06973952 6.3887405 1.3905869 161.98294 248.88602 9 0.24086109 53.902496 161.31897 671.6477 552.5299 9 0.12410997 233.19516 267.33392 938.5764 790.0163 9 0.11834514 116.98692 184.69899 457.51123 538.3761 ,test/1340.jpg
0 0.9985769 319.9973 449.97296 792.3301 934.9195 ,test/1341.jpg
0 0.9997931 245.44925 426.44482 796.43896 689.3993 ,test/1342.jpg
0 0.92261475 426.45505 436.6694 564.3676 563.66187 0 0.15124397 712.1901 339.21902 770.1418 426.88138 0 0.15007873 658.1863 332.00174 772.0747 424.09012 0 0.09191147 32.324432 203.75504 831.8961 856.5316 1 0.95084226 27.548492 212.38974 822.23376 855.46704 1 0.538111 385.7541 228.6029 810.3741 566.5793 1 0.19812888 426.2524 436.94598 564.57385 562.9923 1 0.06990928 41.00177 389.45007 579.1708 856.82263 2 0.08041079 93.557526 419.02716 177.87671 513.1178 ,test/1343.jpg
0 0.3827173 416.6292 957.07166 736.30084 1021.5338 0 0.37938184 592.2463 959.1986 788.28937 1022.1482 0 0.20514601 803.44385 434.2264 912.4186 558.6775 0 0.1645412 728.9854 383.13974 768.0142 427.91495 0 0.16246822 114.32743 390.84735 347.79562 627.8825 0 0.11119658 304.63116 1.3102264 807.94415 188.51126 0 0.07986024 328.63803 88.70681 435.6058 277.63965 0 0.07873422 349.43704 743.49475 550.3945 899.5735 0 0.05903449 295.35303 483.0991 653.1455 824.41064 0 0.058948826 517.4175 79.343735 1005.39294 526.3753 0 0.056102246 327.75058 93.6797 528.896 325.82898 0 0.055537 364.79303 768.9475 711.3753 999.20764 0 0.052256867 533.3916 162.91724 697.8115 348.93707 1 0.4391036 525.0958 0.0 790.7169 189.85019 1 0.06952417 365.3073 771.2766 711.56354 995.567 1 0.06709684 350.8482 742.87 551.43176 905.6279 2 0.6023849 522.43726 0.0 793.0939 192.64203 2 0.5104629 94.28044 99.30481 290.99506 438.68457 2 0.31879428 365.3073 771.2766 711.56354 995.567 2 0.114705406 296.68738 484.33325 653.35443 823.40344 3 0.9940037 91.30906 702.5115 347.17755 993.15234 3 0.98825115 743.69495 765.58527 968.16284 1007.64923 3 0.9619902 657.2988 93.86858 867.188 302.6499 3 0.9034619 770.4473 285.54428 893.0715 473.62778 3 0.84609747 361.42618 758.13245 710.4944 996.21924 3 0.8067463 863.2897 68.49625 1018.7361 543.67053 3 0.74962735 112.586395 389.86368 348.30457 627.82544 3 0.74007475 359.24307 823.4533 453.34677 987.0008 3 0.69555223 93.36413 99.26526 290.84607 438.3294 3 0.6663453 236.51982 220.843 450.1562 415.34558 3 0.60316813 333.529 349.60065 617.82495 567.2044 3 0.55383086 297.47696 483.2091 649.4701 820.152 3 0.40715334 575.53 67.76787 874.67737 483.25995 3 0.3779968 631.44446 87.953735 957.5602 959.15857 3 0.21777605 84.50781 119.63214 531.2619 428.841 3 0.20828243 729.1323 383.61667 767.93774 428.58762 3 0.19859226 347.26608 734.46045 555.08044 946.3965 3 0.15677485 743.6036 108.025925 895.5141 557.6456 3 0.14635453 615.5788 568.5525 871.52545 907.1073 3 0.14518513 654.5239 275.05807 887.1483 488.58493 3 0.12584153 417.9624 149.36081 533.80817 327.06412 3 0.12390587 524.5351 0.0 793.3853 191.1738 3 0.10350532 696.23694 414.39203 990.7108 758.08673 3 0.09850368 589.23334 113.23117 997.5278 590.2875 3 0.08073317 641.79016 233.68085 902.6776 661.7363 3 0.075030155 415.99304 848.70856 458.16162 1008.50336 3 0.075004295 575.0579 279.57025 728.44574 444.17792 3 0.066626854 551.45984 155.95482 713.20337 473.06323 3 0.06526088 627.4414 665.3525 989.9192 1007.22894 3 0.057352293 803.44385 434.2264 912.4186 558.6775 4 0.6985115 530.39777 163.03271 698.5621 348.4354 4 0.64779675 615.4678 568.9513 871.92883 906.8126 4 0.5255754 529.3237 99.49357 878.80566 346.01602 4 0.20415212 551.45984 155.95482 713.20337 473.06323 4 0.17248759 725.71387 522.1977 994.21716 731.29803 4 0.14510642 540.5569 674.184 677.02515 794.5035 4 0.12266899 763.4277 278.8887 895.5629 477.39352 4 0.1171679 729.01294 382.7686 768.35803 429.26974 4 0.11395227 619.41833 392.8008 941.37244 966.56604 4 0.112465315 608.4615 466.87555 735.7751 621.6431 4 0.10889369 651.3958 343.41287 991.96906 748.54846 4 0.093707256 803.4196 434.48087 912.3896 558.2538 4 0.08828113 623.2184 276.2808 893.46924 676.8999 4 0.077687845 575.0579 279.57025 728.44574 444.17792 4 0.062241636 611.76355 414.4518 670.7019 482.5754 5 0.781358 334.5193 349.31555 618.9294 563.9926 5 0.5067172 113.21549 390.01715 349.51187 626.92505 5 0.30445656 615.19763 571.8502 873.8478 904.1737 5 0.2664635 297.74774 484.83774 651.97473 824.8474 5 0.19651502 234.77504 221.34113 452.0536 415.09583 5 0.17991483 364.6775 768.99756 711.7771 993.43494 5 0.09992561 417.64685 156.20975 534.5005 326.11606 5 0.09714457 531.27423 163.43842 698.0223 348.58826 5 0.09676529 93.29492 99.787 290.5302 438.40198 5 0.08341874 415.99304 848.70856 458.16162 1008.50336 5 0.07790225 658.511 769.3796 977.7009 1007.7823 5 0.075342536 770.20856 286.35355 893.50665 474.54977 5 0.073120974 861.9133 68.93385 1018.63904 541.9138 5 0.06833679 535.03784 99.7212 873.70374 343.9705 5 0.060130738 524.06586 0.0 792.8304 191.56877 5 0.05093531 121.762375 100.67415 583.28 437.67175 7 0.9352046 329.69498 86.96662 435.8453 278.20105 7 0.5763588 329.2503 93.331215 536.2642 330.65134 7 0.46240595 416.4638 140.78426 531.7547 327.30475 7 0.32359552 296.21753 484.6385 653.61017 824.2216 7 0.2837922 447.53436 956.40106 797.5455 1021.5826 7 0.18167073 419.9777 139.1878 492.73087 197.41861 7 0.14965117 304.63116 1.3102264 807.94415 188.51126 7 0.08327395 241.69888 87.61368 563.28235 407.15167 8 0.25133812 862.69684 68.61496 1020.04706 543.78394 8 0.13441272 535.9359 100.20007 872.0597 341.54114 8 0.10931228 725.71387 522.1977 994.21716 731.29803 8 0.08672592 93.36413 99.26526 290.84607 438.3294 8 0.084359184 770.67444 286.727 893.7007 474.3944 8 0.074311614 803.4196 434.48087 912.3896 558.2538 8 0.06508222 640.2958 281.4116 1007.8269 804.77466 8 0.059681516 84.50781 119.63214 531.2619 428.841 ,test/1344.jpg
0 0.42316714 269.5412 191.26295 772.9438 676.8245 1 0.79682636 269.98975 192.20784 772.3407 675.8953 ,test/1345.jpg
0 0.09411614 278.68524 364.05713 744.4313 832.00757 6 0.99571323 245.9496 164.08577 699.9672 483.09186 6 0.9938059 244.7158 171.22021 736.67365 854.31824 6 0.31286976 274.16925 344.30347 735.0808 694.70105 6 0.080788024 276.7812 340.63403 696.2386 529.25073 ,test/1346.jpg
0 0.111066006 977.4084 99.746506 1021.4628 420.02917 4 0.19260357 976.4119 91.62331 1021.00214 419.31927 5 0.9328682 270.7932 440.11487 811.131 677.00903 5 0.4131385 825.1885 0.0 1022.62463 72.784134 5 0.32828075 829.64294 321.00485 1023.3712 595.58105 5 0.16909578 978.2837 101.58754 1020.5443 417.53278 5 0.050047584 209.13708 1.3618164 801.2227 666.23663 7 0.9979709 118.99509 647.76404 898.98413 964.47327 7 0.9941288 206.92758 9.988892 791.39014 624.7692 7 0.08868043 122.94916 298.53232 829.6254 969.4823 ,test/1347.jpg
0 0.48817575 656.58545 698.70374 721.2168 776.2738 0 0.21129745 654.3872 702.76685 704.2047 749.51514 0 0.081774116 629.23615 684.6513 714.30304 792.6872 0 0.079703294 981.1146 380.00534 1023.40466 515.20386 0 0.06453394 361.05765 683.94775 389.62076 737.1665 0 0.058475934 636.0718 695.64655 700.3522 739.92194 0 0.057219177 358.71875 682.20795 422.5854 756.7519 0 0.054416966 632.8326 739.62244 682.3316 800.82056 1 0.9749493 266.2912 634.18115 759.25397 952.6304 1 0.8935967 641.586 651.2124 684.52155 694.00696 1 0.68524367 358.71875 682.20795 422.5854 756.7519 1 0.664949 360.62595 684.2293 391.4108 737.3604 1 0.45764166 658.8184 699.4343 720.75616 776.8939 1 0.39123166 631.4495 739.2475 681.6962 799.27167 1 0.34808612 360.4513 682.32825 644.77893 784.5498 1 0.3476134 299.19733 665.51404 676.32355 848.07336 1 0.30470204 629.23615 684.6513 714.30304 792.6872 1 0.2536489 373.13635 705.57214 421.9273 753.93115 1 0.2339972 279.66782 633.11487 427.1428 752.50696 1 0.12581915 376.38437 741.2139 638.76404 838.5959 1 0.11542115 363.17676 622.6642 707.3248 794.0995 1 0.0991369 897.7976 274.62738 1018.7438 395.5327 1 0.08913853 627.50696 644.49615 688.24414 761.07904 1 0.08583012 547.92883 630.36945 761.4009 953.7769 1 0.075103775 321.82797 396.27997 693.59924 770.32294 1 0.072771795 635.1506 692.14594 699.309 744.77057 1 0.07089933 649.9038 640.1374 760.09045 764.6606 1 0.065116435 979.51984 386.10287 1024.0 514.40015 1 0.051144235 654.3872 702.76685 704.2047 749.51514 3 0.07638928 622.0814 691.3072 642.7909 740.3532 5 0.35334855 623.0128 692.5698 640.89575 740.08936 5 0.3398746 980.0851 382.26105 1023.44714 514.98944 5 0.07001504 630.6602 692.49915 721.72784 785.47974 5 0.06857593 651.01556 699.9665 702.51556 748.03094 5 0.0519108 621.05426 691.5294 700.75775 742.6511 6 0.14912653 658.86127 698.6137 720.4129 776.5511 7 0.9995981 325.40323 412.82782 696.5327 777.559 7 0.9989537 362.42038 111.4025 755.8331 510.32626 7 0.9986486 668.92065 467.67523 857.25476 765.39496 7 0.44526082 979.26855 383.64627 1024.0 515.0742 7 0.07972662 364.83362 684.735 644.20166 787.3568 7 0.078520305 631.199 692.23944 719.7921 783.7248 7 0.064801015 686.48883 451.82062 749.9604 518.2065 ,test/1348.jpg
0 0.9804826 511.26273 686.77936 625.6487 765.5975 0 0.34221193 864.7274 302.0425 924.0172 323.94955 0 0.28412718 501.87427 639.6813 593.2804 683.7798 0 0.23443855 499.47943 629.0463 619.4998 708.9836 0 0.06442299 551.4897 456.5024 614.965 487.8622 1 0.9982014 476.91235 408.77 802.93445 658.303 1 0.46808544 352.5083 504.45032 585.44135 662.2389 1 0.32967412 864.46027 302.27142 924.03754 323.8731 1 0.05161687 251.93599 315.98422 522.23035 581.0276 5 0.47975707 494.85492 638.28656 595.80927 684.8498 5 0.4398438 438.03796 725.20355 468.52136 771.02325 5 0.20772848 502.63025 687.4241 536.44055 759.35657 5 0.11777159 501.33856 689.3636 538.81476 720.831 5 0.09798365 252.93774 317.14508 523.55 582.7994 5 0.055028945 490.02905 638.997 514.5915 680.2078 6 0.9723023 253.0255 317.55872 522.14923 578.3126 6 0.8178869 352.34305 508.6246 583.64233 658.6345 6 0.17782149 353.39362 480.8099 504.63318 624.98035 6 0.083107635 383.77084 406.71826 479.9191 506.5888 6 0.058797307 258.63477 421.4614 385.14252 597.8116 7 0.99938583 84.43126 596.92523 531.93524 888.1374 7 0.31415763 864.51697 302.08405 924.1006 323.9917 7 0.057450723 505.48212 685.45844 537.2066 760.7225 7 0.056891814 354.3037 609.7467 526.25336 811.9142 ,test/1349.jpg
0 0.09118868 893.30054 366.5424 1024.0 651.92163 0 0.0567567 908.076 343.7671 930.30524 385.83844 1 0.99673116 49.987274 383.21594 940.5111 993.6079 1 0.99235135 299.99774 12.5160675 853.664 403.96936 1 0.9855598 812.10925 90.13819 1024.0 234.77216 1 0.84061307 722.14575 0.0 1024.0 54.93634 1 0.81283474 784.0552 45.616234 1020.82056 121.45815 1 0.8047845 851.2183 204.86475 1022.2955 300.89203 1 0.7602592 835.066 194.54276 1020.7375 410.95236 1 0.7027173 894.9392 349.48877 1023.9879 667.6601 1 0.68864805 883.9775 0.0 1024.0 39.37062 1 0.6607515 865.1503 275.5044 1020.00616 391.6975 1 0.61094695 896.28424 203.63063 1012.9749 236.99132 1 0.58932185 823.88025 380.13577 925.3733 418.1047 1 0.48185092 846.133 226.234 925.0799 252.74284 1 0.4148031 823.6556 231.46288 918.45514 416.14136 1 0.38577238 923.42267 353.1184 1022.1132 504.2553 1 0.38291994 709.2906 1.6762238 1024.0 109.5111 1 0.38103834 927.3677 277.4333 1022.9343 359.4989 1 0.33055434 784.10376 9.790146 1021.0869 174.88876 1 0.30272523 969.1231 390.554 1023.1409 459.57224 1 0.29655886 866.0212 276.69583 945.8222 375.0585 1 0.29607368 784.5947 221.52585 1024.0 1024.0 1 0.28758582 804.9847 59.638756 965.8222 110.88053 1 0.27879536 906.8413 55.330616 1024.0 100.3587 1 0.27218375 783.49756 27.652145 1023.19104 335.76825 1 0.24672928 817.09436 348.87338 1016.64417 421.2369 1 0.24480456 195.99898 976.83966 561.7164 1020.35223 1 0.23850356 814.5027 395.4433 1024.0 494.90137 1 0.23634152 756.498 22.669601 1024.0 78.4375 1 0.23384997 845.43335 238.37274 920.8583 252.27353 1 0.2108155 908.076 343.7671 930.30524 385.83844 1 0.1905668 843.426 191.15762 1019.51843 257.87854 1 0.19044505 858.8038 272.87695 1023.05365 298.9431 1 0.18607095 971.53827 421.32523 1021.25604 456.41928 1 0.18291306 971.01196 0.0 1024.0 19.263248 1 0.1822051 59.132805 842.1751 243.5994 964.6541 1 0.17925303 993.68976 228.14769 1023.75275 290.8001 1 0.16204756 795.0257 132.94466 886.57245 409.78735 1 0.15938102 789.3949 143.44315 1022.06116 672.8738 1 0.15794791 852.9948 239.46252 921.5036 298.36835 1 0.15601058 815.99207 279.9976 973.06116 414.1279 1 0.15265754 847.8292 263.6302 902.5 390.34814 1 0.15065968 791.1481 100.6727 833.3862 138.51031 1 0.14617057 864.106 64.3736 945.6641 102.15489 1 0.13652031 814.03186 123.88885 925.0919 243.6065 1 0.12935792 907.57806 644.0387 1024.0 1018.04663 1 0.124244876 63.2507 954.489 598.1206 1021.3844 1 0.10642202 869.15515 238.90327 1016.82336 581.63654 1 0.10483055 785.86176 80.018845 829.1999 147.52467 1 0.104595505 859.2006 245.55952 1021.33636 341.02933 1 0.10342107 925.4769 602.399 1023.4978 646.14594 1 0.1021047 803.28815 142.61356 847.2608 244.25348 1 0.098207705 847.8412 391.20312 915.8508 416.83887 1 0.09534614 862.93854 318.32953 930.7148 388.0503 1 0.09363657 871.23627 32.46672 1023.58344 109.61903 1 0.093381464 912.38995 202.54489 1023.25555 350.2701 1 0.09150421 907.8136 290.15466 943.8236 385.62555 1 0.09090824 782.049 44.00897 895.77045 116.063965 1 0.075840585 842.1795 49.61808 1023.45905 87.98878 1 0.07318228 889.6981 363.70044 977.1323 618.4592 1 0.07270029 845.79736 219.93266 968.3152 256.77173 1 0.0693206 820.94116 324.0957 933.93933 420.98114 1 0.06780792 367.48004 7.2200623 1014.3172 134.21541 1 0.067771174 602.7292 1.3300934 1024.0 392.23682 1 0.06470585 843.12103 385.47186 920.28204 439.60712 1 0.0638514 353.79938 4.6039124 1024.0 262.572 1 0.061986927 763.70715 58.225677 923.1929 403.35635 1 0.059500102 46.967957 926.6946 834.04236 1014.97314 1 0.05908181 857.32446 408.95108 920.04175 444.92087 1 0.057251822 903.1805 29.8614 1019.8201 61.812916 1 0.055923034 855.2401 254.76566 904.22534 293.82364 1 0.05391289 895.8567 60.738163 952.7776 91.59938 1 0.05341046 974.57104 198.64436 1024.0 297.85736 1 0.052507125 844.76807 243.37207 918.6986 256.87018 1 0.0508992 823.396 368.27426 848.8877 413.23514 5 0.28229386 893.067 382.55447 1023.9984 652.1234 5 0.1688099 925.62384 445.14993 1024.0 615.18884 5 0.10637366 960.0335 447.59048 1023.60175 503.58102 5 0.070984334 925.5932 420.83792 965.05145 628.68115 6 0.061258513 932.4012 594.77 1023.6597 697.51904 ,test/1350.jpg
0 0.6835806 419.15756 628.5869 487.06638 698.3323 0 0.58963794 443.47882 282.1557 492.72314 364.50824 0 0.3366565 356.9813 555.1442 389.13443 602.9505 0 0.19753952 442.40912 283.01373 536.49286 426.94025 0 0.12386003 439.02625 284.0676 463.3487 356.16068 0 0.12331511 481.87704 289.58337 493.34488 366.232 0 0.1049938 368.57825 336.4514 537.0127 564.9743 0 0.06320682 467.76846 285.5619 490.3447 364.1358 1 0.98900783 334.0253 440.48212 571.5727 728.8299 1 0.9565627 366.71234 340.8511 536.66003 561.11597 1 0.3535261 357.83063 452.3228 477.81805 609.5446 1 0.24422981 419.77094 628.88617 485.91394 697.477 1 0.16282088 623.96246 313.89844 668.4018 342.64368 1 0.092277 342.48193 542.2913 502.33087 726.1153 1 0.064477436 593.1365 304.70465 639.0879 349.86395 1 0.0614383 621.9194 325.69894 679.5883 343.76584 1 0.06110389 448.49847 435.22205 566.813 711.20703 5 0.4506511 918.2667 98.80137 1024.0 353.50693 5 0.13515775 920.4509 99.329025 1024.0 155.87149 5 0.07483103 419.50598 628.1807 486.42133 698.97296 7 0.9997644 62.276154 340.927 374.17422 777.43835 7 0.99976176 729.5546 546.78986 919.66876 760.14496 7 0.9995677 690.53986 300.31775 879.5223 611.0017 7 0.9986066 572.2908 293.82672 720.5249 664.1895 7 0.56417847 665.498 243.75406 778.59186 365.66586 7 0.376897 618.7173 247.20079 691.78613 321.50653 7 0.3626178 219.60022 346.08908 254.07031 402.91592 7 0.31642509 613.41187 246.4542 738.08826 372.6567 7 0.08712316 419.77094 628.88617 485.91394 697.477 7 0.05535012 625.6885 313.30304 668.51514 342.0312 7 0.050053313 593.0508 304.7867 639.27014 350.66342 ,test/1351.jpg
0 0.12812068 717.7359 573.1918 737.2481 608.74304 0 0.06381718 619.5597 113.46321 763.0348 289.479 1 0.97949 484.70624 377.8385 807.436 831.82446 1 0.8811373 503.7055 111.31427 787.14703 651.8552 1 0.69791967 0.0 633.6612 50.025146 705.8548 1 0.3283046 718.77936 572.75824 736.2673 609.33514 1 0.15873982 617.9213 112.28934 762.3796 288.12955 1 0.10334696 717.0451 506.1355 797.9445 822.01404 1 0.09683977 0.08248711 800.6376 54.17498 1024.0 1 0.05422517 718.76807 568.43195 738.2483 636.9311 3 0.060458854 0.0 809.7856 43.421303 878.7768 5 0.507181 921.3365 94.03319 1024.0 121.83818 5 0.09092771 332.77545 878.20386 407.07233 1022.92224 5 0.07832327 0.0 811.9616 44.059204 878.8577 5 0.060260575 0.2168808 801.2098 53.51455 1024.0 7 0.99721056 0.0 591.7793 254.61487 1016.52344 ,test/1352.jpg
0 0.98914963 856.4713 32.375595 1024.0 229.83162 0 0.08160013 881.6613 34.908863 1021.69464 125.86528 1 0.16776171 854.0615 69.59021 1024.0 230.62204 5 0.99936515 407.0559 354.6125 751.71265 651.458 ,test/1353.jpg
7 0.98746026 291.75916 378.24625 646.0214 750.70654 ,test/1354.jpg
0 0.10167775 508.87204 37.008217 579.1018 211.23434 0 0.0807372 459.70074 125.47108 534.8126 203.8635 0 0.079721294 411.49338 485.85913 457.26462 586.13513 0 0.070854105 445.2298 34.35533 562.9567 230.02458 0 0.060180195 279.53253 282.08228 412.13037 397.7495 1 0.9711255 446.748 736.72156 708.4517 986.47144 1 0.9500187 76.30661 325.76477 459.4816 780.9712 1 0.84972477 257.07693 725.4153 479.244 913.5265 1 0.8012794 390.67548 121.67119 551.20795 444.13647 1 0.78672016 194.35716 501.52856 459.32935 825.0719 1 0.63549495 459.42804 125.47966 534.5456 204.14204 1 0.25589254 433.5286 196.40381 542.58453 251.01013 1 0.23643836 7.4194565 358.9855 219.20975 560.9751 1 0.107553765 11.254715 330.97803 423.6949 602.3187 1 0.091615 225.24377 605.7023 493.22498 943.34436 1 0.08983389 211.14012 636.8061 302.41553 695.7399 1 0.08664664 428.3931 124.330574 537.07446 238.49475 1 0.08132557 301.07477 548.83374 443.8719 812.58704 1 0.08059225 254.02339 647.6456 450.92694 815.84973 1 0.07288931 368.8396 382.07257 451.4309 539.09314 1 0.065594874 110.60591 532.46497 398.01068 790.9541 1 0.06123237 212.6571 553.1408 374.23486 696.9456 1 0.056242075 279.05212 281.38474 412.8023 398.7816 1 0.05570784 233.30293 594.75085 707.8679 965.9241 2 0.15353031 459.62598 125.27703 534.7771 203.97025 5 0.07432107 392.6455 24.801743 575.17017 477.00018 6 0.9925929 413.8282 90.58194 839.1778 864.0702 6 0.6910217 455.74536 109.674774 847.28064 496.5264 6 0.4837101 431.71683 612.7805 707.94385 856.9851 6 0.10293604 555.36633 371.899 819.52673 854.92206 6 0.064694345 442.01077 668.4979 706.75574 987.28796 7 0.9827 119.90019 95.72919 272.44434 331.45953 7 0.91931635 368.8691 172.07306 402.98563 299.36398 7 0.91407907 123.433975 92.38789 387.40802 390.58453 7 0.80869925 167.69641 178.74011 360.44238 381.69446 7 0.6055021 97.85345 556.6021 240.01758 729.29645 7 0.57922363 286.43472 176.58267 387.93484 300.82135 7 0.4968098 508.87204 37.008217 579.1018 211.23434 7 0.30390173 279.50488 281.7241 411.27728 398.36533 7 0.17080916 275.73175 175.71275 415.00018 399.32776 7 0.14764655 465.2694 35.725075 563.86426 215.41791 7 0.11175996 98.41237 551.36584 182.10439 696.5613 7 0.05780026 122.962326 100.78323 186.61885 340.8117 ,test/1355.jpg
7 0.9991393 89.84305 216.9696 730.4846 810.38794 ,test/1356.jpg
0 0.93225294 404.96692 243.65407 469.2561 284.6031 0 0.71816224 899.7082 612.829 1020.77386 776.59705 0 0.5247612 311.45807 10.357094 518.22974 248.36954 0 0.32639617 243.2162 834.5317 508.69684 1024.0 0 0.2876416 373.91107 223.77672 418.22614 597.76263 0 0.26593286 245.959 127.10196 479.41058 624.6876 0 0.24214469 192.86395 29.780945 830.11676 267.61395 0 0.19148842 23.342804 501.3836 907.3954 914.91425 0 0.17985955 182.7616 129.30005 509.28992 266.62186 0 0.15011628 393.86633 165.61172 806.7539 348.33804 0 0.13097084 310.32147 153.75392 803.5203 230.55736 0 0.12445328 899.75574 751.77026 943.0067 788.3142 0 0.124344744 325.66965 135.9057 511.01334 230.95361 0 0.118580595 266.96484 643.16956 532.3484 1023.63684 0 0.0839981 978.86237 581.2705 1024.0 702.4038 0 0.07422897 397.01596 215.0401 464.88925 286.64206 0 0.07192736 154.29465 146.81564 804.0205 625.9852 0 0.06998236 658.67957 583.4553 1024.0 1017.03076 0 0.06945247 846.01636 555.1925 1018.0205 853.91626 0 0.068229534 812.9352 347.35022 1017.65076 556.5 0 0.065284036 404.3921 833.2949 514.203 906.40894 0 0.060963787 383.2998 563.4813 912.67896 889.51 0 0.055775546 293.5337 101.65755 510.91418 191.84981 0 0.05095401 114.959656 499.42883 722.0289 647.9182 1 0.99192214 143.11346 99.9306 825.3982 621.09283 1 0.8512665 671.50964 690.2114 1021.6741 1010.0189 1 0.7593526 306.03348 25.63694 812.4158 280.4442 1 0.73262954 811.49713 350.04126 1019.08344 555.5427 1 0.43332466 20.700043 497.5641 923.69214 963.796 1 0.3796568 133.38596 740.908 1024.0 1014.43365 1 0.30098185 899.5607 612.3785 1020.9224 777.7221 1 0.253103 243.2162 834.5317 508.69684 1024.0 1 0.24443915 815.52466 598.84424 1020.22144 981.26794 1 0.23647885 755.69073 64.37158 1022.6114 807.65314 1 0.21314532 788.00336 400.81503 822.6556 542.0209 1 0.19585288 978.97473 578.4301 1024.0 704.0456 1 0.16889174 377.2141 196.31612 803.92676 601.5125 1 0.16833192 375.91394 239.7076 798.52747 350.68063 1 0.14746808 402.73846 833.66626 514.0902 906.5382 1 0.12553509 404.31158 123.30719 799.3005 346.28287 1 0.11018137 818.34546 348.95187 1018.9553 816.7693 1 0.097271696 180.34152 136.31702 488.14474 263.11963 1 0.093600065 664.31537 847.2498 994.259 1015.4836 1 0.08354863 177.42616 130.67076 496.50867 620.9977 1 0.08067485 742.7078 79.33301 955.38947 565.29254 1 0.059373677 670.3529 983.0403 959.7363 1024.0 1 0.05142503 838.0194 0.7388687 1022.4961 157.44293 6 0.062605284 979.3557 581.1463 1024.0 703.35895 7 0.74634737 23.090576 503.13928 920.8117 915.03625 7 0.33288696 240.62215 834.49304 512.5312 1024.0 7 0.18194595 3.565256 527.9368 62.7529 775.3588 7 0.136951 0.96440315 541.1228 41.806183 737.23804 7 0.08275282 467.60956 503.15387 910.8338 891.1474 ,test/1357.jpg
0 0.5642315 46.78755 111.31555 418.1588 589.50214 0 0.320799 88.4899 120.672455 1024.0 934.02246 0 0.1143081 437.44986 773.0457 597.7593 858.3548 3 0.051857695 347.9552 121.11218 1024.0 934.48596 4 0.08699216 448.01706 604.58734 928.8563 946.4379 5 0.6952227 402.10126 122.68924 1024.0 936.553 5 0.3762196 443.92084 613.5282 938.7769 941.6063 7 0.75136805 50.462555 112.53241 416.15002 587.8556 7 0.18206634 384.71225 122.59238 1024.0 932.9552 ,test/1358.jpg
0 0.8283902 752.3883 364.51117 845.24194 569.5848 0 0.5779735 580.5534 334.05634 769.0319 460.78613 0 0.45919666 401.17194 375.0001 550.80994 464.48087 0 0.26562902 696.1916 678.1516 850.5236 946.8146 0 0.22098479 263.99258 415.93582 595.88257 669.016 0 0.19261906 265.7576 431.3612 828.71545 894.49 0 0.1911138 730.8659 162.26012 867.9069 673.47784 0 0.12090194 562.77185 338.78644 875.88403 550.2835 0 0.11849116 545.0095 162.74841 934.8705 685.9937 0 0.115573876 405.06073 372.7405 536.288 415.33096 0 0.08962143 108.634125 300.96 426.96066 548.4297 0 0.08254692 556.7374 388.5932 860.6603 704.52655 0 0.06855337 501.80225 350.35663 867.53064 916.4338 0 0.062591836 324.73187 384.97153 554.26056 532.73035 0 0.05725172 555.877 180.5625 789.9632 560.4735 0 0.05638631 525.81116 177.46219 641.50366 328.45175 0 0.054361206 622.79913 178.66714 784.0534 318.73718 0 0.051165067 525.85254 163.33923 834.1239 356.177 1 0.07971711 402.92285 371.61426 542.156 468.33264 1 0.07655239 405.54956 372.1672 536.78973 415.37167 5 0.27905917 699.23535 676.52185 849.3873 945.8618 5 0.07230339 401.68173 373.01196 551.53394 464.5606 7 0.9519891 277.8476 140.65273 660.87213 347.08344 7 0.76359504 261.07443 447.97168 595.4647 659.3633 7 0.3452318 727.702 155.9788 865.43823 665.9892 7 0.30029365 266.95483 204.50543 594.4395 688.2328 7 0.24066749 361.53918 333.59918 422.56134 569.48566 7 0.19272855 532.5957 161.7645 818.4636 357.75443 7 0.16329806 389.10406 149.21478 580.3056 330.26804 7 0.1470056 555.96216 149.3888 873.22595 706.56885 7 0.14306916 183.96506 138.11699 746.6675 598.459 7 0.13806933 517.2514 315.28534 616.5959 373.69446 7 0.13627449 283.2567 145.27943 456.37158 347.0091 7 0.1315904 282.03076 141.26344 444.32812 554.56177 7 0.10774425 223.40639 270.7234 427.888 546.2678 7 0.10728245 260.19965 139.90714 946.08673 842.0559 7 0.097378656 324.73187 384.97153 554.26056 532.73035 7 0.09376981 331.7804 329.9819 442.2254 536.895 7 0.07002441 401.68173 373.01196 551.53394 464.5606 7 0.06919216 731.2635 156.64851 974.59454 571.1828 7 0.06159392 620.9023 175.86961 793.8005 320.59235 7 0.059865493 522.306 318.37408 574.40295 373.89642 7 0.05785629 376.3133 327.97083 449.1646 382.27747 7 0.053960998 259.94968 341.83838 455.48502 651.8329 9 0.8579739 266.01758 414.1147 839.51624 903.8018 9 0.547113 548.72675 349.5068 858.91486 958.68787 9 0.5033124 556.81866 392.4875 861.5041 703.9687 9 0.28871998 582.42993 336.5804 768.60095 459.74185 9 0.20022058 559.53937 365.56894 835.7789 560.9453 9 0.16551223 686.51556 617.19324 854.6064 949.6714 9 0.12500738 593.2539 145.91296 862.9231 691.1296 9 0.068371564 397.6608 374.9379 542.8641 467.31113 9 0.06272151 729.1196 162.17085 865.14343 668.70776 9 0.057065696 571.35297 418.3114 793.06085 538.63184 ,test/1359.jpg
0 0.20216864 832.20593 584.344 1022.6371 721.9325 0 0.13040516 448.81656 668.29517 502.99692 688.4569 1 0.9466752 206.62617 535.40466 586.5038 594.7687 1 0.11942973 212.39279 523.8661 753.2258 652.2739 1 0.099034384 442.33728 545.27356 571.82086 593.88696 1 0.057628144 448.81656 668.29517 502.99692 688.4569 5 0.83757013 196.04184 862.63007 708.6095 1018.53485 5 0.14609729 363.63922 388.0713 484.54456 427.4098 7 0.9991609 142.12442 266.96027 851.1161 577.07416 7 0.99875605 696.0214 568.81244 831.4869 813.2482 7 0.9982317 90.68793 575.97314 745.1733 935.0641 7 0.94698596 194.35822 576.6162 744.3022 692.5681 7 0.665988 704.9105 455.20953 835.3406 582.3217 7 0.16001694 720.12 573.3435 818.30286 604.81384 7 0.13135901 746.1418 329.78015 843.14264 472.82098 7 0.13047005 716.7669 571.0642 820.38153 650.8264 7 0.11829018 448.81656 668.29517 502.99692 688.4569 7 0.11705633 212.39279 523.8661 753.2258 652.2739 7 0.09926312 819.88586 299.05536 851.8456 352.5089 7 0.06777334 524.145 452.27414 844.54956 584.8063 7 0.05902985 191.47992 511.68686 775.3014 815.323 7 0.053323872 809.74304 281.49567 852.15186 369.88898 ,test/1360.jpg
0 0.4382275 240.37228 150.95956 1011.9231 388.32785 0 0.3414648 960.29224 2.7216873 1023.0304 222.03415 0 0.3313748 537.32434 104.28073 758.3866 648.65393 0 0.27842188 268.60077 190.47987 969.8647 239.90459 0 0.255698 269.04562 191.51167 324.18283 282.60626 0 0.20315488 203.52429 116.337326 1022.74695 576.9982 0 0.17761566 335.31183 510.96762 948.9329 636.9547 0 0.13045484 374.1939 85.07489 811.2104 623.37823 0 0.09231416 223.75687 423.03082 1000.48584 543.26373 0 0.08247863 263.30194 147.24663 984.30927 266.95547 0 0.059589922 301.51965 376.23138 965.07666 642.9211 4 0.06383658 950.9138 170.36499 996.38586 276.45584 6 0.97068226 198.93796 90.70093 1023.7604 601.2297 6 0.8075472 336.03122 513.4752 951.03296 638.27795 6 0.18711014 223.75687 423.03082 1000.48584 543.26373 6 0.17096983 301.51965 376.23138 965.07666 642.9211 6 0.0644043 938.2615 493.2557 975.2019 558.61755 9 0.23633577 960.29224 2.7216873 1023.0304 222.03415 ,test/1361.jpg
0 0.26749492 154.08456 906.9154 708.5519 1024.0 0 0.26334172 635.0151 903.4601 1024.0 1024.0 0 0.11803039 715.13495 903.8895 798.3294 960.5879 0 0.09360821 632.93365 913.2554 763.9805 1022.5127 0 0.060038943 340.81818 532.2553 731.5673 784.55255 0 0.050759032 213.85211 658.76514 804.1284 919.32446 1 0.882949 661.915 903.05884 1024.0 1023.27295 1 0.82113534 334.96216 531.3672 731.5061 789.4387 1 0.6674335 293.55295 737.0148 726.6489 800.6421 1 0.3209431 634.1256 910.38403 670.99475 978.24524 1 0.2163933 259.63855 647.67206 711.62085 789.8774 1 0.16216686 214.9271 638.68756 805.1498 920.5484 1 0.12315222 650.79553 909.57184 685.1185 974.2502 1 0.068110704 627.3354 908.6493 705.29694 979.11694 1 0.05214504 658.21765 906.7398 735.88306 964.09015 5 0.60297614 343.14624 532.1766 731.26746 783.57574 5 0.2831811 327.9831 692.23065 717.11664 756.0549 5 0.12748584 318.99164 637.0757 728.4168 743.4015 5 0.06808671 237.1928 650.7059 722.30896 799.03046 5 0.06453842 209.35483 629.6759 804.44604 923.172 5 0.051379956 108.54773 709.8154 241.00073 944.1124 6 0.9490013 229.58469 710.5726 794.7495 916.76044 6 0.05518446 41.196808 757.5598 792.34937 1023.1023 7 0.95738703 636.9019 912.762 764.04987 1021.6694 7 0.21516092 154.08456 906.9154 708.5519 1024.0 7 0.11918608 0.0 285.06558 226.3071 391.18704 ,test/1362.jpg
3 0.9996228 434.06732 273.2359 540.3422 571.2031 5 0.7885529 611.85156 0.0 1015.2151 485.06323 ,test/1363.jpg
0 0.3421605 238.40392 251.45862 360.03705 448.20514 0 0.300889 232.76991 88.92477 263.2622 276.00934 0 0.15165035 126.92052 215.2329 404.67902 440.70038 0 0.14282635 232.92146 96.45026 259.10114 183.64117 0 0.12746784 266.82474 364.38315 341.49405 451.1213 0 0.107018046 377.4668 366.7166 864.34106 739.3046 0 0.10332431 66.114716 416.67636 426.71417 530.3764 0 0.084205605 256.8586 177.689 271.23032 266.83496 0 0.08158991 251.94736 312.15247 409.22794 450.55438 0 0.08086641 129.38712 222.10489 264.7434 339.47836 0 0.0667702 473.30737 14.735809 602.43787 404.21964 0 0.06579271 230.54373 85.70002 280.7559 341.1973 0 0.05254059 336.56027 378.51816 374.95035 408.07437 0 0.051718704 254.61026 317.82184 346.7797 400.1239 1 0.607115 122.863495 208.96326 402.7269 441.33942 1 0.45927763 142.82977 226.38562 248.9512 334.63818 1 0.2732308 0.0 547.14935 344.51794 1022.49713 1 0.21570486 266.82474 364.38315 341.49405 451.1213 1 0.1329976 262.78952 369.1365 416.03415 449.54208 1 0.12599503 231.73294 260.49304 404.7714 452.5454 1 0.1227683 72.45584 41.5383 872.62537 535.6145 1 0.12186335 82.37851 177.51476 462.19846 527.3333 1 0.08760591 305.92755 400.41238 411.14215 451.96152 1 0.073848404 200.5666 247.74414 433.51233 537.3881 1 0.06474999 126.08422 219.23679 295.93738 382.49557 1 0.055473614 123.46335 124.31439 596.7418 440.10016 5 0.9154481 379.36798 365.51804 867.27155 742.47156 5 0.76365024 64.8902 418.19666 423.74557 531.0035 5 0.05209151 286.35736 0.0 475.41687 278.7862 ,test/1364.jpg
0 0.27138704 666.27814 438.85352 688.37897 507.53308 7 0.9930155 399.3217 424.14838 696.4418 587.51373 ,test/1365.jpg
0 0.19995138 399.108 429.03625 685.57947 597.5266 0 0.19951354 479.57724 532.8637 705.2721 663.7707 0 0.19146144 435.2608 360.1175 719.4272 645.14215 0 0.17255342 394.77344 172.27527 609.03613 244.88821 0 0.13557424 462.13254 427.29324 908.6907 698.25757 0 0.1266101 471.24094 597.6018 664.2186 661.7405 0 0.09792146 501.42096 247.25266 645.69305 286.5452 0 0.06544594 670.6528 264.56122 710.3018 300.5008 1 0.99616987 175.33438 409.4366 926.7611 869.891 1 0.9838446 126.76732 76.819336 578.13153 309.16068 1 0.9700557 154.72818 207.22447 753.6797 570.78516 1 0.87293714 396.1191 431.61603 685.9131 597.2238 1 0.7764472 389.1781 174.00554 616.1933 243.7393 1 0.7628941 116.313354 147.51532 782.4662 323.17313 1 0.68096703 406.56662 274.58984 735.75366 604.7807 1 0.5483799 670.6528 264.56122 710.3018 300.5008 1 0.45358092 454.79694 428.7972 910.1268 687.355 1 0.19512506 385.31592 195.25838 635.56805 267.21912 1 0.15083095 154.95477 238.4841 656.2003 313.68637 1 0.13184153 600.57214 150.16716 749.73413 206.38683 1 0.12755595 195.73502 373.3158 745.1725 626.90485 1 0.093185164 5.3498535 457.84845 261.25507 732.48505 1 0.058729775 155.33331 269.0932 454.07678 577.2004 1 0.05750537 501.42096 247.25266 645.69305 286.5452 1 0.05113344 455.41946 233.3491 717.0326 310.26105 1 0.050765384 380.8346 77.65372 571.95685 242.0206 4 0.06726559 552.79376 250.8309 623.30756 281.07974 5 0.09147461 399.66766 432.75787 686.0523 597.0445 7 0.21483351 393.4721 172.19461 597.64795 243.31354 ,test/1366.jpg
7 0.99976605 647.6197 658.68744 902.94867 965.3431 7 0.99971575 166.7648 163.67255 467.9543 457.5935 7 0.9972518 266.6279 376.2207 602.099 906.90845 7 0.97325385 118.54866 727.0154 556.39215 919.9563 7 0.8921553 677.515 597.66095 799.0088 704.69525 7 0.35899425 113.054886 710.20746 338.46442 844.9466 7 0.18882954 192.50629 173.87668 254.32263 216.40536 7 0.07892941 447.60397 374.5718 594.21136 487.3918 ,test/1367.jpg
1 0.99858296 287.39935 236.63428 742.1645 889.87244 1 0.91926104 596.9716 218.30954 705.7515 272.56082 1 0.08496847 464.43762 234.0676 597.3164 279.00778 1 0.06332755 591.5905 215.21727 732.7321 348.54034 1 0.053048782 299.51584 231.93188 737.2588 377.02197 ,test/1368.jpg
0 0.98939615 364.2532 517.99695 624.6953 992.031 0 0.97168136 667.50244 441.06937 786.4811 655.5419 0 0.97123814 668.9407 642.25696 792.77344 764.36035 0 0.9610778 665.60114 455.01343 787.73627 559.87036 0 0.75287163 662.8136 727.242 743.9667 785.31915 0 0.6797901 424.76498 538.0161 452.83847 668.89453 0 0.62147903 440.21933 756.7875 579.5449 969.90125 0 0.6019777 503.4659 555.40485 623.47565 732.5699 0 0.59264535 451.12915 696.73883 511.67944 752.4167 0 0.5385674 665.29364 431.8188 728.96136 472.57672 0 0.5017785 663.4391 817.415 711.09546 853.9156 0 0.45473588 570.1168 488.3934 602.5403 538.56506 0 0.44758573 813.1211 505.67218 845.59436 562.17206 0 0.44252044 632.7825 402.18942 713.1293 467.0839 0 0.39034918 507.7218 390.07516 575.3557 553.3745 0 0.27196297 655.7646 661.62787 743.89496 788.4377 0 0.2645812 505.81763 550.6383 624.95154 983.65234 0 0.21233092 439.12854 516.918 622.5398 771.43634 0 0.19176565 677.698 772.3239 717.8152 795.7485 0 0.18228331 689.8017 530.6202 778.5413 648.1954 0 0.18058227 596.78925 505.13477 621.1292 542.32935 0 0.17768382 494.01312 384.99323 617.04034 679.4417 0 0.1748387 537.0891 565.11487 617.9756 678.9573 0 0.15179326 660.7891 419.61905 710.00665 468.93564 0 0.10267293 654.25354 407.7213 694.78406 466.1209 0 0.09225887 742.9795 381.02917 768.5343 435.9912 0 0.08122903 528.30914 746.8942 619.23737 985.4841 0 0.07948941 714.03625 609.06964 776.64075 649.67145 0 0.079458736 662.3058 550.9091 701.0968 635.2391 0 0.07848177 778.5513 552.31445 807.1395 583.53296 0 0.07319888 778.16876 472.1675 804.4151 586.8106 0 0.07031494 505.43875 651.0625 619.3433 808.47217 0 0.055805523 512.2506 494.37094 627.744 637.5517 0 0.05300042 640.19226 686.88635 660.74084 873.24915 1 0.2514841 632.11993 402.42902 700.56586 465.24054 1 0.20209983 842.2965 421.8695 873.1959 448.7295 1 0.14696835 663.4391 817.415 711.09546 853.9156 1 0.11846967 662.75616 727.08746 743.81854 786.03217 1 0.08112702 813.1211 505.67218 845.59436 562.17206 1 0.0548231 479.7741 329.5492 614.76056 412.8208 2 0.8874367 479.37683 329.2767 615.09863 412.83517 3 0.44990203 480.1242 330.63562 615.0141 412.54218 3 0.1341591 508.55536 389.90936 574.92206 553.5059 4 0.99809223 228.6869 287.31732 463.5775 434.26953 5 0.19427079 479.95312 329.42603 614.8237 412.78986 5 0.15443346 424.46927 537.00604 453.25992 669.48004 5 0.11434198 508.96072 388.86032 574.86554 553.7278 7 0.25028983 450.7863 535.6664 622.4118 751.1151 7 0.109327495 425.41006 515.9502 624.39124 896.22437 7 0.09057264 508.55536 389.90936 574.92206 553.5059 7 0.071721 643.9749 695.97345 742.04694 789.2764 7 0.06420694 420.0882 532.7108 507.3908 748.0398 ,test/1369.jpg
0 0.072938584 738.5386 262.083 828.9053 313.4192 1 0.9988134 651.6925 146.17032 742.0061 353.2205 1 0.89421535 375.44244 431.85544 423.9076 528.2433 1 0.7668008 768.6921 549.703 827.51154 651.11414 1 0.26984558 651.0422 140.40729 825.8118 370.98712 1 0.26732504 740.23724 260.97067 827.9041 313.05618 1 0.21324092 691.0917 114.5153 1013.2484 364.7621 1 0.13828203 647.9179 160.76396 692.4106 199.53615 1 0.0821119 676.01447 261.1907 822.41876 402.9091 1 0.06864876 283.58795 701.3447 334.27545 793.1105 7 0.99995995 395.53198 58.601532 668.4037 516.22253 7 0.9998913 235.71805 504.0711 629.1207 984.52606 7 0.96755576 240.38086 663.5748 318.44104 846.0365 7 0.1101718 268.75964 666.3366 327.70258 808.0572 7 0.06018841 283.58795 701.3447 334.27545 793.1105 7 0.058581784 386.76764 481.10532 472.2757 559.70386 7 0.056213707 281.35608 478.85153 476.1306 809.6157 ,test/1370.jpg
0 0.29433262 98.96387 375.81488 301.25058 760.2453 0 0.22370602 462.82587 409.37906 569.03815 702.2777 0 0.18427834 546.6963 398.48602 665.6421 816.97406 0 0.101554096 336.9633 452.327 481.40372 804.1444 0 0.089453556 198.37793 414.49588 546.2687 804.2228 0 0.08180177 231.24585 421.55045 401.4729 780.14844 0 0.07433027 442.65964 405.7978 660.0685 827.50116 0 0.063571185 524.391 414.76733 572.3937 698.4276 0 0.057257768 81.24807 374.9887 223.27884 614.6819 0 0.056375448 262.9835 442.27844 401.4636 652.31775 0 0.05464842 345.25775 542.7456 412.88074 650.5802 0 0.05014229 33.954987 368.19293 221.43127 730.4886 1 0.40988594 262.20142 442.06976 399.67816 651.92487 1 0.25653598 345.25775 542.7456 412.88074 650.5802 1 0.08264243 339.38162 448.27026 477.25095 793.8202 1 0.0765107 229.6486 437.49527 406.53973 764.74585 1 0.055130072 385.41882 454.33017 486.75317 667.5309 5 0.55794764 89.21815 373.47632 303.4143 760.3236 5 0.52270925 81.24807 374.9887 223.27884 614.6819 5 0.39848322 805.47 615.2335 1024.0 1024.0 5 0.24511233 33.954987 368.19293 221.43127 730.4886 5 0.11195872 224.37465 385.15964 301.349 643.1609 5 0.085276894 231.24585 421.55045 401.4729 780.14844 5 0.076291524 559.9631 399.9953 661.89923 703.56366 5 0.06680108 152.79152 393.5444 480.87958 791.7617 5 0.066173784 461.24255 410.21988 572.34753 700.79285 6 0.15334097 100.06979 377.0677 299.60895 761.75226 6 0.15239502 80.45249 374.8528 221.4386 615.1268 6 0.060294222 85.70018 458.92047 154.89722 605.9893 7 0.050283063 83.95057 374.3975 303.45517 759.8032 9 0.8340989 450.3823 407.35233 567.70575 832.629 9 0.81715214 332.24805 447.59662 478.12335 809.60016 9 0.73475564 546.1354 403.0456 661.8572 819.4179 9 0.6374993 224.03326 422.59256 557.9018 806.5405 9 0.6090614 435.20972 404.56116 666.5006 824.9346 9 0.4279228 233.98431 434.69693 405.25824 781.16675 9 0.30171728 40.87062 372.107 329.48322 758.53033 9 0.1320422 501.71027 412.40674 568.9172 702.43713 9 0.06294538 538.2461 415.66937 570.249 665.15826 9 0.055745598 262.20142 442.06976 399.67816 651.92487 ,test/1371.jpg
0 0.09465221 380.76477 197.10815 611.3717 852.66174 5 0.8476705 380.364 197.59656 612.8472 853.4066 6 0.3984623 380.74936 195.87415 609.8862 848.1542 ,test/1372.jpg
0 0.9992944 310.90936 349.86426 777.0688 679.5697 ,test/1373.jpg
2 0.99852294 330.6117 510.01163 605.08307 668.39624 ,test/1374.jpg
0 0.9939459 0.0 956.01416 123.10533 1024.0 3 0.7265055 311.4324 336.49756 872.6356 701.6637 5 0.73101383 309.39355 336.35968 872.3446 700.53937 ,test/1375.jpg
1 0.23502304 323.85434 242.40283 913.58606 758.7395 2 0.9575583 325.5619 244.08527 914.8131 757.6266 ,test/1376.jpg
0 0.20892797 186.09344 371.40607 733.0079 708.1242 1 0.280707 185.12259 373.68658 733.24414 709.62445 2 0.688933 185.94171 372.06284 733.76654 702.82275 7 0.2823234 186.5039 372.12988 732.93115 704.9795 ,test/1377.jpg
0 0.26021656 603.7637 632.7412 875.1428 926.28455 0 0.09574666 471.3388 422.91736 880.93365 919.5592 5 0.99939156 188.16348 319.13287 373.63138 437.27222 7 0.9903279 466.20853 414.49414 664.8468 529.849 7 0.9446722 601.5449 631.9216 874.5337 924.6977 7 0.055562653 471.3388 422.91736 880.93365 919.5592 ,test/1378.jpg
0 0.1426361 697.1566 416.55368 892.1654 584.31976 0 0.06486128 782.07086 449.22852 895.1772 589.214 1 0.21365477 0.54893494 435.733 113.15098 488.32877 1 0.16241476 402.04233 381.4864 451.76505 437.01404 1 0.120801985 866.5755 347.6694 963.24786 379.7601 5 0.22781137 831.0875 447.06393 896.4877 522.671 5 0.1798501 825.4416 387.0404 1024.0 590.0788 5 0.056557953 861.00555 341.6446 1024.0 393.38824 7 0.99972886 389.70834 555.08124 632.4978 692.2724 7 0.99932194 297.6837 438.9439 540.74243 570.94147 7 0.99887055 610.9641 566.5383 866.7411 685.8319 7 0.99848026 519.86206 439.2068 720.0338 584.59143 7 0.9973016 785.95966 513.22974 990.9805 630.56396 7 0.9965191 5.909561 536.95074 408.87103 695.4329 7 0.9951898 866.43317 579.93195 1024.0 710.1132 7 0.99171937 406.39395 348.7733 655.29803 481.43527 7 0.96325606 13.162003 390.72308 398.19806 582.49756 7 0.9465921 931.80945 338.93655 1024.0 395.10794 7 0.9222066 696.9141 417.77338 892.22784 584.10736 7 0.3772098 934.8232 356.53506 999.1783 395.44595 7 0.36973396 207.58485 383.52063 405.31653 461.4945 7 0.282114 219.93503 392.60425 411.3677 537.34204 7 0.24937756 10.244911 433.14288 261.79224 584.5587 7 0.20363219 0.8156128 520.5557 142.08714 680.035 7 0.13996686 830.13245 446.3499 897.2971 521.70123 7 0.07752833 0.19152069 501.53653 48.177273 564.2815 7 0.076487884 782.07086 449.22852 895.1772 589.214 7 0.07368103 426.87646 369.96103 717.3546 549.85376 7 0.07003198 392.24884 423.33905 920.18243 573.7514 7 0.06619882 933.66284 349.89682 972.771 391.36325 7 0.060038216 271.0118 431.4598 426.8478 544.8514 ,test/1379.jpg
0 0.6816153 459.87372 409.53482 775.9925 695.97034 0 0.29578236 368.45575 259.63666 770.2237 718.96655 0 0.19505244 564.72473 545.2138 775.7162 696.79254 0 0.07585316 211.34125 308.3797 389.39142 503.1587 0 0.07462534 389.29132 524.47687 768.8122 953.72003 3 0.07777411 211.34125 308.3797 389.39142 503.1587 5 0.90563047 313.49792 169.94359 672.5045 637.356 5 0.5075207 364.03027 249.89203 768.26685 725.9072 5 0.2505896 376.7208 574.50854 659.19556 982.4436 5 0.106541894 322.0769 183.4408 512.0502 485.38605 5 0.06718227 375.6541 377.13425 791.29987 946.8164 5 0.06408935 180.34326 310.59906 416.54962 541.5226 7 0.8837439 553.865 764.72656 660.1564 991.02075 7 0.72358364 674.1194 395.304 926.63745 998.4407 7 0.42656368 376.9647 352.1306 899.5574 961.8003 7 0.29926622 374.43527 574.76013 663.5864 982.71313 7 0.06371622 534.6365 458.8713 756.78076 983.75867 ,test/1380.jpg
5 0.16400583 113.885254 272.76538 894.24646 720.1189 5 0.07988257 525.50446 294.30722 595.6258 348.83395 5 0.07517842 331.07874 389.89777 795.3639 703.0854 7 0.933098 120.660095 271.5791 896.09924 724.628 7 0.22771733 135.35577 266.13098 610.9926 589.2895 7 0.17419337 317.22424 390.78796 796.30884 705.1301 ,test/1381.jpg
0 0.9833961 239.65784 367.00262 756.7568 807.5136 0 0.13114648 631.91205 0.0 1024.0 1024.0 0 0.12075002 672.70337 482.8271 1024.0 1015.1589 0 0.08376257 223.71063 391.97855 937.1923 1022.0083 1 0.10474348 248.86697 362.40594 757.02344 810.2669 7 0.24737518 714.5887 468.21307 1024.0 1017.64606 ,test/1382.jpg
0 0.4108575 332.71674 179.51321 785.5533 752.8043 5 0.056466144 329.64954 183.61496 786.2776 752.30505 7 0.7983287 332.07376 182.71225 785.19324 752.095 ,test/1383.jpg
0 0.17706321 607.2079 154.09836 780.4148 513.6909 1 0.9322883 627.4147 255.5437 697.0073 305.87695 1 0.59878904 667.6924 175.89037 759.4856 303.8796 1 0.28663945 602.2046 140.53745 757.7905 302.32565 1 0.12357859 571.23676 147.74083 782.91156 511.29395 6 0.07543724 594.3553 138.58524 758.259 303.26175 6 0.05665858 668.2049 175.16458 759.711 303.8138 7 0.999587 361.48676 154.13815 681.2292 952.6765 7 0.8695417 572.93805 143.08344 783.8393 512.5967 7 0.065808274 591.1118 138.81055 754.073 304.3389 7 0.058749404 622.3031 237.98416 782.224 398.08536 ,test/1384.jpg
0 0.3336926 78.76309 175.42374 985.33386 829.80725 0 0.08093353 308.27252 194.51373 971.94794 613.61633 1 0.79713935 95.933395 485.00964 451.8136 822.1417 1 0.56884 240.99983 492.8866 456.51605 760.1616 1 0.47744036 79.59628 177.46643 987.9916 827.6787 1 0.40358555 384.80655 199.33525 967.84766 531.54254 1 0.38532218 89.24811 662.23224 327.80637 826.1412 1 0.19145773 94.77667 373.33496 637.55115 826.7002 5 0.21173242 124.54285 174.80276 974.38745 816.68066 5 0.08132035 333.37973 195.65495 969.5033 597.1315 ,test/1385.jpg
7 0.99989545 368.92853 63.08432 943.90607 674.276 7 0.9996941 255.68079 443.9356 617.03534 918.88837 7 0.05899153 369.8644 77.62396 573.5805 516.128 ,test/1386.jpg
0 0.06962603 0.0 482.10614 32.934418 494.96228 0 0.056439217 336.2096 717.7419 437.4756 795.25885 7 0.99367344 654.79474 244.57272 978.7332 352.0585 7 0.98126924 55.301758 217.87906 919.4543 732.85706 7 0.9462489 336.1963 717.8146 437.3368 795.32825 7 0.8031667 436.85718 90.99591 871.56885 752.1852 7 0.11149717 487.22565 67.915184 657.5578 315.69128 ,test/1387.jpg
0 0.96487314 191.85158 648.161 313.2115 754.84314 0 0.93182737 835.5271 378.2604 1024.0 498.40506 0 0.86143255 898.9188 405.73224 991.5996 503.54596 0 0.71095103 921.9643 374.068 1024.0 447.32648 0 0.22929324 836.91833 397.78488 926.6135 489.39468 0 0.15641521 912.56067 457.59668 991.75684 504.25983 0 0.13945058 188.83783 620.4046 656.6851 778.82367 0 0.1322035 860.57635 398.57135 927.6309 445.31842 0 0.11649164 838.6117 680.85956 892.88416 701.43854 0 0.10463593 755.7517 665.42865 919.4241 703.12103 0 0.09899073 995.94446 516.34296 1023.4751 579.9632 0 0.09148547 864.19653 424.67508 914.70044 444.9929 0 0.08905075 210.73404 456.27606 255.30588 539.8012 0 0.08787091 860.65063 920.24384 929.8395 946.61115 0 0.06072148 177.06628 225.83029 789.1711 736.73047 1 0.9879776 173.34729 220.93875 827.0926 776.4779 1 0.9086573 718.64685 779.0789 1023.36035 1018.37885 1 0.90231204 735.5687 497.88962 1022.12134 873.19385 1 0.8049113 693.92664 485.4308 855.3374 703.1481 1 0.8002933 753.78357 653.2333 1024.0 835.277 1 0.6566988 724.92413 825.2596 998.3304 922.9565 1 0.6413296 898.981 666.9625 1024.0 786.13354 1 0.5906196 280.841 635.84625 728.97363 785.26886 1 0.5201145 698.69934 873.90265 942.4829 1024.0 1 0.4595436 620.5211 478.63846 865.5082 790.9702 1 0.42852202 763.1118 922.94244 987.5206 1022.20734 1 0.4110306 903.038 926.63727 1024.0 1023.8504 1 0.3461708 755.7517 665.42865 919.4241 703.12103 1 0.3419174 859.68835 919.02405 927.0956 949.3351 1 0.29976636 707.4315 863.3632 1023.42224 971.68866 1 0.29185623 775.6922 505.8047 1020.1617 698.2256 1 0.28057176 703.70984 878.4221 840.4304 1011.25244 1 0.2778697 616.9491 707.05225 841.77405 1018.27344 1 0.2569016 603.19147 642.5596 1023.94965 1024.0 1 0.25398746 199.51294 538.3429 919.3949 821.19763 1 0.22056755 764.76306 652.2668 1016.0537 713.8896 1 0.21580017 735.81055 375.58832 868.39905 517.861 1 0.21260086 838.52734 399.01086 926.6122 489.1042 1 0.18202904 731.39923 676.2539 1000.1645 949.05273 1 0.17230184 732.06104 779.07104 1017.1084 899.8779 1 0.16355634 752.6545 744.36255 820.12335 774.31274 1 0.16337559 794.8976 857.4848 1020.95886 936.4339 1 0.1595841 805.9367 905.83826 861.9074 937.8956 1 0.11435891 762.90466 903.2345 871.8373 939.34143 1 0.11316658 824.561 867.8521 961.92194 909.69977 1 0.10384288 945.25287 862.0442 1024.0 897.61536 1 0.0979786 743.3101 723.1575 816.00006 774.30225 1 0.09775207 795.755 936.0572 944.3031 1008.91974 1 0.09757877 599.5007 691.122 705.78204 792.6722 1 0.09143553 723.9889 367.61133 1007.0681 689.5974 1 0.08827372 193.28369 508.84177 235.65253 549.2577 1 0.083559684 744.67163 745.16504 836.2969 795.4429 1 0.08300802 461.19812 488.14728 1022.4408 986.4986 1 0.078235514 847.1425 918.06134 934.40656 973.1171 1 0.075551495 837.7498 679.2136 891.0174 701.2527 1 0.069983 738.1499 731.2003 1009.5469 844.4928 1 0.06930855 793.78406 906.77527 930.3523 946.02454 1 0.06800331 729.2849 884.12177 861.2771 938.6485 1 0.06611269 794.1662 620.7361 1015.2104 670.85376 1 0.056218557 851.7381 930.23175 974.4545 1007.3117 1 0.055915203 182.82675 240.1064 432.41208 644.6361 1 0.05581352 897.318 844.6713 1024.0 897.7 1 0.054509345 210.73404 456.27606 255.30588 539.8012 1 0.0537869 728.72705 834.1887 893.96204 940.1687 2 0.10216086 901.1997 665.7488 1020.16003 735.68774 2 0.08738881 756.93243 665.5962 917.3459 702.7512 2 0.065587066 837.563 679.5342 893.1974 701.50073 5 0.119235806 837.7498 679.2136 891.0174 701.2527 5 0.07418608 859.68835 919.02405 927.0956 949.3351 7 0.2357516 995.7759 516.8969 1024.0 580.1772 7 0.16801608 210.68742 456.2985 255.94191 539.674 7 0.069998525 993.18805 433.12115 1023.747 473.01447 ,test/1388.jpg
2 0.9998381 418.23087 504.3861 683.14355 838.82996 2 0.84401935 424.2118 505.73856 683.9264 626.9124 ,test/1389.jpg
0 0.9207976 78.39386 327.4648 914.8403 831.1356 0 0.6496963 570.6648 296.17825 908.3622 608.23303 0 0.36092037 311.56512 411.8543 645.0859 653.01447 0 0.3248169 725.1028 301.25537 894.38416 482.59766 0 0.21794002 324.2734 316.08136 935.72925 671.5398 0 0.18535368 43.006653 431.28107 639.6779 813.43304 1 0.081922665 79.46393 329.6933 909.30145 818.18536 1 0.052381743 404.75552 295.16077 912.30994 643.9947 5 0.109973036 16.749298 0.0 1016.57043 875.1537 7 0.053156078 290.2202 421.66776 638.75476 651.8635 7 0.051957693 73.68915 323.56888 922.2102 838.0093 ,test/1390.jpg
0 0.48992857 104.404205 264.50858 842.7843 863.47363 0 0.11336891 427.97165 387.2558 590.91565 480.4641 0 0.09815297 331.0003 259.82227 615.13904 480.63544 1 0.876772 428.58606 386.31393 591.3713 481.2393 1 0.05786985 332.8626 257.06033 601.6092 484.3691 6 0.19877164 309.88022 340.84207 478.1716 483.49167 6 0.11216738 332.8626 257.06033 601.6092 484.3691 9 0.78795356 106.585846 263.84354 853.218 860.9309 9 0.10081362 656.662 314.52734 1007.90784 597.22955 9 0.075276814 326.70227 258.9844 605.4344 477.4423 9 0.05713229 386.90662 258.76044 996.2002 601.3929 ,test/1391.jpg
0 0.18885577 653.67676 2.7260895 1015.01733 146.24239 0 0.17623143 262.902 504.83902 314.2651 608.11743 0 0.16922924 281.13318 473.41608 329.3081 515.1274 0 0.15628311 874.79865 332.62833 938.5102 359.85727 0 0.0943877 281.43048 428.40344 333.4237 520.2954 0 0.08890826 687.4105 724.6007 706.22034 768.1389 0 0.0883544 433.51974 471.3404 552.7192 584.2337 0 0.08704792 271.0626 581.9738 302.952 654.3559 0 0.07248894 630.28394 0.0 1018.6693 393.6544 0 0.062233437 120.326996 327.55475 334.04068 528.5572 0 0.05651862 432.02805 496.06927 481.35434 552.4527 1 0.9980672 0.0 705.98914 135.81738 877.5448 1 0.99805343 671.78326 371.1023 933.2546 841.9481 1 0.9892153 66.9437 475.2514 279.31708 739.7254 1 0.8882264 446.95352 202.19806 775.81165 634.5813 1 0.85873413 320.71335 428.48285 358.01096 486.4521 1 0.83472425 496.38043 190.3075 775.9587 424.42944 1 0.8123088 264.92117 427.1488 361.3082 616.37585 1 0.7979569 358.8249 247.45613 514.76465 589.71857 1 0.60520434 145.9925 383.283 293.95456 570.22455 1 0.48508006 573.3262 335.60687 770.41113 632.9357 1 0.41921374 441.76575 365.5095 706.9745 629.8673 1 0.41394046 673.99756 403.38464 760.8264 595.67786 1 0.33375725 526.5987 546.05597 592.93756 601.9604 1 0.3220502 357.4936 241.04568 525.8764 428.3749 1 0.29292113 431.98956 464.8735 552.91595 587.5772 1 0.2837989 656.2035 121.90991 681.0796 211.3978 1 0.24398436 612.051 346.4562 766.3042 472.41147 1 0.21733484 279.97458 423.25424 357.7305 520.5947 1 0.21079081 130.81348 331.3711 363.5404 615.4421 1 0.20103583 357.0522 344.83008 485.08838 555.7292 1 0.18195456 269.93036 580.8042 303.94806 654.3552 1 0.17289183 260.14594 418.1552 461.45062 635.48285 1 0.15788083 318.01382 423.69342 427.82492 597.10443 1 0.15609127 568.58124 9.917145 768.7735 374.87787 1 0.12692145 483.47226 269.25375 943.6459 837.17834 1 0.12288937 652.13025 350.4763 773.4879 714.1321 1 0.12058711 435.50333 504.06445 480.34036 549.6437 1 0.11327084 93.126076 305.27563 324.60132 520.9972 1 0.11245293 270.08884 576.01874 354.51315 649.58624 1 0.10577114 630.28394 0.0 1018.6693 393.6544 1 0.09604094 670.5652 590.1749 700.5918 653.5145 1 0.09600955 271.45502 465.96045 339.10248 596.35767 1 0.09481211 134.76625 462.71436 284.18518 604.99695 1 0.08210775 463.3343 485.39615 537.9575 582.25244 1 0.08197999 144.11996 346.4533 289.77197 492.72504 1 0.07556241 281.25543 472.80267 329.3598 514.9761 1 0.075528204 355.84973 298.51688 681.79736 529.4856 1 0.0624189 41.974915 364.22894 346.94284 731.8106 1 0.060917765 126.36918 479.6807 256.23956 527.3341 1 0.055538554 262.96143 503.53552 316.7798 604.8312 1 0.051600013 687.4364 726.71313 706.46985 770.9883 2 0.09233109 526.5987 546.05597 592.93756 601.9604 2 0.062217757 431.95782 497.97107 481.32623 551.1736 2 0.051884826 428.99686 471.9901 553.57117 582.01086 3 0.10321931 526.1987 546.73444 594.94824 602.87213 3 0.08313848 271.5731 583.50183 303.99942 653.079 3 0.067042455 428.99686 471.9901 553.57117 582.01086 3 0.054497935 281.13318 473.41608 329.3081 515.1274 4 0.05977948 428.99686 471.9901 553.57117 582.01086 5 0.34445223 433.479 468.7791 547.55396 580.77106 5 0.24320157 270.47632 576.8604 354.22394 645.8261 5 0.16908392 281.25543 472.80267 329.3598 514.9761 5 0.09877543 281.8362 430.70074 330.1265 519.8068 5 0.09336694 526.1987 546.73444 594.94824 602.87213 5 0.06350118 269.9062 580.8418 304.42853 655.0204 7 0.9987924 210.10817 56.618576 443.65094 429.1928 7 0.9960193 262.22034 503.82135 703.56665 1008.62115 7 0.9712086 6.2898254 294.83325 285.2529 536.3356 7 0.6554432 281.7338 430.53613 329.34665 518.7128 7 0.6370949 656.2014 2.3464508 1015.5111 147.38057 7 0.4586756 433.71494 454.08008 549.2804 585.59863 7 0.40059307 281.32758 472.79895 329.32013 514.9617 7 0.10346946 630.28394 0.0 1018.6693 393.6544 7 0.09610005 120.326996 327.55475 334.04068 528.5572 7 0.089070044 348.61243 410.91953 450.5274 592.4194 7 0.08094358 218.04399 292.59674 325.09332 519.05524 7 0.0765393 355.20703 350.8533 477.99805 566.09485 7 0.07193162 979.2111 350.1405 1023.2609 406.97577 7 0.054176692 11.833996 470.9052 106.49475 541.0257 7 0.053400367 360.3369 418.63177 704.08887 632.336 ,test/1392.jpg
2 0.9982322 135.16779 399.9208 879.50305 761.02576 4 0.238408 2.8663254 294.44122 235.215 571.5637 ,test/1393.jpg
0 0.24201241 659.75275 400.08984 752.6434 462.78137 0 0.16512099 574.3493 394.82858 641.58746 423.7346 0 0.09062166 451.59515 487.98663 546.6688 566.55804 0 0.08900511 594.4672 394.95587 764.4587 466.95276 0 0.08122904 551.40125 319.8446 710.73486 403.23834 0 0.079764284 563.42645 393.8776 663.10516 433.37766 1 0.9953418 419.18768 186.84119 961.571 663.77826 1 0.87811613 549.6345 320.33475 709.8816 404.30276 1 0.58851963 534.44305 250.14665 949.6789 541.1542 1 0.4031527 569.4544 338.21088 659.992 403.094 1 0.3277667 421.08688 394.60797 815.3241 668.029 1 0.3250731 529.4879 104.77101 793.183 284.13562 1 0.27950624 640.91595 417.63623 932.7193 662.41125 1 0.2641328 599.4037 393.71497 759.8628 469.60675 1 0.24910474 611.13574 385.98932 713.25256 441.58472 1 0.22134444 574.3493 394.82858 641.58746 423.7346 1 0.21073174 681.63965 562.75806 822.4436 679.52856 1 0.16747466 747.3431 569.03125 819.3686 633.4048 1 0.16280264 759.5161 468.7056 814.3429 539.9684 1 0.15340558 668.0081 467.43295 814.2817 678.19055 1 0.13127016 694.7007 311.56427 965.01086 578.54047 1 0.11490177 743.7232 607.8383 807.0544 639.01117 1 0.106593594 649.6859 393.6974 773.5907 501.7456 1 0.10548361 563.42645 393.8776 663.10516 433.37766 1 0.09816174 749.49554 414.19016 900.9654 530.7032 1 0.09469311 539.4833 239.41306 798.76746 407.49905 1 0.09339614 735.60944 589.141 826.5689 646.91187 1 0.08861742 706.7843 601.72925 808.3606 670.38806 1 0.07896535 455.76718 495.603 543.60425 566.80927 1 0.078052066 716.6032 273.70834 901.09076 520.74896 1 0.059901163 740.6423 246.87033 886.5373 366.85257 1 0.059364837 776.2056 471.26212 939.295 542.88074 1 0.053702436 582.77374 518.9799 911.5323 681.33527 1 0.05083319 659.75275 400.08984 752.6434 462.78137 1 0.050546765 789.7212 280.27692 881.80945 353.5821 6 0.23403531 531.6417 104.61865 795.6295 288.9692 7 0.9989716 259.99142 561.3209 664.49426 826.3873 7 0.9964755 84.13193 356.78482 494.83798 615.74646 7 0.052877568 246.08833 425.39325 324.159 485.47516 ,test/1394.jpg
0 0.69034123 207.10605 180.94049 803.9126 790.7615 0 0.13921909 301.08344 189.23248 767.27875 314.06058 0 0.080078244 340.83667 193.70592 740.33984 235.0482 1 0.28655055 207.25021 180.37872 804.22974 790.5011 2 0.2992613 207.50012 181.99457 805.4956 791.22363 7 0.08305868 208.88757 181.5174 802.93695 791.6137 ,test/1395.jpg
0 0.5863545 622.269 329.19144 712.39935 376.6152 0 0.22100857 755.31177 275.99643 800.5432 291.21103 0 0.21897352 522.312 294.96423 716.6537 371.15045 0 0.15246706 698.8054 221.43524 768.55444 259.74075 0 0.12541759 868.6703 449.36008 923.7241 500.15274 0 0.06547391 604.3164 308.08054 701.6399 368.14316 1 0.94755 493.8244 281.683 830.8564 483.58658 1 0.10321241 698.4312 221.31644 768.5241 259.24573 1 0.05673226 868.1682 449.42065 925.29456 500.24933 2 0.11030201 494.47116 284.32416 831.3396 482.59418 5 0.9920142 19.022118 0.0 186.15845 57.84178 5 0.23161179 23.552757 0.24357033 178.37512 13.688276 7 0.44959813 868.6703 449.36008 923.7241 500.15274 7 0.20545585 698.5075 222.02817 768.47394 259.20844 ,test/1396.jpg
0 0.31789273 339.47748 174.97949 809.67804 840.4552 2 0.58062863 339.3796 175.59106 809.9409 842.9298 3 0.06607741 339.79718 175.21042 809.54803 842.824 5 0.41278738 339.5848 175.37463 806.4629 839.43994 ,test/1397.jpg
0 0.92833143 37.216736 539.22144 133.82483 610.9374 0 0.8937731 929.2346 388.4643 1022.3264 442.39783 0 0.73103654 353.51758 266.35507 510.66748 399.55496 0 0.45661965 433.197 629.22626 785.34033 899.11017 0 0.18790281 155.44899 974.4346 221.87209 1015.56836 0 0.1633211 355.58624 268.151 467.5609 361.59155 0 0.12888013 395.3444 399.9284 638.2735 530.4092 0 0.12260665 433.70685 498.17236 972.7663 943.1212 0 0.058634654 417.36874 862.5035 504.6666 902.18646 0 0.051625617 708.95325 510.7832 1024.0 862.0259 1 0.14794458 353.31287 266.3644 510.5625 400.2061 1 0.050333723 434.11902 629.8031 784.16174 896.47974 2 0.18315944 432.50342 629.70325 785.6559 899.6299 5 0.988208 548.6214 237.05273 708.07965 532.78656 5 0.55127937 397.06555 254.69194 701.5564 581.7659 5 0.39216688 384.13385 401.35464 647.5164 588.7429 5 0.23151128 220.68712 258.6311 701.7909 696.4467 5 0.076328844 234.12335 404.63297 523.1907 686.4995 7 0.8010454 233.32307 394.65503 522.6083 689.7837 7 0.582548 233.70676 495.2614 435.69833 690.81854 7 0.30604917 215.06125 285.9898 695.4193 694.22766 7 0.08548662 395.3444 399.9284 638.2735 530.4092 7 0.057216078 429.75165 626.7175 787.6558 905.48474 ,test/1398.jpg
1 0.99032366 276.25586 372.97974 941.74316 762.25793 1 0.9793657 315.7268 323.76382 792.8091 596.72595 1 0.93726194 283.02252 139.43872 705.53296 369.37732 1 0.21878439 284.73468 144.41031 774.42035 567.9115 1 0.106242254 328.7199 329.10196 692.2027 367.22745 1 0.10285818 697.61273 318.78406 750.37933 384.05518 1 0.070519544 303.46347 349.92517 389.78226 505.39148 1 0.056237612 767.2364 390.56818 791.58014 567.9786 1 0.052893132 297.22614 354.72537 330.14227 507.93167 1 0.051994476 289.39948 162.40656 377.8711 512.40845 ,test/1399.jpg
0 0.84809595 385.41016 472.95355 425.33142 531.11383 0 0.7985221 604.43164 484.1641 791.3762 646.9735 0 0.20711896 386.24857 471.77078 405.845 533.06195 0 0.09249192 303.50476 177.76126 341.57556 214.42389 0 0.09013364 403.33395 393.8887 458.22964 483.2725 0 0.069482744 479.03384 303.96875 499.61234 368.55383 0 0.06916115 408.66202 472.97272 429.10086 527.3649 0 0.060071446 685.45514 489.19202 785.4699 610.42554 1 0.9922923 422.22424 173.28949 869.9281 771.453 1 0.91048163 456.95667 186.00131 803.7931 542.28516 1 0.71250665 518.2924 466.30835 819.98114 771.4155 1 0.32959494 604.668 475.88452 791.32794 648.1041 1 0.2862746 456.12738 346.9054 792.9648 694.1494 1 0.25835398 672.244 181.96262 894.1443 571.09705 1 0.14699546 468.69904 260.70898 741.1701 376.49915 1 0.124397054 486.47864 315.33856 541.95825 734.86444 1 0.104114965 483.82556 356.07446 505.6978 397.81146 1 0.09364388 461.5486 189.78212 719.33704 407.28302 1 0.0775227 679.2276 189.01756 808.86066 472.72357 1 0.0749604 437.2408 220.07237 549.39166 727.94104 1 0.07425081 495.24347 389.479 541.20746 510.84167 1 0.06475525 480.6012 301.60193 791.1135 420.45697 1 0.058002803 477.29453 289.5851 546.20435 514.3102 3 0.059647996 385.25073 473.23752 425.313 530.594 6 0.5866412 3.1146545 0.0 268.6462 205.53667 6 0.16159528 0.8001404 4.575592 265.68997 496.21893 7 0.99990904 147.70985 185.77673 423.9635 728.12524 7 0.8404332 373.97784 198.6437 461.76593 475.0007 7 0.52537674 332.0608 198.72894 383.25488 279.80026 7 0.3672154 400.42578 389.24835 457.46252 482.938 7 0.32760984 339.1035 201.5364 468.39035 373.4896 7 0.2817527 397.35498 292.8028 461.53125 485.7688 7 0.16962343 400.58572 311.1586 465.19766 414.73404 7 0.124533705 372.29892 210.25052 432.96475 284.02435 7 0.09959143 338.26392 187.52696 432.75354 479.43335 7 0.0763463 336.7159 203.88348 441.9091 290.41058 7 0.06946984 390.89307 233.29031 440.64874 339.7733 7 0.052604705 262.18124 187.12523 477.26907 440.075 9 0.27262262 605.0354 483.74387 790.38135 648.0796 ,test/1400.jpg
0 0.99116194 49.00406 268.52753 688.05896 793.5026 ,test/1401.jpg
0 0.11543271 343.221 381.0042 600.65857 407.60492 0 0.067447655 313.8829 381.57828 614.93713 495.04514 0 0.06688309 383.5835 384.5159 522.527 400.84036 0 0.06337381 322.24808 381.7374 602.6636 432.43204 0 0.06223073 627.29224 380.14044 799.0028 589.0837 1 0.9898879 173.57169 270.4671 921.8092 781.31 1 0.84393936 389.45755 570.4425 595.7246 668.2908 1 0.8348915 311.80588 368.13632 781.32153 593.36475 1 0.5584155 204.1672 492.63235 754.2527 793.4619 1 0.32513148 620.49664 380.06412 803.7907 588.9076 1 0.27013707 303.20288 462.74887 680.86835 625.6515 1 0.24740855 472.7628 375.07733 830.7001 665.68036 1 0.13898203 487.79343 574.2111 670.72986 668.31573 1 0.09904169 320.50558 538.05566 718.4839 682.59973 1 0.09390003 579.76245 584.1157 659.4404 651.73645 1 0.0713437 308.56732 385.13815 633.5591 497.84988 1 0.068751186 489.8659 572.8894 703.0727 761.4386 1 0.06307574 608.9099 252.6549 907.6642 471.39117 1 0.05677227 306.9852 459.74863 387.32614 582.7979 ,test/1402.jpg
0 0.99989665 359.24268 250.55765 801.02734 750.3711 ,test/1403.jpg
7 0.9999404 653.7799 217.68634 926.04126 777.6887 7 0.999798 320.23688 279.3336 695.6854 801.63293 7 0.99946994 46.834915 396.75955 430.1034 941.3003 7 0.999084 2.912674 649.845 149.5077 1021.17053 ,test/1404.jpg
0 0.5189461 223.59875 244.54532 761.4461 975.08154 1 0.4794716 227.77621 238.37183 766.3439 975.95435 7 0.38348308 224.95605 232.82065 759.6053 977.7129 ,test/1405.jpg
0 0.9992879 215.24533 467.1593 701.3508 729.9794 ,test/1406.jpg
0 0.07286359 56.674057 144.04517 454.7763 985.3047 0 0.06999081 75.02239 697.8956 185.84845 811.9689 1 0.19530989 75.3071 693.7873 190.05206 804.86237 5 0.14661804 503.52863 164.61752 892.36273 997.29407 5 0.08519911 54.013428 136.12689 457.79462 986.399 9 0.9324189 492.8698 167.38419 892.58185 994.318 9 0.92393994 51.075974 101.55359 457.726 989.6699 9 0.20212676 37.169037 126.1181 897.7914 983.71454 9 0.14187181 52.060135 58.387924 402.16412 438.8401 ,test/1407.jpg
0 0.9630545 132.89731 218.69946 772.28674 886.537 1 0.0685045 133.38779 207.26773 770.1378 880.69006 7 0.087069035 133.38779 207.26773 770.1378 880.69006 ,test/1408.jpg
0 0.054719377 414.7867 327.44513 698.5172 629.9372 2 0.9992543 418.62445 328.56375 696.96796 629.42004 ,test/1409.jpg
3 0.78651273 284.47656 378.22446 711.6813 682.40283 4 0.13976938 289.25613 378.23602 707.03345 687.0667 5 0.74528253 284.50616 377.71997 710.83484 683.0978 ,test/1410.jpg
0 0.2138602 222.59435 466.86197 560.89844 635.8256 0 0.0993559 620.58636 345.89908 750.711 406.25906 0 0.06074388 411.20593 157.32852 456.14575 228.8143 1 0.98643863 482.21075 382.0934 915.85736 572.0066 1 0.42928693 620.9843 347.35095 753.27655 405.3274 1 0.18445545 581.07544 395.69467 858.33704 511.93222 1 0.13896258 896.16156 389.69446 921.3205 459.88885 1 0.13636099 856.251 431.61038 895.82446 478.2075 1 0.12344234 879.0385 387.82187 925.3885 467.36197 1 0.12111956 860.20087 359.43033 938.04254 479.96402 1 0.08691886 858.22876 400.56458 918.0061 476.16663 1 0.07654618 683.4599 360.6266 941.1912 568.8772 1 0.07609744 772.3405 392.61517 925.75824 541.0499 1 0.07576013 891.20953 364.31815 931.33356 461.91898 1 0.050556216 840.95917 424.14145 896.28143 494.53244 3 0.09650603 70.40662 0.0 801.5382 355.93976 5 0.9963924 736.6719 230.68153 908.95056 405.31476 5 0.079725906 742.6606 229.61087 898.4018 257.87164 5 0.051325087 744.294 233.06335 790.9997 258.2821 6 0.9994081 0.0 582.7019 389.2938 890.7289 6 0.98907125 205.50241 456.7245 575.5405 687.53577 6 0.18269743 345.74652 530.99536 590.83307 735.5261 6 0.102847174 638.40094 346.24203 866.9445 411.5649 7 0.11011754 363.43628 34.94896 391.08734 130.36166 ,test/1411.jpg
0 0.3030654 127.89731 263.7575 890.99866 777.7878 0 0.10512129 617.678 414.50287 739.8147 538.9387 0 0.10062564 608.3386 282.93173 954.2345 526.54333 0 0.084711686 619.64056 417.91528 696.0423 507.9939 0 0.068822585 624.2318 317.26688 704.40186 417.26395 0 0.067839615 673.77875 392.60117 728.26886 435.0533 1 0.93302464 120.22223 263.56525 931.8459 777.45087 1 0.22622392 520.17035 259.7041 954.231 526.9334 5 0.987948 623.46826 311.61987 704.63513 419.51373 ,test/1412.jpg
3 0.99860126 258.21826 414.29337 596.0017 737.75134 3 0.28720143 315.15958 416.17453 598.1548 476.022 ,test/1413.jpg
0 0.083681956 174.25104 179.4588 926.4305 804.5218 1 0.108321816 171.36081 175.30249 930.136 801.1335 2 0.99072427 172.07538 177.44424 927.8321 803.04846 ,test/1414.jpg
0 0.6027015 978.5992 705.33044 1022.77716 766.0377 0 0.2697623 271.03787 247.87122 758.64465 446.7832 0 0.13132514 54.76355 24.517715 888.1511 450.88422 0 0.10154879 7.2115784 787.5951 292.6267 843.5431 1 0.6906827 271.95215 247.99448 760.3616 448.39926 1 0.07459316 978.41846 705.27966 1022.81665 766.2294 1 0.07211117 63.458466 31.583633 868.10803 451.74982 2 0.645881 269.8797 248.62292 757.6774 445.42493 2 0.0699154 265.30286 257.05908 381.57684 440.66632 7 0.10930994 40.63675 24.287292 904.07996 450.49948 7 0.050430067 7.2115784 787.5951 292.6267 843.5431 ,test/1415.jpg
0 0.4020945 368.19376 293.31494 598.0478 363.1529 0 0.27492803 384.73053 328.98254 503.935 462.70563 0 0.22436988 296.25546 253.38931 610.6146 375.81345 0 0.22275169 357.8761 254.4571 623.4301 479.29065 0 0.13783629 481.796 352.2915 633.0526 439.9911 0 0.1202148 403.59302 335.78406 632.0679 414.1897 0 0.09554233 220.07312 561.7443 415.75647 610.41254 0 0.085751094 332.44577 297.0389 529.41077 433.79642 0 0.07783776 397.98303 294.45267 577.4544 453.95963 0 0.0665037 236.30063 412.21658 378.76974 510.16293 0 0.0650353 408.7932 283.04114 534.1229 364.92804 0 0.05247289 324.6266 138.29037 651.55005 535.6686 0 0.051606152 295.69092 329.20163 610.7826 607.74646 1 0.9582591 206.60559 298.0251 416.96014 463.024 1 0.60687363 283.5761 256.59308 596.2842 322.6496 1 0.53281957 179.92282 278.66876 612.8485 622.77435 1 0.48365527 233.39772 416.21298 402.55835 497.2336 1 0.41632566 329.3405 441.69083 606.91754 610.251 1 0.34947178 195.3858 303.14062 572.59235 499.98517 1 0.30918592 196.47102 304.32883 237.31718 395.96426 1 0.22446822 483.8556 352.34244 632.18726 440.39786 1 0.22363107 326.68372 273.6421 642.26794 501.1745 1 0.17682041 291.90857 284.3104 592.7809 359.40195 1 0.11846969 220.07312 561.7443 415.75647 610.41254 1 0.105797105 298.14087 251.04765 611.16534 394.07874 1 0.09321275 280.2693 252.77466 594.8094 288.6291 1 0.08660279 194.4199 306.81372 273.44934 401.98352 1 0.085291006 152.45213 550.0053 442.787 626.8332 1 0.083552875 242.16838 450.96628 284.64877 499.5546 1 0.07580679 387.6728 302.4032 629.4572 393.92578 1 0.07175524 192.59265 310.24777 221.89774 381.12698 1 0.06706815 215.73288 404.46646 499.6072 492.0225 1 0.060319953 234.99263 414.48267 284.50812 504.03406 1 0.051778644 162.97955 308.19125 428.69678 635.9906 1 0.05153581 214.4379 305.54352 247.1235 354.14642 1 0.051291954 213.5322 400.41116 394.43094 566.5028 2 0.06288748 206.30641 299.24832 416.46594 460.47208 5 0.75133604 186.61984 125.4046 311.87784 235.27423 5 0.23880875 562.3337 488.63486 617.21246 522.0482 5 0.22549717 484.2763 352.85175 633.4993 439.73956 5 0.16681817 956.3768 649.95776 1021.4128 901.0829 5 0.10283618 179.68164 123.72249 425.18573 320.42865 5 0.067503355 220.07312 561.7443 415.75647 610.41254 5 0.066848546 151.30904 549.9701 446.27277 627.8815 7 0.99813205 147.32327 97.12158 786.209 734.165 7 0.77913445 181.76439 109.64826 641.2767 317.6667 7 0.66007596 323.34863 441.63684 608.5214 610.20435 7 0.5633963 153.67772 551.6772 441.2044 627.03595 7 0.56031924 180.56412 122.1191 425.004 327.85873 7 0.3320511 167.82971 399.7222 598.9557 606.92957 7 0.31639233 158.6094 414.98438 760.7838 721.93713 7 0.21704169 562.0126 488.76404 617.2715 521.6258 7 0.18669157 386.2054 352.32254 497.3583 464.20047 7 0.13445485 185.6001 125.04855 311.66394 233.97928 7 0.1270965 324.6266 138.29037 651.55005 535.6686 7 0.11143431 220.07312 561.7443 415.75647 610.41254 7 0.0846503 482.71582 352.22882 632.45337 444.7558 7 0.061377123 211.25131 403.35257 396.37064 582.6848 7 0.058038518 298.77087 291.32214 668.76636 490.12878 ,test/1416.jpg
0 0.99911267 0.0 0.0 125.263916 77.20543 0 0.21360604 258.37924 191.77061 863.47 651.2984 1 0.94005394 257.13138 182.72133 859.7589 648.01306 ,test/1417.jpg
0 0.05416331 223.18799 420.7143 380.12366 564.5799 1 0.99748576 231.85223 309.44876 745.2734 865.5853 1 0.07941596 223.37584 422.08096 379.78986 564.0442 ,test/1418.jpg
5 0.9967476 443.5361 233.10071 986.8518 679.6111 5 0.81941396 710.10754 220.64679 869.9524 376.68756 5 0.79675174 240.84789 0.0 726.1057 397.88742 5 0.587206 0.47241974 282.39474 145.38016 609.4584 7 0.13853554 0.0 282.607 145.05339 610.2564 ,test/1419.jpg
2 0.99989474 408.9447 265.6938 744.86145 661.572 ,test/1420.jpg
7 0.9974239 271.69385 259.77643 729.2947 724.3123 ,test/1421.jpg
9 0.9990164 142.48419 103.05954 951.20526 869.34644 ,test/1422.jpg
3 0.7379023 296.96698 331.9782 732.2591 530.38135 4 0.059121646 297.15118 331.79877 744.4179 529.35175 5 0.99598724 216.62679 489.7093 719.8363 739.4476 5 0.3808586 291.3495 332.82733 752.79504 529.20935 8 0.47999611 296.9169 332.0649 731.7406 531.2013 ,test/1423.jpg
0 0.12906957 412.41733 452.99942 459.07095 487.2571 0 0.097766496 690.2173 514.0517 777.96094 551.14984 1 0.14822221 690.31696 513.84375 784.4747 551.0033 5 0.32840562 690.42035 513.56036 785.61053 551.1087 7 0.9998418 595.015 463.8976 1017.6969 953.47034 7 0.99736434 63.11528 446.9286 462.7218 875.06177 7 0.99261194 375.59418 366.5981 707.736 845.9481 7 0.9919801 0.0 32.927925 186.67526 277.6772 7 0.98903453 122.67935 34.618332 701.41907 488.69025 7 0.9742066 0.0 332.45563 369.1974 682.3042 7 0.8728492 0.0 297.85403 132.7876 392.3517 7 0.7926654 0.044445038 368.24802 37.68779 407.15897 7 0.6961567 6.4744873 322.0263 159.32549 712.3842 7 0.49300486 99.006714 33.309387 457.32434 385.9434 7 0.36966157 56.31804 337.9889 115.740906 378.95483 7 0.2613803 0.0 604.43317 53.60138 695.6849 7 0.23373637 5.3855286 12.524918 303.75186 316.02625 7 0.21351622 45.230812 308.38733 121.35725 384.92712 7 0.15382284 0.51711655 583.7674 85.89722 703.5766 7 0.07895136 58.085236 130.4443 714.7875 741.65137 7 0.06705821 352.86337 355.74734 707.59314 551.9512 7 0.06534229 548.5282 405.71588 697.1538 507.05902 7 0.06412092 554.1673 401.91663 644.3604 458.41968 7 0.05682664 184.4134 258.96295 350.7754 368.25958 ,test/1424.jpg
0 0.6333911 639.5876 396.6528 850.6329 674.8324 0 0.5689594 329.19183 293.6229 414.20123 350.8317 0 0.53042275 321.4195 418.56528 829.6336 642.6519 0 0.18835582 639.5106 535.22 842.15247 673.973 0 0.18772332 321.34772 491.59143 778.66 596.09265 0 0.15684952 306.28406 378.6297 792.5405 547.05096 0 0.15458895 400.13812 328.75748 510.93726 348.06345 0 0.09568494 240.54333 268.68793 329.46198 678.8721 0 0.066596925 368.31586 420.42773 678.31647 540.1674 0 0.06110876 644.8971 659.7105 734.53735 678.3631 1 0.09557199 400.13812 328.75748 510.93726 348.06345 1 0.06538557 328.96213 293.58328 414.2571 350.81284 1 0.063470125 352.23172 317.33942 787.96326 351.2553 4 0.91482985 235.58832 273.0535 332.3239 675.8627 5 0.3576838 317.33124 420.65796 833.77594 635.932 5 0.2725633 235.48456 274.14136 332.27155 673.34753 5 0.14537688 641.21674 421.81726 851.6596 673.2101 5 0.086962365 400.13812 328.75748 510.93726 348.06345 5 0.067645155 504.9589 320.03745 612.61835 342.496 6 0.9729322 309.55826 324.20157 789.6084 431.96384 6 0.7786996 278.35065 320.58978 827.0688 653.9635 6 0.51239234 306.28406 378.6297 792.5405 547.05096 6 0.09545803 352.23172 317.33942 787.96326 351.2553 6 0.08707758 411.67163 423.31454 510.43713 524.1369 6 0.081441104 350.1161 419.75177 687.05164 539.1253 6 0.062063042 308.74036 344.3439 385.4522 365.42062 ,test/1425.jpg
0 0.10207848 951.3178 779.0803 1022.5367 1014.8048 0 0.09518922 409.55777 96.91872 601.5441 458.18518 5 0.9991454 291.7434 287.47015 598.99 938.81903 5 0.7241545 407.75183 101.62537 603.25116 422.70294 5 0.26987985 422.63208 130.62021 606.0851 303.56525 ,test/1426.jpg
0 0.9335547 286.29343 730.48627 358.12027 824.6539 0 0.81472784 509.2989 625.638 826.1822 848.1552 0 0.57298326 481.48654 726.9519 575.9698 800.194 0 0.50819933 438.49286 817.5701 526.9627 838.57465 0 0.41440305 253.98384 658.3951 297.43265 757.7077 0 0.35743725 334.29114 792.3543 572.77 845.7078 0 0.2779314 426.89603 829.8325 493.5422 846.44946 0 0.21319978 444.75192 759.1302 498.59476 800.45746 0 0.21293424 111.93222 345.64148 836.90015 787.82336 0 0.19752936 318.29456 628.7811 792.52844 795.6846 0 0.1769261 405.3396 815.13025 558.1988 845.4828 0 0.17247029 438.96478 816.4645 518.9311 829.41504 0 0.16055845 518.1562 680.14886 737.5361 833.1412 0 0.1549658 721.707 717.48627 759.27716 741.6147 0 0.15413727 257.8252 706.1958 299.1009 755.9332 0 0.15187578 260.0646 695.23047 369.60727 827.2423 0 0.13007599 428.90094 783.06006 525.63214 844.1327 0 0.12648748 119.75885 523.7091 831.8095 870.9735 0 0.1223811 344.82516 806.1517 416.54477 842.1545 0 0.11735122 230.43369 717.8091 301.7745 792.2595 0 0.11725132 571.12036 698.23193 640.9125 771.7306 0 0.108721174 533.0332 726.9981 622.1633 786.5036 0 0.108493455 170.1156 449.38882 379.42773 823.95544 0 0.0943009 233.44727 647.7507 302.862 801.2176 0 0.074033305 251.32732 661.33057 274.78714 721.4518 0 0.06569493 276.41666 649.94977 666.4093 770.21783 0 0.063596144 223.30737 576.532 702.363 767.57434 0 0.054137256 246.26585 655.21545 277.14194 755.07544 1 0.27169287 432.98883 816.6058 552.6019 842.47125 1 0.18344125 484.78244 727.3285 567.40295 801.45996 1 0.15772997 488.0917 605.18463 833.5536 864.9327 1 0.14429504 454.44073 715.164 621.89374 804.19586 1 0.10476998 375.20285 784.7756 565.5122 843.8105 1 0.10416636 430.34964 783.02637 526.6281 843.16736 1 0.06711666 437.4318 725.96936 565.2953 843.9973 1 0.05707792 504.511 668.10516 782.87195 825.39935 1 0.05677768 445.48984 759.2092 498.21133 800.9171 1 0.051358156 110.71515 527.4048 817.1555 850.4005 5 0.20968738 114.22305 341.86066 836.61694 808.78986 5 0.09788391 417.08405 646.3607 790.2382 849.35547 5 0.078716226 305.9049 654.9974 718.4796 793.09955 5 0.060396913 122.433105 551.18207 820.75165 859.5352 5 0.050254114 113.0894 465.53207 363.41333 814.2407 6 0.14636622 152.85287 331.48346 824.2616 775.67377 7 0.20237431 284.4926 729.97565 372.84045 824.57904 7 0.09780217 518.2338 661.9337 788.1823 827.6068 9 0.6608635 154.88208 330.1176 821.2228 775.6259 ,test/1427.jpg
0 0.5374193 491.97635 0.0 1024.0 369.07776 7 0.99779356 241.39261 284.1005 714.4862 584.1201 ,test/1428.jpg
0 0.9996445 424.34433 571.7524 536.1457 709.3798 0 0.43399945 262.0576 614.138 427.3311 695.78033 0 0.35451493 272.57867 619.5727 555.0532 874.1309 0 0.23260508 209.0071 613.1142 251.20631 685.5755 0 0.07391183 0.0 96.3609 415.40778 694.03046 0 0.06669535 210.24878 601.6929 377.32025 695.8756 0 0.056000028 281.83856 667.29865 421.2166 793.4079 1 0.82700664 279.1549 670.36487 556.06903 879.17285 1 0.11984659 209.18878 612.7919 250.84323 685.6603 7 0.22444989 266.26273 612.98584 425.41684 696.0648 7 0.14460483 280.8614 669.71387 556.13495 879.06934 ,test/1429.jpg
0 0.120126665 207.06262 231.1477 853.444 550.6516 5 0.36510226 206.40265 229.10094 853.88983 554.95575 7 0.773842 207.14435 230.70676 852.61664 552.621 ,test/1430.jpg
0 0.65655243 489.258 466.9323 989.8355 912.74615 4 0.9970681 210.34288 415.3755 515.95374 690.37854 4 0.17686152 197.59482 541.2667 418.57114 689.8982 5 0.05487666 501.2287 467.64215 990.07245 907.52496 ,test/1431.jpg
0 0.11257956 472.1303 285.29645 541.1269 390.70447 0 0.060179748 470.68823 286.42944 561.2627 476.58136 1 0.98432666 198.29326 179.37965 523.62 505.57996 1 0.95284283 137.75397 477.6682 825.21124 743.2588 1 0.92962307 193.57333 189.92133 870.21497 596.86945 1 0.84520406 448.21234 237.33678 865.75397 516.7985 1 0.82295007 239.23708 493.32483 746.42865 672.02844 1 0.7597492 218.25154 456.4133 604.5023 582.79895 1 0.38680103 213.55316 326.97244 516.6661 494.68924 1 0.33307093 195.35075 485.34723 254.35783 606.269 1 0.28656662 762.8047 487.91266 831.54456 617.48615 1 0.24464543 430.53644 529.178 616.30096 559.48047 1 0.17637396 204.97769 385.04828 847.3915 563.8664 1 0.14095806 265.05933 180.52153 490.87494 383.4552 1 0.13997436 213.3001 487.67288 252.73854 570.3822 1 0.12931415 230.48001 302.3136 486.18155 412.4956 1 0.1185903 220.03212 412.0402 536.6857 501.81326 1 0.09313816 148.85785 584.36334 357.37967 739.44244 1 0.08833403 470.68823 286.42944 561.2627 476.58136 1 0.08576966 225.75626 342.80078 540.7612 603.8568 1 0.074360415 731.55225 486.36084 840.9839 707.98 1 0.07261122 264.01062 309.41965 746.6651 665.9956 1 0.06572739 273.41223 273.13104 484.08447 375.52924 1 0.064768955 412.15228 509.5086 629.5518 562.5572 1 0.06373706 329.40674 250.22847 752.86646 475.2541 1 0.06210439 343.29895 177.94896 603.0926 538.1875 1 0.057121906 332.45593 639.851 748.9658 727.67035 2 0.0762647 472.1303 285.29645 541.1269 390.70447 5 0.2994689 472.13586 285.4745 541.35565 390.83496 7 0.07358564 472.12476 284.7998 542.4592 390.3728 ,test/1432.jpg
0 0.19366558 1008.6114 332.9625 1024.0 391.9504 0 0.08255284 875.4339 266.34875 899.25616 304.94092 1 0.7691979 930.53143 703.7185 1020.189 877.79517 3 0.07779554 903.3275 351.66943 1020.8468 772.0919 5 0.86075187 900.7792 353.6316 1023.4939 767.8362 5 0.63167816 476.34998 156.27014 564.6891 263.19177 5 0.09723703 157.28864 0.9276123 368.59167 155.23788 5 0.0556963 364.80872 0.0 511.98743 34.576412 6 0.62936187 157.51431 0.66877747 369.67056 155.02834 7 0.99934787 196.67215 80.64932 893.95044 815.88806 7 0.45288828 478.23157 140.88998 586.7179 265.72296 7 0.30008003 877.5107 268.14243 896.1269 332.46524 7 0.17489053 874.4038 266.94965 899.088 307.44873 7 0.11713823 464.51666 85.310356 868.2436 282.95142 7 0.061873686 474.87146 88.48847 667.68835 263.77304 9 0.0517289 0.0 39.285522 47.874542 170.81297 ,test/1433.jpg
0 0.43477726 603.9368 433.3482 651.6414 483.80078 0 0.051716354 0.28708267 397.5993 94.21666 703.4301 1 0.9971107 466.14258 533.07104 632.8491 706.97815 1 0.90792304 0.3112831 393.8191 93.15225 703.30383 1 0.43623635 0.0 355.0824 104.76393 430.44086 1 0.17950357 69.307495 0.0 705.1525 311.2602 1 0.16854581 572.7304 598.74835 625.0258 708.88934 1 0.12166952 0.0 360.67047 122.90068 482.85266 1 0.11372954 604.3278 433.73453 651.832 482.6204 1 0.10426927 0.0 417.21594 87.134766 471.00848 2 0.055611335 603.7184 432.96625 651.7523 483.8355 5 0.08664805 466.347 713.8883 551.8137 769.5498 7 0.9989667 13.669952 275.82034 623.15906 905.1852 7 0.94046605 451.6245 326.18005 988.2947 825.9807 7 0.72058374 962.46844 545.1203 1017.1547 590.1149 7 0.30204383 534.7634 642.167 624.30286 798.11926 7 0.16086696 470.4956 625.5238 628.10266 782.41016 7 0.15698315 0.28708267 397.5993 94.21666 703.4301 7 0.09062739 378.12308 284.21564 599.4708 369.4417 7 0.067708835 603.9289 433.55026 651.8864 483.08505 7 0.057309307 469.00964 332.92938 665.83606 774.8924 ,test/1434.jpg
0 0.10311846 237.28012 512.78345 459.71445 881.33484 7 0.9907679 211.32062 136.61816 845.44464 704.30695 ,test/1435.jpg
0 0.09568502 620.26044 436.28146 640.4056 495.41183 1 0.90982664 350.8181 261.3391 725.4944 668.9048 1 0.65338767 511.1343 402.63373 636.2694 546.0697 1 0.57254845 359.5027 404.07745 525.50714 544.8564 1 0.550546 400.51886 248.16911 694.0837 518.4329 1 0.35801697 404.34174 420.1681 507.8485 531.809 1 0.25482312 633.9785 254.60887 694.83325 342.55878 1 0.20174761 522.80554 420.78033 709.0298 565.8517 1 0.14839034 367.9532 356.09973 566.7249 581.5883 1 0.12189479 402.16476 468.1042 452.7241 509.72028 1 0.08900797 406.1254 424.73145 459.20334 515.4171 1 0.07604381 612.7714 396.59064 704.6689 597.0883 1 0.0728417 366.70505 433.4182 446.52103 502.30084 1 0.07019532 375.24567 436.8396 412.79987 481.11487 1 0.058834106 610.5153 256.9168 700.59467 497.33588 1 0.05791405 510.50665 365.81705 689.3598 508.80588 1 0.050297096 565.66315 424.26642 617.5444 552.01135 2 0.4310688 403.55246 248.37793 697.3815 513.56085 2 0.3161223 401.3444 390.3278 520.6398 531.7852 2 0.058307853 357.11377 417.6433 538.651 563.137 3 0.9996276 623.05524 461.84357 779.1021 644.9002 3 0.1452722 620.5521 471.34753 695.1725 570.26184 3 0.0788502 613.9384 414.16324 714.5014 607.8686 8 0.052108064 620.5521 471.34753 695.1725 570.26184 ,test/1436.jpg
0 0.9588676 470.08566 187.19998 689.6861 804.06726 0 0.64683694 489.69196 799.29767 638.0197 859.2011 1 0.08648429 470.65695 199.97241 688.6383 806.36487 2 0.45721573 470.54587 187.73178 689.97986 815.47473 ,test/1437.jpg
0 0.07985401 400.25653 253.63564 822.7276 518.26434 1 0.7029187 395.72064 251.86412 822.51105 517.3732 7 0.5335993 398.03882 251.61177 823.6583 516.4302 ,test/1438.jpg
0 0.9883187 436.87296 17.796661 631.4098 186.06386 0 0.75162995 360.9441 190.79398 500.87958 489.90097 0 0.11918839 270.81635 183.15132 501.46936 615.6935 0 0.10748003 278.53387 341.4805 478.9765 515.3484 0 0.09091963 346.54907 194.29575 497.67816 265.5635 0 0.06369072 255.11876 485.14276 590.14996 930.0109 1 0.4637581 255.87338 495.20087 587.8596 932.0743 7 0.9944484 258.1813 325.47803 791.9464 767.1172 7 0.7575398 8.008133 896.00256 66.23348 1012.5891 7 0.382928 256.83813 494.50558 589.0768 931.5641 ,test/1439.jpg
0 0.16648677 9.657684 28.747375 1020.1095 1017.14606 1 0.9466361 693.1935 595.84326 966.052 724.49207 1 0.8777388 6.0267334 21.792633 1024.0 1016.29065 1 0.13790837 39.632446 514.1701 1011.05896 1020.706 1 0.07507323 71.913605 36.82306 992.777 583.8885 1 0.06150328 398.94678 581.6019 972.37634 1007.84534 ,test/1440.jpg
0 0.13180812 516.9537 292.28635 566.22833 325.4642 0 0.057135746 356.73795 315.18265 428.48483 334.949 1 0.21697018 308.93085 323.62106 342.60925 350.0701 1 0.216331 265.92413 323.3018 311.63196 349.267 1 0.2136235 516.9898 293.8845 562.8481 325.5742 1 0.14474168 486.97446 296.85892 557.9318 332.2216 1 0.052532025 306.18973 323.58026 377.4014 347.07367 5 0.18212584 309.00964 323.6164 342.94177 350.3299 5 0.11976194 333.3187 298.0528 431.98514 311.35187 5 0.105748646 403.8564 734.0506 1020.91016 1024.0 5 0.1024678 357.51132 315.2352 431.449 334.00967 5 0.101219125 339.35538 309.13794 428.8749 328.24298 5 0.09698746 325.015 295.0099 431.8321 331.61182 5 0.07458361 485.90875 296.05304 564.31903 332.63904 5 0.061338317 670.06067 709.73126 1020.355 1001.34674 7 0.9998938 109.52493 264.01028 734.39087 936.50574 7 0.9001579 0.0 739.913 312.48364 1023.9206 7 0.51698196 485.90875 296.05304 564.31903 332.63904 7 0.25751173 307.23108 284.47305 348.03644 349.62943 7 0.21856432 133.47183 328.132 210.60077 386.47934 7 0.21381941 664.4054 688.91425 1020.31775 986.82465 7 0.18096846 357.51132 315.2352 431.449 334.00967 7 0.16815948 487.65588 301.03296 529.3689 333.76617 7 0.16678606 441.6801 251.29279 491.07373 336.09814 7 0.1647218 249.83168 284.55273 499.82874 352.935 7 0.15302432 421.1768 279.76584 575.75934 336.02994 7 0.14988117 255.87096 286.87155 351.19006 352.04025 7 0.14673257 516.9537 292.28635 566.22833 325.4642 7 0.1459889 0.0 765.5578 789.3048 1020.14813 7 0.104561806 600.8676 394.40622 624.6833 444.23984 7 0.09724951 265.67517 323.2148 311.84686 350.38486 7 0.07776081 109.03262 376.80884 150.34265 456.19257 7 0.07034229 306.997 287.947 427.10687 347.68204 7 0.070240624 308.93085 323.62106 342.60925 350.0701 7 0.058701556 133.09988 315.91364 315.35742 390.58588 7 0.0585308 333.06683 310.55103 464.1582 336.24817 7 0.057347476 339.35538 309.13794 428.8749 328.24298 7 0.056550562 450.3689 251.0029 530.45703 336.7739 7 0.052526202 480.5586 289.3276 612.3573 338.63565 ,test/1441.jpg
0 0.13158782 306.86472 247.32285 679.3213 782.5891 1 0.09180079 303.55444 237.94608 701.0077 852.2771 6 0.92505515 306.57166 233.2836 689.8579 833.71094 ,test/1442.jpg
0 0.07623549 991.937 610.2268 1024.0 648.36914 0 0.0642948 128.33562 322.07477 435.48413 403.34448 0 0.05812972 674.9315 432.22177 709.83936 537.01685 1 0.9954674 235.68506 356.35016 759.4394 692.3986 1 0.84684163 676.17993 431.02026 709.9376 537.38904 1 0.77796215 670.00757 382.3032 776.9077 551.2284 1 0.47258392 127.0441 325.3531 701.66565 459.1985 1 0.41411138 375.91757 342.50687 700.86865 444.8693 1 0.12248884 187.84692 334.76874 743.3123 544.1628 1 0.06762722 673.79846 469.78326 688.50024 536.17535 5 0.054842822 131.73593 321.52176 416.30203 402.308 7 0.7991588 990.61115 610.44116 1024.0 647.86694 ,test/1443.jpg
2 0.99313956 418.38922 282.76617 649.2557 587.7515 ,test/1444.jpg
0 0.15663682 0.0 987.2591 246.74231 1022.45294 0 0.05129451 418.331 583.9318 690.52057 609.5306 1 0.9848919 5.669342 24.61316 614.011 356.95154 1 0.9743327 210.63257 204.56078 1014.83704 623.17505 1 0.9267121 229.01645 184.57344 663.3496 492.1599 1 0.80005884 8.2677 541.6548 701.46295 949.5145 1 0.79803103 687.11554 520.52374 1024.0 789.4488 1 0.5430271 209.97412 382.51077 944.0432 610.15625 1 0.5047144 169.318 496.8686 1024.0 809.4908 1 0.37456462 573.5641 225.74547 1010.228 562.5791 1 0.3492906 539.4873 260.463 1005.3606 428.7052 1 0.2577227 149.46353 61.731506 709.35144 549.76227 1 0.23259117 477.4577 93.86241 615.6933 210.78828 1 0.18148074 269.09982 451.74823 813.42163 603.85333 1 0.16969101 8.570038 20.02391 615.6649 188.11607 1 0.13267224 0.0 162.15329 409.70038 352.61343 1 0.075742096 352.21323 184.39029 557.5052 243.96939 1 0.06880321 457.24603 341.53995 1015.40814 736.84656 1 0.06731809 363.83203 502.3554 772.9485 610.7227 1 0.06315733 387.0641 184.17467 938.31226 448.7143 1 0.060093176 192.1367 41.9012 627.99054 257.89862 1 0.059589066 263.72113 598.02026 696.8626 845.6815 1 0.05472667 318.3141 183.9867 740.5205 315.2835 1 0.051223278 317.49606 155.42671 576.36743 235.27666 5 0.1947416 0.0 987.7933 244.90111 1023.6586 6 0.050334778 687.5087 521.92163 1024.0 789.5272 7 0.23665471 0.0 985.37256 255.60522 1022.25134 7 0.07506984 364.73434 193.30672 578.237 244.7801 ,test/1445.jpg
0 0.9983456 31.584229 268.98285 909.3632 727.00055 ,test/1446.jpg
0 0.9732223 244.66934 104.370575 819.34436 926.33105 0 0.16453955 130.817 355.13385 238.7712 502.83466 1 0.051393326 245.39636 104.720215 818.16016 925.3231 7 0.07955972 246.0343 104.57794 818.9961 926.7121 ,test/1447.jpg
0 0.47167787 183.15387 293.36087 710.08875 558.44604 0 0.431211 510.45758 235.98328 812.39703 460.28687 0 0.4241608 489.81488 283.94336 703.3836 534.5842 0 0.14865436 190.31664 310.1703 491.3559 409.9334 0 0.10727066 659.7301 314.39862 720.1875 439.72778 0 0.10472814 693.22986 404.715 741.21216 478.3356 0 0.070945665 505.02396 473.855 569.55444 517.09314 1 0.76457447 388.35446 736.2064 623.1776 818.0646 1 0.20398763 49.271645 142.91074 198.7023 172.95596 1 0.14665131 616.06116 770.3174 710.07776 808.5364 2 0.29733816 505.79764 473.41187 568.5464 517.03534 7 0.99965394 216.12488 477.3471 826.08496 965.33246 7 0.7677344 487.55618 302.58212 711.7228 525.49866 7 0.3681438 496.41925 237.72278 811.2315 478.16168 7 0.33978245 184.76187 299.20306 701.3009 562.8521 9 0.34461886 183.22485 317.46402 548.8118 560.092 ,test/1448.jpg
5 0.9939395 544.4843 381.92715 726.9926 554.7543 7 0.08853178 442.03387 378.21384 515.009 452.85312 ,test/1449.jpg
0 0.8327901 146.31131 335.9724 385.5997 710.249 0 0.42690873 795.77057 306.55814 833.4731 370.4904 0 0.29507747 371.29602 714.86316 425.85956 818.4243 0 0.21487413 422.13635 779.8574 461.43018 810.1251 0 0.19308601 142.29555 728.22943 223.81383 849.47833 0 0.08539014 714.6933 309.44162 784.466 365.8173 0 0.06920582 234.2176 378.52344 257.62045 426.8145 0 0.05551309 179.17786 400.1565 386.3333 603.642 0 0.05062732 208.8884 416.4743 369.44278 492.90186 1 0.13942721 795.7429 306.76978 833.25195 370.524 1 0.069674686 371.13342 714.38153 426.3117 818.4118 2 0.9985777 92.985146 589.1609 156.33049 667.53064 7 0.9997987 616.12573 296.83115 913.5156 724.01086 7 0.99796367 360.98682 677.56555 684.49304 985.3815 7 0.7999977 370.48648 715.5979 427.06284 818.506 7 0.6961141 429.6825 761.33185 576.6027 863.6878 7 0.5162691 142.29555 728.22943 223.81383 849.47833 7 0.36735895 390.70612 676.35834 676.69794 848.59686 7 0.30997968 148.15308 330.71085 387.97626 709.4398 7 0.2832666 241.3655 314.0041 356.4934 455.95135 7 0.17675728 414.7387 717.31934 578.5799 834.6577 7 0.07314016 714.6933 309.44162 784.466 365.8173 7 0.054098524 419.35614 746.4966 483.9312 811.13477 ,test/1450.jpg
0 0.09910759 617.503 20.646141 694.21185 55.028557 7 0.99899906 248.36784 194.37492 669.71844 585.891 7 0.99653745 693.10596 464.59027 883.1926 596.06354 7 0.24327698 962.43146 0.0 1024.0 160.89195 ,test/1451.jpg
0 0.7357657 738.1434 331.4524 886.28107 394.1775 0 0.4714946 345.91916 722.54034 417.95132 766.0743 0 0.4482964 335.13364 790.86646 442.2706 829.8345 0 0.44436896 560.61865 812.6211 610.14685 882.8003 0 0.44283015 439.94385 765.2466 486.8473 828.71045 0 0.42140254 328.7895 748.5459 485.6764 831.4951 0 0.40838665 408.44235 795.959 455.47617 874.76697 0 0.32774377 401.6009 796.0886 567.0042 881.29785 0 0.321786 378.43326 737.43274 468.0856 811.5487 0 0.29270777 485.345 789.6781 555.7739 850.05835 0 0.28413913 970.9886 495.08905 1021.4223 877.61273 0 0.27738363 343.84695 721.3853 472.54092 781.9753 0 0.25795346 506.76962 697.503 542.81165 729.6556 0 0.21600525 366.17822 766.3192 442.39374 828.55286 0 0.19963722 416.56848 751.39124 611.8015 888.2965 0 0.19557604 562.8543 814.901 611.3973 843.3811 0 0.16808586 336.95047 791.9324 390.54245 830.4519 0 0.153025 515.41327 840.71375 610.0098 886.9227 0 0.13930249 400.7767 766.37213 915.7075 931.9532 0 0.13763297 564.498 827.98615 607.38824 863.1683 0 0.11970465 443.29858 822.6154 569.1397 884.48517 0 0.11097362 465.957 737.65594 569.11523 887.25726 0 0.11033442 832.80554 609.1189 852.6642 684.8827 0 0.10823917 382.04428 797.5913 439.2667 825.50183 0 0.09384961 408.7752 804.13806 447.59637 843.31323 0 0.09230571 809.51135 344.9234 884.3718 393.53125 0 0.08765793 512.77765 720.40295 567.9008 793.4707 0 0.084644265 404.4161 742.96063 464.76498 779.67377 0 0.08358921 334.8306 757.0675 421.5444 830.34973 0 0.07453863 413.56836 784.106 581.1726 937.42267 0 0.07305586 364.39523 732.61896 642.07446 930.3394 0 0.06640806 339.9208 720.83575 493.356 881.0931 0 0.06330142 397.42355 762.1448 480.42892 892.4335 0 0.062168103 372.21036 726.48376 435.2338 802.5242 0 0.06101839 512.72565 722.6964 566.9274 742.0354 0 0.056211762 428.32974 801.0543 556.62726 852.46484 0 0.055313252 507.3057 698.2698 565.0002 742.50525 0 0.05479898 403.45688 700.7246 468.02744 838.84875 0 0.05455588 814.7778 366.18024 881.13654 391.8717 1 0.9963594 21.994492 205.76498 456.20575 763.97253 1 0.9896695 511.53122 265.5273 994.6272 779.3613 1 0.9894037 677.5117 468.21945 873.0321 608.1791 1 0.87238806 509.8735 436.90582 885.4137 742.80597 1 0.8045274 458.94135 471.0912 1024.0 908.65454 1 0.69838804 414.78992 797.8463 992.0857 922.5437 1 0.62811095 607.66113 250.96295 938.6279 603.60034 1 0.5808406 531.8513 666.3801 1012.9048 906.9254 1 0.5134062 252.69397 692.63165 463.0227 742.89166 1 0.45297492 529.0461 551.02356 560.049 664.0526 1 0.4021437 976.33154 492.2413 1020.6904 834.7804 1 0.36332905 634.62726 477.4125 872.2824 689.2881 1 0.34963617 345.7087 722.65674 417.15695 766.0178 1 0.3225518 538.3183 729.45166 574.73615 813.79443 1 0.30902198 67.42293 526.51245 477.28088 769.52856 1 0.28120667 258.6255 542.54297 453.79492 699.50525 1 0.27152163 513.8148 721.4021 567.55457 795.32947 1 0.23562689 985.2453 497.49393 1023.8046 585.9182 1 0.23361617 555.57684 827.0477 955.3748 913.82654 1 0.2098358 253.062 660.3099 304.6675 712.22296 1 0.20641436 508.78278 567.6002 947.2371 767.47766 1 0.18988614 856.30743 359.70258 1002.3521 713.85504 1 0.14795281 475.24637 457.35083 654.9457 921.9474 1 0.14367902 671.6406 321.17233 987.2063 710.9674 1 0.13446786 547.4601 525.5601 567.2084 580.58905 1 0.1314499 507.2243 697.5311 542.7465 729.00525 1 0.12262925 832.74774 609.37665 852.75836 685.9378 1 0.116898455 506.17584 504.86523 572.70807 741.75134 1 0.11024086 341.2602 720.18024 465.87958 775.2222 1 0.10529224 958.32776 370.7733 1021.5519 907.5587 1 0.10200174 345.09445 734.2613 481.48874 831.2684 1 0.10111633 383.1911 732.1939 797.8182 936.93 1 0.09504152 508.51566 727.43896 613.1157 835.10144 1 0.08778167 990.4802 579.376 1023.5978 680.56396 1 0.08401175 983.7856 507.3833 1023.96466 687.0242 1 0.082568645 545.32855 540.3941 564.7552 592.96454 1 0.08012803 434.83875 803.7128 614.8634 893.82245 1 0.07868853 461.36316 454.08066 572.1376 854.1067 1 0.073970675 542.75574 538.5045 565.60645 568.00134 1 0.069097474 850.4496 611.33484 870.4518 660.2571 1 0.061642975 255.08186 646.15094 421.31458 760.8431 1 0.06001762 500.34067 442.20557 567.16473 667.84753 1 0.059267443 535.04285 506.19952 569.2394 666.88617 1 0.053166468 478.81085 811.8453 883.12494 895.66583 1 0.05220361 802.88574 364.7148 1024.0 914.1278 1 0.050681412 591.511 329.05005 926.1791 489.63696 2 0.1730707 345.7087 722.65674 417.15695 766.0178 3 0.12463781 967.3473 752.1394 1022.6802 879.8297 5 0.24289726 967.23285 752.83777 1021.79254 879.3218 ,test/1452.jpg
0 0.5358546 862.36847 178.99973 1006.06757 241.32797 0 0.13635318 534.1405 577.2793 690.7273 692.65515 0 0.0781607 0.0 85.57623 61.414852 147.50922 0 0.054086007 0.08185959 81.39537 14.806209 145.97836 0 0.05232379 171.74966 78.78694 865.81726 534.3107 0 0.05078845 884.97253 156.97028 1018.96765 200.31775 1 0.99335575 172.38855 80.342896 868.06555 532.8308 1 0.10832828 859.81134 188.85745 1005.8221 240.18289 1 0.06608287 197.13022 380.33667 732.97705 532.2949 2 0.99938273 259.206 747.25366 471.27905 943.44763 5 0.9710032 534.0261 576.79724 690.7938 692.8054 5 0.15357243 859.81134 188.85745 1005.8221 240.18289 7 0.95292044 0.0 87.53523 62.12343 147.34608 7 0.05464927 0.0936079 81.47333 15.060899 145.68791 ,test/1453.jpg
6 0.99985623 193.8837 230.905 651.08887 786.3878 ,test/1454.jpg
1 0.10254016 190.19264 195.87236 335.06702 242.23286 1 0.09085856 204.70575 213.40413 332.25366 235.75267 7 0.999537 519.5692 150.2733 891.96484 568.82355 7 0.9995277 4.5732117 162.58356 610.20874 885.26874 7 0.64481694 505.6841 134.52304 676.3807 225.73944 7 0.42541435 255.6194 157.92859 439.41425 238.15988 7 0.13595405 175.39075 201.53168 338.8211 241.08777 7 0.10232652 139.72833 161.08171 496.7951 253.39522 7 0.08054601 204.70575 213.40413 332.25366 235.75267 ,test/1455.jpg
0 0.21118636 0.0 127.58723 66.46402 303.26285 0 0.17699341 104.556915 401.90576 771.2086 595.57336 0 0.06947061 224.84799 331.67285 766.1177 538.399 5 0.06092365 69.78075 114.69742 94.31717 142.70123 7 0.9959467 103.066956 352.67798 864.8277 860.48083 7 0.6504347 112.491 409.8442 763.71826 591.7269 7 0.050509784 442.0432 576.7894 875.22034 863.0176 9 0.9187032 0.0 127.96956 65.82277 303.2818 ,test/1456.jpg
5 0.40115622 250.78743 632.46606 512.15576 775.1804 7 0.91081065 250.06421 631.60175 513.8463 772.4958 ,test/1457.jpg
0 0.5674894 363.27805 358.56134 624.8063 889.8309 1 0.5428651 363.54904 357.88446 624.9481 889.93427 ,test/1458.jpg
0 0.39378974 0.07663727 434.6275 213.0881 601.779 0 0.1157023 147.44852 249.67264 598.36487 751.4381 0 0.10435765 347.20065 0.0 466.2817 57.47342 0 0.073802516 243.60718 0.50190735 400.13684 130.53188 0 0.069539726 1.3732376 564.7136 169.646 1024.0 0 0.06553382 4.723274 567.20435 149.8566 679.40967 1 0.724234 0.0 0.0 375.43866 462.22952 1 0.15909453 3.1199036 392.34308 213.57085 603.92163 1 0.14768235 0.0 0.0 605.6252 734.84906 1 0.1273425 1.9746475 303.80682 159.8616 472.84644 1 0.07547572 147.44852 249.67264 598.36487 751.4381 1 0.061375454 176.45105 2.788437 381.86658 331.86682 3 0.07593254 146.04996 252.71202 597.44727 754.71045 3 0.053603385 0.8473053 428.17743 214.51808 605.1857 5 0.9961916 153.92213 263.67368 464.5772 493.67563 5 0.80070555 145.50699 259.33545 599.72424 757.31506 5 0.4147829 1.2121811 566.1345 167.32672 1024.0 5 0.40740174 0.0 800.39325 166.87747 1024.0 5 0.26447374 0.18938446 427.6244 212.61005 602.6841 5 0.25355893 0.9148102 821.95026 156.90042 911.78656 5 0.18191953 346.9963 0.0 466.15762 57.454823 5 0.16019733 7.4434204 298.33344 216.94788 683.8777 5 0.13335834 4.337906 567.49603 149.60985 679.8156 5 0.08388231 211.53998 518.89966 483.00287 765.6205 9 0.9423617 242.73283 0.0 400.1147 130.42657 9 0.3608585 346.68506 0.19233131 465.92114 57.400055 9 0.23325682 0.0 436.4233 203.29886 601.72754 9 0.20690992 1.3732376 564.7136 169.646 1024.0 9 0.09147777 4.723274 567.20435 149.8566 679.40967 ,test/1459.jpg
0 0.2634708 249.93883 526.3332 611.5405 888.1208 0 0.107338734 253.9353 194.53546 797.2483 878.0528 7 0.9412069 256.4859 203.57495 802.1497 865.5249 7 0.13341856 260.7741 290.29306 683.1925 713.5642 7 0.07787626 249.93883 526.3332 611.5405 888.1208 ,test/1460.jpg
0 0.29568604 789.01587 0.5403366 1023.40515 90.541756 0 0.114782974 314.1991 157.6536 342.53937 206.04846 0 0.08767 421.07117 306.3359 502.43896 382.00363 3 0.87803763 420.85645 306.40744 502.43195 382.0544 5 0.058908604 421.07117 306.3359 502.43896 382.00363 7 0.9997403 97.13623 101.289215 888.19977 940.1648 7 0.29583037 420.753 306.59247 501.9757 382.06726 7 0.110443376 339.5326 89.893234 745.5067 373.93726 7 0.0775224 118.2858 209.74213 321.5481 303.98688 7 0.06567621 329.78424 43.220062 1015.68695 445.6128 ,test/1461.jpg
0 0.6937554 902.68256 986.1159 1021.3809 1024.0 0 0.5942691 518.4106 998.69604 676.1745 1024.0 0 0.16527757 471.1115 267.0304 669.9156 525.77496 1 0.35869765 471.46152 268.01285 671.4424 525.6588 2 0.20533037 471.33948 267.98553 671.4619 525.83264 3 0.41769788 471.50452 267.63916 671.4342 525.7618 5 0.1498499 518.4562 997.414 675.5636 1024.0 7 0.45337993 471.6096 267.22144 671.2945 525.8752 7 0.2462967 518.4602 999.10077 676.27527 1024.0 9 0.40875703 902.9466 986.1226 1021.33453 1024.0 9 0.30206934 518.2401 999.19525 676.3546 1024.0 ,test/1462.jpg
0 0.96244645 526.1089 485.91714 700.5781 614.4331 0 0.2190325 540.9506 544.3941 702.71747 616.01105 0 0.13347596 687.6118 796.9207 767.1483 1020.2884 0 0.13091192 652.9622 864.85754 740.273 1021.46277 0 0.08302796 364.4709 477.13733 793.1652 1017.12683 0 0.07433234 656.6623 896.1714 708.5877 1020.5292 1 0.33930168 339.34424 472.20526 791.58154 1017.044 1 0.07741616 562.09204 812.5881 669.99255 895.28314 1 0.06226482 521.9952 485.85388 701.0268 614.9906 2 0.999627 341.85464 444.20132 544.7937 622.3285 2 0.29715025 341.42206 436.51804 545.6512 509.44217 5 0.113312446 42.26779 553.769 791.605 1022.6893 5 0.07927522 658.0608 898.1549 708.66785 1019.958 5 0.06415134 0.3827362 593.2897 390.69153 1024.0 5 0.058850553 612.1067 881.1398 704.24365 1020.18286 7 0.1565765 522.3349 485.5653 700.9899 614.2533 ,test/1463.jpg
1 0.12368796 107.59091 896.5513 130.02771 922.2959 5 0.36092335 360.65356 137.59021 440.20502 245.56046 5 0.26640737 528.21045 124.76041 600.0824 230.21552 5 0.09182927 365.0672 15.90419 601.787 238.50192 5 0.080490716 507.50095 59.18985 597.52563 230.76855 7 0.9997118 556.15173 160.13686 822.2709 599.0947 7 0.9995735 289.75696 318.5518 652.50726 839.19617 7 0.9681553 158.4607 501.8091 303.21918 701.8967 7 0.2549645 424.0448 315.66113 675.93494 608.9563 ,test/1464.jpg
0 0.38317907 427.74582 463.74512 479.74796 547.1956 1 0.08166545 196.69278 434.3098 337.4481 548.0449 1 0.06516902 430.82925 469.3692 469.7184 544.5745 1 0.054232165 200.21416 455.08063 238.98451 546.123 5 0.13023613 0.0 146.32018 38.89691 236.00536 6 0.9946515 198.32352 433.492 335.72842 548.13416 7 0.99910223 538.33594 365.87515 780.71326 590.76685 7 0.9958508 311.00195 317.21695 490.281 518.39343 7 0.9948854 292.71692 426.6333 558.0764 592.85034 7 0.98221064 480.1584 358.84958 649.10016 550.89667 7 0.17077751 428.11426 462.49567 479.5252 547.9262 7 0.117803104 329.85657 434.31827 480.82166 561.1028 7 0.0919036 603.0295 367.73895 698.9168 407.77374 7 0.060155064 610.4495 367.8468 679.4367 385.87646 7 0.050234403 609.5865 365.11432 745.0544 432.2776 ,test/1465.jpg
0 0.052914683 332.77594 472.1742 626.0868 700.8043 5 0.9945913 331.1253 472.8184 623.98236 701.492 ,test/1466.jpg
0 0.9961999 419.06992 743.6885 666.7648 1024.0 0 0.5350709 184.49327 197.69765 343.41394 454.18823 0 0.252179 184.87816 0.0 373.00873 455.1264 0 0.25024828 262.0128 0.0 373.67056 347.9516 0 0.1852693 261.46814 541.23364 411.3593 884.12744 0 0.11608046 348.85602 715.8827 453.18005 890.5995 0 0.09341545 768.22205 1.6763916 1019.1918 200.9509 0 0.05579686 338.93524 458.00085 690.5195 1014.8883 0 0.05450982 738.8917 716.6478 811.33813 793.29297 0 0.05288018 296.8804 0.9117584 336.7795 280.7613 1 0.5805656 260.50458 0.0 376.919 348.93927 1 0.5692617 184.87816 0.0 373.00873 455.1264 1 0.15690519 184.77153 192.92258 342.2547 455.44968 2 0.9998709 343.67218 454.50327 704.67255 736.8445 2 0.26333535 346.97205 458.6864 397.26575 747.5974 2 0.15476085 351.09875 458.54654 451.71014 742.96326 5 0.9873819 1.3088379 508.89386 95.09136 770.27325 7 0.06429682 753.18976 4.728691 1019.30804 196.31247 ,test/1467.jpg
0 0.43858913 276.47125 451.26416 406.16986 582.28015 3 0.9151954 275.74713 451.59964 406.90356 580.08813 5 0.052942816 275.2124 451.961 407.54462 579.2751 ,test/1468.jpg
0 0.77908295 392.00946 860.4083 710.2254 900.4928 0 0.2750747 382.91647 190.74414 640.2555 306.39178 3 0.071515106 392.6892 859.76825 710.77527 902.5362 5 0.11361745 387.10315 857.7042 712.5459 897.80286 7 0.95467955 384.9498 191.3723 642.6782 306.25104 ,test/1469.jpg
0 0.14429277 143.7818 281.1274 779.9065 858.423 1 0.91901934 143.08173 282.21646 780.567 856.6487 6 0.09249195 142.99582 282.57007 779.63684 855.8346 9 0.06247814 143.21988 282.08707 782.5231 855.85 ,test/1470.jpg
0 0.08836513 346.8349 569.61053 401.98248 611.81537 4 0.99736816 330.80182 394.44424 647.48175 539.03217 ,test/1471.jpg
0 0.42139235 747.7243 305.13217 801.4798 369.84653 6 0.98347765 335.75763 202.90903 649.4734 931.0884 6 0.17963102 496.8636 201.18665 653.9074 424.9577 ,test/1472.jpg
0 0.12717059 977.69763 24.64412 1022.7595 304.13922 0 0.060332935 787.069 121.783356 842.20874 264.9021 1 0.7204719 787.3067 121.0609 841.86237 269.5434 5 0.18397643 976.64874 21.807907 1020.9638 304.3557 5 0.16877685 168.26422 481.00558 251.1206 762.80273 5 0.1570828 192.56047 510.77707 225.82661 760.3252 7 0.99971336 471.2988 122.82208 813.2809 771.1351 7 0.99950373 158.96715 365.25082 568.0857 967.6703 7 0.20590147 271.10196 766.8804 500.99765 964.01917 7 0.055311926 699.47845 143.3432 814.52155 265.7932 7 0.050712183 551.2249 136.67853 832.52264 271.2603 9 0.07660505 977.83545 24.39685 1022.9951 304.14114 ,test/1473.jpg
,test/1474.jpg
0 0.5958448 652.7276 719.2146 673.4736 757.0144 0 0.051397484 1.6532211 229.21515 175.59235 425.21564 1 0.4974922 651.60596 720.00543 675.0469 756.96906 3 0.06273607 1.2307205 226.034 176.78519 429.7249 5 0.05134412 1.6532211 229.21515 175.59235 425.21564 7 0.9998474 311.1607 79.77634 678.2985 908.39966 7 0.12154722 440.1361 210.42294 482.80994 256.68146 ,test/1475.jpg
2 0.999882 363.0194 464.17032 595.1121 627.64325 ,test/1476.jpg
0 0.99983704 295.68607 443.48828 887.52295 749.13074 ,test/1477.jpg
4 0.31182957 416.11523 468.0873 661.4315 804.7739 5 0.99773335 411.70966 184.6813 665.4001 809.77075 5 0.19563785 411.34424 249.19408 668.6527 562.6291 5 0.06558801 469.65216 181.08884 611.49286 264.12122 ,test/1478.jpg
1 0.0747726 527.5008 871.10944 558.98346 971.61884 2 0.9928571 289.13272 467.25018 484.3643 624.5943 5 0.06455524 288.61438 467.9955 484.00134 624.2736 ,test/1479.jpg
0 0.12356342 401.3094 163.34027 843.6535 869.80316 1 0.06218777 399.15784 148.31094 844.67554 861.2864 5 0.14848128 403.41565 151.2753 846.70105 875.04297 6 0.072475255 399.07562 152.94641 844.37714 867.00165 7 0.93668604 401.39447 161.31006 845.06573 866.0515 ,test/1480.jpg
0 0.83148575 0.0 388.53052 290.37512 815.80164 0 0.05901958 526.4756 897.66724 629.1063 955.9667 1 0.0584427 327.05862 252.78757 694.0979 543.30457 5 0.9964612 278.41055 239.50507 752.6395 910.9211 7 0.14898865 0.0 386.24384 295.65582 849.1396 ,test/1481.jpg
0 0.11254367 90.77704 298.78418 777.6238 724.8914 0 0.051187843 543.8106 300.5279 815.1208 786.5997 1 0.6512425 80.73358 285.30615 807.8729 744.3959 1 0.11050498 547.0134 299.50275 815.6067 785.7227 2 0.85237885 547.1102 297.98984 815.45886 785.8583 2 0.1493577 90.46182 299.10516 773.0781 723.84875 6 0.44484398 90.58176 298.56067 783.1743 726.45166 6 0.0644724 543.8106 300.5279 815.1208 786.5997 ,test/1482.jpg
0 0.99163365 243.87376 634.4208 348.8197 737.28357 0 0.9688437 84.727066 428.42432 389.42145 759.7804 0 0.86683315 190.49002 430.51294 384.93784 643.76965 0 0.28445086 0.0 510.95645 63.94925 538.526 0 0.19289055 659.41693 474.3087 717.78326 535.31494 0 0.17342696 571.4107 533.49146 625.7574 582.04333 0 0.13632697 57.55808 480.5901 127.7202 525.5281 0 0.11890309 202.68628 75.47461 283.5904 128.03676 0 0.11333439 81.19282 535.7175 278.14667 761.93005 0 0.06599132 582.20447 399.9352 678.751 506.75735 0 0.058025625 142.62506 561.31714 216.71341 573.65027 0 0.055670872 37.7865 474.1323 384.6035 650.5909 1 0.6937477 0.0 512.76227 64.28518 538.11237 1 0.40231273 582.20447 399.9352 678.751 506.75735 2 0.9860466 111.02855 518.01465 219.12022 567.03186 2 0.7560623 582.0908 402.16638 678.8026 505.7704 5 0.1283289 111.89406 517.323 218.78545 568.5785 5 0.07469824 109.90228 522.55414 140.5736 562.0446 7 0.99540764 336.23834 178.4099 701.5776 482.24384 7 0.11391683 0.0 512.7564 64.08453 538.014 7 0.094411366 61.138584 482.41403 125.900955 524.4676 7 0.06349347 582.4632 396.35468 680.51984 507.27374 ,test/1483.jpg
0 0.7008842 797.5242 138.27345 848.2993 175.54478 0 0.2117736 299.72208 156.4982 318.52805 224.36368 0 0.13476449 0.0 621.2047 41.11026 755.09985 0 0.09751086 547.8836 279.8769 605.5942 320.23334 0 0.06935974 2.8009186 589.3906 112.5557 753.35425 0 0.06608481 912.7684 545.64264 1021.68243 659.21027 5 0.09816594 724.0445 164.92436 992.35333 283.12424 6 0.9933195 259.32065 624.3153 782.3075 1007.23804 7 0.9998215 59.91742 232.99884 654.5046 716.5281 7 0.9996352 635.58105 357.62585 942.5067 766.4769 7 0.9995365 291.02264 9.942657 608.96936 306.19687 7 0.9917812 489.15894 230.09528 752.99866 429.55573 7 0.98867524 914.63214 544.27124 1022.6602 658.9557 7 0.97243315 738.2981 262.36993 800.927 381.62213 7 0.91613865 658.722 181.86595 798.37115 364.64105 7 0.673458 894.3666 333.10077 979.673 402.97028 7 0.6537787 562.5196 393.39722 650.7316 486.0277 7 0.6328845 833.86804 363.10828 1019.16504 558.65814 7 0.5517253 888.9143 423.9787 1018.90894 555.4027 7 0.42141518 2.619526 590.8638 109.122025 756.7887 7 0.27309602 644.1803 365.09497 1016.47327 545.2125 7 0.24257828 0.0 621.2047 41.11026 755.09985 7 0.23295483 797.7014 138.00223 848.4199 175.4237 7 0.22894764 547.73596 280.34036 605.6449 319.74875 7 0.13751274 796.52985 363.91132 1010.9969 463.42627 7 0.12910417 800.10004 355.40942 993.1988 419.6983 7 0.10733628 5.2082043 664.4947 62.37269 753.02216 7 0.094965406 289.48785 217.47353 503.5431 305.40347 7 0.08627613 662.71814 205.8971 781.2157 307.24713 7 0.07426605 740.11346 353.50104 793.2453 375.90973 7 0.06880276 8.039032 598.2054 661.37976 766.5545 7 0.058356196 683.107 163.91373 993.0618 294.44196 7 0.053702783 976.6959 437.0873 1023.43884 516.0796 7 0.05265771 895.4685 406.981 1021.82947 659.11896 7 0.051254474 909.0697 446.24118 1017.5841 514.88513 ,test/1484.jpg
0 0.09854035 334.3413 214.4779 659.0126 614.6454 1 0.9486396 333.6254 214.11653 659.66394 617.5029 ,test/1485.jpg
0 0.27570033 320.55286 557.099 437.12207 615.61194 0 0.26473716 469.77414 157.6248 514.68494 215.83351 0 0.16597487 361.47757 161.38147 435.22183 176.97705 0 0.12838875 379.75555 51.702026 512.3919 117.38794 0 0.11553511 447.57016 917.4824 627.14954 981.4026 0 0.10508586 441.5249 150.81543 476.4369 217.70657 0 0.061078347 312.6108 530.1912 454.17477 629.47894 0 0.05801916 262.55765 389.27835 432.3204 544.20404 0 0.053386185 530.0151 809.263 922.89044 1016.9904 1 0.9949437 389.38773 598.3184 920.93396 994.9703 1 0.96395075 262.1411 386.27747 435.02936 544.4105 1 0.25316444 476.4646 799.01587 923.92285 1015.28723 1 0.13366888 387.84094 756.0822 661.1553 972.4052 1 0.09553656 478.16064 917.28125 619.0764 982.1925 1 0.07414277 469.77414 157.6248 514.68494 215.83351 1 0.057763387 415.6486 424.52908 505.4531 467.93655 1 0.053082522 309.2004 526.26385 456.67117 616.96124 2 0.25520185 381.28384 50.13051 512.38354 117.46954 5 0.5962006 381.3061 51.87018 513.3683 117.37773 7 0.9989619 159.22748 70.2464 759.32855 784.66565 7 0.80601054 583.1859 820.1801 920.4429 1019.63043 7 0.4585924 370.6755 743.64777 442.6835 839.73395 7 0.36897972 470.0697 157.32649 514.1973 215.86708 7 0.15043396 377.83905 50.392498 513.1122 117.59552 7 0.12201457 441.5249 150.81543 476.4369 217.70657 7 0.08150496 340.05557 44.14708 509.4955 197.39664 7 0.061470702 438.60983 153.09938 519.61707 217.1118 7 0.06128544 320.10413 556.67993 437.27106 615.2374 7 0.057057522 194.62213 63.12671 515.65466 222.76138 ,test/1486.jpg
0 0.7260607 262.99994 578.13025 450.3133 663.4254 1 0.24854366 263.76053 577.5232 452.12338 665.65625 2 0.062466603 264.9184 578.9668 451.7589 660.2988 2 0.050253574 265.98492 692.02216 403.2719 759.3553 3 0.3287554 593.092 446.4472 651.8121 543.0641 3 0.21347125 584.7132 400.9502 660.1414 563.6869 5 0.1471014 264.4638 691.05365 402.74225 763.42426 7 0.9950617 170.44377 157.03824 661.9256 837.35913 7 0.8900025 193.7599 476.39044 625.5078 832.37335 7 0.23313352 276.2798 174.8476 647.4899 360.92383 ,test/1487.jpg
0 0.23536912 237.12036 5.6082153 651.4047 1003.00946 1 0.11554178 243.72984 0.0 605.3056 1016.43994 7 0.79097867 236.13127 5.4005127 651.64355 1006.44025 ,test/1488.jpg
0 0.05054446 334.7731 468.01465 810.4995 772.80066 5 0.9825646 332.74414 468.7638 808.4646 774.6516 ,test/1489.jpg
0 0.7468243 373.53772 675.34894 418.06635 751.70636 3 0.3536895 378.90454 489.2476 646.8363 733.00726 5 0.9111053 380.2599 489.73837 647.4552 735.09406 5 0.101230375 382.19998 628.5372 563.8161 738.2736 ,test/1490.jpg
0 0.15750371 357.69092 415.0772 461.52832 472.41388 0 0.13404678 628.44226 389.19183 864.24304 583.1331 0 0.06800355 2.2974396 404.8851 431.51727 734.01794 0 0.06028452 0.0 408.10028 58.384426 486.79333 1 0.9953897 9.000961 219.39723 212.63058 315.26163 1 0.9692564 0.0 408.08557 58.69272 486.5249 1 0.7376558 61.409462 171.77756 227.83795 272.11658 1 0.3613241 12.518715 297.72852 157.76862 332.7229 1 0.29608345 0.0 416.26944 14.810328 487.48026 1 0.28913385 0.0 198.0588 210.00343 237.06107 1 0.24289857 172.62122 230.02171 228.47507 282.0531 1 0.22374275 16.863106 301.90826 84.44678 319.33374 1 0.19147667 0.0 188.96722 18.153051 248.3186 1 0.19094211 196.12988 224.71553 229.5199 246.20348 1 0.14010297 118.01085 218.28041 231.75179 275.3754 1 0.13490917 3.180622 227.612 62.10152 303.98602 1 0.12461594 73.653076 175.59749 144.19203 208.40242 1 0.10274491 0.0 191.70038 83.73523 237.10571 1 0.09834744 0.0 182.23593 147.38719 247.52246 1 0.09309977 60.117207 172.84225 153.06412 234.62427 1 0.08659433 0.0 189.25223 37.371082 248.83725 1 0.08235946 0.22403336 261.00397 57.569794 298.72552 1 0.08007391 170.64124 193.48055 215.24481 208.02968 1 0.07076189 2.3386002 248.33075 41.96932 293.90326 1 0.06960947 66.400734 305.80548 155.15234 330.08453 1 0.06857968 32.739174 209.5696 221.6416 248.26686 1 0.06009202 0.0 186.30746 58.877716 263.22916 1 0.058199503 36.956673 225.48166 202.48627 282.63538 1 0.0549305 2.111061 196.3428 229.78574 376.66208 1 0.051709298 199.56265 229.70465 229.86139 271.09048 5 0.12473511 0.2636528 354.18945 81.37709 386.4646 7 0.9979917 621.4044 249.89561 977.18286 595.09 7 0.99732745 129.7543 207.29227 680.0696 487.47055 7 0.99343866 2.1209106 406.86066 433.6245 732.5246 7 0.992906 298.84308 387.48242 923.68524 829.24207 7 0.9024911 358.3002 414.98386 462.1613 472.6406 7 0.7423552 57.133633 318.41876 166.11859 472.60974 7 0.42320383 635.1482 384.68848 869.21716 585.51294 7 0.17522943 89.43729 327.49973 161.53499 417.207 7 0.16981092 0.0 295.84497 933.3037 733.8032 7 0.13421011 631.47144 251.82918 783.0459 433.55756 7 0.06592054 65.02478 317.86456 339.69626 513.657 7 0.06144104 0.27537155 354.10513 81.88568 386.6487 ,test/1491.jpg
0 0.8575357 175.3841 355.95892 807.7643 558.4751 0 0.17358983 496.9556 324.63895 635.06946 372.90402 1 0.3203138 175.0375 356.59848 803.37085 559.21295 7 0.99870753 808.803 3.8758698 1020.6427 244.30322 7 0.06765972 850.6533 5.6051826 1021.03345 104.63844 7 0.06519884 857.7435 0.0 1016.12134 41.59468 ,test/1492.jpg
0 0.99920696 360.75443 493.2539 583.2956 593.8218 ,test/1493.jpg
0 0.4524555 242.34042 345.6067 843.57837 683.776 1 0.82579684 245.86548 347.7949 840.6693 685.2483 7 0.21239135 249.96335 347.40436 838.76685 685.36835 ,test/1494.jpg
0 0.07399584 631.3866 665.682 766.42957 705.5602 3 0.94914734 785.0654 256.0125 903.52466 289.40417 3 0.7986546 630.38434 665.66156 767.0296 705.9273 3 0.24031155 746.78235 539.0692 843.31213 637.32324 3 0.10846989 788.8166 702.2448 865.044 795.5972 5 0.95895475 46.579376 104.17297 722.05383 623.1359 8 0.9882798 788.54663 702.4578 864.8662 795.10443 8 0.9611837 746.7875 538.9147 843.31445 636.9862 8 0.2117306 630.3947 665.6998 766.9511 706.0503 ,test/1495.jpg
0 0.12920439 0.0 927.36835 193.7341 958.53143 0 0.11470552 13.548645 117.50568 1004.0624 454.74432 7 0.052360862 0.0 927.36835 193.7341 958.53143 9 0.97389156 0.0 770.83704 1024.0 953.24084 9 0.93621665 4.0453796 135.87321 1009.0897 451.932 9 0.89422554 0.0 545.94586 1024.0 743.14703 9 0.8868972 0.0 377.6147 1016.887 574.92206 9 0.8516189 3.4830322 674.1239 1024.0 824.33545 9 0.80511874 0.0 417.7206 1005.73987 848.0908 9 0.5198194 0.0 496.8953 1016.20776 569.4102 9 0.14245372 0.0 532.74585 1015.92896 629.48987 9 0.13556512 2.474121 222.76929 1008.5766 715.5616 9 0.095210865 0.0 877.6318 1020.89435 960.7553 9 0.07749833 568.1039 770.76025 1024.0 961.42725 9 0.051940475 10.469452 518.3594 769.2909 968.3131 ,test/1496.jpg
3 0.075430535 227.43654 492.4282 534.30524 678.9765 ,test/1497.jpg
0 0.34992915 502.41272 188.73459 941.16675 569.594 0 0.21722098 660.58075 27.730679 800.8521 104.74623 0 0.20486507 477.17175 366.46225 874.2853 559.7972 0 0.09390347 481.08936 510.1665 915.41736 871.2615 0 0.07933849 605.79285 116.648895 1014.74036 507.33768 0 0.07771736 277.50363 227.24059 552.7528 388.51398 0 0.063730836 525.2332 317.58868 909.20087 671.7407 0 0.058264982 456.70438 232.28986 553.04596 263.18585 1 0.9119999 175.73685 397.31436 912.3937 865.7009 1 0.8555373 479.97845 129.82397 1009.0632 575.3733 1 0.69258255 319.3473 796.084 443.18024 980.92957 1 0.5922646 481.60007 510.87296 915.3683 871.0591 1 0.4017049 740.6475 338.8498 988.02313 561.08484 1 0.3102156 478.95526 338.25623 980.4954 568.9833 1 0.23460793 277.50363 227.24059 552.7528 388.51398 1 0.21171917 186.25134 409.41064 648.33124 774.83264 1 0.0706767 465.67975 412.78903 835.3698 554.397 1 0.052688267 380.9066 374.62573 461.64792 393.46826 2 0.5649407 319.17947 796.1467 442.97763 981.07434 2 0.5407066 276.15588 227.30748 553.1686 387.21307 2 0.10210483 633.32556 120.1285 1014.1384 289.55295 2 0.093191914 457.99188 232.28859 552.1794 261.5682 3 0.71026564 272.02353 228.2058 552.62244 383.4167 3 0.05434951 456.72894 231.97101 553.6111 266.93564 5 0.22658484 456.70438 232.28986 553.04596 263.18585 5 0.1373382 635.7747 119.87459 1014.87274 289.06 5 0.059203707 273.7209 227.27667 553.3763 388.05914 5 0.053933196 471.99033 415.6882 666.13086 552.79297 6 0.8702781 636.67444 121.51275 1015.1068 288.94943 6 0.370908 471.99033 415.6882 666.13086 552.79297 6 0.08226339 481.99344 124.78575 1008.0326 576.97736 ,test/1498.jpg
0 0.72482395 439.9267 321.5361 651.8752 770.3125 1 0.46290135 439.6713 321.80182 651.7865 770.3897 1 0.082645655 497.9849 624.1068 653.1733 770.7561 ,test/1499.jpg
0 0.19544655 635.7772 710.53937 727.11194 756.89594 0 0.1496697 44.17572 697.2604 672.8466 1024.0 1 0.98605263 137.71613 204.13263 655.176 805.79083 ,test/1500.jpg
0 0.09332723 97.2843 61.174072 1024.0 846.99097 3 0.14408347 97.9115 62.22232 1024.0 849.4839 5 0.6298427 97.2843 61.174072 1024.0 846.99097 8 0.9611071 424.9732 530.3608 860.0524 813.85065 8 0.93115956 608.15485 439.66888 925.79535 715.55804 8 0.32148814 384.73975 631.2812 781.7865 809.28143 8 0.14307445 543.2261 540.6361 744.80884 802.74365 8 0.10471432 581.87134 528.0966 838.8015 744.3089 8 0.06453102 412.1795 651.2645 642.788 792.1609 ,test/1501.jpg
0 0.18524438 96.93826 273.5811 874.9016 817.65845 0 0.1725958 108.34122 496.9028 701.2025 819.3751 0 0.13249849 549.7962 95.95172 886.5313 369.92874 0 0.102244675 249.3226 187.89812 862.17615 631.2457 0 0.09432865 2.0868492 621.9094 123.018585 781.5917 0 0.064547196 607.5066 26.363121 692.8146 121.181694 0 0.059390094 106.19725 508.11188 410.386 618.8378 1 0.94796985 75.34592 65.55765 882.5331 824.25366 1 0.8755566 104.36951 501.25323 721.34814 816.8996 1 0.80042124 541.4652 89.009384 886.0542 357.9818 1 0.6559674 248.81503 252.51662 846.1704 540.9851 1 0.4610412 2.1501274 621.28284 123.18837 781.94336 1 0.15917963 409.679 64.8156 867.6113 572.37573 1 0.15791894 2.306675 625.12964 64.11493 783.80774 1 0.09992378 228.62646 244.17865 753.0201 764.42633 1 0.070808806 671.5447 528.5683 748.42554 581.7962 1 0.054849934 729.6471 19.69487 894.5106 329.49054 1 0.05190113 659.7713 517.16626 781.30023 589.1167 5 0.40848768 1.4552841 624.53937 118.57257 781.1208 5 0.11296806 44.19232 54.67415 569.723 328.23706 7 0.15586132 542.46484 91.98665 885.89954 357.97327 ,test/1502.jpg
0 0.99841845 159.64368 59.966248 743.5154 925.7122 ,test/1503.jpg
0 0.08419214 384.245 351.60617 783.63916 542.88403 0 0.07082207 281.2741 517.19073 749.1158 694.9423 1 0.959781 27.123474 485.1527 988.06476 854.6914 1 0.51973975 382.63815 349.38425 783.7528 559.32355 1 0.08838155 294.27423 521.5688 749.6025 690.08075 5 0.83958375 382.25122 351.00238 782.30676 544.37006 5 0.31598112 250.22144 530.04315 748.9016 691.15533 5 0.0633088 265.48138 499.50922 768.1873 620.35187 5 0.054052122 342.70166 467.91748 776.74316 583.2147 7 0.13658617 33.83795 487.09027 982.84436 853.07965 7 0.05473003 383.62524 350.99728 782.34155 545.0929 ,test/1504.jpg
0 0.13421388 347.9267 139.64319 404.2362 264.65005 1 0.99149185 945.63275 0.0 1023.2601 74.76439 1 0.9462899 940.98285 941.10724 1022.8599 1023.8654 1 0.114297606 68.767944 208.56229 959.6813 826.94617 5 0.17706442 0.0 22.742737 211.86017 646.4626 5 0.055390153 2.6392365 146.78835 189.52211 475.26904 7 0.9851975 71.665985 201.75797 963.47034 827.2023 7 0.9096869 61.43405 1.9995499 846.22266 90.70482 7 0.81750697 0.0 2.8286743 230.24551 654.3692 7 0.60929376 347.3006 139.3703 404.956 265.1419 7 0.37818503 0.0 18.931 884.6643 283.77844 7 0.35653397 591.3959 0.9368782 874.36316 71.584854 7 0.1795639 304.71954 135.66652 425.81506 263.7083 7 0.08213456 4.750992 3.893097 463.17206 270.44012 7 0.07381927 324.4013 204.75986 847.19696 441.6179 ,test/1505.jpg
0 0.6399128 242.53293 663.64374 440.87735 850.43964 0 0.617888 935.73474 459.98926 986.8197 490.23846 0 0.28106567 494.4182 262.98737 622.4607 399.748 0 0.2146255 253.59515 658.5408 461.11456 743.19727 0 0.09204734 369.6215 269.445 488.0638 370.29797 0 0.08805085 510.2738 260.81403 565.4353 405.28705 0 0.06902629 514.9409 312.23166 598.99133 345.47684 0 0.06858284 514.9717 329.6632 675.77075 365.9301 0 0.06624291 333.00055 663.90125 392.40906 689.52637 0 0.060953368 365.13022 268.23956 602.7938 382.1172 0 0.056990474 938.5979 470.60596 981.34753 504.18872 0 0.050665166 2.576189 47.637054 59.08702 427.46918 1 0.41131896 306.34006 0.0 1020.5187 301.56897 1 0.33683443 20.858002 0.0 1019.29846 468.4569 1 0.33028197 0.028869629 171.28369 517.0462 477.7636 1 0.0627879 3.0262642 67.17822 35.409344 118.918304 1 0.057525124 252.02612 660.35266 461.07654 732.65515 3 0.8614391 119.57626 190.27963 391.3724 388.78207 3 0.23006034 253.59515 658.5408 461.11456 743.19727 3 0.2210847 493.58337 263.77316 619.26624 399.6414 3 0.15569936 369.6215 269.445 488.0638 370.29797 3 0.10357616 365.13022 268.23956 602.7938 382.1172 3 0.08761151 46.768066 195.42596 513.3397 424.8553 4 0.2518558 116.65732 191.53864 420.4841 390.44373 4 0.13834316 111.74338 183.38663 209.69235 351.24985 5 0.09252077 243.26941 718.3576 405.38245 849.72943 8 0.10249782 114.15234 193.00749 445.20612 390.5937 9 0.11279806 243.26941 718.3576 405.38245 849.72943 ,test/1506.jpg
0 0.9000696 315.24243 425.66772 812.7927 716.79297 0 0.051072083 252.7518 221.59564 821.9618 701.53125 1 0.22202012 314.2324 426.7371 813.08716 716.4064 ,test/1507.jpg
0 0.67130363 288.42746 228.42256 736.30164 651.13367 0 0.44241542 0.9387207 830.66516 130.83595 890.4557 0 0.42462328 203.43823 215.5763 893.39746 801.74927 0 0.3778628 589.0176 223.49028 839.7241 525.34515 0 0.21577944 465.15576 633.9885 529.00757 661.17883 0 0.12380817 341.0935 432.3885 836.1133 661.89154 0 0.11495062 610.1754 651.65753 740.0344 737.295 0 0.114292525 288.87244 377.7934 555.7943 659.8226 1 0.9076633 170.64655 218.07086 902.17267 802.9402 1 0.55557173 0.8204651 830.5923 131.02197 890.6404 1 0.39962077 591.17206 224.38246 838.37836 529.7062 1 0.37281257 470.54944 634.6261 526.81287 661.57043 1 0.10345361 689.2763 442.8083 820.35455 546.01337 1 0.065760806 171.74046 407.74915 504.94678 755.78625 2 0.06876487 470.64453 634.7004 527.20074 661.4903 7 0.071408615 470.71634 634.73517 527.338 661.4163 7 0.056071874 282.2069 222.74059 753.32104 643.81555 ,test/1508.jpg
0 0.15722659 12.766266 203.73349 503.13107 710.9397 0 0.12291233 609.31775 370.14142 818.4093 552.45215 0 0.09471171 171.03317 204.42163 199.44781 267.1239 0 0.07518205 621.1345 7.0693054 1012.349 545.28503 1 0.58603233 609.64136 369.86206 817.8408 552.0571 2 0.99987054 416.618 628.9829 644.61316 796.5404 2 0.8502648 608.97675 370.13663 819.95575 552.1413 3 0.065282576 514.00586 418.51123 556.17725 455.46082 5 0.6829801 0.30484772 861.7978 152.50449 1024.0 7 0.9986652 3.0092392 209.57219 204.61017 349.93146 7 0.69263875 0.070739746 861.2489 151.67557 1024.0 7 0.24197173 12.516449 203.80064 486.84735 713.144 7 0.096611656 4.281456 204.70605 259.12405 637.2431 7 0.050733868 709.7604 823.51544 992.17505 1018.93243 ,test/1509.jpg
0 0.98996454 173.4721 265.53726 819.0455 813.8977 ,test/1510.jpg
0 0.99996376 333.30414 215.14432 676.511 589.66626 6 0.42034027 911.68286 129.79097 1011.9862 190.6699 6 0.11305655 603.5554 0.0 916.5773 209.7348 ,test/1511.jpg
4 0.059216436 73.104706 377.27893 772.4845 630.5314 5 0.9795243 85.57922 378.9 868.70685 635.9569 5 0.14066257 722.4926 505.96146 983.644 627.081 5 0.12600797 602.3835 451.8207 983.48846 622.2326 5 0.07700961 802.54443 549.17413 973.203 627.6746 ,test/1512.jpg
2 0.99969566 235.63829 367.90567 650.1191 847.61426 2 0.20068295 222.603 387.30374 660.32556 441.59964 2 0.06907797 226.52899 407.8505 655.6838 457.7632 2 0.05900287 225.92453 337.48563 659.9581 439.1909 5 0.28867427 226.58757 337.08667 659.8717 440.96252 6 0.55272305 227.09627 337.30737 659.3819 441.1787 ,test/1513.jpg
0 0.46708608 335.9783 301.16995 625.202 756.552 1 0.925553 335.46967 307.16382 624.094 753.3385 ,test/1514.jpg
0 0.20572717 962.2331 1.2786484 1023.81573 139.82153 0 0.14262019 966.8462 143.58629 1023.40393 231.06404 0 0.14250968 2.6679497 632.5287 72.25841 1010.3218 0 0.13394774 904.8036 2.1517372 1023.12964 121.8459 0 0.105047196 958.7877 770.55145 1023.80566 905.35284 1 0.9372633 902.6259 0.66641235 1022.02997 83.56528 1 0.9231938 958.23596 769.9852 1023.8613 905.96545 1 0.8242843 966.6245 143.07857 1023.588 230.91557 1 0.2043849 948.79675 0.31661987 1022.922 140.71254 2 0.16525392 3.5495224 357.77753 155.048 700.58344 2 0.082353994 966.5067 143.68423 1023.5044 230.7774 3 0.14706175 3.5495224 357.77753 155.048 700.58344 5 0.9995889 211.51425 148.10324 796.6 407.52066 5 0.9990395 163.17123 359.5522 844.0327 743.9091 5 0.567054 5.0774 362.09927 161.50131 694.9498 5 0.11724709 966.8369 143.39651 1023.45435 231.02756 6 0.09555722 966.8839 143.63968 1023.4215 231.15604 7 0.14039354 951.41284 773.4629 1022.1207 988.34656 9 0.3323551 2.3779297 634.46295 72.20157 1008.3852 9 0.32159445 965.07135 1.8513718 1023.8151 144.53503 9 0.067391954 6.020136 18.807198 64.17977 258.27988 9 0.05617434 904.8036 2.1517372 1023.12964 121.8459 ,test/1515.jpg
0 0.8423378 309.50497 395.12552 644.5117 600.051 0 0.5746214 254.19434 0.0 417.43518 62.965965 0 0.394688 463.83282 92.429565 766.7796 188.8739 0 0.28652576 39.201385 62.94464 1000.1588 905.99133 0 0.24304794 0.0 222.9353 310.41904 264.87985 0 0.18269113 145.047 84.46059 884.13684 582.70703 0 0.16246884 139.46408 147.25989 634.8225 503.9818 0 0.07587825 0.0 766.2919 39.092205 856.24316 0 0.066928014 286.25702 421.2751 890.7741 875.0914 1 0.6233766 254.35242 0.0 417.87787 62.59471 1 0.19378228 288.61417 420.1828 884.1747 876.0743 1 0.15317522 39.201385 62.94464 1000.1588 905.99133 1 0.11894679 143.63261 148.2868 632.33307 487.83197 1 0.053643145 149.2503 74.13814 834.03235 576.1161 2 0.05148246 251.53323 0.0 416.49228 63.564537 3 0.082709365 253.19388 0.0 417.74332 62.575943 3 0.05922263 0.0 222.9353 310.41904 264.87985 7 0.110138 283.80264 422.11768 889.6482 873.0376 7 0.06313616 254.47787 0.0 417.07132 62.708824 9 0.59428024 0.0 764.626 39.312866 855.7545 9 0.44149166 52.818512 69.044525 999.42847 902.5404 9 0.24700542 311.11313 396.18472 642.47217 594.9279 9 0.24398202 184.90472 413.86108 905.27435 884.66406 9 0.10218005 145.047 84.46059 884.13684 582.70703 ,test/1516.jpg
0 0.99748355 228.02313 411.6572 759.761 894.46155 ,test/1517.jpg
3 0.9990876 222.24901 319.9436 661.7023 778.7191 3 0.07892517 226.0565 321.97067 557.7089 480.50272 ,test/1518.jpg
4 0.99643 383.3245 227.19461 729.94775 952.7605 ,test/1519.jpg
0 0.5163252 418.25568 529.62695 509.04944 737.36206 0 0.2521241 204.40521 622.0864 456.09265 726.57275 0 0.18130298 204.56389 550.22144 501.1709 732.7517 0 0.096916474 215.83527 513.5011 274.97687 541.7374 0 0.08749324 420.8628 536.128 491.64386 660.51715 0 0.08457844 196.98949 568.96796 419.47382 682.45 1 0.9992293 113.41954 437.91296 429.7848 660.9878 1 0.37569028 211.79643 511.06882 290.5202 581.97174 1 0.35145566 183.27704 464.85663 336.2574 579.23004 1 0.31796694 200.08762 547.21106 510.27475 732.80774 1 0.22922225 326.21585 431.75546 426.56125 619.36304 1 0.17006773 196.98949 568.96796 419.47382 682.45 1 0.13568582 124.522125 439.85654 340.63477 601.979 1 0.13159667 215.83527 513.5011 274.97687 541.7374 1 0.09846011 204.40521 622.0864 456.09265 726.57275 5 0.052914783 418.46744 528.43524 494.9017 667.3592 6 0.25432295 417.29163 529.06067 510.32135 737.6078 6 0.19418325 418.67047 529.87994 489.6043 663.98883 6 0.07832612 413.8701 528.8182 488.77383 574.16595 6 0.05625738 205.65685 621.0305 454.75623 729.4038 7 0.999741 466.60767 424.66907 880.0852 741.1846 7 0.99946076 273.89838 237.9075 591.4153 528.209 7 0.8958224 407.9699 453.4452 573.89325 535.401 7 0.27631027 270.45523 242.63991 365.35037 315.88013 7 0.16059636 295.7657 244.90913 360.15436 298.44763 7 0.13502994 387.397 452.78998 576.47253 659.6153 7 0.09663953 414.45435 526.4088 513.65015 737.86646 7 0.090458445 204.40521 622.0864 456.09265 726.57275 7 0.083016075 204.56389 550.22144 501.1709 732.7517 7 0.052139465 0.0 196.1891 281.44708 616.702 ,test/1520.jpg
0 0.95892894 311.3291 371.22406 368.84924 430.49353 0 0.31147066 320.9742 336.66278 439.8251 385.48645 0 0.15937552 309.34857 336.47632 426.40692 431.65546 0 0.12808904 523.0982 571.2755 576.0308 663.84705 0 0.085660346 0.0 687.5179 124.48896 931.14655 0 0.069752574 548.1633 664.0383 675.3385 702.3978 0 0.06138614 310.9249 391.52798 356.35098 427.968 1 0.99856156 470.2051 510.42526 754.2678 882.89404 1 0.8856814 518.0387 543.25916 744.35803 768.8164 1 0.7007305 320.80905 336.74954 439.1462 385.4456 1 0.6511845 523.5417 571.9767 575.86163 668.5248 1 0.4029612 519.1748 633.94745 690.1986 766.22906 1 0.31357783 565.67645 474.8393 753.50104 723.5152 1 0.17184272 654.3884 593.6128 744.4807 766.4347 1 0.15850207 683.43677 603.6738 739.7285 707.1444 1 0.15615608 548.1633 664.0383 675.3385 702.3978 1 0.1383611 308.0574 336.4487 434.15915 429.85678 1 0.07298507 543.4103 577.01355 569.92444 671.7682 1 0.06147131 462.0255 540.38776 536.43384 742.6397 1 0.061187193 311.46182 370.09387 368.86887 431.01672 1 0.059058342 688.4445 629.44836 720.0047 696.7377 1 0.058594618 516.8358 555.7883 586.14795 745.54004 7 0.9984108 219.88506 337.77753 497.43347 738.8166 7 0.11139371 320.94366 336.6549 439.74908 385.3676 7 0.102886036 307.28473 338.5712 438.00916 430.3113 ,test/1521.jpg
0 0.46250975 559.5448 32.37042 682.54236 65.75316 0 0.12809996 541.0694 410.5875 611.8178 545.74976 0 0.085582644 216.94257 342.90326 273.6617 473.44037 0 0.055039227 90.80499 652.69556 147.76346 754.1759 1 0.99644345 5.3237305 365.4091 818.1821 1013.29944 1 0.93981296 1.8875809 441.216 198.67667 751.50885 1 0.93956244 602.26514 673.2232 870.4994 946.93365 1 0.21793415 90.80499 652.69556 147.76346 754.1759 1 0.15907559 0.100494385 688.865 629.85156 1024.0 1 0.084459536 267.8701 349.91315 806.08826 581.5157 1 0.08139739 114.88797 559.8213 667.1488 919.3146 1 0.07293125 164.66302 344.67297 756.3344 786.53503 1 0.07164702 559.9167 33.97998 682.66095 65.09577 7 0.9993598 401.89984 3.1981812 991.2774 559.7521 7 0.97296154 703.5102 2.0597115 923.1619 116.78366 7 0.55972195 558.1846 33.776756 682.40955 66.312645 7 0.2753124 494.9154 2.701851 733.7545 68.20217 7 0.15723936 482.17914 1.7908134 903.8715 101.421936 ,test/1522.jpg
0 0.4016473 2.552372 164.39825 68.54637 714.01996 0 0.29753226 742.4896 279.4217 841.0277 398.1485 0 0.12715288 117.461655 85.143875 204.18526 205.03545 0 0.108289436 514.0862 0.0 681.505 76.34599 0 0.103698365 118.41226 131.95973 183.97171 198.13292 0 0.07964621 4.8756027 190.16232 88.19409 392.24338 0 0.07676604 662.98236 21.862427 988.837 773.76587 0 0.06371333 4.1852493 120.16556 174.76541 981.7295 0 0.062851705 297.0706 0.0 477.2413 46.387306 0 0.057783175 17.059753 0.0 447.52847 220.17604 0 0.05706395 46.530792 34.46765 981.6952 980.98486 0 0.054032065 672.5219 30.80806 946.19354 393.8241 0 0.052637644 939.68134 0.09634018 1024.0 91.839066 1 0.9831655 0.0 829.8155 151.86472 1024.0 1 0.9665758 0.8214493 678.5723 160.41412 965.0942 1 0.86687547 1.8822479 825.57135 72.894455 1022.69403 1 0.68218654 671.09875 0.0 835.4164 61.05355 1 0.25559512 0.0 827.87274 35.70079 1022.93964 1 0.21695961 742.48773 279.4217 841.04535 398.13324 1 0.19731802 4.508255 799.285 157.93727 935.4262 1 0.17928235 21.648197 877.4341 72.16797 1015.0325 1 0.14727767 19.076395 875.00336 54.29596 956.41876 1 0.13087825 1.3581886 163.71088 68.804825 711.52484 1 0.11518646 939.7254 0.067806244 1024.0 91.91193 1 0.08845326 44.886707 891.3339 145.95877 1022.8526 1 0.073790796 117.22825 136.0805 160.00723 200.00754 1 0.073372826 514.0862 0.0 681.505 76.34599 1 0.066441506 121.4246 786.8702 184.68327 985.84 1 0.054377887 344.81342 0.0 471.16467 41.227116 1 0.05047484 36.558945 888.9125 97.770004 1019.67285 3 0.48845017 234.96263 20.21888 382.66107 89.03957 3 0.2791312 319.40686 24.803913 371.0522 48.894833 3 0.27759764 235.5108 0.13625336 493.3462 90.80361 3 0.26716253 48.97873 36.127075 974.50854 976.2122 3 0.23795134 288.52893 0.12245178 396.52686 49.03529 3 0.09867405 308.96228 10.29431 367.11127 50.4261 3 0.09786055 269.60822 0.0 448.69128 34.193035 3 0.06508052 289.7819 0.0 418.2554 20.669868 5 0.7960259 51.350555 35.492584 983.8274 983.8185 5 0.77614266 871.493 0.0 989.18915 164.65256 5 0.32266474 938.6302 0.0 1024.0 91.831985 5 0.30089054 2.190754 152.78189 65.27988 712.49243 5 0.24062139 935.1555 3.5746613 1015.9043 172.62477 5 0.17063755 833.97363 0.0 957.29956 106.18707 5 0.13190755 4.062729 54.150574 184.62589 995.82684 5 0.12387235 923.3633 7.0820007 976.13635 165.26135 5 0.0898771 965.2226 394.67682 1023.9025 671.7929 5 0.089106865 870.05365 0.0 927.0878 77.651054 5 0.08313775 134.45703 751.36273 986.1991 985.8632 5 0.08009463 742.24146 279.67126 840.98376 398.05487 5 0.07278229 259.6767 1.3013134 492.20117 64.667404 5 0.063252635 848.4403 0.0 938.59155 201.69049 5 0.058009062 151.5266 843.4149 570.223 1014.2095 5 0.056219075 46.74553 60.04428 286.73022 945.32263 5 0.05596806 6.3500824 177.92813 143.32753 703.2588 6 0.06384023 742.14264 279.32895 840.25714 397.23837 6 0.05773046 673.4735 0.0 836.87317 62.05623 7 0.94783884 938.2293 316.35413 1024.0 678.94476 7 0.63823396 146.7473 82.352875 198.51021 168.03606 7 0.4212868 969.985 396.79083 1022.73584 671.27765 7 0.3990909 672.9093 20.545784 943.8446 193.06592 7 0.3149434 141.02074 786.00354 182.43056 975.3849 7 0.21664925 838.933 0.0 1021.084 182.29233 7 0.20405692 832.2508 1.791832 940.75885 207.25528 7 0.15710647 1.3581886 163.71088 68.804825 711.52484 7 0.15577674 120.3587 81.88362 200.66235 200.97188 7 0.14624903 29.258717 203.35742 91.165955 348.4348 7 0.117535174 965.15686 103.06679 1023.94617 186.76045 7 0.099401884 735.3241 30.995422 948.01624 384.02008 7 0.078089245 896.26794 179.73317 1024.0 338.90308 7 0.06223148 131.41911 787.84326 166.873 962.94507 9 0.052746464 511.62042 0.0 680.7159 75.92799 ,test/1523.jpg
0 0.3005672 189.16693 214.44087 272.87463 391.66107 3 0.9999852 441.4129 200.01868 650.9665 803.9606 ,test/1524.jpg
3 0.999553 170.00464 337.16876 736.4716 819.6746 ,test/1525.jpg
0 0.57744867 11.653397 684.0448 379.04828 920.9877 0 0.47249085 284.59393 496.11752 334.84644 521.0769 0 0.14633138 318.1924 744.76685 485.34818 835.2322 0 0.102172464 535.49603 746.32 579.2314 764.3931 1 0.11272499 285.25806 496.7499 334.9585 520.7108 3 0.1399605 61.84362 471.92807 106.16793 494.85013 4 0.06094768 51.997246 466.10956 109.23838 496.8271 5 0.276043 860.6779 986.17804 891.91925 1015.1154 7 0.99733585 251.15678 500.78473 595.8582 801.8521 ,test/1526.jpg
0 0.5077509 763.9147 271.42358 833.9407 327.70233 0 0.46720612 235.31467 951.33093 310.28317 1012.6616 0 0.21582916 530.8739 780.81683 604.62305 835.6706 0 0.08373105 702.3282 333.23157 805.43365 430.06555 2 0.9997421 203.71356 266.02756 738.14496 609.2737 ,test/1527.jpg
0 0.07256783 572.5789 789.97266 704.52936 965.5238 6 0.14767434 373.36237 452.68048 497.40662 586.67487 ,test/1528.jpg
5 0.99913955 503.92368 261.99634 671.7158 613.3455 ,test/1529.jpg
0 0.2830421 133.48349 534.3105 754.13025 716.47894 2 0.10213879 132.6437 534.4942 764.72485 717.60297 3 0.92429656 139.5545 533.76184 751.89056 717.0309 ,test/1530.jpg
0 0.29545698 297.68793 148.133 698.1975 973.1259 0 0.14622398 285.39337 223.02412 364.4026 661.47156 0 0.11834513 667.16077 322.9224 736.06824 716.4479 0 0.07414495 659.4023 306.06555 704.862 710.7164 9 0.8317837 299.3474 155.45584 698.7389 971.7799 9 0.18035002 659.99786 308.85992 707.3365 712.01416 9 0.102392174 657.1886 383.27454 747.2488 709.1526 ,test/1531.jpg
0 0.5612257 410.67383 742.5225 439.53516 791.7713 0 0.34146827 513.21045 219.45824 653.2543 283.47748 0 0.20355883 260.05554 607.49243 314.27972 627.3439 0 0.13332888 337.76758 266.35583 477.93445 506.72015 0 0.124083914 327.271 310.6931 397.9945 518.7216 0 0.11342431 563.9894 671.8708 652.702 769.27325 0 0.07292023 344.64233 442.51428 393.14734 520.90857 0 0.055470552 410.85773 791.86847 441.05072 829.7498 0 0.054553207 351.06323 475.83066 389.1529 520.09937 1 0.98603964 367.7262 259.72614 672.73865 665.61066 1 0.9631005 180.60129 318.60394 428.76492 800.9017 1 0.9518455 660.90576 244.12366 794.22656 448.39355 1 0.9309474 503.07147 144.88719 743.79974 298.7011 1 0.8994611 563.9294 671.8441 653.0817 768.97363 1 0.8142533 381.41953 587.7944 587.9938 798.1945 1 0.77709717 151.4903 693.40924 359.6464 792.14703 1 0.74374974 259.5387 259.57004 723.4623 793.7361 1 0.6613869 581.81085 390.5805 750.62665 741.2111 1 0.6611178 177.739 557.9796 428.15436 792.97424 1 0.5898878 335.8001 266.0001 480.60193 505.64542 1 0.3383803 379.103 412.7283 743.4147 713.17114 1 0.31873375 482.49255 120.10286 763.06226 576.52374 1 0.30626562 510.52686 215.53622 655.53296 285.2618 1 0.28127715 327.271 310.6931 397.9945 518.7216 1 0.28056616 330.07217 773.8857 416.98807 880.12177 1 0.26514673 471.32477 117.67093 558.91583 267.52948 1 0.2560442 360.64758 117.88132 563.2437 278.03873 1 0.24807861 342.7988 418.59848 391.71225 521.58307 1 0.15815285 594.79663 226.6548 781.6841 701.4116 1 0.14951254 410.67383 742.5225 439.53516 791.7713 1 0.12407953 153.84268 676.10205 426.91812 864.47595 1 0.12160601 362.27512 169.86853 495.51865 292.09534 1 0.098653555 507.62952 206.29646 551.2031 242.98631 1 0.09338435 498.53748 129.51036 588.0231 261.3197 1 0.09092573 647.5035 347.08987 756.95245 456.9515 1 0.085422285 518.85376 199.36176 661.63074 338.31927 1 0.07825158 322.43457 606.1205 438.37665 881.5536 1 0.07536211 483.9728 233.88445 788.0298 462.77142 1 0.065238975 383.4418 806.2264 415.35428 878.18256 1 0.06317267 470.58527 166.05646 510.99658 288.79333 1 0.062264435 392.86053 596.29083 608.2604 691.3853 1 0.057251204 474.6191 119.75793 548.12915 206.1135 1 0.052505985 365.84106 170.57863 413.21912 291.7092 1 0.05246132 367.23715 174.22862 392.343 259.4594 1 0.05195001 493.65665 174.10475 708.1387 372.635 2 0.9906352 329.70456 775.90356 415.39615 880.07776 7 0.095487714 410.71594 741.7148 439.17432 792.082 ,test/1532.jpg
0 0.6835452 698.81464 134.30159 775.9191 199.83876 0 0.16837429 833.4141 210.84853 881.87213 256.35614 0 0.09576101 411.02765 196.61797 549.98944 553.7947 0 0.0604546 700.2811 132.16183 730.89795 182.99417 1 0.98682064 512.69855 146.43454 733.7913 308.3799 1 0.9373175 309.52313 556.262 536.6321 788.45294 1 0.93243515 617.0694 267.65826 687.06256 349.92035 1 0.92105895 491.6253 474.67416 762.64435 925.80786 1 0.8924372 410.7601 200.6383 582.5217 565.6469 1 0.5232738 313.47498 187.22395 591.13947 651.1933 1 0.39445785 307.8542 480.26007 650.148 795.1523 1 0.2422899 699.13556 134.86235 776.1341 199.39082 1 0.2299988 832.8811 211.5239 881.9409 255.97244 1 0.19363156 514.55853 216.18317 601.98505 520.8056 1 0.15350997 493.3941 271.62408 552.9156 544.90826 1 0.15231243 614.8447 231.9526 725.64905 347.66446 1 0.10329281 542.97833 272.94104 605.76373 504.38812 1 0.087774746 448.21848 256.15552 547.9144 552.8641 1 0.066002615 283.37665 167.47366 715.15283 827.43335 1 0.058496192 497.07047 359.2467 541.11975 524.5371 7 0.4910931 833.2066 210.76936 881.78973 256.17136 7 0.06454423 698.7364 133.84134 775.8001 199.80368 ,test/1533.jpg
3 0.9995136 333.35782 335.01212 680.79236 547.41187 ,test/1534.jpg
0 0.26870635 160.11671 648.33563 184.31514 754.30133 0 0.26870626 526.57465 1.3732376 637.5855 101.78157 0 0.19914266 339.6223 365.2486 407.98804 604.1796 0 0.16821511 341.0591 489.21677 401.63443 602.0185 0 0.11551089 530.1693 109.941986 696.7821 465.2081 0 0.09671797 615.74286 538.07745 668.34235 621.3051 0 0.085553885 550.78015 783.1669 606.81287 865.7302 0 0.054574985 346.503 361.59686 472.99585 530.2087 1 0.978023 124.153435 471.1003 327.84912 820.06995 1 0.9748512 128.7264 479.82205 236.80525 594.0573 1 0.9400663 528.1176 107.542175 696.57184 473.43127 1 0.7400833 164.64554 631.7892 246.57608 673.27246 1 0.6758106 128.28506 466.94348 305.7123 672.9575 1 0.5940298 526.2292 0.99102783 638.38544 102.38881 1 0.49490312 684.69775 254.65326 768.91235 405.4591 1 0.45590183 190.1941 473.1715 300.88922 633.5148 1 0.41854674 152.42169 572.17847 298.5011 667.7457 1 0.3640472 553.87555 372.64355 775.9615 596.54456 1 0.31034568 684.79346 297.20117 720.93176 404.375 1 0.25978646 556.1814 483.8573 618.90674 565.2849 1 0.25154704 539.6762 398.58752 692.0257 612.3704 1 0.23383453 246.25928 590.8157 310.1858 674.65063 1 0.22327916 699.20294 291.1606 739.4057 401.72195 1 0.2145395 179.83733 571.49225 254.88585 660.1066 1 0.20404387 689.4992 306.22006 724.316 359.32425 1 0.1927744 538.1946 279.1579 692.1367 471.93036 1 0.17674448 524.00867 140.22191 788.1974 614.69135 1 0.15246765 285.73193 619.6418 317.41772 669.05743 1 0.1376154 538.2311 420.23425 604.24817 498.28284 1 0.13719743 497.4915 621.19104 559.2316 683.621 1 0.13492528 436.78174 0.07891846 484.0932 88.32471 1 0.12738068 615.9337 539.73553 669.73584 621.1314 1 0.12359362 686.16724 319.9405 710.5697 395.1784 1 0.11977443 708.4201 303.53824 728.1705 376.96518 1 0.10212412 552.16486 485.07254 668.6091 621.0696 1 0.10046659 686.25433 267.96918 733.31537 387.2223 1 0.09795144 133.16711 528.52496 152.05515 583.17365 1 0.08910016 542.17834 395.92303 694.15247 499.43378 1 0.08799462 446.4353 570.2079 553.1655 693.7551 1 0.08397521 187.1857 561.11224 268.4139 630.31573 1 0.08368353 125.57258 482.0324 162.31163 581.31805 1 0.0790208 686.44824 293.40952 704.5679 372.86874 1 0.07049417 688.19135 151.6983 803.37885 455.35016 1 0.066627234 160.11671 648.33563 184.31514 754.30133 1 0.065265544 128.69498 512.24445 147.50003 575.862 1 0.064825416 543.4792 437.2378 636.14777 579.52496 1 0.06275286 556.94293 470.84262 602.753 494.68472 1 0.06090305 123.18564 488.69055 215.38635 685.1736 1 0.056575295 675.8297 290.59155 704.35815 421.3366 1 0.05057704 289.11685 617.67773 332.00064 739.22424 2 0.7603215 286.66824 620.81006 316.9924 668.71655 2 0.71494913 185.48892 577.8893 247.72223 626.96497 2 0.112422936 184.11998 577.524 218.92339 623.6153 2 0.10220475 179.83733 571.49225 254.88585 660.1066 2 0.055846155 153.60666 566.53827 292.3526 672.7214 2 0.05154185 190.68822 560.7584 272.63065 634.7097 5 0.7154496 290.1153 388.7432 349.4076 550.11725 5 0.43795744 347.94315 351.71387 491.80984 526.20715 5 0.34246224 183.95845 575.10785 260.92966 633.65875 5 0.2681822 355.9748 355.8637 394.57593 419.67676 5 0.20002997 391.3233 539.1488 439.84106 600.7543 5 0.18238932 447.15857 639.3695 608.4513 816.23975 5 0.16547231 487.03513 622.3051 561.21246 685.0518 5 0.15034363 309.2825 317.8896 585.1102 732.2747 5 0.12233459 300.4672 321.963 526.3308 575.7337 5 0.119951814 373.27127 668.9684 557.3812 834.6172 5 0.107300565 184.11998 577.524 218.92339 623.6153 5 0.10028166 285.69824 359.54648 439.4217 603.38916 5 0.089462675 338.0185 526.88794 405.02368 600.8833 5 0.0894522 332.77133 541.55975 459.43167 712.36237 5 0.08360672 350.23462 691.97217 489.35352 782.8579 5 0.07253855 473.78708 588.4054 570.54803 694.10876 5 0.06387809 339.6223 365.2486 407.98804 604.1796 5 0.06036277 555.2476 486.3099 619.69086 563.9514 5 0.05608537 943.9543 764.34607 1022.0368 1024.0 5 0.055890642 337.74768 539.2704 368.56018 600.61865 5 0.05493842 438.2276 564.2187 499.46887 694.5324 5 0.05243034 338.80273 487.45544 431.21094 602.7615 6 0.68859637 678.08685 378.49802 760.89874 488.18393 6 0.5952241 660.7653 381.4621 761.0129 568.4679 6 0.19746722 592.77094 378.12323 767.9371 598.6289 7 0.9934202 813.1697 124.423 891.70166 328.00323 7 0.98787785 279.19525 325.06607 633.58844 983.8815 7 0.9633836 691.1015 146.47072 841.1973 447.85236 7 0.46425217 550.78015 783.1669 606.81287 865.7302 7 0.36853388 784.59564 203.35394 844.7962 430.56836 7 0.3451955 807.9452 137.68184 893.4226 229.79674 7 0.21774366 365.66873 587.6335 611.55316 981.98236 7 0.2089545 309.2825 317.8896 585.1102 732.2747 7 0.14167295 706.4645 159.40594 787.00977 240.37048 7 0.11033853 380.54736 757.98846 574.0647 978.3116 7 0.10989544 759.36884 137.88377 884.74677 441.78955 7 0.097815365 943.9543 764.34607 1022.0368 1024.0 7 0.09432379 529.87256 108.61778 696.38464 469.8006 7 0.08307107 717.1379 270.83716 769.16534 407.05963 7 0.06784701 555.2476 486.3099 619.69086 563.9514 7 0.06504215 341.64368 353.0353 449.28522 548.1236 7 0.051477585 299.02902 319.54083 533.3939 576.29297 7 0.050046686 603.52014 140.38316 847.4126 598.3178 ,test/1535.jpg
0 0.9810821 348.21793 445.43985 418.70126 651.0022 0 0.6992386 316.8771 441.02734 421.17575 777.7637 0 0.33746618 238.83536 495.7871 498.79123 874.89355 0 0.08574854 304.62952 703.0944 444.82178 768.64984 0 0.083532386 302.87106 538.54877 480.93057 647.2581 0 0.07974861 306.84897 461.5501 493.32486 665.65607 0 0.06563467 436.08997 485.2182 583.39435 576.9721 1 0.9991743 237.49585 702.3715 491.2492 865.721 1 0.9227401 450.81342 489.13193 581.8211 576.2405 1 0.2825052 423.31738 530.303 521.0963 584.5167 1 0.21222898 266.4793 709.2511 480.05896 769.2074 2 0.05149051 423.31738 530.303 521.0963 584.5167 5 0.9839273 238.05507 540.82495 499.9828 875.505 5 0.17074646 256.64423 614.0358 486.1839 765.5567 ,test/1536.jpg
0 0.5102024 718.9505 814.2887 741.5175 855.4049 0 0.15847413 201.60568 245.88887 785.04395 615.9143 0 0.117810816 305.5347 369.29547 863.9503 816.58966 0 0.072673716 334.48 375.9024 812.32275 617.4165 1 0.8974743 196.12442 238.47903 871.7174 817.06934 1 0.2819546 203.62122 243.80965 732.0086 609.68146 1 0.26272973 368.58716 419.4326 863.0388 823.6273 1 0.20560211 719.5729 814.09796 741.3264 855.70074 1 0.11580515 315.88647 379.95923 786.60156 614.08813 ,test/1537.jpg
0 0.19466038 678.0084 623.7539 750.01013 668.6625 0 0.12471796 385.13293 272.46466 432.93097 303.03046 0 0.07112259 556.47546 310.52948 620.4346 536.17035 1 0.96375895 735.1249 263.07288 929.8983 556.37994 1 0.95507324 556.3181 313.21844 621.45154 517.4613 1 0.9531602 544.9099 295.8933 763.4204 869.5481 1 0.914755 551.8148 310.6438 731.3716 520.1263 1 0.7377238 620.69946 414.81506 743.74475 526.49554 1 0.62603414 590.1869 242.7067 716.29114 340.6207 1 0.4500811 533.8828 268.34518 937.80566 820.2156 1 0.3841095 609.1025 325.3344 734.8244 444.81482 1 0.29273605 724.54047 364.64926 741.70685 429.57578 1 0.24402499 581.2503 261.48666 736.25104 432.43045 1 0.19549793 564.22876 424.3183 750.0272 555.304 1 0.18419711 557.60486 519.4032 750.605 556.0635 1 0.17563762 612.98584 411.37906 647.90027 520.0342 1 0.13804673 579.6677 273.98303 912.728 555.9014 1 0.13096003 386.3704 272.76727 431.28036 301.91388 1 0.09950966 613.06494 329.68713 718.3805 369.735 1 0.09016103 562.67365 450.42575 611.47943 524.5266 1 0.07616049 524.87286 432.8296 572.0887 565.9974 1 0.06895902 551.8793 550.93286 765.7455 845.1317 1 0.068570964 711.04565 271.9208 744.06726 372.65305 2 0.102270804 384.56616 272.44147 433.92334 304.09784 3 0.78120047 485.6034 615.1844 570.9784 740.2459 3 0.18187663 493.88144 631.93207 533.60425 699.65936 3 0.15698415 496.3753 650.63525 561.16 690.12976 3 0.11662274 495.6634 631.3889 544.59283 666.3822 3 0.090167485 492.21097 625.62854 569.5643 692.31213 5 0.22261818 540.8802 223.27023 587.87396 259.2203 7 0.9998348 236.76012 388.29443 468.33252 810.3828 7 0.9990307 439.55228 204.68817 591.4647 417.81384 7 0.9977964 293.28363 267.35834 443.94 427.38312 7 0.9937389 396.72733 361.0569 553.91925 640.176 7 0.19222648 434.82718 357.70728 531.35565 418.0028 7 0.1730191 425.01297 265.74512 564.9515 740.82227 7 0.15186009 530.3794 223.03835 585.47534 294.83292 7 0.0745443 537.42804 221.85458 587.5706 260.21185 7 0.07335581 297.5312 312.5697 581.81836 737.59546 7 0.058757562 456.79474 606.9356 571.60956 738.54767 ,test/1538.jpg
7 0.9909362 230.60712 164.56592 871.2636 757.398 7 0.065178104 236.99203 472.53543 263.84988 521.7446 ,test/1539.jpg
7 0.999302 107.26895 318.41428 871.90674 806.1345 7 0.24146703 64.378716 423.97455 236.36887 538.68335 7 0.12891874 32.221313 323.27856 446.85825 842.21277 7 0.08315993 685.5515 739.4496 921.14307 1020.6399 7 0.07752259 0.97003174 621.82947 417.354 802.27 ,test/1540.jpg
0 0.90702736 195.92041 381.98074 290.00937 528.9282 0 0.6682399 130.48415 677.599 229.89998 831.1072 0 0.661369 394.9662 194.32556 719.6354 713.0059 0 0.5024037 298.2195 400.4062 406.39896 543.6456 0 0.08878604 215.9114 687.29926 311.45633 832.65155 1 0.39345914 395.84387 196.5964 719.07654 713.9657 1 0.14095716 196.28316 381.54407 285.7785 528.04315 7 0.39345258 394.74365 196.0936 715.1616 712.0116 7 0.1779431 218.34929 688.3344 312.52438 833.67975 7 0.16721578 196.35239 381.6214 285.82825 527.8457 ,test/1541.jpg
0 0.06928754 623.80646 450.28384 916.3293 621.98157 1 0.5562179 187.88318 13.416718 568.2734 255.33453 1 0.11455226 0.0 255.7368 23.470322 328.89438 1 0.061701935 0.0 286.50824 15.986605 330.21698 1 0.05467014 0.32520294 250.13412 30.648203 399.94797 9 0.97022086 7.5975037 28.501587 1022.8855 964.6492 9 0.5550865 621.2713 450.266 927.0092 634.0709 9 0.4082927 87.55594 318.0477 644.885 932.77686 9 0.36878967 612.29004 433.74567 1024.0 866.79266 9 0.10865912 383.10587 29.141144 1023.83496 711.03125 9 0.06525749 21.408539 136.35489 587.80444 776.3313 ,test/1542.jpg
7 0.99827313 329.89917 207.08554 702.56946 738.2051 7 0.18734837 331.7987 510.36063 681.3771 727.6908 ,test/1543.jpg
0 0.79634076 365.77216 327.90128 398.0473 405.2668 0 0.14771459 300.60864 477.85583 323.1159 509.8288 0 0.14330338 344.17947 324.6928 397.28238 445.50128 2 0.99785703 300.19455 362.7101 736.34436 729.0974 ,test/1544.jpg
0 0.7548058 446.5405 440.24545 489.43253 547.0123 9 0.9974031 124.9884 211.79587 702.02875 843.01074 9 0.08712679 567.91895 402.39392 993.63513 540.87695 9 0.07150225 322.40836 234.8158 979.80725 561.471 ,test/1545.jpg
0 0.9989083 133.14444 541.9466 860.6759 951.8897 0 0.82202715 1.4823608 125.49306 402.10602 408.55627 0 0.7268005 1.8913574 155.21518 855.5061 962.4917 0 0.54414696 430.79095 236.09335 833.22736 415.0391 0 0.33638343 420.7862 231.79262 842.28046 591.42615 0 0.22420844 32.48709 50.292496 971.96875 417.0666 0 0.17915636 422.35394 383.46695 699.6241 583.6081 0 0.09477963 442.96896 199.18503 506.9487 256.2697 0 0.051164 372.2019 15.061035 1008.69617 354.16968 3 0.20542651 421.77145 382.8549 709.65466 583.4452 4 0.057081625 422.6482 382.3747 721.46204 584.846 7 0.45169634 420.72565 384.1253 698.5457 583.711 7 0.06607396 419.90515 231.54036 844.4374 591.12286 7 0.06337481 1.2145386 117.07341 525.74835 411.51044 9 0.15963097 429.4699 236.76012 837.7602 411.8025 ,test/1546.jpg
0 0.20126913 411.25064 390.68777 692.59546 637.3408 1 0.13467969 412.44196 391.63037 690.59674 637.2374 2 0.9540304 411.54678 390.333 692.3251 637.4658 ,test/1547.jpg
0 0.06372345 712.7009 792.85785 888.27563 908.8403 2 0.9920994 286.4416 444.66333 654.05707 708.3707 ,test/1548.jpg
0 0.99951124 414.3037 422.0187 547.8361 693.54846 ,test/1549.jpg
0 0.5986772 497.04712 396.9173 562.04736 502.2483 0 0.5662816 506.03342 307.5231 578.2904 506.19547 0 0.43440208 528.03284 311.56567 579.088 430.51624 0 0.33309558 372.88074 209.68877 577.0381 435.80652 0 0.13124304 382.9637 255.52434 518.1984 424.4535 0 0.11345561 394.4906 224.61711 505.7351 290.6094 0 0.10368706 354.07825 206.41754 730.81445 748.34955 0 0.06683372 0.0 842.04047 378.98682 1021.88165 0 0.05457204 556.6589 313.0498 579.32794 382.9956 1 0.10661322 501.4858 306.1115 580.6999 500.3338 1 0.08269925 495.46994 389.522 561.3264 515.44653 5 0.06343741 524.707 311.65533 579.6071 432.5183 7 0.99272835 354.99918 206.25699 730.2749 752.12866 7 0.96353126 11.972946 929.7172 375.41052 1024.0 7 0.93688315 0.06526184 841.71295 377.98993 1021.89655 9 0.6258903 376.336 227.4954 511.21527 429.7439 ,test/1550.jpg
0 0.99580836 271.84464 333.02374 871.4479 736.5892 ,test/1551.jpg
0 0.95528656 404.9812 292.0072 631.71655 753.4452 7 0.21024673 405.24695 291.78723 628.7317 752.04785 ,test/1552.jpg
0 0.32136127 907.82043 115.27887 1023.006 586.35376 0 0.055446878 481.0374 356.9902 903.74615 891.0895 1 0.17083926 219.07874 262.31024 567.76624 943.1956 5 0.99552214 696.8664 361.27856 1022.846 626.2759 5 0.5315997 484.98825 356.3467 947.4956 891.3926 5 0.33944088 906.17993 119.41089 1023.55884 579.90204 7 0.11697106 906.64404 128.98161 1023.5486 572.3801 9 0.71317 488.17975 363.6741 814.08685 884.03674 9 0.56235737 224.01038 266.54916 555.69885 949.28796 9 0.31248024 910.5702 115.425735 1021.74097 583.25165 9 0.055651095 216.87216 304.69577 955.2986 932.77026 ,test/1553.jpg
0 0.09054482 449.70853 419.03433 640.0586 598.39294 3 0.93074083 450.66833 418.20975 639.1117 598.55615 5 0.9422485 838.6031 56.164097 898.2564 124.70749 5 0.17508085 451.13995 418.29565 639.5402 600.3983 6 0.1428753 840.0829 56.859432 896.6361 123.771866 ,test/1554.jpg
0 0.058066424 450.66663 388.63123 814.70337 609.60016 1 0.9977518 441.4474 126.05327 948.7932 543.92346 1 0.9736371 373.60486 411.11606 462.94165 531.6128 1 0.92170686 454.43472 361.39413 1024.0 874.14087 1 0.8237308 452.07205 384.35602 890.86865 715.33 1 0.7086325 448.60452 513.0239 483.95413 588.4303 1 0.63006335 420.84903 123.30174 769.6101 433.74127 1 0.6114868 403.96378 116.802216 607.9364 425.7139 1 0.40558124 454.99573 342.92767 891.964 569.37195 1 0.31741416 757.4217 444.9109 1024.0 877.93994 1 0.30095816 398.9072 415.56644 458.5853 499.80478 1 0.2889621 767.436 459.75232 876.5184 648.2417 1 0.19339311 570.96344 123.90542 781.93243 228.26413 1 0.16832004 430.5421 363.66125 462.09235 425.9253 1 0.1548079 370.57953 306.33255 476.56384 537.56024 1 0.14714178 764.57605 526.8247 821.68274 608.43506 1 0.14575277 765.5887 537.86505 868.9528 640.05927 1 0.13799411 534.9427 427.296 892.5373 629.3936 1 0.13231225 403.25308 246.10678 476.99423 419.24002 1 0.12358934 455.55872 293.3896 490.52875 336.99762 1 0.11515424 773.2831 298.66528 926.7948 655.1716 1 0.112402394 765.8121 557.8583 795.01654 608.5856 1 0.10417376 724.9018 512.1001 827.8691 538.2069 1 0.09352434 428.5869 428.31607 457.77155 488.01694 1 0.07993 501.34283 120.98683 951.47614 338.97998 1 0.07974053 532.79944 426.69284 831.31555 549.0761 1 0.07368909 500.92596 109.420746 788.9316 267.42978 1 0.07315694 723.2975 498.89514 870.68054 617.4321 1 0.07147211 653.9416 154.05931 788.2652 217.8849 1 0.06442216 728.70807 514.62964 837.7332 557.51794 1 0.052565612 376.35147 419.4797 423.93686 530.24457 7 0.99952996 120.496056 409.06958 250.27634 749.1747 ,test/1555.jpg
2 0.99959177 312.7115 262.0366 734.20294 621.4884 ,test/1556.jpg
0 0.6787612 97.13069 365.77844 253.0005 481.5782 0 0.58733934 149.97064 383.69757 749.02496 537.544 0 0.23361668 196.34314 383.29733 838.5316 716.3169 0 0.12170051 83.13167 551.7096 181.14305 623.88586 1 0.15399712 229.51874 386.20636 735.0206 538.5519 1 0.08883005 141.0087 381.48743 826.2468 697.796 3 0.10574428 96.93387 365.7374 256.45718 484.35873 5 0.10154891 233.56429 385.12094 737.1157 538.3999 7 0.4701635 196.34314 383.29733 838.5316 716.3169 7 0.355079 220.98999 385.1673 737.5168 539.04913 7 0.11906016 83.13167 551.7096 181.14305 623.88586 7 0.054119647 96.9651 365.64578 254.78923 483.4772 ,test/1557.jpg
0 0.28815946 467.99493 161.54663 638.8526 338.19086 0 0.059812732 325.77722 366.07257 377.23566 456.96173 1 0.10072934 429.53687 623.90576 597.2129 799.92664 2 0.9875915 428.93582 624.1633 598.51337 800.39075 5 0.9940078 338.78375 345.87915 492.41956 600.8413 5 0.8279632 468.87512 161.90405 638.43335 338.18237 7 0.16181226 467.99493 161.54663 638.8526 338.19086 ,test/1558.jpg
5 0.9923578 225.78378 347.9651 814.6011 648.87335 ,test/1559.jpg
0 0.42803746 229.93837 283.60904 614.8163 473.3986 0 0.2968895 298.85648 282.28836 619.6299 390.65018 0 0.24579607 201.64917 417.0492 330.9748 481.167 0 0.16008402 297.37308 331.46027 597.8502 394.5218 0 0.15027057 810.09717 647.4088 951.3717 762.9324 0 0.09901237 322.50754 0.0 716.0945 136.46622 0 0.053770814 50.47641 0.0 758.9171 254.91385 0 0.05291495 229.01494 429.3154 734.3563 635.26416 0 0.05286221 572.8551 25.199986 673.5593 99.565796 1 0.96886384 155.57408 627.4847 255.10222 672.74554 1 0.95681643 811.0589 647.68115 950.6933 763.6842 1 0.55970293 20.720612 13.33461 862.8572 358.70508 1 0.48709416 351.44925 282.9142 621.48486 371.92606 1 0.21919288 31.89624 2.665863 802.7075 186.0015 1 0.14921547 0.0 894.70654 138.83246 1021.31213 1 0.109807946 295.63892 4.455391 728.6448 136.4266 1 0.07508006 403.57748 829.71265 1019.5823 1022.83887 1 0.06544635 201.64917 417.0492 330.9748 481.167 1 0.052385464 297.4518 308.96933 609.5841 389.86868 1 0.05097292 77.567795 0.005569458 537.8757 249.04199 3 0.97529 236.60645 431.83173 734.53784 635.9571 5 0.2571419 201.75601 416.7875 330.92575 481.25607 5 0.15835847 233.60086 431.63422 733.308 639.81573 7 0.948473 50.63997 580.57446 461.75208 784.3324 7 0.78026855 44.602676 631.4486 287.29114 783.2997 7 0.34467915 201.69711 416.90662 331.00833 481.31396 7 0.23031484 232.17363 432.98013 728.6969 636.3079 7 0.22448276 438.06372 605.14026 600.6737 640.6034 ,test/1560.jpg
0 0.3829241 126.28372 289.26465 870.8213 698.49817 0 0.09113824 724.4091 537.05316 779.67584 568.02374 1 0.8366034 128.49863 287.03107 871.8379 701.04346 1 0.053373028 303.23416 554.5513 510.0941 611.7533 5 0.053824887 118.50568 288.62967 874.1814 697.89355 7 0.22768344 44.222923 150.56248 243.01862 413.13007 7 0.06276562 73.96821 249.85849 219.24896 405.71683 ,test/1561.jpg
5 0.9931298 189.47226 423.30023 760.01904 813.6883 5 0.9864747 673.58466 710.36115 947.94904 893.56976 5 0.390568 513.6042 593.95636 755.17426 807.36945 ,test/1562.jpg
0 0.7939971 183.75746 746.7272 245.9948 824.62866 0 0.75109476 869.3796 460.8108 898.15924 569.5792 0 0.69951123 865.33 442.44626 902.38715 622.23816 0 0.4835767 46.98727 528.5701 65.856155 643.7094 0 0.40300196 874.2429 464.64935 897.3148 516.3235 0 0.33968934 889.52386 0.0 1023.47064 192.2774 0 0.28289905 658.0162 131.96515 716.7703 264.67285 0 0.20604514 864.18756 515.2103 880.13837 579.4553 0 0.16468243 524.4927 507.8929 733.94653 705.2739 0 0.14554147 661.1194 232.95352 692.38806 259.7086 0 0.13020888 242.92043 953.90643 337.56116 998.909 0 0.12045747 381.78647 982.10345 425.03488 1023.65985 0 0.10876417 657.4452 201.198 691.2604 257.74597 0 0.099060774 137.28572 853.6524 167.37996 903.3901 0 0.058181595 658.163 187.26115 669.2222 254.8415 1 0.9975204 226.1778 29.366333 852.4814 708.516 1 0.9847986 142.14096 696.215 736.2036 1017.53876 1 0.88883936 390.00983 817.952 759.10944 1022.7643 1 0.8347266 207.28969 581.6956 521.39105 749.9451 1 0.83237725 465.11993 674.506 602.2485 747.55835 1 0.7971967 178.57114 571.71606 266.27844 714.3795 1 0.79463995 195.22658 574.4086 258.92798 644.81024 1 0.6291874 885.2479 0.0 1023.13245 189.71521 1 0.58913654 127.947876 764.7666 397.46826 1005.3707 1 0.58711684 524.6489 507.6747 733.95337 705.2462 1 0.5006415 137.2993 853.5373 167.89867 903.5219 1 0.4228474 358.32193 597.6305 510.56332 743.4072 1 0.3499394 468.76938 609.33234 506.9008 738.1451 1 0.34453088 164.88814 601.6649 544.91846 978.07825 1 0.280242 554.0215 804.6224 744.4674 1023.14716 1 0.26555875 315.48193 755.4616 680.6095 992.4643 1 0.25722194 206.26105 577.4029 458.29846 684.0645 1 0.2361337 182.87906 577.98804 326.0454 689.10095 1 0.23149778 175.23972 637.5265 244.07785 715.82556 1 0.2254431 232.02151 517.314 570.12964 701.65314 1 0.21289547 175.38882 281.8044 833.7737 930.01135 1 0.18705294 154.8024 546.4727 738.61926 910.37274 1 0.16035596 381.56635 981.37274 424.7591 1023.72394 1 0.14524826 4.1686935 773.3612 132.97787 1003.88965 1 0.13240124 177.68262 606.15234 311.29822 728.5991 1 0.11019825 504.96454 678.6743 706.89825 1003.2798 1 0.10939857 155.41478 938.06854 358.4843 1022.3515 1 0.10644813 178.18552 571.6892 357.4 754.99243 1 0.10535619 215.63846 454.2845 832.03613 776.00104 1 0.080590524 123.13573 765.1073 181.27193 908.49646 1 0.08043743 433.38354 599.40814 512.2927 741.7343 1 0.074382015 179.60974 726.706 260.77942 829.24384 1 0.06520918 524.70795 505.32355 783.6788 961.86725 1 0.058018554 404.89288 976.51465 574.1397 1024.0 1 0.05451654 234.33177 949.4666 388.23187 1001.21075 1 0.052358013 171.62093 572.8462 337.3537 905.6876 1 0.050315615 326.2456 543.5482 603.237 753.8358 2 0.85900825 4.234123 776.7929 129.60284 1000.8348 2 0.5920159 0.040527344 783.454 113.74589 875.8916 2 0.49603555 0.0 790.11414 111.76459 836.8312 2 0.12525918 884.70325 0.0 1022.8364 181.3429 2 0.08320933 0.0 738.94244 119.621826 842.9766 3 0.080526315 4.464752 779.2484 130.31133 1001.7339 5 0.9973425 800.6846 544.80994 919.37646 792.74915 5 0.9795559 0.700222 619.80615 125.787 773.9298 5 0.9569588 1.83601 737.09375 122.85489 832.8331 5 0.8504656 655.9368 746.9969 772.0651 858.29865 5 0.60417885 577.1952 662.4008 783.7877 865.93304 5 0.501316 2.0005417 732.0932 130.35785 1006.2629 5 0.3660896 658.09827 629.55316 770.24133 869.0118 5 0.34601402 585.93835 675.55096 761.0259 793.7077 5 0.26522788 595.44147 685.73737 703.6142 763.2608 5 0.16879264 524.73175 507.94647 734.00616 705.28094 5 0.08231433 588.8958 676.6505 658.19305 755.0619 5 0.08065798 0.0 790.11414 111.76459 836.8312 5 0.07929554 857.3625 547.4606 917.79767 635.6697 5 0.07059333 519.895 521.6819 817.7881 906.7511 5 0.05603535 649.5835 573.23553 919.5039 788.89496 7 0.19556306 889.52386 0.0 1023.47064 192.2774 ,test/1563.jpg
0 0.9831268 203.71011 736.4581 236.21213 784.3954 0 0.11684713 321.75702 745.78357 352.0548 788.7063 1 0.1329669 321.93994 745.65985 352.1452 788.8095 5 0.10828772 72.922455 518.114 140.91367 685.63635 7 0.99979573 117.449524 139.7305 537.6804 785.4093 7 0.99979156 507.27304 171.17395 927.5325 917.73 7 0.9579338 73.06485 510.0415 140.74496 686.59143 ,test/1564.jpg
0 0.8231833 194.65295 412.40372 772.7765 993.65796 0 0.65001124 423.36438 296.80798 638.0979 405.86316 0 0.22894932 254.7472 457.5477 352.11548 560.59674 0 0.07345894 659.2984 260.61295 772.51105 288.1813 0 0.06778935 235.31996 294.3902 642.9482 550.2516 1 0.9267474 661.2018 262.24634 773.12537 286.8943 1 0.5929506 424.09543 296.5024 636.7927 405.71695 2 0.06335445 423.6842 296.54453 637.71326 405.65573 3 0.20361243 186.1235 420.13464 779.6631 995.0121 7 0.286272 255.63083 457.54498 351.80344 560.67566 7 0.12863296 660.6654 260.74252 773.0912 286.871 ,test/1565.jpg
0 0.9977882 342.96838 252.93727 624.7945 581.95264 ,test/1566.jpg
1 0.99896574 303.47037 433.31226 700.5653 653.94275 ,test/1567.jpg
6 0.99398166 158.27356 274.70007 795.12366 520.97314 ,test/1568.jpg
0 0.31795976 183.29276 854.40247 368.03995 937.3104 1 0.14780006 182.98647 855.0804 368.40857 937.17694 7 0.9998902 145.73117 195.48352 866.97266 889.9072 ,test/1569.jpg
0 0.40660858 545.23425 483.5922 687.85535 603.3338 0 0.3298347 572.5903 156.28448 741.65045 390.4745 0 0.13384569 311.49072 612.4169 373.17877 653.9883 0 0.08385277 997.413 138.28267 1023.50336 241.14034 0 0.055205915 238.79985 573.23065 549.7268 642.4239 0 0.054187156 440.60968 659.83545 618.7165 733.624 0 0.053122055 604.1846 682.2111 757.3113 800.1346 1 0.9395249 260.89487 392.61655 755.2389 547.4679 1 0.88394845 99.17447 490.08282 931.65015 922.4378 1 0.7687599 643.05786 578.47675 849.292 745.1789 1 0.692837 166.59558 652.4144 353.5263 704.619 1 0.6692771 166.90259 452.5211 812.90796 739.4518 1 0.5996903 448.4245 383.2409 815.67035 591.7817 1 0.5833772 246.11761 492.22653 668.92993 636.5548 1 0.5461025 159.90784 172.56328 776.0789 528.64264 1 0.5460116 122.92136 682.21436 831.82886 938.96326 1 0.4001659 238.79985 573.23065 549.7268 642.4239 1 0.36961466 510.99994 503.82404 888.36273 745.37384 1 0.367441 267.99298 477.72067 622.05347 549.2928 1 0.28955272 206.62793 505.85062 611.609 714.3884 1 0.28764135 272.84137 699.82587 376.9928 719.53754 1 0.27789843 120.149445 659.0968 828.1997 786.12805 1 0.24542867 231.96405 692.0062 384.21362 720.7654 1 0.2436869 651.2454 369.001 817.72516 596.5864 1 0.24122545 313.51917 609.6975 758.29504 810.3484 1 0.24109931 179.37595 609.09 623.9828 722.1989 1 0.22284399 274.04343 262.9578 412.76663 314.25266 1 0.21697243 202.104 622.30994 268.95724 642.91943 1 0.21660069 310.93 615.67145 557.5298 709.83417 1 0.20907325 164.15886 633.7683 478.0705 719.90027 1 0.20280491 261.23975 435.94354 626.3071 533.0571 1 0.19278839 336.5075 627.3607 484.05896 720.77124 1 0.19161743 276.4415 609.9918 549.12195 653.91223 1 0.18441981 170.1592 470.80045 283.3291 674.1548 1 0.17733596 353.33554 660.984 627.4404 731.73047 1 0.17162947 571.6454 156.11081 741.6207 389.80344 1 0.16898562 543.558 482.5952 696.0316 605.1078 1 0.15706113 455.9682 481.0912 741.2631 743.8651 1 0.1553421 175.72647 639.9796 302.05206 676.3628 1 0.15273024 386.99164 575.7212 820.50714 761.09766 1 0.14510117 248.73915 537.2114 558.719 622.855 1 0.14267181 367.7437 669.87854 468.68024 719.77905 1 0.13962522 433.6292 680.4339 579.47125 730.01764 1 0.13473299 346.98608 514.6209 787.89685 902.6099 1 0.12658715 264.61194 505.6731 577.82117 567.2799 1 0.12501532 336.06546 633.0231 420.05673 705.3468 1 0.124534585 179.17027 545.529 294.3156 709.4736 1 0.12447281 206.3581 570.04114 365.01294 649.3854 1 0.118330464 243.58887 563.4688 398.22583 710.99725 1 0.11083796 571.5818 680.811 752.13403 800.1684 1 0.10119642 185.36584 620.009 300.93552 650.9107 1 0.095820904 245.85263 547.0673 320.44626 654.31915 1 0.09173558 139.36945 252.14093 760.7491 420.46173 1 0.09032725 173.23697 464.40372 385.04544 713.0386 1 0.08775574 417.32687 731.36365 761.365 798.7704 1 0.0864997 273.09613 708.57385 375.6985 723.12415 1 0.081345975 126.485794 688.0546 637.8321 729.45905 1 0.07905921 245.4346 533.9021 467.25143 683.5039 1 0.07664069 209.85095 604.0457 378.89868 643.7874 1 0.074115165 311.49072 612.4169 373.17877 653.9883 1 0.07301796 169.93042 651.6879 263.18698 701.61725 1 0.06772331 269.415 621.65204 312.66788 647.2729 1 0.06503176 435.22897 677.9257 687.06464 748.85126 1 0.06381217 164.57361 591.12915 334.7825 661.5056 1 0.06356968 212.13864 118.15764 716.04724 375.6153 1 0.06272021 243.8024 551.11176 361.9211 594.263 1 0.060412172 623.99475 689.0015 856.0325 789.29694 1 0.06001903 188.23311 635.4714 310.58942 662.88983 1 0.059207104 422.23288 387.95816 515.20447 407.36484 1 0.058824576 170.6104 619.05853 309.17212 698.4771 1 0.054953184 178.5443 610.13806 224.74236 656.30835 1 0.054757323 157.06738 681.91943 462.66852 725.4463 1 0.05390768 438.79126 477.88672 812.6792 608.74524 1 0.053231884 243.78186 636.17365 416.93024 710.6816 1 0.05247797 271.71497 520.7169 652.60913 585.64465 5 0.05701547 998.7039 138.406 1022.8709 238.11569 5 0.050478876 342.42737 641.42084 498.53918 719.24835 5 0.05005822 904.0506 3.5320816 1023.2791 251.10944 6 0.23787968 903.9682 3.4431076 1023.2463 250.88113 7 0.4063709 173.94875 645.5085 391.8869 708.63605 7 0.40115285 194.1899 641.5218 297.12247 658.51263 7 0.2877408 515.54987 565.2756 850.1114 739.9084 7 0.23458934 440.60968 659.83545 618.7165 733.624 7 0.1366199 177.73462 639.4028 316.964 666.2154 7 0.10737103 340.62833 623.31226 534.9346 720.4824 7 0.10666361 273.6381 606.4166 719.4165 740.9525 7 0.093780026 218.06747 515.5522 762.30347 723.8891 7 0.08483836 517.48926 523.0488 703.552 695.7141 7 0.07848103 455.9682 481.0912 741.2631 743.8651 7 0.0724396 167.02187 603.43976 605.40784 708.6254 7 0.060981188 184.01572 620.65607 296.30475 669.6335 7 0.056235243 439.51984 584.0247 806.84125 808.4853 9 0.2901543 997.413 138.28267 1023.50336 241.14034 ,test/1570.jpg
1 0.9989195 187.65958 293.36578 882.9695 715.0699 ,test/1571.jpg
0 0.45814383 857.51605 555.57983 1023.39105 851.0885 0 0.33553642 86.02986 396.7575 476.3048 793.856 0 0.16513003 102.3709 360.56494 284.99963 630.91986 0 0.1475161 125.68677 96.21643 949.96326 764.1325 0 0.07108547 1.7775421 262.54694 277.48224 580.73706 0 0.06633923 775.60944 151.3548 1024.0 627.6536 5 0.87932825 196.00739 92.55847 938.34906 746.8193 6 0.060534433 775.5097 273.2785 1024.0 602.1829 7 0.09588104 115.49457 96.00049 976.2801 754.97015 7 0.051129907 778.3485 281.02814 1024.0 611.7771 ,test/1572.jpg
0 0.9893668 39.25357 21.925339 394.53485 506.30542 0 0.341267 328.1575 470.48444 388.61465 529.32434 0 0.14218847 7.3740234 26.733276 794.7322 706.1235 0 0.11061785 292.69937 449.2206 386.50125 546.30664 1 0.9446421 254.5765 538.28174 758.3694 892.41284 3 0.098610595 963.7191 630.6979 1024.0 697.57446 4 0.22423013 213.65869 402.95905 789.699 922.18536 5 0.89309555 213.12119 418.5584 788.8467 920.13214 ,test/1573.jpg
0 0.69359934 56.26808 86.2369 375.797 194.1423 0 0.4062124 421.7806 247.0564 1024.0 767.5481 0 0.087658145 420.34146 250.54941 725.16614 767.3137 3 0.13384077 29.358551 475.5956 425.07086 750.07214 5 0.2816031 29.36528 475.80847 424.34332 750.0613 7 0.7006507 423.61392 245.54218 1024.0 770.22766 7 0.43371752 421.3086 255.15042 719.782 765.38367 ,test/1574.jpg
0 0.57068324 313.5655 374.89465 634.6064 596.61896 0 0.20248726 1.7183189 327.36047 88.164215 403.35364 0 0.056583013 390.48175 529.0419 471.7749 584.91187 1 0.78708965 313.6324 374.43152 635.3549 598.8471 ,test/1575.jpg
0 0.38372797 57.72503 360.2641 312.87714 575.5631 0 0.30008942 594.36523 533.46985 706.3335 589.7954 0 0.17015335 87.75118 370.711 314.6979 480.1076 0 0.07200851 541.8829 453.17184 583.1551 486.4836 0 0.066784464 60.915146 351.9499 214.7011 462.92035 1 0.9898469 621.96844 668.10895 932.6772 855.5833 1 0.39291045 715.56506 725.62823 932.2655 852.8118 1 0.36977383 541.80237 453.2436 582.8721 486.4455 1 0.1649293 0.8635826 327.20416 102.34633 466.81207 1 0.13347447 593.9912 684.7785 720.1987 791.78705 1 0.09718379 594.32007 533.2444 706.28467 590.3054 1 0.050989594 4.473282 450.51797 70.127075 472.0447 1 0.050206 602.5918 695.6057 648.38806 756.00745 2 0.12643288 541.59546 453.30115 582.7501 486.4677 5 0.7706666 55.54802 367.52277 314.37402 572.57153 5 0.48159733 451.31064 455.6671 584.4346 577.8727 5 0.28397194 459.59335 486.60065 563.0212 560.0632 5 0.26648003 590.34766 532.7604 708.6072 590.00977 5 0.1375462 577.0456 498.73987 667.2797 550.4171 5 0.086344734 60.915146 351.9499 214.7011 462.92035 5 0.078402735 503.7644 546.70514 560.60803 579.68756 5 0.07809399 263.2988 608.8104 329.13675 656.40784 5 0.06964182 532.4767 446.41577 591.8026 580.33655 5 0.053213112 90.64994 372.51483 313.56238 480.34192 7 0.99986434 386.4322 552.8991 629.0601 791.80634 7 0.99942684 752.39526 490.54636 913.79456 716.8657 7 0.99775726 218.70264 427.70102 504.37622 712.1821 7 0.99708325 515.30194 215.47331 802.96136 673.18 7 0.402063 502.82425 546.3943 560.9381 579.87585 7 0.3787123 598.26324 590.86206 782.1965 688.6365 7 0.17029427 570.61 516.2981 788.30676 692.0193 7 0.16075976 59.877563 368.16235 534.11395 706.84314 7 0.112602815 494.7342 544.5044 637.2952 596.2168 7 0.1097103 594.32007 533.2444 706.28467 590.3054 7 0.102156244 526.27924 440.76773 708.8536 595.27454 7 0.08840544 517.99475 372.08212 792.1516 605.76117 7 0.060221903 382.82843 437.27548 822.8437 790.0559 7 0.05690486 607.7974 621.02985 726.76495 693.53253 7 0.053564858 528.19366 524.22174 709.01776 596.4499 ,test/1576.jpg
7 0.99987054 277.91205 103.56296 699.23914 985.5525 ,test/1577.jpg
0 0.57413423 234.45926 393.08234 400.37515 460.2926 1 0.16701642 788.1548 593.0125 884.6238 640.4089 1 0.11618319 662.4797 592.59143 835.6756 710.2223 1 0.07409609 693.1253 598.6443 782.67426 702.34106 1 0.060114753 610.55914 602.6354 779.10785 713.45667 2 0.9457751 610.43286 615.2766 738.9823 714.18066 2 0.8474576 614.34204 590.4596 826.43176 711.9646 2 0.29957563 687.6584 596.5799 793.9914 703.3306 2 0.19128522 731.18787 588.0007 888.0239 641.82697 5 0.32309482 789.1124 592.4731 888.3583 640.73627 5 0.10590585 734.45886 583.94867 899.6157 642.13116 5 0.09121528 606.174 586.1365 900.54254 715.0138 5 0.08858151 691.23755 597.5463 788.31555 703.23346 5 0.057171684 744.3793 568.71875 938.30273 607.08545 5 0.056325458 744.9041 561.0021 948.9427 649.13916 7 0.9983165 83.88385 287.67346 1024.0 1024.0 7 0.39828154 211.70837 591.3277 986.1593 1023.3748 7 0.09905786 246.97763 771.5745 911.58386 1020.66986 7 0.089114 603.74725 568.00836 1010.08746 878.20087 7 0.06437989 234.73212 393.38052 400.57275 460.22562 7 0.05670526 684.5349 591.01904 810.5293 707.32886 ,test/1578.jpg
0 0.39423114 142.83023 312.01495 302.35828 478.23053 0 0.08098448 338.34235 36.103195 428.12036 187.51192 5 0.9477934 211.30765 58.894913 420.9916 333.08948 5 0.86737 143.5842 311.7428 303.63367 479.23157 5 0.5846379 338.34235 36.103195 428.12036 187.51192 7 0.99636465 345.17834 54.917328 853.0337 656.44507 7 0.33382395 289.99323 45.854996 716.5675 502.01178 7 0.10331459 493.42218 453.64484 830.5649 653.9056 9 0.065092504 142.85294 312.3064 301.80392 478.93378 ,test/1579.jpg
0 0.934899 745.0754 484.0891 885.52325 564.53467 0 0.13889492 121.71271 93.53256 944.34467 971.3872 0 0.053057205 188.96475 480.5768 895.58435 964.8948 1 0.07732623 89.20389 43.398773 953.4697 976.2052 1 0.068802506 182.9061 476.53018 888.6725 972.3203 7 0.09593174 745.11694 483.90857 885.6675 564.5808 9 0.9141801 122.48718 104.91031 942.1008 926.6289 9 0.083270565 218.0635 124.096085 946.03076 574.1205 9 0.0754274 190.52563 475.84796 893.5714 960.159 ,test/1580.jpg
0 0.11741557 364.75403 412.11078 803.9064 838.81793 0 0.058975723 463.1733 411.94263 807.01416 485.96503 1 0.124888234 364.75403 412.11078 803.9064 838.81793 7 0.9715547 363.38336 412.9291 805.19025 837.74194 ,test/1581.jpg
0 0.26171973 326.43567 206.49155 653.07153 714.7516 1 0.22557235 326.37805 206.36426 652.8748 715.3344 7 0.8182042 325.29358 207.48044 654.10406 712.9392 ,test/1582.jpg
0 0.28011468 165.68593 740.0185 401.19647 956.62115 1 0.9881458 259.44604 297.87033 612.3964 973.60144 1 0.37300107 168.29843 739.87244 402.36942 956.1865 1 0.2934918 87.8042 283.06577 448.38574 981.0925 2 0.065783724 175.38318 738.43835 398.67706 954.6544 5 0.06794982 175.44617 738.07965 399.55933 955.28925 ,test/1583.jpg
0 0.86235136 784.2215 475.88382 978.5611 587.76917 0 0.07167347 285.78662 144.47702 329.51068 187.68594 0 0.052403763 446.14313 831.46594 543.2484 860.9087 1 0.11925012 1.2226868 585.999 58.90435 659.9523 5 0.21291876 0.0 483.85138 154.13376 670.78986 7 0.9997671 181.04123 563.4265 747.72375 878.59326 7 0.99973077 331.96063 163.84549 803.78815 705.9868 7 0.11697136 357.18494 520.0237 797.16345 695.07385 9 0.2732574 784.46796 475.93097 978.8035 587.7431 ,test/1584.jpg
0 0.9895048 374.60596 469.21973 532.0216 507.15137 0 0.22783686 378.1456 407.26016 450.18442 438.7499 0 0.16752163 395.35654 416.36642 529.5178 510.01315 0 0.12626985 427.4095 437.31628 485.84967 460.94885 0 0.086471155 377.20557 466.03146 439.33185 491.0914 0 0.07934249 431.46625 406.99878 488.79602 445.23206 0 0.07841104 432.87695 405.63116 492.45135 508.57373 0 0.078307 427.47412 410.42987 479.31323 479.54742 0 0.07484902 444.34247 436.84418 505.62964 517.35834 0 0.07350173 374.0489 407.28452 512.1879 440.80118 0 0.06707203 453.40405 498.13055 524.61566 508.9901 0 0.06346326 458.80054 406.1798 644.0116 436.54614 0 0.062492937 518.24634 263.84396 689.8026 297.81888 0 0.056452226 426.18112 490.67664 526.55743 505.90784 0 0.054803174 388.89572 461.97067 434.09348 478.27097 0 0.053369846 402.11343 371.13898 441.20407 400.92548 0 0.050485045 405.69214 407.5202 518.85925 475.85034 1 0.999037 427.85223 235.09665 710.04706 436.1459 1 0.9982101 309.34332 407.29443 806.3288 782.76746 1 0.53349465 311.464 418.95425 530.1715 744.51086 1 0.4209589 364.69205 465.5035 468.02414 578.9862 1 0.41876724 444.0119 265.08298 701.29205 354.23276 1 0.3972511 344.51233 428.60947 379.47906 487.56815 1 0.20478147 467.13962 409.7783 646.37054 436.84677 1 0.2020485 424.79608 394.35706 651.6501 439.4931 1 0.18247013 587.4768 320.93146 634.8646 335.3725 1 0.17537054 349.27423 427.90533 528.7344 505.94818 1 0.1730015 379.32883 405.11804 451.97183 483.49017 1 0.17079745 374.0489 407.28452 512.1879 440.80118 1 0.16951162 462.72217 236.98096 699.8573 315.05884 1 0.14283748 547.54987 273.54666 670.936 338.93246 1 0.1339274 378.42044 407.00073 449.8788 438.53162 1 0.12165264 425.58365 379.21008 520.6168 510.40192 1 0.11781364 309.3086 440.0174 404.93152 732.04266 1 0.10922305 343.1458 428.7551 425.16718 479.15805 1 0.10069778 431.46625 406.99878 488.79602 445.23206 1 0.10047155 376.13272 407.20624 516.6463 478.87842 1 0.09920235 374.76816 435.61826 473.10947 477.70248 1 0.096174136 375.5187 422.61194 500.0021 571.37994 1 0.08582284 632.8767 296.05685 700.96606 348.76004 1 0.08523263 338.9176 416.36685 470.0913 486.79794 1 0.08405438 416.64288 437.27695 465.6927 477.36215 1 0.07770869 364.69678 520.6782 445.85065 578.3423 1 0.077053316 436.26544 381.60873 551.324 439.95737 1 0.07393898 430.69836 400.70193 502.8756 480.0339 1 0.066695906 388.89572 461.97067 434.09348 478.27097 1 0.06555583 518.24634 263.84396 689.8026 297.81888 1 0.06308429 352.4832 452.46826 375.87735 490.21594 1 0.06278816 441.6287 406.32907 506.17502 429.57474 1 0.059542317 352.69836 405.24353 614.4852 442.04022 1 0.052856363 414.6007 437.16064 484.8324 457.6878 1 0.052424323 377.5155 434.26453 438.5999 465.55103 1 0.05242184 370.5359 433.50513 414.41364 473.47345 3 0.10042829 487.5093 107.2489 548.1432 202.17249 7 0.30262315 667.34875 416.52533 706.47473 431.9759 7 0.05279936 425.58365 379.21008 520.6168 510.40192 ,test/1585.jpg
0 0.28361738 371.5354 432.3487 678.9053 716.4129 1 0.820123 369.0492 429.90085 679.25696 718.4381 2 0.16247435 369.15375 430.2964 678.8005 717.8883 7 0.07269297 369.11432 430.502 678.23553 717.7487 ,test/1586.jpg
0 0.9236662 307.30066 167.48584 585.8959 803.49664 1 0.19591795 307.65164 165.07147 584.5315 802.63983 ,test/1587.jpg
0 0.43163994 737.65466 777.3959 774.9917 825.1786 0 0.2425888 756.48773 344.18622 817.3378 394.5763 0 0.07020659 780.0721 841.6811 813.63763 871.7 0 0.058346044 323.85986 514.2403 365.82208 553.73773 1 0.29498842 757.3471 343.19296 817.555 394.1945 1 0.2393055 737.7302 777.2663 774.923 825.9073 7 0.9995678 174.40298 216.85988 816.8613 693.1514 7 0.06390433 594.4921 254.33427 733.3139 453.56573 ,test/1588.jpg
0 0.6100442 238.22122 291.22406 331.55966 507.39056 0 0.5673243 540.6307 243.46277 735.7535 590.99927 0 0.3870981 502.02316 218.94714 761.6964 992.83777 0 0.3176996 443.1216 244.04085 594.05347 456.92548 0 0.22844256 304.32318 350.76413 345.86 417.69498 0 0.13082258 335.29938 695.3037 523.8374 947.03406 0 0.12553322 270.20844 250.0384 616.7356 524.6631 0 0.12145467 320.3522 454.55774 547.65826 718.9192 0 0.08595516 236.39502 278.08987 736.30255 983.3522 0 0.07721768 337.56683 241.6246 750.4461 594.0801 0 0.06312902 205.96439 694.3445 373.9152 943.12634 0 0.06170854 514.9471 503.83728 729.0191 952.4592 0 0.060536116 480.7891 500.5035 576.4736 572.5046 1 0.5712298 206.57555 693.9544 375.08545 945.4384 1 0.3500604 238.6895 293.70654 333.46002 497.5722 1 0.22699438 211.88123 458.498 550.19824 726.91986 1 0.16315298 195.41245 239.92566 732.16455 978.23 1 0.15918316 335.7873 695.5526 523.83887 947.1968 1 0.12930897 514.3201 503.28702 729.2387 939.3961 1 0.113802366 307.72882 247.06827 602.2743 519.36804 1 0.09590488 203.52701 283.3126 453.15488 941.51587 1 0.08965437 304.11993 350.41797 346.492 418.82318 1 0.07380882 441.9462 238.94699 596.4345 443.6135 1 0.060335755 249.38129 254.44897 584.73785 720.735 1 0.057265434 333.09915 445.25732 449.89737 652.3115 2 0.7085687 206.67505 693.8494 374.67047 944.6434 2 0.6781452 213.14487 459.36206 549.8605 723.22375 2 0.15606621 515.97296 503.502 729.5799 932.4555 2 0.15431975 335.62122 694.4002 523.8841 947.03217 2 0.05501788 333.09915 445.25732 449.89737 652.3115 3 0.07598877 514.4865 713.5427 684.2192 994.89514 3 0.052039668 206.57555 693.9544 375.08545 945.4384 4 0.08775919 514.4865 713.5427 684.2192 994.89514 5 0.83033186 513.06647 732.2326 692.56964 995.4285 5 0.7527632 509.14355 505.14667 729.75366 1002.08685 5 0.69417137 335.72876 691.13776 524.25525 947.49164 5 0.052562606 318.58426 455.1002 547.3152 717.93335 7 0.852731 272.59573 252.63689 605.871 520.2952 7 0.4857469 283.9853 456.54742 550.3601 718.2823 7 0.45332673 335.23334 694.40607 523.5371 947.13165 7 0.39355654 527.30066 240.11148 737.20215 595.83203 7 0.15521757 513.01355 454.5252 729.67175 936.21405 7 0.13103703 233.09665 270.8809 570.3579 756.17444 7 0.11507806 230.94727 292.94562 336.00128 514.78503 7 0.1088448 241.0005 287.08273 295.58612 498.8276 7 0.094883226 293.78577 344.37802 363.78406 505.65945 7 0.08274211 326.55438 229.71545 756.52167 600.9041 7 0.08235936 195.41245 239.92566 732.16455 978.23 7 0.08052987 427.18277 243.96265 613.16113 498.54913 7 0.06769332 303.55457 349.49023 348.54407 427.81036 7 0.06484495 241.75958 271.49612 440.36218 512.1405 9 0.14060508 535.59674 242.79515 740.6729 589.5712 ,test/1589.jpg
0 0.22771266 137.38873 225.52603 745.8033 771.78735 1 0.121306166 137.01337 226.06226 746.0541 770.95233 2 0.7490791 137.41272 226.37091 746.3536 771.15173 3 0.40656048 138.52441 226.91583 744.50525 769.83044 ,test/1590.jpg
7 0.99902916 288.4801 202.40558 851.59094 924.7386 7 0.99685365 330.5194 181.99203 546.27234 399.8093 7 0.901317 381.92545 343.18185 503.77493 404.55136 7 0.21746835 643.4711 622.69257 679.78375 681.4926 7 0.05801667 382.9572 270.7848 544.1922 327.82703 7 0.050267495 500.77838 203.1882 872.9089 652.8436 ,test/1591.jpg
0 0.7589367 177.45154 889.33514 206.23581 927.25616 0 0.25630862 15.425537 418.22562 205.4609 981.296 0 0.124551125 35.112732 424.03238 261.41443 636.22034 0 0.08725412 481.51746 181.20523 584.88354 263.36716 1 0.36296588 177.36815 889.35614 206.33961 927.1778 3 0.46233037 871.97473 161.01776 905.1124 191.76508 5 0.06422892 66.81465 385.6446 106.23265 458.94177 6 0.9993998 402.33838 533.3289 710.81165 963.13776 6 0.9992914 570.55273 259.5428 792.8386 588.651 6 0.99901056 86.65184 256.29083 425.406 634.6257 6 0.9984799 358.30823 51.15065 634.8222 376.80273 6 0.54664344 79.0053 449.44843 255.33841 634.4777 6 0.16159225 102.085686 255.80139 306.26456 398.2163 6 0.14471723 131.1561 524.7598 254.46329 636.91 6 0.13822927 29.081955 411.29132 202.81018 979.4747 6 0.11477304 155.45776 354.6634 394.11908 515.50635 7 0.15022825 15.84861 412.4148 204.54123 984.7252 ,test/1592.jpg
0 0.14435339 318.60956 506.28104 776.0539 597.61444 5 0.97601366 318.99158 506.7177 773.9276 597.2183 7 0.07953033 319.33136 506.71323 773.03925 597.58154 ,test/1593.jpg
1 0.9977592 119.50351 158.97784 755.72766 802.6908 1 0.17653024 133.83661 555.35425 661.29675 812.83057 1 0.051105466 216.06319 659.74207 679.1817 805.20447 ,test/1594.jpg
0 0.9584147 4.5329514 288.37485 159.70187 355.38528 0 0.9563133 508.08023 932.69885 605.3156 1024.0 0 0.81276864 120.700005 65.65134 341.25046 144.26854 0 0.19278713 404.83252 633.422 581.52924 876.6332 0 0.14057806 121.68167 23.0887 701.2134 498.75543 0 0.08076455 689.5776 628.4089 744.132 712.6358 1 0.12006208 460.45612 486.4843 575.03253 627.7807 2 0.98051584 460.994 486.58517 572.7466 627.8261 2 0.9529146 497.49023 400.49033 641.9999 523.0763 2 0.05597366 450.5 409.2871 643.7726 635.9271 5 0.19966199 496.87973 396.63242 643.2573 522.0053 7 0.98096424 617.924 32.600372 806.64825 302.00937 7 0.94759667 411.21695 304.48676 755.32495 997.0097 7 0.88254374 404.56882 632.5369 581.32544 876.4383 7 0.80039614 107.93332 1.8370209 562.4972 137.71446 7 0.41096005 53.237915 18.845459 783.9449 987.4057 7 0.26025066 79.508514 11.938095 791.0984 497.60876 7 0.12746088 500.3964 516.80225 656.43396 685.7374 7 0.10795731 453.52618 21.664993 802.1436 299.07288 7 0.09032094 470.3457 457.15662 755.6339 763.7345 7 0.089328736 403.95944 617.88885 652.7569 1022.99554 7 0.059925888 507.66815 933.478 605.89935 1024.0 9 0.06151035 121.68167 23.0887 701.2134 498.75543 ,test/1595.jpg
0 0.11273046 280.67896 307.38788 504.36816 688.0054 0 0.07374483 319.80853 294.08643 767.38495 639.1927 4 0.12579584 277.9088 303.77457 507.30463 688.71643 5 0.9581573 459.8487 293.28503 758.47626 576.9891 5 0.30140162 277.19955 301.7707 508.8682 691.0212 5 0.09282415 641.53815 296.38458 761.7222 501.9746 9 0.5464444 276.84146 309.59674 507.0762 682.8461 9 0.059241652 327.5866 298.25006 760.54926 601.2204 ,test/1596.jpg
0 0.58884215 224.8717 648.82306 260.03433 709.24164 0 0.27548206 968.7079 355.01776 1019.46313 427.60486 0 0.22711058 220.44418 567.89844 259.43112 712.2593 2 0.9989079 221.06895 451.7403 585.4662 676.0904 ,test/1597.jpg
5 0.9990606 105.19968 71.40286 712.45776 855.4297 5 0.11100526 122.767624 56.272385 452.16125 549.20026 ,test/1598.jpg
0 0.09255105 38.848022 90.50903 819.3883 972.67737 9 0.98910224 50.730316 91.5354 818.5852 967.15393 ,test/1599.jpg
0 0.98358005 0.0 328.11542 275.8186 1005.9642 0 0.15469627 0.77015305 316.6806 44.03671 587.0656 0 0.060883913 227.52386 471.22653 742.87054 686.4099 6 0.99616146 189.17493 490.61957 937.96277 948.57965 6 0.98907757 172.57181 249.1102 651.2999 524.8148 6 0.8116643 216.22217 429.65082 741.7093 664.9157 6 0.5696679 171.58026 351.26855 718.30164 575.59625 6 0.16024524 245.77203 517.262 761.0373 705.4156 6 0.14394574 173.08704 246.96347 443.06232 429.45956 6 0.08668494 111.80551 223.63388 681.7914 886.26917 6 0.06055342 301.11288 244.51868 606.20874 406.2151 7 0.96625304 795.4916 2.659912 1021.33374 356.93265 ,test/1600.jpg
0 0.7254992 733.44037 484.41275 783.41315 527.2357 0 0.71470577 381.01074 678.3713 429.05878 719.7165 0 0.3933255 865.0774 669.17944 930.6106 702.2324 0 0.2255977 221.79976 459.41895 268.77026 481.73932 0 0.22177693 224.85062 674.2537 406.41525 899.27106 0 0.20519228 537.8013 856.14087 568.9573 900.1791 0 0.15421481 465.86655 507.9516 590.29504 550.2142 0 0.1382528 427.13922 483.49176 516.2947 628.4639 0 0.12377023 536.7287 849.49854 569.1442 954.9242 0 0.10838232 573.2003 789.8419 620.03503 840.65564 0 0.103393726 511.9717 479.69452 571.11847 493.675 0 0.092911966 223.53433 440.44498 315.80283 484.34848 0 0.09109446 692.86755 413.41577 733.6959 438.23083 0 0.080186605 454.8311 734.63696 480.91415 774.48035 0 0.07317174 736.254 488.58463 814.72876 533.90204 0 0.0718845 467.05453 520.64386 596.93274 579.76105 0 0.069805585 463.409 551.5833 513.7798 628.7679 0 0.06676873 428.8179 475.74152 595.88715 620.3366 0 0.06318141 505.74133 543.55133 595.0952 569.9185 0 0.061344717 648.8553 423.90024 729.26715 499.88193 0 0.057814397 637.8987 488.04657 683.49316 531.6407 0 0.057096265 504.7497 488.45895 580.21246 542.87683 1 0.9939348 445.9369 547.20734 957.647 958.809 1 0.9551224 1.5584106 641.2712 263.2175 950.4455 1 0.89451844 222.20715 667.95935 403.26526 903.52686 1 0.8819102 455.77643 639.8516 600.28046 923.733 1 0.84256727 346.37207 302.39572 632.98956 491.96512 1 0.7187163 572.3338 789.1101 620.0805 841.15173 1 0.4930514 618.04724 320.34607 775.9363 400.50244 1 0.43977636 432.79236 461.90845 680.2035 629.22107 1 0.37429738 342.22638 308.2858 647.0545 392.40067 1 0.2641633 424.83374 342.3979 844.605 696.29645 1 0.2536271 471.12784 553.05585 663.61615 624.5876 1 0.24024482 581.49274 655.12195 934.392 866.8821 1 0.2295208 445.3764 482.16254 837.34 775.70294 1 0.22748338 429.23962 477.09885 520.63184 622.4176 1 0.21181819 458.62286 442.53436 856.663 609.6584 1 0.17490417 563.07825 790.2302 597.36084 850.9961 1 0.16865651 528.1931 605.1986 852.30176 836.2262 1 0.13593227 438.69257 486.45856 588.1086 622.19916 1 0.11882518 463.6372 553.73444 522.6839 627.46063 1 0.106002614 733.06244 483.91812 783.7059 527.5647 1 0.105204605 1.8099823 863.28375 205.94356 945.55756 1 0.09901795 636.5209 486.75674 684.3876 532.8818 1 0.09691275 306.68054 278.9578 435.659 376.78757 1 0.09667469 865.41345 669.46606 930.59717 702.54346 1 0.083973184 881.6195 421.8827 901.77576 456.71918 1 0.07214471 624.0952 305.76508 737.32715 489.4112 1 0.07027823 465.86655 507.9516 590.29504 550.2142 1 0.06331869 623.9908 427.63962 850.9377 591.85004 1 0.062613115 224.4901 656.85815 303.36493 867.2799 1 0.06082442 31.871765 654.6416 213.3516 839.16943 2 0.9742569 668.9825 440.92084 770.9017 533.3572 2 0.873625 256.8943 439.88388 316.17316 482.26767 2 0.25472248 696.49445 438.81024 769.07306 487.75067 2 0.1999345 636.6525 485.98453 683.51385 534.0127 2 0.19058177 670.3516 480.82913 749.3566 531.16864 2 0.09801908 642.03253 427.3685 738.81305 530.06055 2 0.06825756 881.7407 421.0301 902.381 456.59546 3 0.2319678 637.7475 486.74808 684.1956 532.7702 3 0.11625191 222.3032 456.5368 269.97623 484.0708 5 0.96047634 568.63275 458.11362 680.2153 531.5674 5 0.6983551 594.4957 652.7829 837.4763 825.2249 5 0.25553623 625.606 391.1969 708.64105 503.81116 5 0.2073987 692.9427 412.4365 732.9151 439.32883 5 0.17643979 643.0655 435.63367 769.8846 532.5495 5 0.15181565 636.7111 485.10504 683.45917 533.85297 5 0.13326994 648.8553 423.90024 729.26715 499.88193 5 0.12409947 607.7451 482.67712 660.60266 525.7441 5 0.11439495 771.1038 494.6026 811.7 522.77234 5 0.085864164 699.6911 439.8408 769.36237 480.3964 5 0.059726786 684.12897 421.45712 737.62445 443.71945 5 0.0594541 513.0943 477.54947 578.6519 543.0734 6 0.51153225 593.3112 653.0023 834.5098 825.4763 7 0.99968386 111.70152 364.8275 461.87073 699.1044 7 0.98039573 229.14053 137.74261 423.11008 355.33282 7 0.9777508 389.9854 172.23087 733.086 390.73007 7 0.9621962 674.92096 132.13593 909.32245 519.56647 7 0.6569457 395.34427 174.76834 547.3436 307.8449 7 0.43430343 881.4327 421.66415 902.0417 456.78854 7 0.40794107 865.0322 669.3432 930.8098 702.9018 7 0.37977153 711.58563 89.45394 913.64264 315.97263 7 0.36199883 624.92834 390.73697 708.7195 472.3887 7 0.35736418 49.89074 658.765 239.03693 872.32275 7 0.33536378 238.4906 271.2196 428.09692 387.378 7 0.29481027 651.78406 161.9533 761.33813 278.36407 7 0.17367579 4.1364594 643.2337 262.08575 957.5312 7 0.12420174 594.08673 652.9032 836.7935 825.19934 7 0.12336309 799.6466 537.82874 839.3336 572.8252 7 0.105929226 731.96533 485.71283 816.558 531.1717 7 0.096038006 319.28748 274.19168 421.3459 377.20877 7 0.09448334 333.55197 235.19443 391.49063 293.3397 7 0.09446804 771.49176 497.362 811.9406 521.39764 7 0.08951877 342.1174 305.87018 651.6293 495.2229 7 0.083145104 350.21274 298.16873 673.8087 388.8386 7 0.080372825 358.49927 287.98795 577.07465 367.70767 7 0.075646125 224.85062 674.2537 406.41525 899.27106 7 0.06816788 355.90906 236.29007 682.67017 644.34424 7 0.06097546 427.13922 483.49176 516.2947 628.4639 7 0.059219964 646.3885 420.9383 730.5643 492.7978 ,test/1601.jpg
0 0.91562754 139.75125 94.22275 266.24402 193.7514 0 0.16492665 851.6616 0.0 1020.4043 95.676895 1 0.71729445 360.48407 447.7355 886.2026 929.14185 2 0.8707756 361.4098 447.52097 885.3994 926.6 5 0.99829084 209.60669 42.53189 634.1229 438.89288 5 0.098479055 160.93903 35.426666 882.16925 599.5231 5 0.05829169 142.08105 89.730286 265.9242 193.41788 6 0.052818265 358.61035 444.87872 887.6218 926.0538 7 0.24630713 851.6616 0.0 1020.4043 95.676895 ,test/1602.jpg
0 0.9980494 493.21432 485.79153 656.9019 624.62244 0 0.9950728 827.6019 414.6424 949.1041 507.16534 0 0.5419264 32.297737 580.44305 86.11918 613.7935 1 0.34980083 32.36413 580.43774 85.96087 613.7617 2 0.9997105 368.557 656.61957 524.2056 783.8035 2 0.5586585 435.49924 626.6976 543.24207 697.6385 2 0.111788526 418.28174 657.74567 509.9604 692.2718 3 0.12631129 437.84772 626.3441 543.4018 697.9136 5 0.2991107 435.65555 626.12286 542.91736 697.76105 5 0.053509373 457.68555 617.6737 505.54858 637.1698 5 0.053336326 464.92325 588.2285 528.7509 639.4602 7 0.99883 89.77066 295.51297 829.896 913.50586 7 0.23634697 218.53201 303.16425 661.25244 474.98218 7 0.09819882 504.03223 316.12134 829.9999 648.68823 7 0.07527715 209.5062 303.57703 834.2704 620.6719 7 0.066650614 474.37 473.22516 796.2283 899.2443 ,test/1603.jpg
0 0.8117901 205.51141 238.96652 720.40576 746.7947 1 0.17768176 206.21469 238.81703 721.3456 749.05273 2 0.24449731 206.08682 240.7656 723.17065 749.66614 7 0.1296645 206.01917 241.70357 723.11224 749.6648 ,test/1604.jpg
0 0.9980021 405.9546 406.87393 655.9358 567.06274 0 0.07996363 673.4338 498.42618 723.7696 545.9327 ,test/1605.jpg
0 0.18418223 262.1751 614.67725 715.8765 783.4763 1 0.80257577 260.96307 615.34875 715.7735 783.0375 2 0.9898213 327.5468 170.34338 737.8233 469.9472 2 0.09298899 261.48175 614.87585 716.0124 783.1583 5 0.9238992 715.519 743.6037 768.6308 850.54913 5 0.5324985 322.05798 165.23639 521.0131 349.0835 5 0.20473799 325.1239 168.19992 735.4667 470.66855 7 0.2048167 260.94452 615.4208 715.60223 783.3157 ,test/1606.jpg
0 0.3575275 669.166 564.88654 782.1648 689.3521 0 0.19621237 142.69035 0.0 492.31842 305.76767 1 0.9985216 197.00745 70.743744 787.31525 947.47473 1 0.24475299 499.305 0.0 606.2137 255.53882 1 0.140571 526.5232 175.52196 569.65405 273.68573 1 0.13785107 335.57904 422.21637 775.3289 932.2128 1 0.13169394 439.1592 4.113617 766.8063 692.7677 1 0.08382786 129.06586 3.125595 593.9183 308.74927 5 0.9928716 411.30307 433.21957 609.08057 671.178 5 0.07946554 466.44302 502.19708 604.77234 684.0136 5 0.052616596 493.7329 639.7712 532.92993 703.56146 7 0.9251185 140.99434 0.0 493.86322 296.8169 7 0.11542345 147.50998 0.0 287.12338 333.351 7 0.071648456 330.4912 199.90941 381.16687 242.83214 ,test/1607.jpg
0 0.7331129 606.74084 158.65059 764.72656 432.26746 0 0.6002795 359.8702 430.63858 785.7036 644.0399 0 0.45673263 1005.9198 564.52466 1024.0 634.8207 0 0.36533362 431.8073 127.730804 556.0693 518.3978 0 0.31609124 578.86755 408.45877 694.42065 651.16425 0 0.2643239 340.8802 167.97435 815.35175 647.58954 0 0.14245935 374.58817 126.42874 609.9087 622.5603 0 0.05041093 1.9472961 490.9494 103.6127 763.20245 0 0.050344434 618.90814 410.09103 686.8785 570.1978 1 0.4860654 188.31061 226.25041 316.2346 291.43796 5 0.34216693 189.62054 223.39853 318.61194 292.39096 5 0.16680305 1.7836113 490.31726 102.92378 763.3861 6 0.9892489 0.0 783.9401 189.2671 1024.0 6 0.98841864 337.9269 124.36972 816.33826 690.7689 6 0.44880304 192.73048 224.68266 316.37036 292.05353 6 0.13666387 363.2367 412.22913 783.0753 672.5698 6 0.096195735 357.12503 121.16794 620.2168 607.29565 6 0.06124449 513.9001 150.78268 804.7415 507.35184 7 0.99726105 936.853 708.1443 1024.0 1024.0 7 0.9912525 398.69513 594.4103 647.52594 822.1222 7 0.9856053 597.3134 437.7019 985.5715 947.7378 7 0.93388695 1.4069061 201.82672 386.84375 804.26373 7 0.8825325 973.7928 644.85706 1023.9659 727.13745 7 0.86450005 57.94821 432.39478 494.72238 916.8512 7 0.5176275 1.7295456 486.16882 107.589066 764.3729 7 0.16003227 589.26294 673.4776 748.068 862.7963 7 0.12292383 806.38055 411.89587 953.53595 563.6805 7 0.10597377 193.87961 197.38147 386.8541 477.44574 7 0.08451049 1005.9198 564.52466 1024.0 634.8207 7 0.083117716 16.490356 187.51419 779.42896 862.8247 7 0.06058678 819.3628 411.34155 912.6383 522.50543 7 0.05652746 747.5825 402.55594 979.056 865.6355 7 0.05420718 5.83963 439.63892 359.32535 752.47754 ,test/1608.jpg
1 0.99478626 5.824524 0.0 1024.0 1019.39484 1 0.7863017 111.86711 522.3342 217.523 621.109 1 0.39522514 5.8336487 19.287231 747.2887 715.9898 1 0.23583962 365.7978 704.20703 1016.17926 1020.5006 1 0.19282287 643.3441 227.29608 1007.655 747.7598 1 0.11980944 109.35712 524.4563 173.9888 575.26587 2 0.09135126 112.298645 521.15076 215.63364 615.15955 ,test/1609.jpg
0 0.28971803 213.75064 605.3525 360.7939 662.1799 0 0.1632649 418.27176 440.26047 530.81506 518.2959 0 0.14309514 144.68095 424.37338 455.56628 618.92017 0 0.069805875 431.87592 196.45511 804.1307 530.2733 3 0.9644898 431.456 196.22195 802.95953 525.542 5 0.9900739 142.88972 423.29834 456.04993 619.39307 5 0.13551393 430.99188 195.7184 804.2559 529.06805 7 0.39757153 430.59497 195.14929 802.5326 529.7786 ,test/1610.jpg
0 0.77869993 342.00186 342.61682 643.292 693.81165 1 0.36747143 333.17255 342.0723 643.82745 692.92065 7 0.10329287 342.00317 341.82794 644.644 693.2972 ,test/1611.jpg
0 0.44572857 73.662605 554.2388 240.33405 647.86096 4 0.9994449 252.06244 219.59726 777.1849 911.0558 ,test/1612.jpg
0 0.05690728 219.31912 402.4181 807.18616 811.0829 2 0.9876704 219.37897 400.79224 809.8769 812.4603 ,test/1613.jpg
0 0.82162154 116.41009 541.3355 352.1304 650.86566 0 0.32669285 860.496 620.9969 993.53625 678.42084 0 0.24981654 651.9236 512.33246 880.04895 543.356 0 0.2340512 55.378357 422.14337 344.82004 655.32635 0 0.12823568 734.1044 605.60034 1015.98425 743.98083 0 0.12804781 529.85 517.9076 909.70667 650.40125 0 0.09715157 177.1066 16.464958 203.64615 167.00879 0 0.09332097 831.6978 607.24176 887.5323 639.4881 0 0.087023325 839.58264 612.3633 1004.45544 722.33887 0 0.07603262 830.46564 577.80334 913.78864 644.95825 0 0.06893641 52.437393 526.3113 449.4643 663.78357 0 0.064179376 810.41724 468.0632 1024.0 647.1438 0 0.06357363 648.13684 520.4718 856.1328 553.95044 0 0.062801145 1.32518 394.87292 90.85035 418.92798 0 0.0545941 683.345 654.8217 797.65405 672.63666 0 0.05432427 102.738754 433.33325 226.5753 483.96265 0 0.050138272 302.33704 419.53156 394.57764 436.76813 1 0.8359271 58.82483 395.26385 893.67834 760.956 1 0.8298984 98.97241 352.3193 867.1262 518.65125 1 0.7396336 103.687195 661.68677 843.3346 800.8125 1 0.7376119 161.90298 0.0 675.4658 311.27094 1 0.7371428 3.975006 115.492386 221.6249 329.6891 1 0.6815333 250.92897 268.17273 717.77185 339.28503 1 0.5741823 172.89017 327.9474 831.78284 447.91095 1 0.52733475 186.51135 644.2063 876.9662 738.7988 1 0.52059 59.055847 586.18475 940.0199 860.22064 1 0.50431186 153.15027 509.2334 895.7555 703.62524 1 0.4706345 541.90753 511.392 895.4299 654.5867 1 0.42347908 86.83597 419.80072 894.09106 579.1373 1 0.4074922 325.16272 548.4987 582.22797 604.9688 1 0.39406732 233.00555 310.4764 802.62787 390.8494 1 0.38916504 224.0527 311.81287 276.0794 335.4666 1 0.381153 644.5466 513.0494 876.6025 550.8411 1 0.3306527 243.63995 299.99728 763.50024 353.4164 1 0.299042 325.22894 523.8069 641.44855 592.40735 1 0.28453457 745.62646 608.18915 1014.07654 726.3466 1 0.28050146 342.27847 566.0683 469.2416 597.4051 1 0.26950547 338.67636 548.25037 477.0153 588.34875 1 0.2636217 237.8807 685.4598 454.5737 738.3859 1 0.25475717 1.32518 394.87292 90.85035 418.92798 1 0.2543109 646.43866 530.458 866.441 557.6997 1 0.25080758 91.25073 758.7903 231.8097 1017.4579 1 0.24599108 78.20911 450.43658 614.49396 622.77094 1 0.23929389 739.176 656.1434 875.0521 724.1829 1 0.2313709 66.11496 419.70657 393.15552 659.5265 1 0.22808436 620.7862 516.2947 891.45074 605.3662 1 0.20869923 200.34512 357.03595 792.9192 417.48926 1 0.20474431 272.7655 356.9782 838.60925 624.38837 1 0.19899483 0.0 293.2446 221.37291 412.79233 1 0.19481371 245.4267 685.91895 429.92047 714.9407 1 0.18114163 236.34146 304.3989 275.00623 329.02957 1 0.1801262 8.174816 578.40796 131.23227 1016.3618 1 0.17810915 254.10657 271.76498 719.9804 428.3196 1 0.17110729 67.40939 523.1965 676.4852 640.61066 1 0.15669309 302.33704 419.53156 394.57764 436.76813 1 0.15164252 143.50232 579.75745 811.3549 730.83386 1 0.14795765 831.6978 607.24176 887.5323 639.4881 1 0.14021155 762.19763 581.6578 914.7528 723.02045 1 0.13150354 98.42929 681.7387 505.2148 882.88654 1 0.12901574 0.0 300.48285 215.62054 355.78845 1 0.12573884 627.2423 481.13602 896.0134 539.1583 1 0.120272204 348.18866 571.59247 458.20807 588.43317 1 0.11773113 331.64948 547.33905 478.44537 568.0705 1 0.11675663 55.20935 185.14412 681.02515 690.5278 1 0.11477807 248.9552 680.7886 768.5602 749.2777 1 0.105848305 827.17224 598.6107 914.2106 644.61914 1 0.1054998 216.01447 479.94846 868.78107 605.75684 1 0.10494697 143.72107 426.19727 298.20566 451.1801 1 0.10238396 50.222183 333.4785 227.45274 666.0648 1 0.095889784 98.14786 199.67146 754.4834 468.43262 1 0.09572956 367.87207 664.2784 791.8279 721.0706 1 0.08963869 273.79547 417.2484 408.9925 440.77698 1 0.08461947 229.94731 305.20496 260.75598 339.64343 1 0.08143063 219.35225 304.76962 241.7101 337.7111 1 0.07598033 196.94565 192.12686 685.2919 302.16336 1 0.070694186 394.50275 619.2989 894.16327 726.21185 1 0.064896435 125.86966 508.1572 481.20657 718.058 1 0.062768154 48.003998 343.0443 551.97754 933.68677 1 0.061688468 244.23097 347.87427 711.84467 396.00378 1 0.06028822 282.2212 493.1311 646.2153 550.5386 1 0.059401758 103.23214 718.5991 353.3037 781.13464 1 0.057496477 178.60907 56.117416 661.59576 205.3333 1 0.055765364 42.834045 126.57467 727.164 315.32184 1 0.053185668 167.01685 235.34798 723.6471 322.03506 1 0.05204967 99.10098 419.53174 321.057 494.12128 1 0.05056754 339.99265 583.0611 457.67484 605.93414 2 0.9707363 538.9986 520.14307 653.47565 627.1658 5 0.2852836 104.58463 450.09164 152.6355 481.4072 5 0.09999286 196.85448 832.2506 270.38538 1023.0276 5 0.076365314 147.09946 690.93445 996.3351 970.5343 5 0.07303097 846.01447 615.14246 996.81366 718.26086 5 0.064870946 751.0908 703.47943 1019.6052 755.06195 7 0.07545858 117.23412 541.4293 351.7929 650.9374 7 0.065268934 831.6978 607.24176 887.5323 639.4881 ,test/1614.jpg
3 0.108649686 521.38416 189.38847 562.22363 222.54054 7 0.99960154 518.54755 424.79446 757.93854 791.29407 7 0.9972529 262.75528 25.400635 709.84814 917.3563 7 0.12242247 249.20625 289.03775 564.2727 911.1063 7 0.081026785 371.43958 30.327744 703.3944 523.3143 7 0.055990882 288.2192 33.112335 582.3474 649.3075 ,test/1615.jpg
7 0.9996983 118.64819 347.0479 958.4076 803.75543 ,test/1616.jpg
0 0.65775347 109.13103 808.37335 255.23018 1020.2044 0 0.21343072 18.685982 647.5849 148.33203 848.1214 0 0.057669997 0.0 795.2183 151.35606 1017.6402 0 0.052364405 104.155045 799.13135 178.45631 848.8208 1 0.9979679 523.52496 303.55923 700.79083 387.05838 1 0.9757765 178.17722 270.6816 450.71194 831.5338 1 0.9268406 200.30783 517.2796 448.01865 817.40485 1 0.1389056 0.0 794.23846 152.65016 1017.05975 1 0.08477563 508.13034 350.30698 700.3866 431.7128 5 0.5480642 115.350716 809.585 255.45312 1021.4462 5 0.13095127 603.3302 936.0338 645.33484 1020.7495 5 0.065435804 12.908501 649.3684 190.05872 850.1139 7 0.9997863 432.41748 351.24075 935.81885 913.9263 7 0.99948126 21.614304 1.0215149 338.55322 309.93683 7 0.12591319 444.7263 337.17633 728.43274 725.80206 9 0.73260903 17.609077 649.51074 160.04282 848.62 9 0.100137435 114.10412 809.7849 256.94247 1020.8258 9 0.08484576 69.66484 645.88074 205.33507 845.7245 ,test/1617.jpg
0 0.9998159 264.13733 277.07367 737.5731 670.6171 ,test/1618.jpg
0 0.8896404 195.33627 422.36554 684.10864 712.1984 0 0.4639735 162.61227 300.49445 982.28955 721.00104 1 0.084728815 194.7644 422.2102 684.38495 709.3096 2 0.17874852 196.03452 422.07794 685.327 706.3914 7 0.97526747 197.25189 306.812 951.4517 612.0754 7 0.5341321 1.3302155 611.274 202.1033 716.3461 7 0.16610992 192.62628 422.82394 689.2504 708.93726 7 0.106417514 4.690544 421.4267 211.82913 713.517 ,test/1619.jpg
0 0.32952243 720.5094 882.3161 759.8251 895.1723 0 0.099121444 836.2305 782.76984 872.7225 847.387 0 0.057151 438.93823 250.52184 471.74603 284.20813 1 0.9798049 0.0 236.49504 41.267902 368.74408 1 0.6964436 0.11192322 240.67586 20.48363 295.5243 1 0.34821156 438.5096 250.53609 471.69064 284.42722 1 0.12757571 435.33783 245.6476 509.88898 289.61478 1 0.09048046 0.6985283 241.78831 32.257328 317.2164 1 0.06351891 720.5094 882.3161 759.8251 895.1723 5 0.9708336 178.21979 0.0 359.60876 56.519264 5 0.174614 61.943813 393.213 186.00378 550.21924 5 0.1721771 100.30534 393.042 186.41826 501.836 6 0.2387242 438.96344 250.58614 471.69897 284.34485 7 0.9999194 345.8532 518.08527 613.15247 935.4372 7 0.99991024 75.1126 479.43146 305.8133 904.25433 7 0.9997764 234.34982 234.07082 559.58276 567.77203 7 0.9997497 693.745 487.3728 871.74927 692.4944 7 0.99944717 621.1103 656.12274 843.32184 874.85785 7 0.9990785 487.6814 74.25171 739.99585 348.92645 7 0.9948886 518.91516 312.93048 781.8373 752.0738 7 0.9832049 269.09842 501.21008 388.0576 739.4945 7 0.9373257 711.843 185.27522 748.3236 274.36758 7 0.9126696 513.44934 297.50266 602.198 537.4051 7 0.4777296 299.01593 589.5301 363.729 733.3034 7 0.37385932 435.33783 245.6476 509.88898 289.61478 7 0.11220873 564.8008 677.63165 632.3479 802.01776 7 0.10819182 593.14294 339.56424 643.42834 424.92294 7 0.08610503 530.0005 304.82172 597.58484 450.92255 7 0.06809397 626.4706 478.56836 870.7699 875.56775 7 0.06376089 289.48804 513.01135 514.1543 731.813 ,test/1620.jpg
0 0.16964968 122.90604 112.81854 889.1377 899.76184 0 0.053775877 0.0 360.6879 182.39499 755.7467 9 0.922558 124.28403 111.42105 888.421 904.6732 9 0.26728517 0.0 361.0501 182.46571 755.5252 9 0.10784917 392.64642 112.60272 877.2404 702.08295 ,test/1621.jpg
0 0.25554466 267.11057 221.37283 447.36435 859.8655 0 0.15691155 371.53882 234.10464 734.6356 945.8323 0 0.12705149 118.62811 208.37088 442.2329 890.9426 0 0.10405898 160.85593 212.1254 649.3518 943.23 0 0.0967699 265.22586 226.1134 982.9363 930.76514 0 0.09582499 713.14606 395.2202 992.86896 761.27795 0 0.07605925 416.89926 225.0079 583.5631 913.9398 0 0.062251423 977.5398 755.0187 1024.0 1022.0272 4 0.38441646 714.30786 397.08118 991.9558 761.2428 5 0.7172381 714.7061 397.89435 987.3774 757.3326 5 0.3816194 265.76987 221.06357 447.81296 860.97205 5 0.09936819 311.87524 229.73602 846.91675 945.3077 5 0.067154646 160.85593 212.1254 649.3518 943.23 5 0.05930774 415.1433 228.74545 572.27997 905.4486 5 0.050371613 117.338104 206.54248 433.33255 887.06824 9 0.8231281 978.522 759.1213 1024.0 1019.88324 9 0.514428 266.652 225.66818 446.4816 857.4501 9 0.4215613 371.53882 234.10464 734.6356 945.8323 9 0.09879307 265.22586 226.1134 982.9363 930.76514 9 0.08714767 416.89926 225.0079 583.5631 913.9398 9 0.08600323 438.1491 525.3266 526.9468 756.81647 ,test/1622.jpg
1 0.18893263 612.48584 296.58536 1024.0 976.92017 5 0.7505351 183.9689 514.2849 318.9488 724.57996 5 0.44988278 58.609924 522.41675 315.81268 722.2262 6 0.9801297 323.84668 666.4971 618.141 895.97095 6 0.9126209 297.6089 237.09058 668.03375 793.8501 6 0.6877712 316.05988 471.01917 629.0255 905.5746 7 0.9991974 448.0898 63.329453 637.42236 264.9193 ,test/1623.jpg
5 0.9995322 121.34982 227.53635 879.06323 792.46155 ,test/1624.jpg
0 0.18273075 491.48834 450.39682 854.21136 697.63293 1 0.7957453 494.91583 449.7045 853.6081 699.572 2 0.36219653 490.56714 450.65195 852.33276 698.411 3 0.17752929 491.70624 450.69336 855.5643 700.53125 5 0.7437729 476.34442 495.5655 516.3155 652.54767 7 0.06521145 491.70624 450.69336 855.5643 700.53125 ,test/1625.jpg
0 0.113019474 207.54233 347.05707 847.1677 845.9661 7 0.9943802 209.33258 349.11115 850.5058 847.7568 ,test/1626.jpg
4 0.9879248 195.61627 118.0849 850.1789 789.57446 5 0.067543976 204.40851 116.815094 844.33514 789.48596 ,test/1627.jpg
0 0.05307099 486.95215 531.3577 636.0316 824.9057 4 0.9214326 88.09552 135.61148 497.72363 653.07446 4 0.8930631 314.9356 119.06845 508.82434 783.24243 4 0.81259507 464.57712 158.36166 940.13477 481.5668 4 0.75576216 443.7027 129.51303 755.19586 673.7064 4 0.64928365 398.70343 53.519867 945.6164 691.0845 4 0.22458415 227.12155 161.77142 436.04837 612.733 4 0.19667663 495.37625 266.0645 928.44214 654.6054 4 0.19614403 316.1869 452.4224 503.22015 767.7322 4 0.18502356 627.0491 384.6819 948.4413 648.13257 4 0.11978698 34.430298 16.605286 1014.04285 1007.84894 4 0.11708397 91.65669 360.16492 362.40222 635.17 4 0.084888466 517.75055 356.6947 736.2734 658.78015 4 0.08139647 392.27478 117.8486 540.2512 626.7352 4 0.07523492 341.36478 555.26465 751.7584 777.67017 4 0.070616335 606.07965 242.6182 939.7061 469.6356 4 0.06407594 364.39587 130.77797 628.839 376.21564 4 0.05440401 83.71265 373.11017 212.64209 606.15234 4 0.05110677 377.50955 246.38748 488.8359 473.31564 5 0.07356471 34.430298 16.605286 1014.04285 1007.84894 7 0.7783497 13.853943 6.75885 1016.4505 1024.0 7 0.34541696 311.22037 8.892654 956.9082 330.30017 7 0.19895622 82.024445 0.49386597 981.65015 550.1544 7 0.19884346 29.216766 25.296143 541.6725 672.3912 7 0.16477135 486.95215 531.3577 636.0316 824.9057 7 0.12672149 680.58307 449.5541 884.36835 616.7635 7 0.10885934 497.80112 363.73856 1011.46497 790.855 ,test/1628.jpg
0 0.42977446 419.81152 420.38007 674.8877 640.53864 1 0.07089691 420.25934 419.72754 673.8288 641.0049 2 0.6189118 419.83362 419.74835 674.28174 641.1347 3 0.68645823 419.99686 420.04144 674.80664 640.93475 7 0.09700915 419.9496 417.90912 681.6033 640.6434 ,test/1629.jpg
0 0.9965383 517.55994 125.21483 692.0929 270.08148 0 0.3209728 765.06915 453.65842 812.86566 517.39166 0 0.18528464 717.43506 678.1466 881.1146 793.4861 0 0.12183741 671.6012 671.3623 871.94055 925.1571 1 0.054184366 765.4464 453.52414 812.7637 517.41254 2 0.9997906 338.6234 392.2771 670.0459 609.97473 6 0.9989905 716.021 547.5154 814.3633 636.85 6 0.35545194 765.0232 453.56604 813.1362 517.2057 7 0.6856039 729.8403 678.44635 880.47516 795.59125 7 0.5329196 707.77576 672.5885 867.166 924.4984 7 0.17262079 130.10568 891.0618 251.20383 948.7421 7 0.07978272 659.5017 546.44653 833.8889 925.1832 7 0.05000393 531.613 680.2148 859.8151 918.40265 ,test/1630.jpg
0 0.9998186 200.76132 327.38947 826.42664 519.27747 0 0.06669166 223.51138 471.34506 318.6785 533.36694 ,test/1631.jpg
0 0.80194354 501.82498 774.23065 572.0431 863.1098 0 0.31903225 271.26358 420.03906 359.1119 572.53186 0 0.16495867 508.40536 667.6997 573.3113 864.088 0 0.10266716 489.09393 458.6477 516.9222 516.07367 0 0.052634 346.0812 523.1811 374.25546 560.0927 1 0.9989838 249.20021 403.58902 553.3688 784.2776 1 0.99459237 376.23917 450.92398 525.95685 561.5946 1 0.9905669 544.82947 374.64984 933.9265 823.455 1 0.8795632 534.57623 324.29517 619.9858 536.269 1 0.81518155 616.0704 357.81125 926.44354 531.75085 1 0.76185286 367.2873 507.84937 524.2839 572.5126 1 0.686655 553.425 461.37167 600.7619 622.14514 1 0.583508 271.3805 423.0628 358.86847 572.11096 1 0.41387227 606.88116 501.97974 907.77057 555.1902 1 0.3721438 571.1739 464.9525 607.2253 519.95264 1 0.3418142 489.7834 456.7292 527.6295 546.3561 1 0.33549455 387.71268 531.4878 517.81384 568.77527 1 0.30187097 343.7758 522.1881 374.2231 570.0646 1 0.28780308 370.85953 512.73816 414.1591 567.7213 1 0.28749385 509.441 501.90897 527.16205 549.7434 1 0.2409446 500.66095 488.15332 527.31036 545.96423 1 0.21436694 530.9076 320.5573 625.40894 783.13116 1 0.1801122 576.97375 459.70767 918.34033 630.5783 1 0.16702838 488.93066 458.5328 517.41235 513.9957 1 0.13847944 535.6908 472.80597 593.15063 794.6143 1 0.13507272 557.28766 543.89545 587.8188 610.8139 1 0.12300626 545.6249 431.38602 607.00037 540.662 1 0.11818761 392.53214 413.91565 414.7986 462.4248 1 0.10351302 279.8682 413.89813 530.6478 574.6286 1 0.10213734 558.46875 533.89764 575.78955 604.11786 1 0.10137965 554.66406 506.0738 585.49585 629.2845 1 0.09556434 369.74643 399.98358 613.0604 573.81024 1 0.09277318 573.3341 496.79156 601.9656 627.6003 1 0.09181487 422.74677 525.33484 489.11462 554.57275 1 0.08539715 572.0529 556.63086 590.32916 612.26953 1 0.08479017 375.71533 451.97278 428.7312 544.8234 1 0.082320824 575.626 592.042 588.0808 631.71716 1 0.08069202 587.0824 514.0901 600.4901 618.928 1 0.07648686 544.33765 382.01233 622.98755 613.9652 1 0.073980965 584.5691 464.1012 607.6533 507.87494 1 0.065955296 345.862 449.76407 594.71204 618.40955 1 0.057818808 257.0747 527.4007 545.74286 651.90607 1 0.05411977 517.0528 507.34268 531.20355 554.4887 1 0.052978955 258.1331 423.59656 390.72836 640.81384 1 0.052346196 554.1416 491.98523 601.66736 572.45325 1 0.052297987 610.9797 523.2324 905.64874 572.78064 2 0.24999683 268.88266 436.4709 357.72928 575.29834 2 0.0723843 511.80527 505.1849 526.56024 551.003 5 0.4472104 345.14825 523.10077 374.31757 562.03424 5 0.06945219 1.1621246 485.43207 78.3982 876.8215 7 0.99976355 59.779205 407.42136 281.43198 760.167 7 0.80300426 0.80582047 270.14163 79.55698 885.49146 7 0.39492497 2.5100002 759.2075 37.25306 878.78406 7 0.34309927 501.5057 774.1885 572.2586 862.9995 ,test/1632.jpg
1 0.20783725 254.05428 164.01015 539.57794 392.44696 2 0.5148885 254.41354 662.46234 312.8414 706.4078 5 0.6673492 254.22833 661.3073 313.35565 706.3311 5 0.62132496 149.17363 597.2291 286.54547 711.681 5 0.31935817 0.0 251.91858 327.50986 684.81213 5 0.27083153 372.1937 466.6238 462.90408 513.35376 5 0.2704389 323.0124 490.27457 454.95148 545.8911 5 0.18235004 190.73251 238.48325 267.28574 294.3104 5 0.12486556 293.555 482.73315 465.13477 570.1577 5 0.10919408 327.05054 463.95453 466.36554 532.81055 5 0.09060154 211.91899 657.30817 309.9431 704.14374 5 0.056506444 265.33603 619.16907 290.59457 667.4447 6 0.9680811 249.80798 166.4237 532.0056 389.339 6 0.3261706 253.1987 164.15787 392.10526 346.57892 6 0.15155412 150.3142 589.54846 282.3678 712.853 7 0.99928504 214.77356 167.94531 804.37524 846.41266 7 0.94968665 0.94381714 253.0929 328.32657 683.6917 7 0.5612554 460.0447 114.68773 671.87476 348.72394 7 0.43003914 474.9261 123.75978 829.67194 488.75208 7 0.2152826 506.2578 114.17375 674.54297 233.18654 7 0.15859137 246.10558 133.61987 696.09357 400.63226 7 0.05523277 191.06323 238.12982 267.2714 299.4973 ,test/1633.jpg
0 0.87796164 52.82315 123.54782 918.6902 731.74866 0 0.55786675 72.924515 118.53444 408.95758 447.53387 1 0.6968444 249.28802 123.30774 897.4449 737.6992 ,test/1634.jpg
0 0.92464703 765.3758 575.354 842.21063 618.3412 0 0.70793194 142.24622 431.20508 817.08167 698.5668 0 0.66671014 793.126 402.7605 832.5502 486.95404 0 0.17192926 806.77893 401.518 834.1935 469.95227 0 0.053109806 793.6051 448.7123 834.0896 490.87204 1 0.19959667 144.01688 429.59552 827.5475 698.0015 9 0.5789961 148.97156 429.88068 816.8576 698.1922 ,test/1635.jpg
0 0.22023351 224.69333 52.426453 863.624 900.6446 1 0.06642196 224.69333 52.426453 863.624 900.6446 7 0.8329094 222.1687 52.831726 863.02783 899.18475 ,test/1636.jpg
0 0.7746224 838.6585 1.8479614 944.09894 222.6627 0 0.6935701 652.4931 0.0 954.5151 196.67319 0 0.69140065 520.50183 179.39525 876.7124 233.352 0 0.30659312 514.3909 111.94194 883.0568 324.5993 0 0.27379388 537.49756 195.48723 875.73425 274.43304 0 0.25848854 520.38635 129.08456 864.7383 231.00839 0 0.084023006 882.57745 727.31396 1021.4544 1023.68774 0 0.08263067 887.0764 740.6979 959.0868 885.39795 0 0.081018396 526.6449 200.43002 865.96387 225.46094 0 0.072330944 520.2281 130.08429 590.83966 325.2742 1 0.95318687 886.36145 703.01416 1021.078 1024.0 1 0.5160776 985.6956 649.00085 1024.0 722.6122 1 0.26830384 971.35455 641.80426 1020.9201 925.6082 1 0.18122075 976.19855 632.4956 1023.81085 769.97156 1 0.11633435 1002.59534 763.65845 1022.1515 875.12976 1 0.06993481 659.11096 0.15717316 949.3181 205.73523 1 0.06325918 994.84357 745.1355 1024.0 940.12476 1 0.05297532 928.28143 700.7788 1020.6894 884.57654 5 0.0708763 430.41534 441.00052 492.79272 515.16785 5 0.054477464 1002.9255 762.4271 1023.76447 873.34326 6 0.9049845 511.05396 107.87866 901.71204 331.8441 6 0.8804134 524.27435 301.51038 901.77594 532.1762 6 0.7853833 518.5324 98.13632 908.47174 545.22864 6 0.69722325 496.1535 360.32465 841.20123 790.0457 6 0.6390732 505.40338 545.0083 786.37726 789.1316 6 0.39560208 492.84167 462.79602 834.5769 642.1211 6 0.29927683 528.24054 317.4358 910.8304 431.55945 6 0.2821304 515.973 204.0033 916.04956 397.6925 6 0.20695463 524.23553 107.561615 861.091 237.26904 6 0.19951339 521.2236 601.6388 781.25824 717.0542 6 0.17773518 510.11755 376.7383 824.2009 593.2149 6 0.1294744 515.2497 547.4793 793.7393 624.50726 6 0.1180304 521.1486 408.6253 867.90704 502.72626 6 0.11028736 496.1078 442.99176 846.0586 549.8526 6 0.1056815 663.5173 0.6044388 894.88275 214.58215 6 0.08311 518.6663 288.9906 917.34247 344.6922 6 0.08090727 488.19275 326.2271 533.6227 716.4205 6 0.06632236 554.77405 1.1040802 943.5648 286.12982 6 0.057404105 521.896 659.63196 738.9186 791.4872 6 0.05578779 543.92505 605.896 765.56616 633.9906 7 0.9990263 156.86674 518.7187 523.0574 752.71783 7 0.11638812 887.0764 740.6979 959.0868 885.39795 7 0.06503683 884.24603 716.3685 1020.72955 1024.0 ,test/1637.jpg
0 0.62486243 300.7923 0.0 353.33057 87.598045 0 0.25494653 6.6502533 0.0 405.1991 520.21375 1 0.9356325 16.26654 8.877823 413.0855 517.3468 3 0.17050266 300.8597 0.0 353.3243 87.6363 4 0.7510347 342.07553 345.63464 584.7123 750.4901 5 0.6749062 342.4884 345.7035 585.12915 750.89026 5 0.07128247 300.58167 0.0 353.38885 87.72337 7 0.9979069 401.6715 1.0728531 689.2091 86.27474 7 0.9788102 685.976 3.8348389 1015.0927 626.961 ,test/1638.jpg
0 0.44786125 221.54451 24.48526 728.5753 987.6892 0 0.32022074 10.580799 145.30397 120.21463 628.64307 0 0.22622208 22.826065 331.87042 88.459755 508.09253 0 0.1984427 2.6854782 126.82761 93.43499 358.61697 0 0.15653086 414.93988 8.612587 650.7691 221.45761 0 0.13098878 215.62767 522.1534 251.84908 741.67523 0 0.12606063 667.26184 79.66318 785.31335 631.42346 0 0.08559553 963.2983 487.74844 1023.4311 551.2296 0 0.057473782 207.32619 4.3203735 412.4062 653.7592 5 0.1571793 2.6854782 126.82761 93.43499 358.61697 5 0.15223159 10.580799 145.30397 120.21463 628.64307 5 0.11980494 194.16772 346.73734 231.45175 445.9857 7 0.07037907 637.96545 57.10898 788.4147 635.8292 9 0.766851 234.93143 15.324158 718.71936 977.1579 9 0.5558441 641.1715 58.77899 788.8578 634.77185 9 0.41349006 209.02637 28.645477 359.9129 644.64087 9 0.0787388 216.00742 519.98376 311.4205 703.78174 9 0.077394985 23.180485 297.25018 109.729065 615.93896 9 0.058023114 0.48042297 143.18665 274.39496 713.16864 ,test/1639.jpg
0 0.9980666 4.969719 51.60919 184.7142 362.55655 0 0.99470854 143.7561 3.561798 684.47217 395.57352 0 0.989636 0.0 192.1265 240.71957 1024.0 0 0.98177147 0.45643616 265.5289 178.2163 366.17996 0 0.8998235 150.68973 287.58508 712.8898 573.78796 0 0.8992107 182.982 351.3703 745.9031 943.52313 0 0.7040751 177.15097 528.99243 739.18274 827.72437 0 0.68140435 243.41962 780.8664 746.16376 938.14606 0 0.49624994 166.91023 656.7053 253.13353 861.0864 0 0.18098673 169.68327 534.2306 199.90196 586.036 0 0.18097071 27.971436 23.595825 718.5757 930.3181 0 0.17794417 6.028908 48.78885 205.3389 688.8373 0 0.15255563 40.934387 139.64755 729.0376 541.4198 0 0.08049572 169.82385 658.12683 206.56226 849.0515 0 0.05549038 132.72507 807.90497 746.3705 1016.9965 1 0.2586351 169.53737 533.2708 199.68257 586.5406 2 0.29348344 169.65569 533.5494 199.65071 587.4998 5 0.08368842 169.76028 533.4469 199.80566 587.98596 5 0.06861608 658.5452 115.855965 678.7303 160.48938 7 0.10383966 157.60062 285.65942 712.906 574.8509 9 0.10786163 157.97897 284.68854 712.6603 575.66895 ,test/1640.jpg
0 0.05784114 209.35553 277.03207 831.84503 795.9613 1 0.39182967 219.74072 277.60733 832.30005 794.504 5 0.8289453 217.38809 278.73007 832.9573 794.9418 ,test/1641.jpg
0 0.082570985 296.02826 480.47794 847.76825 790.0762 1 0.05650856 298.5225 478.84296 847.4758 791.2879 2 0.09382443 295.77136 479.82983 848.39294 790.5657 3 0.9828174 293.18112 481.78467 847.6775 790.7892 ,test/1642.jpg
5 0.7102814 329.38092 446.12598 597.35956 589.693 6 0.6810221 330.39197 445.197 598.96234 590.05237 ,test/1643.jpg
2 0.9990263 384.0041 364.83197 768.8494 761.2343 ,test/1644.jpg
0 0.86807925 146.147 255.12595 968.2755 868.62805 1 0.10462686 148.8273 252.47037 965.9767 873.38086 7 0.13299763 148.8273 252.47037 965.9767 873.38086 9 0.09488043 148.10666 252.25189 966.5326 868.32806 ,test/1645.jpg
4 0.9897239 43.323273 466.68668 914.7693 687.1001 ,test/1646.jpg
0 0.0616195 386.7674 362.86444 630.9035 538.33997 5 0.9895621 385.98395 363.1516 631.96326 538.7491 ,test/1647.jpg
7 0.9998305 205.97668 300.79868 858.9204 894.1843 7 0.998757 127.6629 404.20145 433.77008 654.8157 7 0.9978072 42.314835 226.21973 401.33356 482.66058 7 0.8519167 405.12122 301.8396 562.7191 367.93475 7 0.0810564 242.43338 276.11734 299.39334 308.67654 ,test/1648.jpg
0 0.94112116 391.96027 676.38916 563.26654 733.24255 0 0.48984608 296.68555 322.32755 519.73535 542.8366 0 0.31634587 112.94318 500.54523 321.05963 608.75934 0 0.28612456 179.13669 614.0664 397.27243 773.02954 0 0.26868963 124.62304 531.3056 298.87808 584.5407 0 0.1715989 154.34554 695.4411 182.95827 721.8101 0 0.14295505 365.98648 626.9219 388.45627 714.8638 0 0.109452225 130.41415 511.1329 302.6926 569.25806 0 0.095213704 381.27594 631.96497 565.68884 718.3518 0 0.059281074 373.9398 419.6881 461.29898 507.72504 0 0.051582478 106.573555 346.78326 317.59674 625.86475 5 0.8404001 634.764 381.2422 765.38654 546.20276 5 0.34170654 714.55927 242.36237 812.5806 299.55048 5 0.31618387 682.693 163.00195 821.5206 336.89203 6 0.997139 294.96658 236.53156 530.05884 605.7916 6 0.9911521 106.4862 344.65527 316.63412 637.5217 6 0.9841929 177.20447 607.21564 399.6673 804.1307 6 0.90235645 395.1815 670.8068 568.43964 769.94464 6 0.6337375 325.8426 519.768 514.6317 606.65924 6 0.41827717 380.28354 561.4663 565.8675 697.21436 6 0.3636339 112.795845 496.146 319.52325 605.73364 6 0.25771886 331.52026 498.28476 568.86426 711.91473 6 0.20805386 154.97252 694.9723 183.321 721.5281 6 0.19115968 255.29486 300.9029 566.8175 768.1391 6 0.16127077 389.08737 655.4338 565.6993 725.86615 6 0.1078104 186.84705 588.7519 550.6848 740.15814 6 0.08496784 104.65854 355.5364 398.61966 791.06506 6 0.08418826 114.88481 532.02747 386.9887 647.69775 6 0.061573476 127.497696 498.11926 302.53967 551.4657 7 0.9998281 521.64966 177.94128 918.6249 907.6636 7 0.9966061 870.205 397.10962 1024.0 763.9403 7 0.98836344 973.3509 347.1845 1023.47076 492.08447 7 0.36797452 525.0731 208.48543 734.85693 532.188 7 0.16340894 871.8348 473.02176 906.5267 559.8083 ,test/1649.jpg
0 0.2645566 472.71237 272.63925 667.70074 802.0614 2 0.06948578 472.71545 272.58386 667.7816 802.92163 3 0.2726314 472.22833 274.3357 668.6246 804.69653 5 0.7810408 471.5438 274.68445 669.1835 806.9407 ,test/1650.jpg
0 0.8359207 296.2608 235.79913 656.9302 412.45294 0 0.6488182 840.2616 541.8884 1019.0813 660.4021 0 0.35120752 600.6277 353.85043 684.7793 399.43686 0 0.31969464 852.8715 363.1703 1021.9599 665.76074 0 0.2572603 0.0 223.7934 241.81653 940.69525 0 0.25323018 355.4016 644.59357 847.60925 746.14594 0 0.16285624 233.98816 348.16513 500.89685 461.2236 0 0.1592201 157.78305 583.2354 840.4464 746.53815 0 0.15087056 571.95166 645.96747 840.1655 730.3813 0 0.11954444 156.15298 572.7535 333.85422 733.88824 0 0.09108845 254.96024 369.37656 624.1963 437.68942 0 0.072727725 7.075653 483.0923 989.71814 853.48376 0 0.0690786 136.30618 566.6481 462.88687 753.14795 0 0.061129145 397.13953 392.97614 495.56628 416.33118 0 0.0557897 639.31586 351.35742 685.2354 375.406 1 0.7900729 0.0 220.6146 240.8164 956.6798 1 0.7573942 0.0 248.9863 1024.0 1024.0 1 0.23129573 7.075653 483.0923 989.71814 853.48376 1 0.20533845 1.3137741 468.16458 148.05453 914.54956 1 0.16797172 17.85907 233.84406 527.1492 1012.77386 1 0.09037129 48.90216 278.4874 996.5035 679.3806 1 0.08223782 273.03845 585.663 845.49756 743.8018 1 0.07494082 297.10535 235.39832 656.13586 412.8637 1 0.064339474 227.68904 356.2422 669.99506 497.5609 1 0.053114895 388.33716 388.66278 507.5329 415.72327 1 0.051763117 162.919 486.12958 836.203 722.2161 2 0.11038098 296.97528 233.82442 654.91254 414.0019 5 0.07191314 917.7512 365.23828 1024.0 490.30676 7 0.97570455 166.10028 363.27576 949.7375 716.1631 7 0.5472048 230.86533 590.9934 843.92224 745.7052 7 0.53412014 233.98816 348.16513 500.89685 461.2236 7 0.2892758 227.68904 356.2422 669.99506 497.5609 7 0.2804147 838.3592 541.083 1017.5976 659.2671 7 0.26887643 852.8715 363.1703 1021.9599 665.76074 7 0.2128824 297.41684 234.73035 655.2262 413.2199 7 0.2091174 0.63635254 301.44037 993.2938 878.2409 7 0.20280057 380.6087 641.45966 842.5236 741.5882 7 0.1653746 569.38184 598.3593 840.23145 734.9903 7 0.1359186 763.5165 460.88562 1023.5585 664.6228 7 0.07662711 441.53934 368.46252 978.2529 626.1868 7 0.05232063 254.96024 369.37656 624.1963 437.68942 9 0.08862183 297.028 236.06395 655.7431 412.90155 ,test/1651.jpg
0 0.2844963 3.5549011 371.51 326.45453 706.4363 1 0.99879766 339.24872 246.16098 829.3868 718.32446 1 0.7329051 1.6166382 371.68207 326.9911 705.78705 1 0.38859448 423.64294 238.7974 847.0769 489.1594 1 0.27870739 609.8219 217.59943 749.219 325.5252 1 0.116586745 416.48608 225.12706 761.5759 344.61844 1 0.102325834 327.71808 281.9884 394.02863 508.05634 1 0.09296405 619.90344 228.39641 713.9192 301.80197 1 0.0922019 598.05676 463.54852 819.93445 723.9958 1 0.062683806 0.0 335.3152 850.98706 958.1433 3 0.20126787 752.6625 247.12146 767.78784 340.1573 3 0.107784465 748.2799 247.63269 801.7947 340.69836 3 0.06595611 758.11194 244.22076 773.72205 351.8891 7 0.22162585 1.2696381 831.8706 109.91685 1019.5028 ,test/1652.jpg
0 0.15377338 142.39993 595.60547 318.7767 733.59265 1 0.9988158 158.56139 193.46605 425.76855 601.2373 1 0.44456846 113.760925 188.04504 693.77875 757.50946 1 0.3000003 158.41644 246.45268 224.75809 611.956 1 0.08483698 107.42885 244.12384 309.4676 738.73303 1 0.06992681 163.35294 242.14078 297.0215 586.8579 3 0.14042428 141.52527 600.36755 318.38342 733.6935 ,test/1653.jpg
0 0.85263556 579.17505 353.26904 668.95605 486.41058 0 0.7430473 617.6966 468.93896 686.5837 502.74658 0 0.250529 616.8496 449.12125 670.7428 483.65024 1 0.25853264 574.30743 353.1364 671.5568 484.38916 5 0.9974485 196.38481 324.79242 643.7559 652.70135 ,test/1654.jpg
0 0.28420812 492.38727 560.4581 791.2607 719.7726 0 0.1554585 582.71375 558.44415 766.786 682.49274 0 0.13869636 351.82928 570.1936 834.018 761.80444 0 0.09898898 634.3321 657.7046 782.1779 716.0216 0 0.093397886 701.2382 361.06696 797.45294 398.80548 0 0.06686924 498.3082 667.21277 602.55994 710.8523 1 0.98060215 144.33453 144.06973 862.3626 887.046 1 0.9505688 341.99622 569.4557 839.6798 887.5989 1 0.27606323 623.8397 342.24152 893.95337 571.51294 1 0.26464617 306.3803 170.14662 892.5224 584.0163 1 0.13973595 433.74255 568.6677 825.34814 730.29614 5 0.06078523 568.7744 556.754 767.6476 689.2074 6 0.082422055 507.48444 580.0857 827.7056 704.76575 7 0.8170896 587.2929 559.34955 766.4952 680.4677 7 0.27245015 492.38727 560.4581 791.2607 719.7726 7 0.11275197 351.82928 570.1936 834.018 761.80444 ,test/1655.jpg
0 0.7662215 215.96445 0.0 394.90482 105.74504 1 0.996554 421.88297 4.382553 827.45496 256.2755 1 0.2708041 743.3884 91.678154 1016.6056 279.16553 1 0.2360948 216.20905 0.14380646 394.93164 104.97884 1 0.104080744 498.32474 653.72266 595.7201 752.81824 1 0.08831124 858.3611 81.90114 1013.85583 428.36536 1 0.081813976 720.02155 143.88889 828.9278 263.49588 1 0.055241883 849.5834 86.00238 1023.54663 242.06732 2 0.24373639 497.40494 653.62134 595.25073 743.61536 2 0.10869686 609.3915 673.3642 707.7628 766.20844 4 0.6304414 339.80746 800.1185 440.69394 913.63293 4 0.6137094 463.50067 171.40756 731.3449 705.6272 4 0.5792192 705.2143 677.1888 779.04034 767.6518 4 0.28924257 325.14008 685.83185 386.68854 738.8663 4 0.1733682 459.7257 525.55096 592.1345 717.96515 4 0.09891159 285.09564 530.0111 382.86078 699.52966 4 0.08832649 497.19284 631.70233 595.5345 774.21405 4 0.08456831 564.6077 472.03583 610.1817 525.82965 4 0.07452281 294.1333 397.00256 509.15668 736.9386 4 0.05562379 686.5518 621.4418 763.2249 691.1133 5 0.8134665 609.7632 672.9761 708.2434 769.0205 5 0.5094968 294.00836 391.89874 506.79254 785.06195 5 0.46722308 333.58936 777.7007 440.28162 913.87976 5 0.42158115 708.5844 677.40533 777.8553 766.9465 5 0.33638793 376.59985 671.06757 474.33478 777.7541 5 0.31422856 498.9882 649.6379 595.5484 764.8471 5 0.29471597 460.43933 522.1624 591.83997 725.83746 5 0.28817055 463.40552 180.04968 739.6747 715.2294 5 0.26935378 294.43378 676.0129 732.0262 818.1678 5 0.23482005 372.99023 672.9646 597.8179 813.782 5 0.18358079 477.67633 665.97327 811.86505 809.2838 5 0.15615784 686.5518 621.4418 763.2249 691.1133 5 0.15158087 867.82 119.718155 967.4356 199.79094 5 0.15101261 483.7182 610.1486 591.7249 735.2127 5 0.14677112 285.09564 530.0111 382.86078 699.52966 5 0.14378989 691.43585 660.551 801.78595 776.2269 5 0.12245289 394.53842 542.4916 604.8148 824.80994 5 0.10668155 204.31747 157.69968 677.594 855.3862 5 0.10175811 263.74017 432.43533 690.9307 833.1089 5 0.08928497 324.8194 721.6256 540.0356 821.8876 5 0.08223111 339.82803 321.26962 907.08386 836.5718 5 0.08174295 255.74005 157.64136 494.67578 493.09387 5 0.0726153 547.79114 673.7217 708.9647 812.1598 5 0.064307876 687.9032 454.7996 803.5409 742.9015 5 0.0629184 321.59424 667.9281 467.82166 823.67065 5 0.05825939 865.95746 118.663925 933.28595 177.4109 5 0.05738824 879.87054 137.89732 932.43585 168.76118 7 0.9917157 868.59595 184.53699 1022.9491 812.39856 7 0.92133564 168.62439 163.96405 1024.0 844.6518 7 0.7951648 184.61115 163.9661 560.49634 833.2604 7 0.76230246 660.10406 185.78415 1020.5987 787.2529 7 0.46840516 863.8762 186.36818 1020.5536 477.5332 7 0.40005243 462.99658 199.3598 886.3839 807.3354 7 0.17195708 869.6379 118.517914 967.36066 200.60803 7 0.09248261 296.91107 423.3006 934.04974 848.2161 7 0.078517385 459.7257 525.55096 592.1345 717.96515 7 0.077068634 902.16895 518.3519 1023.1738 802.7577 7 0.07482079 240.76048 360.49866 507.44452 813.08203 7 0.06351328 470.12994 161.69965 635.5671 732.4238 7 0.06210858 248.70972 161.77863 503.08453 626.3758 7 0.06074548 509.07877 715.75586 599.20404 809.6301 7 0.052394293 521.74976 721.714 595.254 773.1284 ,test/1656.jpg
0 0.9908443 825.8781 300.13196 1023.70856 441.26007 0 0.2691417 612.39746 563.6697 869.1405 627.7877 0 0.2427595 401.4794 219.5192 560.802 397.4708 0 0.14956526 391.10046 229.83437 793.9553 564.5827 0 0.0993025 0.0 600.06976 87.84534 668.8903 0 0.09058095 401.70154 219.62793 634.90796 477.11523 0 0.085712686 618.5293 301.53296 1024.0 658.79456 0 0.08402376 692.3062 493.99573 872.6607 585.99304 0 0.064111196 782.4137 297.03168 1018.14026 583.70935 0 0.059525024 410.17896 328.42468 873.6472 648.7198 0 0.057768103 717.1196 531.5501 881.6229 585.58905 0 0.05607575 310.2486 140.04843 686.16956 545.10486 0 0.055719275 617.9122 180.46826 829.6307 371.48468 1 0.9767064 663.60974 0.0 1015.72705 330.0094 1 0.85610884 0.0 599.62427 88.02738 668.8528 1 0.5505934 530.1192 155.68835 676.75885 362.21167 1 0.27819842 617.9122 180.46826 829.6307 371.48468 1 0.22911373 401.70154 219.62793 634.90796 477.11523 1 0.17320903 391.10046 229.83437 793.9553 564.5827 1 0.16387488 495.5824 138.1407 887.6449 626.55676 1 0.15115279 310.2486 140.04843 686.16956 545.10486 1 0.1014135 375.53076 170.5722 689.0322 403.45477 1 0.06382218 401.4794 219.5192 560.802 397.4708 2 0.24153426 531.4101 159.25327 672.94244 357.29648 2 0.08731038 400.48682 221.94391 583.3266 405.12073 3 0.06301992 401.50226 219.84018 565.6642 398.0012 5 0.99632347 74.20351 523.13 336.36157 952.01685 5 0.759823 156.59813 310.58063 574.2297 589.9203 5 0.74016577 198.14514 309.15637 1011.0027 665.20245 5 0.7299698 280.07816 363.3064 1024.0 1019.19507 5 0.7054165 621.8076 191.12592 825.58167 374.35504 5 0.6617263 280.9729 370.8894 650.2829 642.7819 5 0.41799784 605.51025 469.7221 1024.0 735.4759 5 0.35525423 354.91278 345.79208 812.4891 657.3678 5 0.33470574 455.35223 363.1311 1014.5954 763.1669 5 0.27048132 321.84503 173.61693 874.3897 633.4336 5 0.24824512 522.6238 363.44067 893.36597 627.8806 5 0.17639275 333.6481 530.40674 1024.0 744.44604 5 0.15271886 525.5871 177.37231 856.2054 403.6786 5 0.14313635 618.5293 301.53296 1024.0 658.79456 5 0.14167851 651.7652 417.47723 1024.0 592.0088 5 0.112073995 94.2198 717.68994 340.20685 951.5165 5 0.10398893 201.5429 197.91379 648.55676 549.9812 5 0.09739213 67.47958 326.6009 432.5559 969.7507 5 0.091455095 531.4101 159.25327 672.94244 357.29648 5 0.079370484 7.0496826 863.0705 550.7028 1022.0286 5 0.077004276 687.70404 318.99756 909.98834 591.9134 5 0.0595842 108.21726 803.0276 246.00949 933.9313 6 0.056139577 473.01202 364.21838 612.6158 477.17993 7 0.11711846 719.43274 527.87805 880.1372 586.1581 7 0.06503967 403.0037 218.64487 564.62726 398.03024 7 0.05596695 292.5227 353.4914 890.84705 639.3058 ,test/1657.jpg
0 0.71204746 277.99194 312.7426 698.2132 546.7588 1 0.5009562 278.273 312.36108 698.44586 546.3094 ,test/1658.jpg
0 0.2857937 588.2531 16.206291 665.9798 156.01962 0 0.05837455 278.17816 614.64545 348.56793 727.9786 1 0.7269712 588.1681 16.140938 665.92737 156.03055 3 0.9612661 370.64532 193.46213 642.32184 819.6294 5 0.36417842 367.07944 194.40424 642.9258 817.83826 ,test/1659.jpg
0 0.59665614 176.70203 187.54057 433.94702 426.8534 1 0.56481075 175.95978 188.44983 435.22644 425.92987 2 0.22502333 176.20169 187.28093 434.05002 427.79553 5 0.9980742 544.61523 451.5036 810.61316 604.8453 5 0.34790424 251.71448 51.398605 403.25214 212.47868 5 0.073647775 176.47151 184.5588 433.0946 428.1766 7 0.17027774 788.18835 294.79376 1018.76733 405.96295 ,test/1660.jpg
0 0.05259849 76.446686 522.6819 779.50964 794.7495 4 0.19058794 75.48038 522.15186 777.7185 794.5453 5 0.9447337 73.29932 522.0009 789.8943 795.30133 5 0.18958427 38.12323 55.002106 1009.139 784.4071 5 0.17092803 460.66165 260.57794 933.4778 581.2289 7 0.113373704 79.61331 519.83466 782.4601 795.76556 ,test/1661.jpg
0 0.12547207 304.1778 385.2304 648.9597 644.0518 1 0.89600676 302.2 385.06503 648.2648 644.39966 2 0.15227777 303.8527 384.26645 647.2284 644.25073 ,test/1662.jpg
1 0.17911075 703.01447 385.46893 752.3487 471.2603 1 0.16872194 647.1783 288.18002 755.8121 476.61227 1 0.13232212 659.2532 274.4129 736.02563 327.82526 1 0.12562156 562.4237 296.93112 772.0963 397.7139 1 0.09365209 649.25574 236.40201 785.35974 405.2357 2 0.1276423 703.47986 385.24426 753.1305 472.2525 2 0.08230904 681.2484 363.48495 772.27576 403.22842 5 0.71288985 718.6467 372.94815 825.1139 609.74347 5 0.37618393 703.47986 385.24426 753.1305 472.2525 5 0.14092086 729.8374 510.72995 815.1129 580.9949 5 0.10205321 161.11948 0.84399414 274.95987 338.55133 5 0.0860767 756.4939 536.07874 850.2971 665.92236 5 0.081147 361.1998 274.5047 410.618 317.1828 5 0.07485379 658.11975 310.61685 788.5188 406.68094 5 0.0545691 731.3141 571.7616 760.93604 625.81177 5 0.052279327 326.8792 313.7845 449.06903 469.2624 7 0.9978835 423.1239 201.72107 568.4553 396.84302 7 0.99506515 458.68536 307.47433 815.2424 918.16907 7 0.98293185 555.5452 88.29524 794.918 417.5121 7 0.97950727 313.5652 275.81946 412.86316 455.45984 7 0.961626 96.58364 300.87924 346.16287 893.1703 7 0.8452795 161.29758 0.14303589 280.43124 340.95523 7 0.5559831 160.6101 308.66772 507.909 958.9447 7 0.53834754 308.9279 273.57974 409.72885 369.96213 7 0.5040491 716.8883 367.0627 837.5248 659.2506 7 0.47059283 554.3699 68.79147 841.1736 658.49536 7 0.22798713 635.9401 239.8791 685.21295 320.70154 7 0.1577621 619.7524 267.75784 835.05743 641.776 7 0.11588391 508.01633 199.72281 564.14233 268.91214 7 0.0931409 313.47867 302.44406 367.4996 465.01047 7 0.07990386 326.8792 313.7845 449.06903 469.2624 7 0.06676901 565.77795 252.98575 607.6925 337.18826 ,test/1663.jpg
0 0.9933782 112.996735 333.79437 803.1813 818.1169 1 0.09040328 110.89395 330.2574 803.91125 824.4893 ,test/1664.jpg
0 0.055901233 346.31323 188.9641 400.79034 238.47685 1 0.41378134 337.38077 223.64392 682.58704 415.70776 1 0.36452678 659.1827 361.08444 699.35504 425.79904 1 0.24238375 349.69638 248.90134 471.61404 343.10776 1 0.15121989 347.26556 304.67987 431.10114 354.87207 1 0.10344331 348.15344 223.97388 519.47186 365.74445 1 0.08919303 346.09436 188.94037 400.6267 240.06256 2 0.49804583 662.0828 362.10107 698.7193 426.12665 3 0.051827203 662.02423 362.03275 698.7723 426.62198 5 0.6445956 346.37134 188.87996 401.07288 238.24312 5 0.22776541 662.2988 362.47052 698.4973 426.34448 5 0.1130193 362.55533 0.0 380.7186 33.073475 5 0.053363316 432.69452 409.25745 494.5127 441.0382 7 0.99891925 470.88623 462.1681 682.20874 661.8811 7 0.9942023 393.51318 400.1202 530.99817 553.87573 7 0.98979586 503.17798 352.6064 731.00916 573.1349 7 0.85532355 360.68036 341.75095 482.87366 470.22385 7 0.54822266 340.06934 224.77417 679.42365 418.4425 7 0.2524903 357.84222 319.7152 534.7389 546.06256 7 0.16081597 475.71823 469.44345 625.0043 561.907 7 0.15859498 507.69263 351.66336 700.9072 481.58823 7 0.14007391 657.04456 358.84906 698.96387 427.83356 7 0.08748883 414.91797 269.84268 652.86206 406.5839 ,test/1665.jpg
0 0.495626 769.5061 39.541412 921.5077 186.26727 0 0.12739152 482.0858 393.3798 590.1223 520.73883 0 0.052222446 863.74097 39.6801 924.5967 131.07626 3 0.35372317 769.55707 39.519775 921.237 186.41464 5 0.9982792 282.35593 314.14575 763.6366 963.4995 5 0.2186608 269.08084 711.1058 717.5276 960.19293 5 0.12259794 456.5288 503.90897 568.91785 621.35425 5 0.08741764 389.42935 317.99127 739.68274 710.30975 7 0.6523507 769.24164 38.033638 921.0705 186.83716 7 0.57097405 864.21326 40.76354 922.2472 131.50381 7 0.06911467 675.91125 917.98663 820.2472 999.27704 ,test/1666.jpg
0 0.23252955 33.87909 0.0 1024.0 284.54068 1 0.081312016 223.03522 707.5831 897.721 1024.0 1 0.06402632 2.1837807 807.9397 85.29692 882.8395 1 0.06366304 24.263107 477.2046 485.27643 997.95996 3 0.9999256 359.237 451.32013 693.02386 806.30524 7 0.09934092 18.80716 0.0 1024.0 275.20923 7 0.09790216 12.075058 0.0 375.34552 238.38892 9 0.50012964 65.27243 0.0 1024.0 294.11047 9 0.06589748 676.3095 126.31146 1024.0 494.73517 ,test/1667.jpg
0 0.40533295 272.52655 739.12274 435.5216 778.79474 0 0.2607605 223.66771 738.6059 443.60803 826.01556 0 0.2154566 202.44783 781.3946 450.58777 821.50824 0 0.13566919 101.85974 786.03394 428.06403 879.1992 0 0.09338565 215.0763 221.05933 722.0919 734.44806 0 0.05380695 106.907524 792.3338 276.392 878.6806 3 0.8414582 214.10092 223.89664 724.83435 728.8624 5 0.051097296 214.46387 223.58698 724.4667 729.48083 7 0.47780606 214.3807 224.09317 723.7528 728.99 ,test/1668.jpg
0 0.93213105 517.1128 426.68378 732.2665 810.94904 0 0.68084794 305.386 240.68436 702.4158 752.93384 0 0.66305965 569.5372 456.50275 698.2889 714.29694 0 0.5850312 355.80753 301.5316 423.39725 323.18753 0 0.35259268 427.01947 731.2735 543.9326 820.09674 0 0.2859459 268.1362 296.3939 444.93332 733.3374 0 0.24834377 284.75513 724.3386 482.60925 821.05566 0 0.20069823 1.5737095 317.67407 48.36769 608.187 0 0.18492831 943.5527 120.3635 1024.0 246.89468 0 0.1427923 967.40045 31.832054 1022.441 132.38187 0 0.12590684 618.313 321.49707 692.34424 479.84607 0 0.08196537 691.822 85.23639 980.2803 437.31927 0 0.07963569 843.72144 0.8553009 1024.0 255.83214 0 0.07787945 728.319 690.4913 767.66943 801.7004 0 0.0765705 26.533936 287.84628 958.6135 841.8169 0 0.07271045 3.905136 861.7304 347.51477 1019.7155 0 0.06935758 859.5042 20.86631 905.30145 93.30059 0 0.059938062 571.78314 577.73395 678.5236 715.6286 0 0.054144066 676.09515 406.88263 713.1491 661.49164 0 0.051083148 576.63385 195.2677 730.52423 787.0723 0 0.050947614 665.96814 378.98636 756.0707 814.2733 0 0.050841726 484.8103 231.24995 712.74524 501.62463 1 0.9814803 709.6501 352.09326 844.88495 623.2713 1 0.9426107 742.78455 699.9935 900.9358 815.93335 1 0.8837598 113.0936 23.62387 998.4794 384.78983 1 0.8744649 831.09204 196.17337 982.93945 763.5902 1 0.8573922 2.1045837 352.9723 314.41672 839.0121 1 0.8479596 690.60785 84.563 980.0938 437.68085 1 0.8304999 284.61224 723.6565 481.87695 820.5563 1 0.74498034 9.684235 875.9279 1024.0 1008.9637 1 0.7371283 2.2007751 870.1628 339.48535 1019.1972 1 0.7325274 696.2766 54.97586 999.8341 767.6732 1 0.70199096 0.0 295.59763 1024.0 1016.4757 1 0.65492773 17.433044 679.3616 1024.0 994.2529 1 0.6352389 1.9650593 316.52652 50.733276 609.88513 1 0.51075035 5.9718018 84.336945 148.93274 616.8303 1 0.47685212 934.72 204.30234 1018.02576 801.1655 1 0.45830536 275.48672 74.250854 1022.027 775.53656 1 0.42546985 834.2185 5.0643387 998.78174 94.278564 1 0.39858338 3.1470795 166.6048 497.20306 867.15375 1 0.38448095 966.9709 32.86952 1022.3022 131.86978 1 0.3502486 281.49054 240.162 633.12537 734.5901 1 0.2817964 0.0 3.574524 361.51907 249.39165 1 0.2444727 743.9262 1.5813637 1010.5975 125.36879 1 0.21602745 721.0979 347.87982 869.416 804.0745 1 0.17631906 615.5846 316.87347 692.22217 481.4096 1 0.1705768 911.6816 185.1073 990.66425 824.83514 1 0.16253638 419.239 0.0 585.9522 42.68482 1 0.15140061 125.52459 69.1962 340.2152 326.48608 1 0.1414778 738.9004 4.0929623 853.65344 32.18923 1 0.13151994 417.2316 731.81805 545.6265 820.24396 1 0.12872556 443.6063 316.0582 1007.7357 889.1122 1 0.12731421 515.48254 366.7939 736.245 812.31006 1 0.11675477 721.731 544.2566 915.5102 812.0519 1 0.10900311 366.59607 226.80063 806.8484 838.59155 1 0.10231268 843.72144 0.8553009 1024.0 255.83214 1 0.100367054 361.43106 4.784874 882.3419 53.659634 1 0.09710017 263.17212 330.9892 444.914 728.4991 1 0.09335525 857.3584 22.20935 1022.9817 135.91699 1 0.06895341 280.51654 673.4892 550.6062 823.1801 1 0.05424225 259.1069 82.802734 889.7732 484.96405 1 0.052328434 988.58026 243.31158 1021.7159 360.1496 5 0.055263568 264.22858 349.776 406.3717 706.161 7 0.7944754 943.28326 121.58247 1024.0 246.75755 7 0.6133084 953.0045 53.269287 1022.3711 321.9653 7 0.4345818 967.5133 29.97371 1022.4496 132.56754 7 0.21169445 724.9275 553.5487 836.5337 796.8673 7 0.1025552 500.33493 443.46603 741.9725 812.25134 7 0.08058813 671.7319 400.13354 737.18756 757.8567 7 0.06577023 667.51227 452.29767 707.1774 634.123 7 0.058876593 962.7111 106.05527 1002.1652 137.83908 9 0.26787877 312.81696 241.31564 622.24817 731.77136 9 0.22161102 568.2225 453.90314 699.7143 715.87946 ,test/1669.jpg
0 0.7302195 325.83597 205.89224 664.95874 717.1438 1 0.25811827 324.0249 206.86972 665.2189 717.8938 2 0.23507981 325.90887 203.86298 664.39404 718.77905 7 0.16982697 325.91998 207.23425 665.4828 716.12885 ,test/1670.jpg
3 0.9642187 123.40912 378.3938 406.25555 822.3187 3 0.078113236 577.29224 477.2995 706.53503 581.5014 4 0.34812802 576.79944 412.5386 675.64844 580.0953 4 0.20830294 585.30707 478.92798 706.7493 580.9359 4 0.16129838 551.96967 344.9644 640.08453 457.84293 4 0.08840652 589.0043 403.41754 668.2355 511.65936 4 0.07665576 440.45367 338.24713 644.0527 471.6709 4 0.05643409 508.78162 339.47968 653.9342 425.4967 5 0.7322516 454.74524 241.66338 667.8855 349.80908 5 0.39242163 439.3389 182.06772 713.56714 377.2706 5 0.35731032 500.86133 450.91925 604.87695 599.163 5 0.35014042 577.29224 477.2995 706.53503 581.5014 5 0.29706794 442.14822 296.5845 695.0774 588.7007 5 0.27594692 427.25385 337.77954 605.4349 477.8894 5 0.25581595 666.2226 154.21953 775.74396 336.07794 5 0.22242399 577.95233 411.45892 672.7098 572.6143 5 0.18130496 618.0884 261.0941 726.7594 426.9116 5 0.14880343 576.33624 202.73465 683.17523 256.9443 5 0.12936737 479.6938 153.83295 736.69684 479.85663 5 0.107822426 124.018326 379.9003 404.64453 823.3391 5 0.09682903 564.0212 154.59262 688.0903 284.9761 5 0.09653178 496.28613 431.37787 683.255 562.13885 5 0.09242638 416.58057 306.2886 515.7082 482.12003 5 0.08909353 410.89594 315.5413 598.86285 404.88388 5 0.08857347 394.22052 189.95262 598.60974 615.0964 5 0.08543269 540.2544 340.9049 634.4652 484.21436 5 0.07938227 597.6595 189.33963 629.512 241.47974 5 0.06885659 595.2166 407.85226 665.0435 507.47177 5 0.056430824 425.65945 369.77423 482.954 462.18317 5 0.053273097 449.95502 370.91547 593.88116 576.5952 5 0.052831143 508.78162 339.47968 653.9342 425.4967 7 0.9990689 334.282 42.042175 850.54895 1024.0 7 0.05742548 124.018326 379.9003 404.64453 823.3391 ,test/1671.jpg
0 0.19665436 190.11324 407.04132 287.5241 693.4891 0 0.17657758 818.8319 881.8377 929.1155 1022.75995 0 0.1195016 208.14749 414.83862 803.0576 729.8248 0 0.06401065 1.5756989 311.80533 117.480774 479.55838 1 0.94595534 819.3161 881.04266 929.16034 1022.9892 1 0.08073312 268.7858 412.83698 805.949 730.3107 2 0.06283561 265.12106 414.17868 809.17456 730.9503 3 0.86201864 265.7917 413.6828 807.0732 732.1257 3 0.08597565 189.74117 406.46375 287.60913 693.9618 4 0.13561633 189.99858 406.9734 288.56985 693.1693 5 0.7116542 189.51431 406.29108 287.05893 690.62823 5 0.15081397 208.14749 414.83862 803.0576 729.8248 7 0.6308548 249.11404 923.03723 303.3835 1021.71533 9 0.20263897 268.63205 414.98038 795.6405 737.1011 ,test/1672.jpg
0 0.9110563 504.82587 47.708965 664.7824 172.44846 0 0.10902102 157.49332 660.63416 383.39133 898.943 3 0.9998876 418.97733 364.4306 627.36096 653.0246 5 0.054123983 507.86963 47.440662 664.24207 172.53694 ,test/1673.jpg
0 0.9999198 376.4294 376.59985 680.577 665.0554 ,test/1674.jpg
0 0.06274865 121.30203 177.58572 785.77844 742.7418 1 0.31574777 121.931244 177.81711 787.6067 741.2224 2 0.97980714 121.856445 176.08173 790.07465 740.57806 ,test/1675.jpg
0 0.43222868 572.6947 719.93713 654.68005 809.5242 0 0.39267012 157.64914 675.07086 190.85129 732.5555 0 0.38037425 655.1998 702.3869 799.6355 796.9262 0 0.25511512 785.1658 803.64386 815.5962 845.2553 0 0.21180564 678.03015 657.4092 720.54175 717.66077 0 0.17935058 980.06256 479.01947 1016.1884 493.9245 0 0.14659949 739.8115 873.14825 811.6942 929.56647 0 0.14005235 699.24774 10.370785 740.1047 78.75488 0 0.113106064 549.01196 788.7723 653.8198 900.97797 0 0.11108211 162.4874 697.9599 193.01288 733.2856 0 0.0789071 729.9856 791.2246 817.2495 883.176 0 0.07374409 739.8536 874.173 806.05096 904.1355 0 0.068961315 798.1571 746.13544 976.8811 889.81 0 0.06446686 773.8974 796.6965 816.7094 878.6457 0 0.0531167 624.4185 2.4043388 739.43805 71.65587 1 0.96150213 544.21265 909.8113 643.36646 1024.0 1 0.9450375 646.05084 847.74286 712.5151 949.2386 1 0.89633304 548.81525 787.53973 653.215 901.7314 1 0.85413015 729.4098 791.55255 817.0969 881.6053 1 0.50973856 572.0548 720.1642 654.65894 808.4955 1 0.3973942 625.44385 1.4933662 737.7611 69.37877 1 0.3127999 966.25085 984.99567 1021.18286 1024.0 1 0.15952079 543.0376 682.13916 657.67224 922.0707 1 0.11334056 739.8115 873.14825 811.6942 929.56647 1 0.094811715 458.14993 819.73303 551.9703 929.11633 1 0.08191741 556.141 817.1976 714.5913 953.27765 1 0.070102006 800.05554 743.2315 976.78 890.5717 1 0.068706855 498.02054 857.68304 550.7856 928.4432 1 0.06822983 766.1139 816.9348 816.4612 878.927 1 0.054984827 540.9096 707.3692 609.3864 813.06024 1 0.051832434 81.05921 106.0506 294.21643 412.3399 2 0.956185 497.89346 857.7187 550.7664 928.30927 2 0.12914513 572.5534 720.32446 654.5795 808.5315 2 0.0737738 457.197 820.4307 552.1924 928.6806 3 0.3215176 675.2198 648.5862 782.877 718.6538 3 0.054950625 683.59125 658.2948 720.70184 717.15234 5 0.99365014 460.35214 822.114 513.3298 903.4895 5 0.59980655 456.79413 820.575 552.7037 928.79364 5 0.44846308 64.93257 752.2153 137.73537 837.31757 5 0.15378973 771.8309 840.7621 815.7652 877.6039 5 0.13863896 362.07428 214.82858 388.674 261.5452 5 0.12906818 966.38165 984.8124 1021.288 1024.0 5 0.09592405 784.98303 803.3759 815.7162 845.4039 5 0.09211618 498.78656 858.34644 550.8233 929.0709 5 0.07827296 81.05921 106.0506 294.21643 412.3399 5 0.052573383 655.5095 698.43964 801.4015 814.2774 6 0.4067303 799.551 745.39777 977.17725 890.278 7 0.9998764 142.09969 185.34842 430.7718 797.8585 7 0.99929893 614.0742 292.05627 923.7313 702.1427 7 0.9979977 352.3473 182.09155 516.8951 506.76953 7 0.99698085 386.016 399.97546 671.11755 861.8861 7 0.90357363 658.55316 697.37366 801.1114 816.5559 7 0.87244135 909.7033 397.58853 1023.9018 794.1981 7 0.3753162 927.1982 798.8037 976.53864 870.61035 7 0.32009748 157.64914 675.07086 190.85129 732.5555 7 0.16329695 674.12225 756.18854 781.7519 814.91583 7 0.12649256 572.34753 719.85315 654.7394 809.4562 7 0.1013484 928.55743 802.39886 975.03156 836.99677 7 0.074399196 550.5292 787.9685 653.10474 900.73413 7 0.06751174 376.1045 181.95132 516.7342 334.3879 7 0.06288527 785.3008 804.5164 815.578 845.6148 7 0.050716657 770.5222 377.60675 1024.0 796.72394 7 0.050647344 298.8543 165.04747 454.5199 523.8708 7 0.05008769 728.6169 791.28174 785.29913 816.16626 ,test/1676.jpg
0 0.53985226 219.64474 33.727234 777.2333 931.8081 0 0.3421475 460.6894 240.40628 760.2509 911.79236 0 0.16772693 238.95177 65.85675 622.5411 717.2351 0 0.09955228 240.90506 51.529602 422.6888 709.3232 0 0.06304477 257.5746 270.851 499.33154 707.4303 3 0.4310471 231.92294 57.05658 767.26245 936.98926 4 0.119819224 427.5171 141.17166 775.08044 908.33276 5 0.49725097 437.84894 158.89194 769.4694 905.65405 5 0.14687401 219.64474 33.727234 777.2333 931.8081 5 0.085097484 234.85474 51.941345 424.2887 709.6253 ,test/1677.jpg
0 0.82671493 639.33105 4.9592285 1024.0 531.1095 1 0.992297 520.68 151.84935 576.02045 211.06969 1 0.075670935 647.10474 8.608734 1024.0 548.0979 7 0.9986327 226.84111 115.12573 614.6744 987.692 7 0.29181877 375.49258 113.30418 539.89874 191.57239 ,test/1678.jpg
0 0.9409343 293.7102 296.85358 614.61096 588.2785 0 0.06502831 36.244476 604.5412 104.21774 640.06573 6 0.12140333 293.3049 295.85138 614.1786 587.765 7 0.13910589 36.45551 604.99744 103.891846 640.2344 ,test/1679.jpg
0 0.31207693 365.42322 347.22864 630.95154 676.033 5 0.9791079 365.25836 347.4489 629.8511 676.6136 ,test/1680.jpg
0 0.08060415 422.57278 459.56326 545.6346 567.96606 0 0.073829435 377.31613 513.32434 531.14417 688.2117 0 0.06948328 439.9742 457.77515 544.1158 524.23395 0 0.05637818 96.35123 258.95905 769.9054 863.6734 1 0.80120903 73.56204 103.15408 825.297 975.69946 1 0.53100353 162.55304 1.1380434 267.95 14.643835 1 0.16116671 77.786865 648.21277 800.54846 962.6947 1 0.077061 422.57278 459.56326 545.6346 567.96606 1 0.07065908 375.93677 508.8645 528.6963 687.9363 2 0.89455444 439.62613 457.34723 544.9264 523.97034 2 0.18863487 422.46255 460.3472 545.4944 571.9464 4 0.9926596 618.1968 282.2249 760.5419 767.01385 4 0.99102026 510.01297 496.84283 635.94165 798.7034 4 0.9695693 379.74115 631.0642 525.9877 791.47925 4 0.9558809 177.7919 138.0491 714.6737 361.31897 4 0.9536186 269.21027 626.4832 406.76794 798.19257 4 0.94950616 179.1938 299.35657 466.36914 478.49237 4 0.90340716 330.53748 455.40045 434.65057 634.26666 4 0.8194391 135.60529 663.0263 296.7591 817.3084 4 0.784352 440.53116 347.6178 592.9623 482.41614 4 0.77523464 171.0678 428.3595 387.62573 678.1102 4 0.76408005 580.5012 357.94043 685.5038 519.8795 4 0.7300025 376.00964 507.48956 529.1566 688.9388 4 0.49827775 266.64774 416.859 423.9949 626.91223 4 0.417713 434.31882 352.28873 675.652 526.45953 4 0.37789074 133.86702 137.34283 568.72766 254.48251 4 0.3612747 189.82767 475.99588 236.3959 540.23596 4 0.35803235 348.75464 617.9231 638.4587 799.0574 4 0.3008586 232.35199 625.0665 380.2373 728.8888 4 0.25282302 260.72607 701.2032 386.8844 798.9484 4 0.2525555 147.43976 288.45334 450.23468 808.0183 4 0.24000591 170.67145 531.3762 347.33154 672.48987 4 0.21772486 104.17238 177.76761 178.51433 253.73523 4 0.21746938 399.84213 375.18936 464.33865 470.77475 4 0.21463814 218.92163 128.75587 483.89746 449.1891 4 0.15821984 527.18756 451.49048 653.82587 526.3802 4 0.15473425 119.56549 148.44864 750.97455 826.42236 4 0.14688267 237.28436 611.68396 325.4568 714.673 4 0.12979974 106.63546 176.69666 279.83405 268.80847 4 0.12685804 494.16873 359.6028 593.616 528.11176 4 0.12485566 233.25055 260.6956 438.94775 333.82516 4 0.11939415 513.986 0.0 760.74457 534.06445 4 0.11318591 216.05554 402.16187 410.0044 486.4065 4 0.11037054 525.06006 390.37756 641.2041 534.8226 4 0.10011465 186.3204 331.07547 228.46237 480.3284 4 0.09042479 294.1043 419.69098 357.1435 474.44 4 0.08893672 230.9464 608.65094 335.48608 668.63055 4 0.06828849 185.46042 708.46747 363.61307 813.48785 4 0.06565547 206.57419 264.2584 719.72815 426.06345 4 0.06479278 309.2377 450.21298 526.4691 662.51184 4 0.06392584 559.2053 106.08528 751.853 372.9773 4 0.055038113 321.8657 509.79642 730.52466 793.12866 4 0.05297139 111.22203 157.29358 479.1446 303.08344 4 0.052859727 632.87604 352.14026 684.61237 461.2473 5 0.9090678 13.075928 0.21642303 585.9097 183.35376 5 0.88370496 537.9698 0.0 764.16986 169.40903 5 0.40357888 477.74878 0.0 591.0454 138.19281 5 0.0961722 103.693146 177.13913 185.91193 252.09637 5 0.08667628 113.993835 58.36151 735.9485 392.49203 5 0.0670753 0.0 0.29642487 235.00967 190.64636 5 0.06293229 355.25452 5.0036163 568.5759 153.38333 7 0.37346923 0.0 0.8711777 215.8865 189.87732 7 0.22817627 10.05368 0.0 590.29175 179.97702 7 0.21510288 516.6048 7.5491486 759.32733 211.94444 7 0.0640469 96.35123 258.95905 769.9054 863.6734 7 0.0557844 113.993835 58.36151 735.9485 392.49203 ,test/1681.jpg
0 0.48386165 408.98743 624.4152 949.8258 874.5903 0 0.23416245 449.48303 688.2072 864.0325 761.6739 0 0.106584504 484.9562 681.58923 818.6854 826.89685 0 0.073001176 429.58716 634.6277 917.7235 772.5581 0 0.050316606 527.14404 705.04346 904.0134 788.33093 1 0.2518088 398.15323 620.7059 947.8523 872.3377 2 0.38659966 406.72427 619.8158 941.8528 873.84985 4 0.99754673 337.78766 467.74054 889.5391 696.54376 4 0.19156595 397.52832 495.6623 942.35583 880.04047 4 0.12905042 361.91672 612.73303 913.33093 732.16064 5 0.9911187 98.2081 239.62791 541.85657 553.4564 5 0.23312329 976.0774 349.55304 1024.0 465.96973 5 0.21078153 400.20416 621.22095 944.7863 872.88635 5 0.06565824 103.84358 180.97943 231.76454 340.8166 6 0.05025949 408.10706 619.6977 943.29895 874.04034 7 0.19872786 406.12668 621.6727 949.3524 872.99756 ,test/1682.jpg
0 0.21376319 262.60626 147.86485 770.63043 564.43317 1 0.9116465 262.64917 146.99695 770.92566 567.14557 3 0.1109681 473.8949 585.4984 720.7932 953.34094 5 0.95643836 473.61255 592.2628 722.04614 953.4689 ,test/1683.jpg
0 0.6822246 347.91577 486.98633 634.14355 700.94336 1 0.23588894 348.57465 486.96417 634.25195 700.7393 2 0.65663385 347.75876 486.52823 634.67163 701.4203 7 0.098442025 860.29376 649.9154 895.1081 687.60254 ,test/1684.jpg
0 0.3025784 221.85336 84.48114 979.3036 960.0136 0 0.27663356 201.2378 32.425682 367.78766 178.99973 0 0.10590821 919.65765 327.58325 1022.7464 541.1578 1 0.129816 225.4538 84.256195 973.37054 959.64404 6 0.6301191 925.1773 327.3468 1022.3781 541.319 6 0.2236375 916.1104 428.58258 1024.0 540.8105 7 0.89508396 222.60086 90.523315 976.5172 962.38855 ,test/1685.jpg
0 0.0820361 517.3239 415.79907 563.36395 771.8651 4 0.091338456 376.1961 273.18936 692.30316 864.31726 5 0.9828242 376.67776 277.3066 692.5625 861.7302 ,test/1686.jpg
0 0.9414532 734.6216 212.5715 856.84814 781.69006 0 0.42495424 480.2002 283.01196 555.77637 634.8715 0 0.26537377 537.77893 223.17137 895.2407 615.89984 0 0.21899171 712.8449 211.79181 977.11444 800.96466 0 0.11601906 630.21423 638.58105 687.6083 684.6019 0 0.070310645 727.2579 228.95863 804.44684 606.3771 0 0.057346113 481.30682 282.80853 625.523 647.9974 1 0.723572 635.029 813.0941 731.2404 923.3573 1 0.1288039 268.49298 553.17645 448.10107 1016.9952 1 0.09618465 255.38397 553.8825 468.1573 793.7823 3 0.14908153 887.01227 837.18286 965.40753 1022.1033 4 0.33323395 215.15509 627.80206 437.39 1020.8785 4 0.32006094 212.93436 682.25024 314.39267 1015.3966 4 0.09655718 887.1793 837.648 964.77185 1022.24786 5 0.9239888 693.6947 604.03345 992.1183 782.4823 5 0.912799 449.78738 622.5037 694.1588 784.4036 5 0.82351273 266.51212 645.9395 437.0457 1014.15204 5 0.6783429 719.4788 603.8167 994.02386 1024.0 5 0.2695021 715.3436 206.95862 990.619 794.7037 5 0.24964674 486.63626 226.54828 967.5012 624.89557 5 0.23249617 241.68301 618.60785 1018.813 1024.0 5 0.14850864 439.02316 622.09814 694.8131 965.94666 5 0.10846757 886.1689 837.3182 964.9841 1022.216 5 0.07961931 738.1959 216.53 862.5061 756.4966 5 0.07939226 631.38367 642.7037 686.00757 683.2563 7 0.13682532 265.47455 603.934 437.4223 1017.27985 ,test/1687.jpg
0 0.082774214 809.0407 293.98996 921.54803 603.8303 5 0.99969554 173.96423 263.42365 882.01904 839.9805 5 0.5703168 807.3364 293.3852 921.4503 604.3425 ,test/1688.jpg
0 0.25806096 377.43716 0.060647964 591.9508 51.382492 2 0.9941936 385.6585 368.07654 589.72375 589.90424 2 0.60931003 381.74246 367.64108 518.511 437.50345 4 0.6965605 554.22156 956.35474 645.0868 1017.4874 5 0.07036349 381.4629 367.89832 515.53485 437.55823 ,test/1689.jpg
5 0.9997701 226.12833 285.73807 811.6907 556.35693 ,test/1690.jpg
1 0.999607 158.98694 450.80164 804.6834 706.81775 ,test/1691.jpg
0 0.30129737 243.71954 317.15002 811.00214 618.4549 1 0.6987403 242.13959 315.55597 810.2266 618.714 6 0.08105333 242.69751 315.2258 808.9386 619.4133 9 0.15031527 246.23727 318.26642 810.5648 621.69006 ,test/1692.jpg
0 0.36323434 263.6926 537.9519 359.49503 670.37036 0 0.20665413 790.8735 716.4735 855.3144 803.0127 0 0.07731372 839.446 245.91199 881.9122 348.5158 0 0.0699386 746.70886 243.41058 767.79785 295.66595 0 0.06615011 173.97456 622.72363 253.05186 678.87976 0 0.055937275 213.57574 484.2688 352.7646 663.19995 0 0.055241287 226.59314 218.44781 426.06348 462.68213 0 0.053775143 290.15994 497.81738 360.9224 550.72656 1 0.7901964 651.3075 392.54898 791.2378 533.0326 1 0.24253204 163.08879 453.5157 446.63458 672.86786 1 0.2292323 263.93848 412.65744 436.289 544.1788 1 0.1900466 513.3936 348.23685 541.04156 387.77383 1 0.15813063 226.59314 218.44781 426.06348 462.68213 1 0.12156424 213.57574 484.2688 352.7646 663.19995 1 0.10820223 164.34862 564.03937 213.39696 633.851 1 0.08553706 329.0484 458.21487 451.00824 556.4828 1 0.07104311 336.39578 544.19446 453.72092 670.0137 1 0.06774395 161.96286 558.84955 256.61096 679.53595 1 0.06473052 246.35774 366.2812 471.12347 659.6276 1 0.050774366 225.34851 444.2926 376.38458 549.8382 2 0.23352182 651.3606 392.30023 791.34753 533.7207 2 0.10919336 514.9101 348.27753 541.47894 388.08276 2 0.067087285 336.0655 545.59454 440.08722 654.0833 5 0.49461636 360.28723 618.51807 440.12134 727.9464 5 0.36118302 280.43375 540.378 359.62057 667.05597 5 0.29994708 257.75507 353.98303 411.01294 452.25702 5 0.18761554 294.37234 548.2499 441.1429 711.2272 5 0.18113069 336.39578 544.19446 453.72092 670.0137 5 0.13671376 402.89813 345.49225 474.8769 456.787 5 0.08496959 238.99483 228.24261 416.8542 458.40424 5 0.07372957 231.96976 658.76166 342.611 729.63654 5 0.07122361 288.98495 201.44049 312.5931 235.29599 5 0.05679632 325.3774 542.1715 420.3517 576.2345 5 0.052235622 839.446 245.91199 881.9122 348.5158 5 0.05217151 188.49286 465.12964 451.2702 738.7388 6 0.9995764 713.28204 117.942245 931.90497 341.79913 6 0.41902924 799.2877 116.44185 934.1223 279.94598 6 0.13792507 862.1177 149.89987 935.23694 281.83707 6 0.08546329 161.22424 449.98727 360.0844 664.88855 7 0.99962926 840.3236 251.19775 997.7672 451.54846 7 0.9786259 975.37134 377.84766 1024.0 475.71118 7 0.97437865 496.54364 354.8659 626.2669 582.65466 7 0.97357994 152.56046 274.62308 590.03 972.9116 7 0.9165023 790.93445 717.3214 855.5148 801.542 7 0.8268647 453.88953 333.71817 532.2743 554.73517 7 0.76666147 136.11111 159.61801 462.7972 596.5104 7 0.3564547 226.59314 218.44781 426.06348 462.68213 7 0.30638823 138.69128 182.3537 296.97897 576.8685 7 0.23503077 405.50836 379.53235 583.1512 839.839 7 0.21976 167.46521 466.2083 465.13867 998.8194 7 0.18403362 234.67064 282.42603 471.43896 538.2098 7 0.17647849 838.97345 246.11746 882.02924 349.31088 7 0.17179061 163.08879 453.5157 446.63458 672.86786 7 0.13635568 375.52615 337.16476 480.01297 469.87497 7 0.084379904 280.9854 547.03766 443.47137 687.7072 7 0.079558045 265.22388 406.53217 313.42578 493.66675 7 0.07572056 137.67432 254.56133 240.44702 556.29285 7 0.06653748 246.35774 366.2812 471.12347 659.6276 7 0.06484415 284.37094 497.6306 359.69974 549.4894 7 0.062191248 254.00845 350.46808 409.42905 456.32074 7 0.05839281 256.55222 475.51498 356.62662 550.64624 7 0.056460604 260.45862 548.76556 379.37933 672.86835 7 0.05253047 194.11876 518.4366 454.4431 740.5356 ,test/1693.jpg
3 0.8837565 52.61975 210.86801 1002.0149 960.078 3 0.43251854 59.08438 215.07393 992.36487 491.11383 3 0.10101396 64.72168 306.92285 991.7781 628.35065 4 0.37974486 54.715485 217.64949 997.33826 500.85187 4 0.08662295 40.918884 211.66553 1008.7172 974.35913 5 0.087511756 47.039246 213.22101 1001.6584 962.7336 5 0.05909331 54.715485 217.64949 997.33826 500.85187 8 0.12870347 53.3602 215.2627 997.5995 591.2176 ,test/1694.jpg
0 0.5431544 307.8957 159.94225 433.0312 191.57997 0 0.19020517 401.05948 120.81039 437.72372 184.79323 0 0.06613437 276.48895 335.76025 421.68262 423.24017 5 0.99668926 235.83926 132.62576 750.1969 758.48376 ,test/1695.jpg
0 0.5248643 289.3924 658.37756 385.4558 723.5376 0 0.20346922 669.3261 579.264 732.44086 652.8411 1 0.98360014 34.285004 89.22641 761.24976 1024.0 1 0.9335055 340.50732 820.70197 719.0056 1018.8835 1 0.91265994 727.99695 314.74063 1024.0 1024.0 1 0.861807 713.3259 245.37854 960.6123 549.72424 1 0.8083054 733.7448 441.85635 984.616 724.9791 1 0.6276006 737.63983 728.3684 912.86456 1021.9618 1 0.5517931 561.49097 839.3774 717.74805 1018.22736 1 0.5360598 317.71387 758.74945 898.16125 1023.4041 1 0.36992493 238.05215 77.22073 717.81104 418.44583 1 0.30318803 668.3894 194.46118 992.1649 779.21326 1 0.2731648 753.06635 714.2224 791.61224 870.00244 1 0.17641255 962.4313 503.47888 1021.99036 635.9099 1 0.16807877 733.15405 439.7713 969.87256 552.3356 1 0.13907102 901.3601 425.6809 984.579 606.652 1 0.13177976 235.45377 162.90115 360.79337 327.27283 1 0.11755343 924.9604 429.64075 1023.0881 616.67175 1 0.115408465 210.06754 259.90912 933.50354 989.6795 1 0.1084806 933.8538 298.7928 1023.0274 588.8709 1 0.10726958 17.410782 422.89038 442.66284 1022.13745 1 0.091829695 777.68884 709.2392 1020.53955 1019.6236 1 0.070171185 606.07715 724.48975 869.42773 1022.5731 1 0.06393594 307.14822 722.50665 753.682 882.91547 1 0.06389485 972.7496 493.81494 1021.5413 584.584 1 0.059449784 773.2557 302.86566 1007.66315 622.2982 1 0.054058284 730.09937 948.6136 890.00867 1024.0 1 0.0502998 821.52814 775.88275 916.9747 1019.9393 ,test/1696.jpg
0 0.9772972 71.81095 153.28613 118.63505 180.94852 1 0.9990988 307.48984 446.9626 863.176 814.4356 1 0.8333425 548.1881 442.1117 858.35364 678.6824 1 0.063380755 737.9581 656.42694 861.5088 736.5715 1 0.05751843 590.214 654.58386 866.2859 805.48535 1 0.05547976 740.7898 680.0398 838.4358 727.81555 1 0.054084852 640.18066 701.83344 764.16187 802.2519 ,test/1697.jpg
0 0.9989266 346.68597 320.638 772.096 757.25726 0 0.19910891 581.32385 382.2295 633.729 452.67096 ,test/1698.jpg
0 0.7721795 409.3051 359.9111 489.92896 405.20987 0 0.52655774 244.49457 358.57214 920.0163 558.4253 0 0.1705754 206.59344 552.4217 352.26984 692.736 0 0.1352845 259.767 641.09674 359.01395 713.2802 0 0.11721311 719.03876 111.71679 765.71295 184.25851 0 0.09589041 292.79193 361.80557 782.71 486.723 0 0.084369436 480.80817 641.4693 497.17743 704.9733 0 0.072567776 570.32263 449.84473 946.365 555.8079 1 0.8993403 273.80804 487.54578 424.57025 621.33716 1 0.79719394 417.3753 483.19144 680.1346 724.42706 1 0.67543894 259.81885 640.35724 357.72357 713.69037 1 0.67016536 241.81265 360.686 931.5757 572.6283 1 0.5266134 582.60345 564.4113 695.76544 668.34467 1 0.3262987 217.65182 413.54303 697.5907 713.0524 1 0.26805136 232.57526 410.49487 427.7754 626.92944 1 0.20933972 734.13806 440.36707 772.8766 462.54486 1 0.1797754 203.35483 555.72534 359.20242 673.7113 1 0.16626586 570.32263 449.84473 946.365 555.8079 1 0.16567673 409.22513 359.73758 490.05057 404.49442 1 0.16085567 252.14229 454.6631 568.65625 645.61523 1 0.08391619 212.36467 513.1246 412.06415 697.3099 7 0.054410234 256.9041 356.4133 943.1401 557.9606 ,test/1699.jpg
0 0.48991358 528.53503 367.5997 587.94507 443.2172 0 0.059721645 353.4482 600.78656 548.3694 791.14264 1 0.99836475 425.5666 125.41165 876.97296 530.29065 1 0.998226 493.3366 422.55597 875.6319 893.0445 1 0.9882988 969.21277 393.82623 1023.8977 545.804 1 0.8814948 353.8097 601.01294 548.37915 791.9042 1 0.87000877 577.48206 333.25708 689.6299 476.7763 1 0.166697 447.69775 173.57295 714.57837 501.61713 1 0.09482076 446.75677 122.28541 823.87726 314.6714 1 0.08554912 528.53503 367.5997 587.94507 443.2172 1 0.08233453 576.7574 194.52368 876.1961 490.7013 1 0.076609425 530.72375 276.16992 684.7186 457.82013 1 0.075523086 1009.0212 392.0285 1022.66986 546.07794 1 0.067188695 532.11743 264.96768 705.5929 346.678 1 0.06445561 491.33545 448.19876 703.5582 859.3539 2 0.08214855 353.4482 600.78656 548.3694 791.14264 5 0.8986372 838.1657 24.411545 1024.0 279.76117 5 0.09521641 353.48206 599.7334 547.63385 791.1814 6 0.102516204 353.6671 601.23773 548.93604 792.3625 ,test/1700.jpg
0 0.96958244 399.31314 542.3218 439.78494 616.6498 0 0.28432307 568.4036 552.70483 604.8636 600.67065 0 0.23719896 445.62158 543.79364 622.35913 602.77325 0 0.15779538 443.51407 580.5954 619.6417 620.03204 0 0.09871929 680.80853 357.50684 744.6297 564.93036 0 0.0944818 544.1799 551.799 633.62335 602.7142 0 0.08933569 676.9191 593.4748 726.45306 631.1724 0 0.08463234 386.7177 539.96277 475.64 619.9238 0 0.0788047 387.9276 539.4272 661.2991 618.513 0 0.07338127 420.92462 614.4324 678.5611 730.94214 0 0.053927764 466.75903 635.2445 623.6533 684.40125 0 0.05256437 565.7437 637.9446 618.37946 665.254 0 0.051284347 422.9649 537.2827 646.81476 717.97815 1 0.14410219 392.60107 541.9789 650.2168 601.72046 1 0.06815378 1006.72577 958.84656 1023.28766 1017.43164 1 0.05114645 1010.55255 502.02988 1023.732 576.32513 5 0.18483783 1001.73883 634.79565 1024.0 1024.0 6 0.99982697 249.13176 146.86026 689.3353 563.02844 6 0.99977773 164.17737 568.8235 377.79053 889.05994 6 0.9338847 419.0133 592.17126 683.21265 734.39526 6 0.5031498 387.38812 555.18585 670.8785 622.0784 6 0.23286584 431.42258 516.4851 658.2039 648.6548 6 0.19817638 406.84302 573.41644 651.50256 661.27826 6 0.18315768 428.26147 539.2686 648.46643 604.38617 6 0.08189686 263.1042 148.91304 667.7814 308.8354 6 0.0729622 449.06573 587.02136 624.435 625.95703 6 0.062227435 466.12103 610.1967 627.16205 653.12616 6 0.05588283 635.5851 607.5271 686.6492 686.5742 6 0.05503529 566.0346 551.2262 634.10736 601.5054 6 0.05015558 427.53964 663.5949 654.73425 735.092 7 0.99958104 726.3337 186.52863 1020.1069 852.2044 7 0.20434092 239.69434 240.7436 271.49182 276.1145 7 0.12363944 676.6834 594.0229 726.35834 631.0135 ,test/1701.jpg
0 0.37295723 352.72113 11.848793 505.9167 106.96289 3 0.3395847 358.85455 25.772915 490.50684 106.09021 9 0.9825911 29.66269 6.0837097 1024.0 952.66516 9 0.22593987 12.748039 16.458069 249.84247 1000.57306 9 0.087089054 776.6469 0.0 1016.654 1020.9264 9 0.05527906 455.17035 787.79083 987.72687 1020.32 ,test/1702.jpg
0 0.38864833 617.8906 367.7012 682.7998 544.0582 0 0.1336539 353.12576 63.84404 401.26535 105.39253 2 0.28195012 610.69135 366.38797 683.5181 545.58795 2 0.054897644 227.73996 336.01944 681.5425 547.2898 3 0.9981731 228.62401 337.77084 681.8329 545.8406 3 0.18214145 611.68585 367.301 683.4869 544.9163 7 0.08175078 617.94495 367.7942 682.7877 543.93256 ,test/1703.jpg
0 0.84251744 272.5135 340.14716 789.76227 793.0412 1 0.12957753 270.5848 344.62387 791.45654 792.0337 2 0.60309404 269.72458 342.04224 792.6008 793.5736 ,test/1704.jpg
7 0.999851 248.79996 185.14331 761.75146 822.0158 ,test/1705.jpg
1 0.9104089 61.44719 464.80853 145.46385 556.2545 1 0.57378405 57.109123 467.04626 193.14453 729.067 1 0.40046704 61.834305 466.31677 171.37256 623.58545 1 0.3563085 59.80457 536.9766 173.35802 661.5042 1 0.3125339 316.6636 402.92154 345.64133 450.24277 1 0.27705002 56.18007 538.79205 151.08278 614.5794 1 0.1333775 52.766533 642.0645 113.3946 723.4266 1 0.09301595 56.356796 477.53848 329.8595 764.7444 5 0.9751297 110.17655 309.9816 328.42383 578.6112 5 0.5675139 241.33344 669.0461 328.00116 778.7747 5 0.5208331 907.0606 398.83105 1024.0 743.92505 5 0.20068814 571.6102 439.12204 724.3319 620.2539 5 0.10467528 68.0724 299.32886 362.3745 915.6492 5 0.1037027 51.77411 704.98926 315.41113 1024.0 5 0.062929735 58.35829 457.8781 344.83862 765.4255 5 0.050668675 56.626938 467.51428 189.40971 729.23157 6 0.30529058 241.4601 669.2328 328.0586 778.66907 7 0.9998022 423.21005 391.29355 906.8096 940.1809 7 0.98551846 763.7115 448.7808 967.1037 814.6948 7 0.86411434 97.24599 312.42065 443.15967 925.65857 7 0.21499977 761.0301 447.35733 929.5501 595.4354 7 0.124337286 54.923477 468.00928 344.54224 763.3219 7 0.11309578 241.3604 362.57022 437.59406 875.4458 7 0.09004779 416.3413 681.0755 442.6302 837.4003 7 0.083667666 337.01468 769.5141 429.4025 901.34076 7 0.0722409 416.5883 669.979 434.73453 738.3771 7 0.05638866 401.6333 579.50543 430.93677 697.1573 9 0.064000785 50.56685 703.2655 323.9254 1024.0 ,test/1706.jpg
7 0.99967194 258.98776 51.713898 804.15186 930.5637 7 0.99966145 749.1742 292.12482 1019.2029 859.5131 7 0.20234871 766.40717 300.22205 956.43805 449.3687 7 0.17493287 731.1519 418.29578 802.6651 777.5315 7 0.066406235 485.25665 406.96826 561.493 572.48724 ,test/1707.jpg
7 0.9998877 157.39491 300.6591 583.41614 883.9236 7 0.9995277 604.8907 210.14114 979.76117 658.75244 ,test/1708.jpg
0 0.99947375 200.71521 318.915 919.14343 724.4358 0 0.09962874 808.8998 571.0448 914.19934 635.95886 0 0.075400636 0.0 512.4915 141.03171 801.67 ,test/1709.jpg
1 0.85352635 260.70673 387.51154 583.1089 686.512 2 0.059922628 258.83582 379.14783 583.2305 688.3657 5 0.97642946 256.81122 358.4887 581.925 692.0391 5 0.07561764 250.05292 354.02243 554.4914 512.7898 ,test/1710.jpg
1 0.06727893 364.6365 428.0897 677.7698 655.39264 2 0.9979242 366.0984 428.65118 677.4363 655.95966 ,test/1711.jpg
0 0.11962527 348.1196 338.07993 416.52457 401.18344 0 0.07705613 352.364 572.48663 639.36127 682.4018 0 0.06874339 598.3799 241.6532 636.05457 280.19867 0 0.06349434 243.68996 528.9477 658.08734 701.8012 1 0.976794 157.05423 60.520874 804.3358 941.9806 1 0.9763065 277.8672 81.32941 669.592 669.6477 1 0.89444023 417.06375 208.79898 550.7428 403.3975 1 0.835355 329.0157 87.284836 640.90326 410.38068 1 0.82319766 552.2654 179.92802 635.2582 396.24152 1 0.6467785 144.84772 482.63086 741.2247 901.4053 1 0.5638606 398.79294 308.5853 507.68472 410.223 1 0.34426594 637.7986 299.68378 792.4696 862.55096 1 0.31081602 348.03894 343.0119 422.87982 402.02313 1 0.28485134 137.40839 636.3413 727.3127 1017.3911 1 0.25004414 298.7204 408.42188 662.95044 674.2565 1 0.18218252 618.974 869.1443 718.03455 1015.9813 1 0.16248687 562.8908 254.2258 629.60004 415.40622 1 0.13635214 271.94812 796.2681 749.2813 1018.12506 1 0.124285735 598.3717 241.67166 636.0552 280.10764 1 0.08595993 466.55615 132.72865 642.6427 402.29358 1 0.084841534 604.74286 290.40396 636.33514 413.82156 1 0.079313636 555.0647 218.4805 623.2091 349.55905 1 0.07506641 506.9201 151.3551 804.2331 863.4429 1 0.070092164 143.97562 139.8641 325.37018 810.07837 1 0.06055747 243.68996 528.9477 658.08734 701.8012 1 0.05540522 288.33392 242.54393 313.19897 400.76538 2 0.49831775 436.57135 211.83398 547.63135 395.52838 2 0.4883272 348.1066 337.35876 416.22592 400.89978 9 0.07396145 0.5955124 716.82556 105.1272 1018.71204 ,test/1712.jpg
0 0.06949734 865.0151 513.5593 1012.98114 562.5624 4 0.9998832 373.8347 359.5876 594.0662 756.9273 5 0.40500993 865.5385 510.19318 1013.62164 561.5412 6 0.08543513 865.936 510.1529 1012.60187 561.05365 7 0.41311795 866.01904 513.8776 1012.3198 560.23883 ,test/1713.jpg
0 0.34896666 680.50073 816.68005 729.48975 845.62317 0 0.24671459 543.2115 628.1378 629.8902 715.1803 0 0.22620381 683.5273 793.44653 866.1413 902.76025 0 0.18263121 568.47723 864.6044 634.43036 930.9879 0 0.06586058 756.0496 713.86865 848.7448 763.5193 0 0.06468584 698.613 718.9918 839.8763 775.0043 0 0.052669562 4.647169 290.56705 65.46099 318.0732 0 0.05182133 573.04596 795.78925 888.8885 1020.56586 1 0.93783176 1.5775299 857.7092 120.235344 1024.0 1 0.4831687 395.11295 580.61633 628.92786 659.7766 1 0.2397589 1.3430862 868.0841 85.68006 979.2478 1 0.21044162 543.4101 628.0183 629.8671 714.14905 1 0.15473522 0.83392334 924.43933 16.891525 993.13696 1 0.09541361 8.800375 926.5863 23.443357 989.8616 1 0.0914234 363.21844 553.96985 561.5742 657.8589 1 0.0689115 486.69354 583.2782 623.79156 632.55054 1 0.057712637 868.03955 667.09314 976.1299 897.7645 1 0.05214079 681.28156 816.8342 728.4421 845.70715 5 0.71053463 95.08144 462.93353 346.62857 660.5557 5 0.4976685 44.30475 477.00198 384.28696 783.6041 5 0.114108175 100.75802 262.70914 146.13016 323.72903 5 0.06611267 868.03955 667.09314 976.1299 897.7645 6 0.9911912 521.12103 639.37036 949.3265 856.583 6 0.27042463 698.613 718.9918 839.8763 775.0043 6 0.2588729 694.03436 731.68915 793.0557 775.97174 6 0.22432965 696.06036 723.00665 863.0345 818.00104 6 0.17651321 756.0496 713.86865 848.7448 763.5193 6 0.1403591 316.06573 480.26407 514.919 608.4955 6 0.12069501 546.9199 666.0053 862.4883 789.7464 6 0.09877446 680.6001 796.82837 873.16907 901.4148 6 0.09326945 683.74255 787.5651 878.90356 853.09344 6 0.09304726 522.55457 683.3565 778.98645 858.0623 6 0.09060659 692.4835 739.0459 844.86914 790.66724 6 0.07881444 675.8998 643.5506 937.3346 819.8162 6 0.05205981 333.49707 514.4584 550.8692 653.84863 7 0.99875855 0.41469574 343.12604 212.95386 551.67377 7 0.9973586 178.21753 275.00916 489.48206 504.12152 7 0.9879654 0.46046448 777.45905 69.4641 873.4122 7 0.9149331 0.48337555 273.03098 135.58963 421.32547 7 0.80233437 867.4186 637.28845 1020.9647 1024.0 7 0.57744133 54.42317 278.9228 119.61992 349.83948 7 0.39357525 0.0 274.7419 87.252846 389.74216 7 0.32929432 680.6001 796.82837 873.16907 901.4148 7 0.26011187 140.5117 264.7578 497.06183 666.6106 7 0.2535939 0.0 274.2762 140.85422 346.9537 7 0.25214317 0.7524643 343.50674 91.06767 415.12155 7 0.22659367 91.00205 468.37924 341.86758 584.68805 7 0.19203728 868.03955 667.09314 976.1299 897.7645 7 0.14887935 4.4127426 462.03674 177.87659 548.6614 7 0.14851896 55.471863 577.69995 96.76129 732.6699 7 0.14694646 75.13528 470.36465 129.28333 553.1429 7 0.13488731 0.39445496 286.41614 13.75057 355.02106 7 0.12955275 92.760254 452.31934 452.54144 660.4005 7 0.11375426 43.46884 460.68082 419.03217 783.4083 7 0.09617637 6.099924 293.97653 65.04962 317.64236 7 0.094867446 1.0890198 555.3595 86.38167 882.18274 7 0.06775365 698.2058 657.9507 1015.24255 916.07214 7 0.06265948 0.19179535 801.1404 117.86301 1024.0 7 0.054267034 101.244064 262.13153 145.68877 326.14673 ,test/1714.jpg
0 0.18130367 128.04675 143.67497 237.15164 195.06258 0 0.09950103 11.561785 215.3766 61.921074 283.84885 0 0.08241581 53.471756 540.11456 319.6129 818.7259 0 0.06957545 713.1535 812.64136 775.1589 859.3175 0 0.054642696 11.826675 318.5072 321.67438 819.6885 1 0.9715944 57.845337 133.19138 405.95505 347.64243 1 0.96397835 286.1108 294.68097 476.18484 419.24292 1 0.9483737 61.46669 546.43646 385.67426 884.36176 1 0.93631667 51.547386 307.66736 113.71232 353.75812 1 0.92122805 128.30557 133.98337 371.90878 248.81842 1 0.84955347 0.15020752 271.3133 92.64323 380.63788 1 0.8347011 247.36313 351.1602 295.5939 399.82407 1 0.8232679 124.762924 202.09256 412.70557 335.29745 1 0.7666201 1.00986 167.93047 25.914368 287.18726 1 0.68718463 145.44815 212.33548 215.10025 258.5356 1 0.6659934 1.8385696 120.82697 77.86747 282.0447 1 0.6411361 281.9715 390.2922 443.38428 559.30695 1 0.55064875 11.391245 215.47186 60.4178 282.79788 1 0.47332305 64.47086 282.1327 113.02175 312.74628 1 0.38070455 0.0 276.97824 81.38387 320.0328 1 0.3040603 0.0 174.6998 107.85617 385.74722 1 0.2665762 46.39382 203.14731 247.49219 347.85464 1 0.23778051 258.93277 299.7029 462.51248 582.5979 1 0.1997859 3.3037376 200.5685 83.900024 293.4568 1 0.19784303 234.02164 333.50217 289.57785 388.7822 1 0.194692 128.08664 143.7139 236.85678 195.58237 1 0.15852137 17.744423 246.33643 85.49643 282.7608 1 0.14500585 0.0 279.97446 35.86609 313.50662 1 0.1400652 207.39317 214.00256 429.65564 409.57135 1 0.116900735 60.30518 279.08157 115.940384 339.22867 1 0.11584287 15.838196 274.96274 118.160126 315.87698 1 0.11472095 9.084143 209.76749 34.798546 285.46994 1 0.11263674 225.69926 334.6118 263.1067 354.24808 1 0.099848986 286.53073 385.22165 403.72952 443.32944 1 0.09760003 123.13619 171.82416 269.72824 329.933 1 0.09686947 63.174927 306.58997 114.5311 336.77216 1 0.09632873 237.1504 339.6419 279.0061 363.13904 1 0.0910384 221.74982 327.36414 278.50793 359.53363 1 0.09030049 15.453274 274.51636 82.302414 285.90155 1 0.07731431 0.0 349.01297 383.31183 850.8684 1 0.075422905 667.57495 743.84503 700.4054 775.7979 1 0.07459701 54.814552 234.95721 106.114296 318.93677 1 0.07000169 114.6431 184.07477 465.7435 473.83984 1 0.06892595 4.921257 264.31506 156.40366 370.92834 1 0.06655043 0.5950432 278.93835 66.26729 305.21484 1 0.059797972 5.7862167 206.69702 153.7728 319.94684 1 0.059137195 64.31019 300.3123 113.473885 320.03183 1 0.05796309 220.70834 303.07224 326.6434 407.14328 1 0.056066614 406.40845 349.25342 472.43433 413.66272 1 0.05500135 160.10872 231.50742 489.67938 599.7213 1 0.054997277 153.523 327.11758 298.96307 396.5624 1 0.052707814 0.0 220.71375 179.43427 409.99127 2 0.07352495 145.15547 211.85863 216.05351 260.74597 5 0.73469114 61.326996 531.6317 260.04706 664.1295 5 0.4763491 126.76014 573.2397 193.42538 642.6641 5 0.19776538 114.606346 561.7488 261.328 636.2567 5 0.09848445 362.75827 522.0051 398.31436 568.8898 5 0.058871254 282.28583 390.6369 442.98145 559.8025 7 0.99983644 737.8597 442.98627 944.86884 646.64825 7 0.99975556 308.54333 518.23193 504.43378 775.2894 7 0.99970156 501.3484 683.148 846.1952 886.2847 7 0.9994399 420.70236 61.82617 730.92017 330.06433 7 0.9988972 409.3656 353.9804 761.83716 736.80646 7 0.98529494 0.0 320.48514 318.85394 817.8352 7 0.73186415 712.2601 812.9722 775.1868 856.98834 7 0.2007594 214.33163 348.54974 318.91568 680.0633 7 0.12055078 134.37402 571.11346 233.38318 641.8095 7 0.113019414 3.6063461 334.02112 134.45346 805.74304 7 0.06622462 50.930237 534.6202 347.34354 852.4118 7 0.06397675 427.01285 557.32916 474.1689 592.03937 7 0.05948976 362.21463 521.85425 390.83054 568.95776 ,test/1715.jpg
0 0.18333848 20.235863 2.5234165 140.51233 34.86389 1 0.9906427 242.12799 298.07697 811.07477 860.7093 1 0.5024281 554.08844 784.4612 775.3973 844.50525 1 0.2708339 560.6439 322.50568 652.84705 347.14307 1 0.08384603 239.43704 407.06842 255.47925 451.05444 1 0.06086187 240.10278 402.62665 274.8758 451.07025 1 0.05606953 26.296906 2.7412453 140.20488 34.350445 5 0.9944186 2.059723 0.0 342.9227 91.117905 5 0.24217084 82.71841 1.1947899 331.72684 60.67296 5 0.098803766 127.72748 0.0 331.99945 14.038406 5 0.0849505 114.04153 0.12614822 337.77548 34.88172 7 0.19104728 22.597168 2.2605953 140.32114 34.74061 7 0.1026856 5.055954 0.0 157.22653 85.683784 ,test/1716.jpg
0 0.21178171 108.254906 570.45953 177.29129 594.305 3 0.9999008 319.99316 423.07764 842.36304 779.1282 3 0.08408903 15.26178 430.54474 817.5805 954.7087 ,test/1717.jpg
0 0.7499579 37.015778 994.8685 203.48157 1023.47314 0 0.63801664 116.55422 648.1812 182.37967 703.8703 0 0.4437616 609.16235 275.1837 655.71826 329.45462 0 0.35261863 846.8752 625.9866 909.3609 704.84595 0 0.2233292 509.91968 575.3843 543.43274 619.7777 0 0.16870049 921.0335 604.83496 961.7712 652.39233 0 0.096789986 840.5314 419.28802 904.1924 506.56567 1 0.94347763 83.876236 645.2573 183.40865 700.5647 1 0.8354422 847.03796 625.3593 909.55884 705.2548 1 0.7907362 985.5649 883.6719 1022.59125 926.1404 1 0.24642882 921.0335 604.83496 961.7712 652.39233 1 0.15010217 607.09485 276.55072 657.2053 330.43976 1 0.12885231 449.80054 427.72244 495.74414 537.7237 1 0.0882138 82.60135 645.35486 144.29047 685.38525 1 0.058501113 840.77814 419.01315 904.9462 506.2231 1 0.05666867 37.015778 994.8685 203.48157 1023.47314 1 0.054311816 845.1956 600.5781 960.39545 706.47766 2 0.17738637 82.87996 644.8419 144.08331 684.9645 2 0.15334651 964.9688 592.40106 1024.0 642.7625 2 0.13324067 920.14264 604.67084 962.0478 652.033 3 0.17722316 236.78766 400.0708 323.248 569.9966 3 0.13760811 450.14297 428.39264 495.72458 538.05347 3 0.12812476 62.02408 106.59855 284.57455 328.1618 3 0.05473492 609.93445 276.36618 654.0952 330.48282 4 0.36093086 448.76862 431.534 496.07953 536.9031 5 0.9976312 340.31003 461.63733 449.73996 580.4673 5 0.9838844 832.3197 423.894 1024.0 571.18146 5 0.9716152 761.06635 611.36566 799.8016 689.17633 5 0.9194595 236.79147 399.8349 322.88754 569.5916 5 0.7034422 605.1233 597.4966 680.69214 655.5896 5 0.69600004 450.00342 428.4323 495.75165 537.9789 5 0.65836763 965.00104 592.3476 1024.0 642.7507 5 0.40358543 907.69965 433.14352 1003.66595 484.36966 5 0.2917987 597.5395 274.138 658.27997 332.38562 5 0.1976589 901.48114 601.32715 968.1955 651.08704 5 0.19108722 889.8037 674.6204 913.72754 702.9095 5 0.15213658 954.0726 642.8354 987.8134 666.3227 5 0.14049643 894.313 596.9742 928.74744 705.8686 5 0.13929626 512.31525 531.4315 610.85455 605.89014 5 0.11539889 840.77814 419.01315 904.9462 506.2231 5 0.11536238 642.56726 597.2585 679.7748 632.5678 5 0.10398305 605.66174 615.72626 660.23816 654.47687 5 0.10383547 847.66125 606.35474 922.9491 707.50854 5 0.071857266 582.6053 276.97122 631.6235 322.71732 5 0.07088106 630.47217 572.99976 677.7473 648.9453 5 0.06475795 897.4726 596.9776 1024.0 652.9527 5 0.06355916 781.7989 614.7477 800.8228 687.6897 7 0.9979107 362.44983 565.76715 519.3376 940.17694 7 0.9956109 493.20184 248.88766 716.53937 652.46277 7 0.98827666 466.31467 526.6555 698.60315 957.4033 7 0.98579144 508.15518 489.56494 660.8978 657.1345 7 0.51973784 581.9682 275.3067 632.4903 325.961 7 0.28356466 460.63977 584.9304 554.3992 877.89734 7 0.20305726 603.7868 597.17285 680.8538 655.82935 7 0.18686031 584.7903 270.89056 662.32654 331.46875 7 0.15066506 569.4882 354.28226 615.11566 430.2095 7 0.12672567 642.81885 566.93585 678.81177 606.52484 7 0.08103948 827.329 422.20935 1022.5325 571.4628 7 0.07523068 505.91263 511.5938 610.6717 635.40875 7 0.059117872 539.54675 524.3551 603.4332 604.86743 7 0.058534946 603.2612 616.4574 647.4376 653.5581 7 0.054232314 609.0275 874.0039 672.0693 979.07227 7 0.052689184 236.71463 399.97714 323.0178 571.7002 7 0.05020389 569.403 494.513 647.8841 597.69977 ,test/1718.jpg
0 0.9715668 352.13754 738.37427 448.63272 854.7063 0 0.18616983 582.66486 584.1091 705.65875 798.63336 0 0.08797353 361.47034 336.02374 431.48822 571.6085 1 0.9915125 679.8218 273.34778 956.3469 738.42456 1 0.87747943 912.88635 54.965057 1020.256 697.73987 1 0.6554111 582.93164 583.79645 705.7623 798.1264 1 0.18304901 785.1003 341.21185 867.94366 439.3327 1 0.072059646 769.19543 288.19876 915.57983 438.6572 1 0.06681157 351.81253 738.2012 447.9531 855.02075 2 0.14022438 583.6161 583.1245 706.8248 798.3992 5 0.626507 178.00027 313.865 348.7742 578.13873 5 0.09260467 419.22955 669.82 483.7912 776.13434 5 0.07021842 339.57477 505.07245 422.79346 581.5744 5 0.052037742 254.44818 328.75107 367.55743 555.9907 7 0.9990331 623.5688 138.23416 904.0892 372.82477 7 0.99791175 358.51804 183.59985 613.6443 753.4412 7 0.99758637 89.94066 309.56686 437.3919 927.246 7 0.9835011 578.4374 466.51547 696.13904 594.3334 7 0.5931876 583.62103 585.4555 706.50616 797.9476 7 0.51391363 177.65256 312.255 348.82443 578.8871 7 0.17920718 332.3977 306.04654 447.5072 850.23315 7 0.1708286 419.22955 669.82 483.7912 776.13434 7 0.06794818 911.93604 68.135376 1021.5923 692.4692 7 0.05082483 349.05518 478.9416 495.6416 842.4865 ,test/1719.jpg
0 0.4654338 1.5102463 648.4379 157.14731 769.68524 0 0.10727627 306.03958 142.18533 550.42883 288.4299 0 0.10554264 168.92311 336.65048 574.2899 544.7051 0 0.06973762 373.83606 496.05283 661.27344 595.0755 0 0.06928894 441.73456 549.1449 652.4727 594.77 0 0.061740372 518.1023 301.55667 754.27466 473.57016 1 0.98181444 227.90952 494.4724 853.376 922.89746 1 0.97894096 312.4538 139.28662 546.2416 292.76828 1 0.96857756 366.435 450.23795 778.1951 566.0768 1 0.9382116 383.16882 248.23323 611.7539 339.05453 1 0.92394966 513.2255 301.37738 753.83636 473.58252 1 0.55551416 240.05206 378.58093 760.93207 556.756 1 0.5384922 322.08856 134.13898 501.02057 191.54858 1 0.37507525 171.91762 335.41382 572.25635 543.87994 1 0.3174047 368.62756 497.4842 701.4064 582.7669 1 0.24075289 52.970367 73.8461 586.4166 534.04297 1 0.21317399 310.27127 174.35963 613.33923 334.48016 1 0.114102595 407.5752 255.47873 773.46594 491.14676 1 0.09658715 165.87283 242.86763 753.30334 586.9303 1 0.08434264 422.65393 431.19547 549.7065 480.50186 1 0.081891105 404.9655 424.6498 692.70233 477.38724 1 0.080358274 300.66025 488.94208 782.8252 610.377 1 0.057211693 103.89287 535.31445 294.66687 797.9241 3 0.07671306 8.722061 34.9823 317.69147 196.73714 3 0.06887209 79.50125 65.86338 389.00208 310.39337 5 0.64892155 166.62358 335.90173 574.7183 544.81494 5 0.052633207 425.11285 435.1742 546.0116 481.34796 6 0.08058036 185.37401 337.6247 571.55695 548.16644 ,test/1720.jpg
0 0.1288297 171.64563 6.541748 421.76996 284.70486 0 0.05512143 702.8832 79.97716 915.1555 401.9052 0 0.055072404 104.101166 18.470215 930.6234 479.23834 5 0.9925815 28.125977 345.7384 832.4543 786.2683 5 0.7433229 640.474 295.9989 818.95605 618.8732 5 0.68263793 647.6294 427.9937 992.71924 732.73334 5 0.57344925 495.54236 310.8434 977.85815 748.71216 7 0.11799673 533.5439 279.55438 859.17975 758.68024 7 0.08178903 594.16626 216.12302 832.1188 318.4185 7 0.07814099 285.8444 310.42108 899.46814 773.8753 7 0.069535166 642.094 295.6054 817.9137 618.4027 ,test/1721.jpg
0 0.44174668 911.2234 757.603 988.04675 861.9137 0 0.28314373 500.88538 983.78754 797.6548 1022.98016 0 0.114712566 776.39105 569.139 1022.21136 721.4527 0 0.08438931 933.893 723.3922 973.23236 771.0796 1 0.8132202 504.79974 981.7663 802.46185 1021.99603 4 0.06501861 950.3487 678.343 1024.0 799.3644 5 0.18853505 778.5345 568.2213 1017.1783 772.76917 5 0.10038827 932.8182 674.7493 1024.0 803.66693 5 0.08829799 933.893 723.3922 973.23236 771.0796 5 0.07013775 905.5894 760.2226 1016.08795 859.92316 7 0.9998568 339.57538 386.22552 788.61127 692.99554 7 0.99982065 301.18854 672.8837 817.5704 993.80426 7 0.57004935 743.3947 424.51498 799.58246 550.0665 7 0.55289865 904.5921 761.2734 1020.84845 860.3199 7 0.20763697 789.555 572.7647 1022.0218 691.99225 7 0.1714123 783.0618 511.1788 862.3991 761.0437 7 0.14950915 707.19855 399.22888 800.80304 547.3595 7 0.08282022 634.73425 709.52234 1024.0 1018.5154 7 0.08216665 768.5604 555.177 1014.46375 777.16565 7 0.06378104 501.59937 981.67584 805.0112 1022.8963 7 0.05947587 723.066 679.19403 947.4069 942.018 7 0.05306887 593.6733 375.29855 806.4587 551.47375 ,test/1722.jpg
0 0.23417222 213.068 408.69864 759.1224 680.20874 3 0.05601631 213.57419 405.87912 760.43506 680.3292 5 0.9645161 214.5917 406.27527 758.07227 679.4293 ,test/1723.jpg
5 0.99794453 409.27728 242.9626 883.9628 715.0921 7 0.05993264 413.6911 238.734 885.9406 716.0082 ,test/1724.jpg
0 0.17899874 530.5042 634.3655 575.34845 664.95825 7 0.99981767 157.26814 390.50134 565.8388 728.53 7 0.99861085 568.50916 403.90234 883.34534 703.9364 ,test/1725.jpg
0 0.40209407 192.76373 589.93616 681.60657 1020.199 0 0.12688062 186.58426 164.06958 767.5386 975.39966 0 0.085203625 305.20282 590.4095 750.137 889.10016 0 0.07364796 277.8593 42.861588 558.5686 275.54785 1 0.77145565 198.5062 572.98553 663.31067 1024.0 1 0.36628652 240.03595 492.74673 758.61945 644.2849 1 0.22393955 196.40549 161.35913 762.19226 842.75134 1 0.07277061 276.50647 560.6133 748.5228 873.4188 1 0.06220913 209.22089 432.9953 965.47064 953.554 1 0.05492582 552.419 600.9733 747.68207 736.2492 2 0.25512663 552.9109 601.1278 747.958 736.4227 2 0.06009304 195.4031 573.0767 711.4457 1020.5068 2 0.052866735 213.87894 123.56564 763.9215 655.88293 5 0.3071588 215.27457 91.06213 764.77185 656.776 7 0.98999655 756.5091 428.21063 978.9443 882.3537 7 0.84703624 215.89288 78.73248 764.2499 659.6532 7 0.17810759 4.3131638 429.11862 134.9172 924.50793 7 0.07458874 198.13013 580.6017 656.7613 1024.0 7 0.054204565 277.8593 42.861588 558.5686 275.54785 ,test/1726.jpg
0 0.7406819 652.7101 91.362045 687.9978 207.92076 0 0.39989954 0.0 3.2253036 288.77313 215.00186 0 0.16422395 409.97226 482.48117 470.56552 663.1032 0 0.11298623 653.6721 138.87357 688.73755 194.01166 0 0.10659061 164.46765 502.10776 542.06647 935.20337 0 0.096179344 336.85388 200.72577 464.60663 652.2677 0 0.07436692 649.748 107.533035 721.25555 391.88147 0 0.07165516 150.346 53.343536 527.8569 783.59375 0 0.06351735 272.12537 366.70422 478.62415 657.9227 0 0.055185325 664.57153 104.68782 820.9475 425.3357 0 0.054387648 652.98 111.36955 676.77686 195.19624 0 0.051465232 657.9779 84.58139 874.9227 653.07556 1 0.7191636 677.7024 94.08804 872.4335 643.4868 1 0.37184957 707.05566 104.04151 811.09937 287.6681 1 0.20738593 248.44226 232.69461 375.33264 627.01196 1 0.16613203 788.44214 138.30374 828.39087 254.31177 1 0.14102116 664.57153 104.68782 820.9475 425.3357 1 0.123555295 151.3916 37.1987 498.98456 718.77856 1 0.09435752 336.85388 200.72577 464.60663 652.2677 1 0.08560825 160.74857 465.18436 529.52954 873.7683 1 0.07423315 802.17175 248.63658 863.7239 337.67218 1 0.062473398 177.26219 185.79462 416.4879 626.5704 3 0.064066805 824.78546 174.68964 851.3663 220.46472 3 0.051574748 712.37244 182.2497 801.54407 287.58038 5 0.93717414 712.617 182.12126 801.3107 287.33673 5 0.7706501 515.4871 410.45438 638.0495 569.745 5 0.7362179 526.6183 313.02844 560.8385 357.95758 5 0.5681857 511.3286 327.84305 726.9402 554.54645 5 0.50671595 408.7739 484.079 471.49167 663.044 5 0.4054975 541.126 174.33357 728.21924 532.2811 5 0.32576063 492.19293 325.16718 755.8851 810.3482 5 0.29913095 825.5107 173.07472 850.75275 221.59132 5 0.27882484 354.37164 212.42339 472.3263 650.5089 5 0.262858 647.0043 97.161545 724.1211 439.55835 5 0.2474088 455.63034 34.466454 504.61667 207.17694 5 0.22343898 486.57397 438.35727 522.08136 497.09506 5 0.19234039 662.45135 385.98456 735.8748 533.9586 5 0.18154885 730.2316 152.1986 758.764 196.04558 5 0.15920787 357.47302 30.55455 586.0004 426.6845 5 0.13792719 617.74927 171.16907 718.2811 313.16864 5 0.13450314 562.2775 177.24254 701.7983 379.336 5 0.13320525 714.66296 143.12372 761.3187 241.65097 5 0.11160926 432.90198 200.90955 538.7831 428.28674 5 0.10745209 514.0181 422.66925 546.4461 478.76898 5 0.10369108 483.15802 344.43365 563.2547 490.85742 5 0.101338774 493.84326 422.7216 539.348 526.10657 5 0.09514284 659.2161 233.59035 736.92975 465.2904 5 0.089051254 519.2239 413.60342 583.381 548.8085 5 0.0868433 707.1852 105.740425 810.4171 287.99396 5 0.08218709 552.7467 414.1129 616.23596 534.0777 5 0.07979211 689.11426 379.19925 737.2656 479.64224 5 0.07789615 316.8222 197.23883 443.42096 363.62646 5 0.07546551 324.35632 240.80344 372.90088 332.22696 5 0.07103416 371.00183 20.409332 464.8393 254.14423 5 0.06806607 403.23956 273.47354 470.88568 652.7754 5 0.06682824 437.6374 37.150787 512.7028 298.49094 5 0.06485775 524.1094 415.90265 577.8683 478.3202 5 0.063586734 673.8497 322.0101 724.58856 433.63223 5 0.06316172 272.07736 2.8980637 454.69955 233.3526 5 0.058753725 340.90237 13.009544 445.3793 194.25961 5 0.055294406 266.39877 1.7062988 574.7803 640.87415 5 0.054788813 820.964 156.1949 852.9491 234.92717 5 0.05399201 527.3065 346.99487 581.8114 428.60712 5 0.05222947 445.8442 489.02588 475.7656 645.8677 5 0.050984234 711.84424 181.3348 753.2671 238.03783 6 0.97625625 145.03065 509.472 540.5126 1014.36884 6 0.11858542 149.25452 671.4231 357.73923 1009.9944 6 0.10282796 786.91583 138.149 828.3382 248.81099 6 0.09091951 156.96143 184.98105 540.7628 930.0498 7 0.78135294 491.2511 328.46964 755.2623 809.584 7 0.7382911 178.44453 186.91994 402.15326 623.4041 7 0.73807484 260.40353 9.6194 580.00854 442.24182 7 0.6067765 150.346 53.343536 527.8569 783.59375 7 0.5739462 265.8707 6.399658 476.395 315.42285 7 0.35970128 668.48645 89.77011 872.819 644.3728 7 0.30905777 342.24725 203.14275 471.72382 646.72675 7 0.29240584 408.9048 481.77118 471.10144 663.35406 7 0.1319133 361.47174 28.888458 545.099 522.40576 7 0.113778315 541.126 174.33357 728.21924 532.2811 7 0.1132577 478.3896 100.91785 871.3671 801.1117 7 0.10162045 641.746 90.349884 732.3291 459.8613 7 0.09819681 423.3923 39.704865 580.67554 435.52686 7 0.09738004 290.26273 49.7894 807.12427 681.5823 7 0.07820315 707.1852 105.740425 810.4171 287.99396 7 0.072635226 516.2802 324.82812 721.28156 557.09576 7 0.05837359 316.8222 197.23883 443.42096 363.62646 7 0.05659682 249.44199 242.89723 376.91306 622.8635 7 0.054194085 324.35632 240.80344 372.90088 332.22696 ,test/1727.jpg
0 0.99831045 353.40894 352.9733 555.70526 725.72205 0 0.072754435 228.81142 912.6691 260.6475 950.8835 ,test/1728.jpg
0 0.0744885 250.06073 490.09473 364.4397 551.579 1 0.09452638 663.19904 427.75366 721.8162 464.90015 7 0.99953544 142.09088 152.85379 823.9227 978.7228 7 0.91637504 203.91446 234.43921 525.8075 381.42554 7 0.49956653 445.00537 212.41469 761.2372 478.86542 7 0.33286566 570.8001 234.07812 745.4638 463.28345 7 0.26815864 186.08266 61.73474 524.95557 339.88492 ,test/1729.jpg
0 0.42598096 554.08624 40.60102 615.3448 74.368 0 0.25101152 453.69885 404.10843 497.48254 504.44754 0 0.19008267 164.72873 614.23444 214.49622 665.5068 0 0.17944598 297.7094 486.00552 411.78387 521.36786 0 0.13783556 661.1363 179.5546 722.362 357.7322 0 0.10665397 419.45215 429.12888 454.87445 479.27182 0 0.102848455 163.90683 629.4193 198.52261 667.64746 0 0.09861164 869.5263 754.44586 1024.0 1024.0 0 0.082685776 522.94965 67.04657 722.43805 367.44427 0 0.08016845 177.16959 612.8457 217.22351 645.1289 0 0.069711596 523.55536 19.519434 616.1191 76.94378 0 0.051062915 451.10712 401.75793 556.9 537.4872 1 0.98994166 580.39844 442.30673 875.31726 822.94934 1 0.90688705 542.9274 453.47394 659.0562 590.3403 1 0.82694566 249.42715 33.988556 657.64465 518.0582 1 0.6814616 435.66382 393.2451 668.02356 594.0559 1 0.32593852 450.87332 399.49734 569.507 557.43854 1 0.32050553 449.81833 50.762222 706.7561 526.83124 1 0.20875886 301.57425 488.92957 412.10495 521.69073 1 0.20618077 418.74313 429.0809 454.89865 479.67374 1 0.14468789 554.1092 40.575836 615.53766 74.41105 1 0.12855983 522.94965 67.04657 722.43805 367.44427 1 0.08841862 287.62256 408.98132 501.5396 505.83582 1 0.088272445 370.00464 54.15329 844.42896 573.39075 1 0.08038107 473.49832 412.61713 550.8606 520.3447 1 0.07978342 265.77908 457.02997 416.93954 527.7453 1 0.07942346 432.25333 201.46593 653.5594 598.3992 1 0.06997447 420.16626 401.13214 523.794 522.3678 1 0.058729284 452.75592 403.74866 497.59515 503.91882 1 0.056532715 147.99124 391.43823 595.1029 630.01666 1 0.054207508 537.02844 455.74173 618.0582 536.1483 2 0.06764249 301.57425 488.92957 412.10495 521.69073 5 0.6888806 800.83075 756.18677 1024.0 1022.7412 5 0.683646 158.96867 556.4917 256.09357 630.298 5 0.5159898 520.3038 16.392708 616.4683 76.81027 5 0.3480653 531.774 14.597529 619.37274 43.69268 5 0.16952613 568.8874 68.610016 724.94037 345.6128 5 0.15978967 538.53015 15.527656 617.30444 31.031158 5 0.12187167 164.4295 612.6721 216.92105 664.35376 5 0.12080196 129.33112 478.82513 420.5182 629.68024 5 0.097284816 553.8033 40.47314 615.946 74.186035 5 0.09547567 527.0764 27.459066 620.2372 47.89527 5 0.056067355 178.38489 486.21967 406.5631 575.732 5 0.05265734 520.96356 22.209978 591.26556 57.940056 5 0.05168376 180.55052 611.87146 219.72752 642.16296 5 0.050901957 612.4917 55.171406 713.1715 123.79187 6 0.13289517 196.17119 518.2037 318.77783 584.57635 6 0.117861114 699.1141 132.92578 856.1213 375.33975 6 0.0762184 158.03711 553.51166 256.62222 634.08307 7 0.99757904 60.118774 457.89798 720.60114 1011.91797 7 0.9474261 482.3515 63.091614 853.94855 562.4642 7 0.12499098 46.090057 556.14343 184.41351 689.5552 7 0.08691882 510.2173 63.611588 719.021 409.51666 7 0.080702804 332.49768 36.307526 743.45886 548.5807 7 0.06910057 126.66971 489.0645 416.99435 656.1307 7 0.06791313 429.17896 392.73294 668.105 593.21704 7 0.05921047 166.81462 488.08173 413.84247 580.71454 7 0.05383829 52.07672 354.2726 882.89044 843.5111 7 0.053392723 831.61395 185.24182 857.7437 301.44635 ,test/1730.jpg
0 0.36544123 124.615234 616.3807 234.14517 829.43414 0 0.29862538 761.1996 223.26503 850.75415 397.5901 0 0.22567922 759.93964 240.88786 831.6176 301.71475 0 0.15426345 709.02826 216.04858 761.1795 277.4573 0 0.118553005 259.45508 858.7386 367.12354 985.6326 0 0.11146776 274.65967 603.60565 348.9386 710.2281 0 0.10627356 184.65701 635.8643 240.56311 870.0876 0 0.09967194 195.89557 687.2941 231.7775 849.3968 0 0.098043814 773.4371 214.28572 822.8869 325.00143 0 0.09001577 148.42053 543.10034 218.83066 608.4977 0 0.06644218 774.7772 247.53398 832.0891 273.31363 0 0.052260127 53.99695 583.1033 367.12595 998.0525 0 0.051195905 289.32324 873.5753 348.95288 959.11426 1 0.98672885 54.38739 580.5724 367.28223 995.8191 1 0.6704269 753.181 294.92502 784.6821 339.41428 1 0.5953168 732.2974 336.36053 773.1252 374.86157 1 0.45283276 731.53143 292.81268 778.39813 376.8872 1 0.43210122 240.21727 586.5387 346.72284 722.5686 1 0.4122363 199.06384 334.4125 406.7149 521.7258 1 0.3583002 693.8326 295.23096 781.32465 354.8318 1 0.29533488 343.984 346.7807 394.99664 411.31445 1 0.25198445 697.56866 386.019 728.73676 431.19522 1 0.24935259 154.43735 631.67145 211.81674 684.94806 1 0.24629122 761.22485 223.48016 850.5818 397.1275 1 0.21003637 164.63554 648.0036 210.3933 680.06793 1 0.19349474 135.37679 612.5833 231.24776 829.9534 1 0.11802573 381.1528 324.66333 407.06198 371.65002 1 0.111716524 303.56604 326.5277 414.2126 521.7872 1 0.1001602 201.69763 591.0286 367.26862 976.26984 1 0.09363369 148.42053 543.10034 218.83066 608.4977 1 0.07755092 224.11545 600.1863 291.3904 642.83215 1 0.07210335 507.18524 453.47177 531.0607 483.47787 1 0.06208794 216.34007 634.431 353.48676 810.8718 1 0.05720407 315.11658 247.6339 539.8861 532.50964 1 0.056717567 506.339 350.09692 625.3545 487.3792 1 0.05615046 739.0425 296.30984 769.0751 349.62253 1 0.055914294 126.6594 602.6568 187.0687 656.89557 2 0.3636903 154.41167 627.9305 213.23085 690.64545 2 0.2796416 164.04866 645.999 211.16862 681.1251 3 0.08370118 611.339 393.51178 645.6699 443.02222 5 0.30624503 609.48694 394.0247 644.89075 443.15353 5 0.2523659 533.9077 430.31644 597.7744 510.30228 5 0.22118151 154.52649 627.27527 214.52637 693.9264 5 0.17530291 611.91626 369.2462 664.5416 445.32016 5 0.17372178 521.3129 403.39206 616.87494 514.27405 5 0.12985511 709.79675 216.1783 760.87854 277.5331 5 0.09345138 697.56866 386.019 728.73676 431.19522 5 0.088986576 145.69452 607.22797 220.21335 729.15607 5 0.080630556 208.62628 612.84283 287.07074 698.29926 5 0.073772065 633.67017 370.31943 663.7833 413.18637 5 0.07116787 556.8328 392.78976 647.1502 448.23355 5 0.063826926 161.9605 643.9995 210.8745 681.76953 7 0.9978951 431.52646 415.17938 661.147 801.9394 7 0.99671316 514.0996 143.32541 717.1675 369.57077 7 0.9825409 314.49625 240.90982 539.64087 536.0497 7 0.96048224 322.2623 281.41562 456.37735 362.41287 7 0.9604316 690.4255 301.6228 842.32526 634.6912 7 0.95784473 773.6774 217.08865 822.6828 253.7608 7 0.94218737 233.74904 502.38486 401.52124 584.4524 7 0.9008576 662.799 269.73035 701.8875 384.94177 7 0.64352626 617.04333 363.76837 767.0398 666.96295 7 0.62996155 209.29124 606.2445 290.00937 698.4541 7 0.4890718 707.4446 216.23169 761.04565 276.6013 7 0.41616616 684.2223 217.59682 766.1797 363.11823 7 0.31141743 761.1996 223.26503 850.75415 397.5901 7 0.23667315 535.2104 324.43158 841.80194 650.38763 7 0.21757415 697.56866 386.019 728.73676 431.19522 7 0.2004238 464.7734 300.16806 543.28314 532.36774 7 0.15034612 676.3786 217.24548 853.76764 392.12683 7 0.13280587 236.74811 499.28265 378.8047 550.4129 7 0.12754588 506.339 350.09692 625.3545 487.3792 7 0.10267316 773.4371 214.28572 822.8869 325.00143 7 0.097906575 533.9077 430.31644 597.7744 510.30228 7 0.096186586 438.5601 223.56804 767.32935 704.016 7 0.089860976 376.42255 283.39603 448.04846 348.56723 7 0.066246256 473.93402 337.81625 651.388 528.34296 7 0.062309023 135.37679 612.5833 231.24776 829.9534 7 0.05600379 454.9557 251.25914 609.5027 516.817 7 0.055318624 145.69452 607.22797 220.21335 729.15607 7 0.05287424 659.6832 230.29332 726.65845 391.32446 7 0.052638404 228.43413 495.49646 284.56696 552.75037 ,test/1731.jpg
5 0.75844574 912.6909 440.4444 1024.0 501.5271 7 0.9995048 151.75842 583.508 821.4016 849.337 7 0.09490504 571.50653 585.1253 756.04755 615.1678 7 0.08023771 912.7516 440.4355 1024.0 501.48395 ,test/1732.jpg
5 0.9996985 354.9707 436.7071 541.20404 738.1419 ,test/1733.jpg
0 0.3612184 547.9743 121.72693 1019.6413 535.6799 0 0.35234752 741.9294 231.82579 862.86945 267.43082 0 0.26269916 486.1307 770.498 623.40173 862.7924 0 0.25522196 217.80865 163.79076 598.7078 436.8852 0 0.22988024 641.8649 133.81168 861.61127 262.16483 0 0.14891689 616.9867 288.22946 950.27576 561.9469 0 0.1399695 627.2258 126.02853 998.8904 360.04086 0 0.115278795 647.7821 169.42078 707.2748 200.74353 0 0.075696975 498.29074 291.57147 600.6021 412.83997 0 0.06859531 383.70084 161.2221 598.43713 393.73474 0 0.06827261 387.12488 754.1406 635.01776 856.1311 0 0.0602489 759.10876 302.71283 988.7064 613.2636 1 0.45689097 554.0809 117.855576 1019.09686 532.6973 1 0.30385992 741.34656 228.84541 862.42725 267.04642 1 0.29411387 621.07874 129.21634 1011.65674 322.1294 1 0.15434232 498.29074 291.57147 600.6021 412.83997 1 0.12670484 486.1307 770.498 623.40173 862.7924 1 0.07609787 785.04126 121.096344 1013.7212 386.04382 3 0.8626892 579.779 519.24634 797.2316 772.01904 3 0.09296507 606.2689 493.21924 811.5122 593.5432 5 0.9453805 662.2825 144.38422 859.08826 257.53757 5 0.8102301 190.26941 678.26764 446.5802 748.7419 5 0.7495414 215.0407 648.3268 613.83276 827.78174 5 0.7422503 485.84268 526.47614 612.2884 765.044 5 0.5203247 255.32596 329.46625 662.04126 573.32056 5 0.35921815 606.74426 492.29944 812.31555 593.5559 5 0.29979557 532.63336 741.44226 679.2369 827.5664 5 0.28777593 481.92505 530.3883 584.4292 675.9845 5 0.2657357 577.0528 507.50507 797.2265 796.3996 5 0.25154307 482.2304 527.13275 573.0047 596.5677 5 0.23334521 208.84898 308.4583 665.64984 744.7585 5 0.2212821 389.4685 564.45026 613.165 825.028 5 0.14155807 565.03766 516.4109 619.76996 583.70105 5 0.14123864 454.0974 563.536 608.7484 697.5166 5 0.12292582 206.27966 541.1406 878.53796 922.1742 5 0.12283959 561.59656 724.4309 744.66736 828.83093 5 0.121350035 494.85458 581.97925 571.84424 677.4138 5 0.111066364 731.23035 222.814 864.4431 267.96704 5 0.10810441 480.40967 424.1616 674.1118 589.3457 5 0.10195744 359.1821 811.3949 561.5315 858.0454 5 0.10116873 690.63885 728.0037 727.28925 773.81647 5 0.09827543 483.56342 746.7924 634.5889 863.0538 5 0.08751832 491.6948 569.65735 617.0372 655.338 5 0.086021505 711.65356 672.27014 762.7742 757.4099 5 0.08342741 585.7638 662.51483 762.4082 765.3686 5 0.078490615 563.437 429.6888 676.3816 563.33167 5 0.07174166 527.2701 520.94446 863.9693 886.82166 5 0.066777214 557.0017 569.20386 621.5901 755.65247 5 0.06453734 212.96982 683.6855 460.40128 803.2133 5 0.05378214 654.29865 720.7818 730.4025 806.477 7 0.988357 771.0961 414.8559 1021.3201 903.762 7 0.85734034 921.76306 288.05798 1023.9269 401.30487 7 0.839406 208.07462 318.24042 656.5769 705.0068 7 0.75935936 223.61746 531.01996 884.37866 986.9832 7 0.72400737 356.71918 811.8026 581.7076 861.6736 7 0.6647639 221.43436 417.57407 513.5773 683.2356 7 0.61277956 904.8294 367.63202 1023.1436 657.46967 7 0.48139954 900.64044 274.12927 1020.8393 476.563 7 0.40647554 742.212 231.17636 863.2171 268.09326 7 0.40105373 903.66364 351.68372 1018.85455 450.9425 7 0.32366973 531.48566 743.2102 684.7839 827.66064 7 0.31646836 543.7262 116.395096 972.40125 575.31793 7 0.29349336 721.13416 672.4357 761.1803 754.2836 7 0.22301075 483.56342 746.7924 634.5889 863.0538 7 0.20633003 915.0992 387.69037 1024.0 498.35858 7 0.17631498 558.55884 469.60925 1016.93616 905.5707 7 0.17051034 788.7751 373.53015 1020.2579 650.6533 7 0.15376103 906.9012 368.27203 1006.56793 418.77527 7 0.09839266 430.30878 175.46533 914.8713 877.4414 7 0.098261006 324.39148 663.4778 584.66705 824.942 7 0.0976268 917.9793 344.39035 990.24176 385.12296 7 0.09125797 274.51178 299.18823 773.61237 877.3147 7 0.08873281 616.9867 288.22946 950.27576 561.9469 7 0.087675884 262.47504 393.3997 303.48596 423.44077 7 0.08470086 642.7621 139.67886 859.38354 253.49802 7 0.064893596 967.6244 346.4141 1022.25977 397.6943 7 0.06488636 374.66467 651.0294 851.9481 887.49817 7 0.057428077 240.09886 639.06476 331.3313 689.35406 7 0.055552315 266.50818 333.20062 678.5195 560.932 ,test/1734.jpg
0 0.8579012 11.836853 346.64673 464.33255 1013.4114 0 0.21676025 8.065247 296.34387 1022.1016 1024.0 7 0.051173188 690.96454 308.22946 1010.09735 442.43173 9 0.73188317 292.64963 366.1237 1011.4922 1024.0 9 0.2044111 291.92587 265.04437 1007.64197 463.52045 9 0.092733614 12.544708 341.51968 475.4815 1013.5553 ,test/1735.jpg
0 0.96847767 172.62903 230.02924 329.8335 314.74878 0 0.89282817 118.145676 697.5902 239.01912 798.43555 0 0.7809978 490.2015 804.17993 546.7992 856.7694 0 0.42454815 966.7165 378.4339 1021.6445 462.63025 0 0.30377877 511.4158 804.2187 546.8595 840.9793 0 0.29719824 564.922 498.40805 668.20984 576.5577 0 0.24954557 493.07358 819.39124 532.65564 854.3949 0 0.23752677 166.82121 148.10712 460.523 317.41214 0 0.22452167 396.19083 558.89624 477.33127 607.8292 0 0.21309279 497.5402 440.5132 731.2573 656.2402 0 0.16706407 509.42188 459.99695 672.2267 582.6172 0 0.1037067 399.81934 697.27045 472.37976 719.7574 0 0.09555135 156.2041 685.62866 497.123 726.41504 0 0.0816726 423.53247 361.92865 752.5729 645.05896 0 0.0805563 405.88324 302.71866 649.5976 461.38748 0 0.07898772 499.9919 460.42557 569.03345 508.25626 1 0.9209379 167.47968 151.30365 458.94287 250.26062 1 0.86846447 407.45712 301.86023 647.31635 460.1812 1 0.84388477 843.5094 413.18677 1019.53906 722.10815 1 0.7909807 776.24475 342.47214 988.537 419.09622 1 0.59739923 195.97202 350.1156 548.1094 519.20026 1 0.59605885 849.3463 423.42505 954.0481 662.66846 1 0.5907912 103.31183 468.67026 529.39594 684.1096 1 0.53525215 725.3217 652.22345 950.722 822.9002 1 0.507941 149.53229 312.675 681.27356 687.14417 1 0.44262844 521.2036 675.33014 710.02136 813.4753 1 0.42974395 315.57166 640.27124 389.23962 666.9346 1 0.35778004 989.1497 806.23254 1023.6435 897.3795 1 0.33698937 965.93097 378.78058 1021.70197 463.19568 1 0.31302345 723.40735 397.0672 1014.3021 771.67755 1 0.26359084 812.96234 372.57935 1002.19806 416.2754 1 0.2629785 122.79515 581.4735 545.7574 700.43066 1 0.22355565 496.80273 393.656 837.49133 650.49817 1 0.22291157 502.0382 435.67743 701.0104 671.05853 1 0.22053216 497.0901 149.76181 1024.0 449.584 1 0.21994857 508.5334 682.32385 857.90204 883.7162 1 0.17932709 734.8764 416.00546 835.9858 587.8968 1 0.17245565 738.41736 384.12024 1017.8257 587.9709 1 0.15217122 296.4904 639.8258 383.4031 687.0657 1 0.1337643 396.19083 558.89624 477.33127 607.8292 1 0.13066107 626.4981 658.2993 954.67413 887.69507 1 0.12946941 404.97314 602.5203 539.3543 701.5562 1 0.11381229 379.05 648.0884 506.4101 701.6311 1 0.112140216 307.07193 309.37677 841.8578 613.1116 1 0.08370351 509.42188 459.99695 672.2267 582.6172 1 0.08068422 792.7742 655.45013 1021.18896 714.2751 1 0.07796305 814.3864 381.45883 1015.3066 441.7515 1 0.0773906 302.6003 646.81836 377.91306 672.3705 1 0.07428747 172.14352 230.82619 327.4454 314.6095 1 0.06252246 117.5418 579.3212 367.0063 682.57623 1 0.060209725 495.34814 161.13058 960.52795 263.0752 1 0.059947386 425.10553 307.59094 696.1674 669.21313 1 0.053877905 388.04385 548.13464 501.16354 652.6416 1 0.052485455 657.41486 398.7296 842.6994 635.72253 1 0.051539063 298.4771 619.3052 530.6949 700.98987 2 0.99128705 586.0718 792.9162 723.5873 897.7177 2 0.58768183 725.2492 652.5844 951.83 823.9013 2 0.45198157 198.3231 345.82642 543.8559 518.4306 2 0.36473024 581.0231 730.84784 761.8965 893.64984 2 0.1466457 407.51492 302.63123 647.299 460.45605 2 0.13291022 513.99414 683.23895 850.1221 883.60675 2 0.114217676 626.4981 658.2993 954.67413 887.69507 2 0.086472556 623.52246 744.6406 845.19836 883.3314 2 0.08216802 549.8986 710.9679 748.2482 822.214 2 0.06315723 405.89954 605.00354 539.9178 701.18616 ,test/1736.jpg
0 0.2889104 322.94183 570.0552 616.6208 756.46216 1 0.2682661 325.26392 570.4979 618.22327 754.173 5 0.059254847 324.40674 570.401 618.33215 755.24536 7 0.8064004 325.8452 570.4276 617.8166 755.58984 ,test/1737.jpg
5 0.9998254 240.53333 324.3867 770.4507 599.8684 ,test/1738.jpg
1 0.9921989 288.76892 573.8069 436.0923 679.68335 ,test/1739.jpg
1 0.4061585 60.085327 304.52734 658.89014 688.358 2 0.94472426 49.18683 304.75818 656.57983 690.1022 3 0.06270149 653.31506 451.70844 929.6902 757.4349 4 0.10452544 653.31506 451.70844 929.6902 757.4349 5 0.1316259 652.8221 453.14246 929.77264 756.952 5 0.07925515 47.848663 305.80603 662.3502 687.58636 8 0.9793088 653.1967 452.70938 929.6917 757.016 ,test/1740.jpg
0 0.9971046 740.13 116.72307 936.23364 315.36053 0 0.6443223 0.0 0.0 58.11428 145.39949 0 0.57682586 841.4673 579.62085 973.5718 687.11487 0 0.056372777 924.26025 708.63306 1021.6123 868.8096 1 0.09671158 261.11078 309.38208 580.7758 669.32654 2 0.99925596 259.11154 304.57825 580.3596 671.26337 2 0.28667977 238.64258 294.29233 595.9774 402.34268 5 0.2036351 0.0 0.0 58.41272 145.51169 5 0.116021864 239.097 295.9656 592.38715 385.3309 5 0.07959407 244.51814 288.2591 575.42303 341.87585 6 0.4055664 0.0 0.0 58.24572 145.38449 ,test/1741.jpg
0 0.7133976 721.9079 281.3039 770.37115 301.02325 0 0.4299388 833.7615 145.26753 920.25854 218.84099 0 0.14934474 242.72893 333.59662 751.8022 699.1702 0 0.13995308 684.32715 5.9183455 734.73413 23.262127 0 0.07295748 683.60767 2.5920572 734.6022 15.040797 1 0.8291738 833.342 145.37183 919.13055 218.80704 1 0.13826883 722.4104 281.66965 770.484 301.95413 1 0.0798437 742.64075 89.09941 1022.0277 546.10535 5 0.055313513 742.26953 73.77959 1022.24927 547.36536 6 0.9894896 243.64151 332.99567 750.7184 699.3387 7 0.25940126 722.671 281.81198 770.04016 301.37534 7 0.08660389 683.683 6.3275156 734.7346 23.727108 ,test/1742.jpg
0 0.99938333 209.14874 196.0455 754.28394 831.3606 ,test/1743.jpg
1 0.23927498 335.77844 371.7403 731.3176 671.54584 2 0.9898727 328.71628 368.456 751.7339 679.40753 2 0.9597498 327.89252 371.5562 493.2218 624.14404 5 0.9583084 646.151 373.41687 762.66516 687.69507 5 0.050483566 471.79388 374.8634 750.0024 675.5497 ,test/1744.jpg
0 0.10435785 231.09384 635.1441 529.9143 842.7968 1 0.08379399 232.93335 634.593 523.4302 843.8982 5 0.05257431 230.58507 632.32855 518.94885 841.69415 7 0.99108666 277.8857 79.45911 643.59375 842.33325 7 0.89325553 72.596985 398.982 389.3029 507.4364 7 0.16187122 231.36113 635.11346 533.9921 843.9598 7 0.117404014 91.809906 361.4983 565.18005 832.13635 7 0.09035726 470.78214 152.18965 624.132 219.1345 7 0.050482396 66.032135 395.8601 421.74988 678.52856 ,test/1745.jpg
0 0.6258856 726.95685 665.34576 957.52765 788.9804 0 0.5382249 746.3529 539.6364 1004.91077 643.71906 0 0.3197806 725.89124 648.8877 1021.46387 851.3966 0 0.29398948 1.7398758 351.61237 145.14218 540.37274 0 0.16136342 741.07733 423.8304 1009.7045 786.0299 0 0.10462303 111.03087 461.76624 152.94337 485.99335 0 0.1040889 993.1571 657.50415 1023.97644 755.04456 0 0.094211504 23.342274 245.89597 143.42291 497.51346 0 0.0799062 182.56349 234.11784 214.40761 265.09848 0 0.07238068 37.42627 354.95758 68.81151 395.9281 0 0.06958135 127.106415 367.7796 245.6712 415.123 0 0.057666067 124.417885 330.7704 299.54773 482.2389 0 0.05652644 27.408691 246.39963 106.79364 399.27396 0 0.055717327 131.89267 245.9685 309.6971 557.90894 0 0.05558855 646.68005 441.5088 790.6083 600.10754 0 0.05363785 241.00313 207.72588 288.00928 256.3728 0 0.053378876 137.88406 374.6956 224.14487 552.44336 1 0.4209188 125.66613 326.25708 304.71588 563.4679 1 0.38775206 241.13536 207.21347 288.37265 256.62128 1 0.29583037 111.35113 463.6395 152.71217 486.04544 1 0.1814605 406.5203 431.77136 500.93698 639.78577 1 0.15576872 181.48077 391.8686 301.09286 555.9693 1 0.14699434 721.7397 616.84485 751.23566 682.5814 1 0.14681354 106.72818 414.61316 165.89389 486.5252 1 0.1411981 119.49668 368.72937 268.91895 473.5564 1 0.1263668 25.755539 249.66626 145.1811 464.4178 1 0.082727715 27.408691 246.39963 106.79364 399.27396 1 0.078290366 107.31929 448.99734 147.09396 485.99655 1 0.06677616 124.03099 374.80838 237.97905 550.93353 1 0.06258332 2.8232346 350.91522 142.39853 539.763 1 0.061196137 136.0498 416.52374 173.50385 467.484 1 0.05331565 113.80139 369.9149 189.76141 496.481 2 0.37604478 137.44037 416.6165 170.18967 466.88785 5 0.27670488 645.71747 443.23965 689.55 493.38272 5 0.23063855 137.23682 417.0544 172.89487 465.73624 5 0.07197774 642.4773 437.3762 722.10474 490.4177 6 0.9520406 739.5038 405.01385 1007.3165 786.99603 6 0.9212117 724.7559 589.267 1019.71405 869.89374 6 0.49937683 940.67566 607.47186 1021.1891 776.5318 6 0.19711249 2.128418 351.0968 144.65935 540.8356 6 0.13582787 970.977 601.62726 1019.49554 866.7669 6 0.1301764 994.292 642.40643 1023.9148 765.7216 6 0.09107674 746.59436 541.2566 1012.68396 663.8441 6 0.080548726 727.3503 663.70996 1017.84 784.20667 6 0.077348 722.29346 616.53674 751.24426 681.8115 7 0.9982679 285.71777 176.663 501.89203 643.0371 7 0.99596405 470.53537 403.7921 715.05743 665.7451 7 0.9603148 137.14948 189.27992 309.87253 565.47473 7 0.81521755 668.7813 449.64368 782.33234 609.829 7 0.7592159 683.15466 457.44574 774.8983 529.5709 7 0.5792838 240.61192 228.17392 300.7549 297.3961 7 0.537799 1.4980316 352.21185 146.51314 540.11646 7 0.3975812 182.56349 234.11784 214.40761 265.09848 7 0.3501437 149.04651 188.62122 294.2229 381.391 7 0.20169456 166.71457 193.91403 218.06863 274.368 7 0.19956286 140.2813 228.21355 168.9088 267.02716 7 0.1499118 139.45032 186.82767 188.25299 263.16754 7 0.13907479 230.5937 206.29254 289.2612 259.51968 7 0.09809675 106.72818 414.61316 165.89389 486.5252 7 0.08549422 117.65175 381.28152 140.90773 461.48886 7 0.080291726 105.252304 367.10654 145.48221 485.3406 7 0.07614819 688.42303 504.29697 745.2753 605.24725 7 0.07465258 111.03087 461.76624 152.94337 485.99335 7 0.0677936 469.5269 455.92413 496.30167 524.77496 7 0.06773837 209.26965 204.19278 298.42053 310.7571 7 0.06285878 256.2218 247.11967 297.59167 304.52942 7 0.060313586 133.79381 309.25174 301.24738 495.3038 7 0.058018588 469.21768 447.4947 510.37875 606.1529 7 0.053856514 470.99268 499.3636 495.58112 563.83673 ,test/1746.jpg
0 0.99998736 246.76907 393.43842 872.33655 849.9024 ,test/1747.jpg
0 0.16973694 219.70319 324.54276 749.9035 599.224 0 0.06222327 564.6553 330.01883 758.03174 497.86404 5 0.5187561 215.5647 324.48206 746.0132 599.2076 7 0.79154634 217.32898 324.64258 748.08905 599.293 ,test/1748.jpg
0 0.15693371 333.03152 941.21326 431.65146 1023.2998 0 0.10908111 228.12718 691.9 290.45355 770.954 0 0.09778462 455.853 519.0698 707.75854 778.7616 0 0.053587712 452.12592 308.71082 700.814 727.2871 1 0.12310025 453.3971 520.52606 705.73584 768.2072 1 0.082680665 452.12592 308.71082 700.814 727.2871 1 0.05031905 524.92554 505.53506 694.306 606.5777 2 0.14028656 455.22137 550.70483 701.602 775.234 3 0.052269433 42.991035 358.04236 158.05576 743.16833 4 0.22410174 301.48022 780.59863 476.7931 979.78345 4 0.07869671 292.71158 644.9798 359.78214 835.9692 4 0.07187636 346.24493 823.9052 516.79193 1023.02435 4 0.059387524 44.07598 392.365 157.02502 735.6625 5 0.53544676 442.93726 516.10016 707.1708 797.7861 5 0.22516815 335.7675 874.9746 760.6776 1016.76587 5 0.08968778 608.6274 1009.36664 656.3875 1024.0 5 0.076275185 15.297745 364.7292 214.73651 750.17194 5 0.05830828 332.51212 487.43158 755.3004 882.8383 5 0.057423912 815.8342 973.3384 952.0399 1023.01843 7 0.9986986 175.66696 69.19345 807.2467 947.719 7 0.45054317 337.3405 328.81784 700.00995 632.63135 7 0.23609193 447.28952 531.3628 703.30896 781.29736 7 0.20976369 324.12646 826.2172 752.67896 1016.43756 7 0.16737516 382.05362 479.6611 730.56616 879.1947 7 0.14354299 229.28445 692.2688 282.41916 770.4856 7 0.13949881 272.4839 279.80896 735.137 876.8235 7 0.13927273 608.6274 1009.36664 656.3875 1024.0 7 0.11509324 329.42688 769.36194 785.18726 940.6975 7 0.063931614 156.07846 156.34116 335.96793 751.8325 7 0.057349198 203.08733 704.83887 495.30475 979.40027 ,test/1749.jpg
0 0.15360661 546.6152 531.40344 658.31195 586.338 0 0.10593145 335.7956 440.63126 807.4178 769.245 0 0.072052956 339.95825 438.945 549.47894 598.36554 1 0.08343453 336.35922 439.64316 807.7407 769.54834 5 0.9173227 335.75906 439.9791 807.45593 770.896 ,test/1750.jpg
0 0.4204495 424.0808 305.23093 691.4586 561.3805 0 0.19343016 482.88818 516.73663 554.7395 533.55817 0 0.120911114 330.22662 346.99545 555.44 525.93567 1 0.92342377 323.78058 307.33743 692.3713 554.5707 1 0.6204154 329.07495 335.3269 555.9937 524.8814 1 0.06871336 482.88818 516.73663 554.7395 533.55817 ,test/1751.jpg
1 0.9983627 130.3241 284.6305 709.21796 681.2281 1 0.93596137 110.680176 467.7935 361.93765 683.1002 1 0.434871 507.41138 337.23163 707.9392 550.95935 1 0.095343396 597.882 521.26385 656.0566 574.28217 1 0.05904348 197.42209 478.16754 596.62537 678.2244 1 0.05290573 300.03314 383.19833 615.8124 662.6299 ,test/1752.jpg
0 0.49688056 259.1137 125.62991 558.2268 877.59094 7 0.68832135 258.6449 123.77487 559.48145 877.7031 ,test/1753.jpg
0 0.36682793 207.7705 276.2864 654.93823 567.22327 1 0.8260538 212.16327 274.82242 643.22736 567.20056 ,test/1754.jpg
0 0.8842979 334.9243 214.49551 631.9779 871.9773 ,test/1755.jpg
0 0.1314302 493.83823 227.05301 640.76514 367.03824 2 0.06978607 494.8528 226.46982 641.15283 368.3328 3 0.9960801 256.65482 670.3651 473.91702 817.0432 3 0.974585 494.30078 229.24936 641.5436 367.98648 7 0.08609204 493.95886 229.819 641.8197 368.26297 ,test/1756.jpg
4 0.8871175 312.27203 431.2693 650.5395 793.1813 5 0.5589182 311.64008 425.46423 650.95306 790.52747 5 0.0553421 0.0 0.0 162.80939 208.91055 ,test/1757.jpg
0 0.57891893 713.03955 564.5173 927.74304 656.1799 5 0.99481887 191.27576 148.66113 772.43933 772.54694 5 0.60485184 584.01117 342.5251 772.29425 779.25507 5 0.51159483 713.8251 564.11523 928.42883 656.08276 5 0.23772883 194.05232 143.36911 387.47644 500.92374 5 0.08205873 582.1799 547.59106 935.6945 771.82825 7 0.10164415 194.05232 143.36911 387.47644 500.92374 ,test/1758.jpg
0 0.16597484 512.58527 686.785 719.13434 1014.1679 6 0.98161626 365.9917 243.7543 657.0623 862.9313 6 0.07279725 189.84367 230.88953 669.83923 987.58777 7 0.07512803 585.55273 229.85168 654.4181 274.75983 ,test/1759.jpg
0 0.121999174 271.76526 472.68335 413.33966 597.70825 1 0.112613276 238.68465 311.64374 383.70996 448.58362 1 0.109125346 274.51398 469.86694 415.11646 597.3469 1 0.104811706 287.39337 466.44458 365.4228 550.4473 7 0.99904746 226.06613 212.53365 809.81323 699.4742 ,test/1760.jpg
0 0.99961984 459.01483 339.97952 653.42633 647.5084 0 0.29997435 648.9528 145.69202 1017.53314 754.27136 5 0.43213037 650.8865 145.10959 1017.08606 755.46423 6 0.0682605 650.3232 146.57196 1017.09406 755.66205 9 0.067709856 647.63245 144.01114 1017.9442 754.2495 ,test/1761.jpg
0 0.091115244 320.78857 2.3733559 502.55377 70.20015 7 0.9992618 475.00955 488.5633 563.6558 593.8665 7 0.1503322 320.2748 1.2869453 501.20883 72.49217 ,test/1762.jpg
0 0.12919791 272.2559 253.514 289.49484 303.09927 7 0.99259406 392.57 289.60052 843.2059 740.3885 ,test/1763.jpg
0 0.68573606 938.48004 20.170835 986.82416 70.73786 0 0.49853465 895.0543 278.11273 1022.0936 578.7219 0 0.31555745 942.04974 0.0 1024.0 153.68753 0 0.2644301 975.4337 0.6899986 1024.0 64.62019 0 0.109536596 860.2438 84.03026 989.79407 226.66411 1 0.054612033 975.132 1.2827835 1024.0 64.0959 2 0.24831659 975.4173 0.89261246 1024.0 64.43388 3 0.66997796 975.12836 0.98467827 1024.0 63.869667 3 0.33291343 890.7387 290.52097 1022.4371 525.18994 5 0.998343 399.93402 311.32922 744.0749 924.02734 5 0.24341826 401.89255 193.88239 494.42728 350.5357 5 0.057948556 441.55118 209.85661 489.4951 303.5188 6 0.15955243 860.39795 84.26614 990.4977 227.1503 6 0.058865502 639.85266 792.7416 844.56165 912.24255 7 0.78760296 942.3095 0.0 1024.0 152.37167 7 0.48343104 441.33115 210.99538 489.71695 302.3153 7 0.1614562 975.3759 1.0108528 1024.0 63.497967 7 0.12807395 975.69305 664.0667 1022.9102 730.3499 7 0.07129818 398.28885 325.16748 734.7068 918.4435 7 0.059683677 880.0293 283.17084 1021.0773 577.3401 ,test/1764.jpg
0 0.7221176 628.99133 192.9454 677.1273 215.7807 0 0.67181814 584.0797 207.75735 650.32275 245.11835 0 0.48535314 580.04364 193.72063 675.61383 246.52544 0 0.15142296 519.77026 278.9101 621.34094 378.96393 0 0.15055837 438.38593 225.47325 662.14166 381.78754 0 0.050788473 618.65063 191.0771 677.46704 231.44875 1 0.99782467 178.37213 30.659882 729.075 665.7147 1 0.48903048 441.64874 226.8247 662.0173 381.16992 1 0.17642975 583.4583 207.96245 644.9875 246.10948 1 0.14866413 401.9099 206.14296 702.6704 636.5642 1 0.08977721 519.77026 278.9101 621.34094 378.96393 1 0.07988581 583.2646 226.34416 658.89935 256.8003 1 0.07426916 534.7123 220.58836 667.42615 347.562 1 0.056549713 259.6372 21.326813 661.751 378.9191 1 0.05500392 581.1896 193.93654 672.82324 248.69765 1 0.052182157 628.4282 103.773254 718.7258 377.08405 2 0.9994785 740.39935 322.14505 886.41 461.8945 2 0.11794359 515.49194 340.16064 552.91785 372.35437 5 0.061477263 319.78455 217.53708 510.7987 376.31985 6 0.39946604 320.8498 217.27208 511.35925 377.91443 7 0.29288095 569.24963 219.93344 660.8618 323.02457 7 0.16916719 438.38593 225.47325 662.14166 381.78754 7 0.059390526 519.77026 278.9101 621.34094 378.96393 ,test/1765.jpg
3 0.99995446 374.49615 383.45398 638.1175 673.74304 ,test/1766.jpg
0 0.293333 377.0877 270.1466 620.22504 603.2159 5 0.95416224 376.23804 268.6922 620.8057 603.83496 ,test/1767.jpg
1 0.2453302 237.26253 519.9388 633.2209 828.5805 2 0.9655177 242.38467 518.3533 634.562 827.7875 ,test/1768.jpg
0 0.94519633 391.40506 279.73456 646.4462 598.9068 0 0.70314175 311.69806 558.15717 466.37756 625.2481 5 0.900603 379.29327 441.148 610.3193 592.20355 5 0.28577134 381.9226 279.1323 648.40857 603.33093 5 0.06875833 315.3114 441.33386 537.36975 630.73047 5 0.06532943 311.83685 558.18 466.60815 625.05206 ,test/1769.jpg
0 0.15313108 184.34642 762.98627 244.03883 798.46747 4 0.9994124 102.52896 317.50284 915.672 791.7605 ,test/1770.jpg
0 0.43893534 5.101227 50.49341 186.75244 356.33224 0 0.08791059 158.98358 305.57825 899.12445 1024.0 0 0.06730764 0.0 747.4585 610.7781 1024.0 0 0.05245887 254.37994 741.3556 406.61383 814.94543 4 0.9618927 401.5063 331.4939 760.8875 594.997 4 0.3707771 396.43213 497.05832 510.36865 590.55347 4 0.05757415 372.41953 325.72662 813.5149 756.1651 5 0.06285887 176.22018 308.67416 937.11597 1024.0 6 0.8906389 234.21844 511.74368 324.92322 620.72266 7 0.32476154 5.2921677 51.120773 186.36063 355.57275 ,test/1771.jpg
0 0.17605159 924.045 365.58694 1021.1425 574.1631 0 0.1282149 404.75775 412.96014 696.2192 596.5751 0 0.103650674 262.22507 282.5594 1000.36975 641.50507 0 0.07524841 656.2012 424.29028 760.09546 566.37805 1 0.5405014 403.67062 408.65042 736.9442 600.7615 1 0.12319223 244.54459 270.53888 993.22156 635.7992 2 0.34615314 408.62927 410.48737 706.3716 600.4302 4 0.07206857 285.68323 429.17245 475.7755 649.23395 5 0.6940367 283.05463 430.41205 475.9536 651.86957 5 0.3749789 262.22507 282.5594 1000.36975 641.50507 5 0.14513004 300.23126 407.95605 769.59735 623.526 5 0.055011794 289.95184 439.90604 365.41956 654.29364 9 0.88773674 922.70264 365.05865 1021.7478 574.4605 9 0.27923822 833.0431 363.4465 1024.0 582.94806 ,test/1772.jpg
0 0.9929739 421.6533 0.0 674.5022 299.96716 0 0.3371361 791.0223 539.97235 1023.80536 828.0113 0 0.16124675 434.22595 0.0 582.25195 251.47708 1 0.99367464 155.32413 311.39706 967.05334 664.83923 1 0.94063413 98.8185 343.28204 388.20734 688.76337 1 0.9257799 101.395485 338.5631 276.54572 577.338 1 0.92552084 167.05554 385.28333 994.7228 873.3884 1 0.91396433 269.02164 650.7693 905.66406 880.2837 1 0.89089155 300.59058 274.4117 741.66785 638.6023 1 0.8648108 443.47006 590.5277 783.0504 664.6554 1 0.6610715 790.1035 537.82465 1023.8766 828.7249 1 0.5236715 366.74994 517.26154 972.2762 661.82733 1 0.37271756 205.98547 331.36768 274.40506 558.03217 1 0.24481091 0.0 360.3259 176.11687 429.41568 1 0.13226862 238.21341 564.73975 875.8042 667.30493 1 0.08381068 268.9002 414.36945 303.55743 463.70697 1 0.076595806 290.38647 339.2118 403.67828 610.4014 1 0.068624996 312.0498 268.3682 699.6991 445.83017 1 0.054629017 255.79387 396.18024 302.70575 542.3076 1 0.052749407 301.69427 763.4583 787.0772 881.0982 1 0.05088782 656.28253 354.43317 937.2177 606.05536 2 0.108987786 104.14421 399.15308 264.41785 571.75397 2 0.07111258 213.11862 334.48788 276.64932 565.46234 3 0.10866373 346.26495 548.8383 370.69885 606.1071 3 0.07233774 349.88684 562.2923 402.92706 665.87836 3 0.064407796 339.1713 542.7647 387.00778 607.5351 9 0.28492573 799.72235 542.3557 1022.8138 828.4927 ,test/1773.jpg
0 0.74451184 47.78883 773.8601 103.72958 855.10876 0 0.25614586 240.29193 2.6043549 365.02588 70.301 0 0.15845843 385.1743 366.36996 423.5447 417.65842 0 0.13551345 50.5618 663.3088 182.72461 795.6912 0 0.115941815 596.08984 4.6637726 902.2461 261.74512 0 0.08204706 664.47284 157.91605 825.31525 278.06833 0 0.07656389 592.0672 0.0 663.60443 266.43066 1 0.96061754 280.70172 286.7215 835.9996 831.2491 1 0.8806527 537.09546 141.95619 592.52905 202.28883 1 0.35342515 1.7047882 0.0 497.30603 226.3045 1 0.17707515 47.871338 773.816 103.89928 855.06024 1 0.09929749 346.10986 318.8654 424.36395 552.45514 1 0.08621845 533.7623 429.55594 609.1647 484.09995 1 0.065223426 678.82306 169.71416 782.1944 278.47083 1 0.064486645 416.61212 167.22528 847.15155 414.299 1 0.053620283 543.538 216.12317 591.8764 245.17398 1 0.052102935 358.78458 464.6409 778.26416 824.2788 2 0.16702686 534.4273 430.03848 609.1866 483.16574 5 0.9963031 812.20514 554.35693 872.58417 631.7085 5 0.9926595 243.75925 268.20132 343.655 373.31155 5 0.9891395 672.5075 414.67783 768.98785 637.5564 5 0.9841098 506.511 543.84705 587.9645 661.29126 5 0.9826984 582.3839 578.7839 684.5065 687.7424 5 0.9816435 278.79654 553.75934 375.6035 660.63336 5 0.9787025 406.34106 321.53857 682.5094 436.85718 5 0.97286105 347.48486 402.0536 507.16943 633.9568 5 0.9692207 196.76483 465.07538 300.86386 564.30536 5 0.96332633 731.3711 240.51874 854.5409 372.72418 5 0.9621696 598.4093 228.52066 644.5248 281.80182 5 0.9519465 503.05246 217.2989 600.18835 279.97217 5 0.81237376 669.9032 624.29626 735.2814 733.55945 5 0.8067179 675.7653 157.99294 827.1563 278.8039 5 0.7142161 383.67007 350.22202 430.2654 419.7117 5 0.6108883 535.3973 430.02795 607.8129 484.25055 5 0.5112201 50.562576 663.3059 182.5545 795.5288 5 0.494113 592.27704 384.85645 693.22504 515.8525 5 0.3886109 664.1372 626.94037 689.4043 692.19073 5 0.33275762 544.4304 215.28215 591.59607 247.61137 5 0.31900933 508.10236 481.97992 651.51166 581.4461 5 0.285901 665.3137 627.9642 710.228 709.83453 5 0.2760511 643.16235 500.55518 688.31726 597.8302 5 0.2590438 377.4416 404.08963 518.53186 493.40628 5 0.22452806 648.5335 505.9087 684.445 549.75745 5 0.18004876 499.42267 476.38266 589.4991 560.90015 5 0.17480579 584.9173 447.0306 612.9185 494.071 5 0.1676499 684.9945 165.8394 849.8839 404.2188 5 0.16573168 451.6907 162.05804 583.66046 286.27457 5 0.1521209 570.6872 443.00867 681.5313 510.90143 5 0.13838972 383.49542 373.71002 402.81152 420.1286 5 0.13284194 374.59207 324.92612 521.29846 486.6221 5 0.13029993 560.6957 239.85497 606.72253 273.76553 5 0.12620014 433.05005 159.91223 687.20776 466.82745 5 0.12212285 694.38446 638.4252 719.2332 717.1282 5 0.11883086 472.055 412.48123 539.9095 435.56558 5 0.11863198 685.1097 634.5931 706.1435 712.5367 5 0.10933387 436.56555 519.501 499.78656 638.246 5 0.09979331 723.24866 235.57597 812.8417 286.50256 5 0.09968968 463.65826 408.60718 543.2488 488.59515 5 0.09708525 496.23645 335.01587 666.2743 481.51978 5 0.09578065 494.76422 444.3902 670.07623 650.1921 5 0.0953954 607.7878 410.49805 768.02496 700.0624 5 0.08701063 397.19684 269.62512 766.07794 661.9453 5 0.08168112 376.00198 331.22614 477.85336 440.5893 5 0.078421004 375.68408 345.77502 403.7398 374.36456 5 0.07713281 668.0419 401.44077 696.2449 444.97684 5 0.076311104 298.36694 304.7962 522.7846 673.05115 5 0.0739582 534.2742 444.73172 582.6813 482.74704 5 0.07277481 593.07196 343.6292 691.2858 456.40045 5 0.07225167 480.80856 496.86917 521.48944 620.9021 5 0.070453994 728.8326 161.44977 824.892 253.62311 5 0.06894043 433.6197 150.58916 623.11993 336.61298 5 0.067604095 649.53064 400.61853 718.8286 564.8703 5 0.06417398 636.35034 462.37204 696.50757 611.51074 5 0.06237517 476.7382 421.72165 619.37714 486.18106 5 0.06078271 590.0586 350.89896 846.9867 724.50134 5 0.058334813 479.7028 424.93405 546.178 473.39975 5 0.056988753 515.8961 402.20218 696.3335 501.3292 5 0.05696187 770.4509 351.32486 815.82605 430.058 5 0.054991167 47.898422 773.6688 103.89395 855.0065 5 0.054704167 511.52338 478.5536 598.4649 494.22546 5 0.053717196 404.7858 321.2622 554.6925 424.24713 6 0.60381866 50.567116 663.30554 182.75098 795.5886 7 0.8494444 597.6498 5.1276855 900.44617 261.4072 7 0.82916117 498.34296 481.87695 654.36066 586.16125 7 0.22322147 437.79407 155.91272 595.42004 314.1828 7 0.10929197 664.47284 157.91605 825.31525 278.06833 7 0.078567676 333.55182 287.52197 812.4561 783.2449 7 0.077636056 494.76422 444.3902 670.07623 650.1921 7 0.072741315 524.6184 413.6744 701.6277 514.3731 7 0.0572484 385.1743 366.36996 423.5447 417.65842 ,test/1774.jpg
0 0.32609725 438.51184 85.960526 592.82166 204.7664 1 0.99671644 289.22446 95.95804 837.1012 755.203 ,test/1775.jpg
0 0.9763598 292.36615 266.7875 713.9257 744.9431 1 0.35558015 287.12738 265.3699 711.83923 747.11035 ,test/1776.jpg
2 0.99995685 146.13046 242.30643 870.016 728.7605 ,test/1777.jpg
0 0.61616486 219.83067 612.1446 280.7994 643.9826 0 0.45296884 663.1174 627.5978 794.52924 730.21387 0 0.3749885 648.8315 106.27111 682.7088 167.04083 0 0.3666605 553.51807 608.53656 617.85095 653.4285 0 0.33147883 767.6906 35.19005 814.372 96.91246 0 0.093280904 349.24347 359.33624 629.35034 541.19617 0 0.08113887 571.25323 607.176 620.7564 640.1312 0 0.073059745 661.58276 147.68361 690.97424 182.86253 1 0.9109122 262.5804 486.92456 781.5272 895.81335 1 0.35341877 348.9414 359.34097 629.63715 540.9973 1 0.086450815 659.3818 148.62897 691.0793 182.29666 2 0.52909446 263.91498 790.57904 355.96973 920.97723 2 0.20131846 349.5918 358.7313 629.4201 541.39636 2 0.14744435 262.65308 465.76263 789.5934 901.3371 5 0.9704554 577.1993 436.75534 801.6827 664.5813 5 0.73294806 511.9776 18.470108 800.2381 285.885 5 0.69323605 513.8516 149.09753 586.2233 285.09186 5 0.6112256 348.81613 359.80878 629.50476 541.1756 5 0.4791549 258.9209 430.56396 793.39465 906.82764 5 0.40263513 662.6236 627.37524 794.6252 730.2908 5 0.38917843 514.2747 102.54603 701.89813 290.00266 5 0.22440742 571.7717 517.54297 666.9734 660.00464 5 0.068717115 559.6575 132.8076 659.49646 235.98668 7 0.97914106 1.678627 86.93033 176.27548 449.64334 7 0.8329167 766.50104 33.95745 814.33075 97.11791 7 0.8041584 515.1324 14.869949 801.1546 286.51562 7 0.08800092 2.064331 64.391266 195.04372 921.8943 ,test/1778.jpg
5 0.623621 986.2144 562.85004 1023.643 609.42523 7 0.9990808 153.67645 298.90164 771.84863 819.6907 ,test/1779.jpg
0 0.99958724 400.56238 307.29077 667.1205 720.9442 ,test/1780.jpg
0 0.35887983 571.45184 333.19955 667.7171 404.43283 0 0.18206838 250.96918 76.91962 765.9124 985.8233 0 0.08166807 555.5182 319.81372 764.53296 944.09875 0 0.0605767 576.99945 339.91714 695.6291 452.85458 1 0.62848765 571.23553 333.27747 667.8621 404.32153 9 0.81034476 250.83356 77.79016 767.32837 983.03723 9 0.49758297 555.5182 319.81372 764.53296 944.09875 9 0.115744 445.32376 59.18875 667.1027 996.3257 ,test/1781.jpg
0 0.44135252 505.68518 298.50555 761.7201 674.4092 1 0.21141243 506.9195 297.9253 763.06036 674.2727 2 0.87787825 505.75195 298.4344 762.2543 675.165 ,test/1782.jpg
0 0.84240615 644.838 547.30975 737.9376 681.5523 0 0.28833053 158.32883 298.83954 452.26358 484.8794 0 0.191757 231.98076 241.03989 348.55838 371.1473 0 0.18070623 465.21243 245.58417 489.58456 292.70178 0 0.1712244 469.1864 274.5276 503.94458 318.48615 0 0.15557715 364.48456 306.57123 447.4961 456.94153 0 0.12528057 463.65714 245.62967 504.25082 315.90475 0 0.10024178 438.62805 268.00027 505.6933 319.77182 0 0.08901471 136.65506 629.8241 316.51715 788.4735 0 0.08652181 441.06607 262.23727 466.11508 297.76224 0 0.07248377 442.6639 270.57394 481.83524 313.0233 0 0.06945727 665.23364 444.72046 864.99023 684.5045 0 0.06405096 450.79626 404.65915 653.03516 571.12866 0 0.055023585 515.951 338.7186 643.10565 435.68918 1 0.9901856 510.8891 331.58038 761.79376 432.8429 1 0.6446244 205.94316 282.04138 459.02502 460.30426 1 0.53159374 231.98076 241.03989 348.55838 371.1473 1 0.5223212 516.31287 334.31937 646.0438 435.1929 1 0.33504257 136.65506 629.8241 316.51715 788.4735 1 0.27073932 364.38168 304.469 445.57272 462.07727 1 0.26355013 505.25986 327.0629 758.5364 538.1288 1 0.2583826 368.17908 296.18573 533.9429 453.81128 1 0.17741607 602.40894 406.41016 784.49817 569.24255 1 0.16432257 450.61676 404.01413 652.7635 571.64087 1 0.13571936 331.8393 222.55017 502.05005 451.71625 1 0.12631914 665.23364 444.72046 864.99023 684.5045 1 0.110014394 331.72733 225.61462 476.2761 299.09625 1 0.0856902 156.05301 241.24904 511.73257 504.02814 1 0.08235262 399.51074 280.3501 767.56433 597.9537 1 0.071071506 468.98904 273.83716 503.83133 318.30005 1 0.069979176 646.4009 546.9106 737.0753 682.6667 1 0.061334442 643.3151 502.19208 684.96014 567.4039 1 0.060244426 487.70163 321.83163 748.7168 712.22876 1 0.058135618 441.06607 262.23727 466.11508 297.76224 1 0.052551128 438.62805 268.00027 505.6933 319.77182 2 0.91971517 417.18735 294.57135 530.9792 438.6568 2 0.35496762 364.38168 304.469 445.57272 462.07727 2 0.18584162 331.72733 225.61462 476.2761 299.09625 2 0.073422246 331.8393 222.55017 502.05005 451.71625 5 0.97905344 331.27917 209.32756 477.19 305.34155 5 0.964804 236.9339 714.17505 615.13257 1001.2007 5 0.39398482 471.9077 721.0976 597.6377 878.7619 5 0.33245766 663.03516 445.3886 1024.0 943.1911 5 0.14567369 390.14993 709.51263 629.4318 895.29913 5 0.11168222 310.96173 706.3644 395.5025 793.41125 5 0.095318645 539.8896 554.784 795.1064 911.4903 5 0.068109944 295.82498 706.925 409.13998 750.6097 5 0.06759575 654.6983 642.63586 743.7813 857.6394 5 0.066205524 624.1861 435.53302 853.09467 910.6685 5 0.058542494 428.3018 704.3842 471.02243 738.3387 5 0.05815546 249.29196 713.11053 481.99692 944.92206 6 0.05182996 237.44414 713.67365 612.15356 1001.78754 7 0.98060703 128.4805 426.5147 597.49194 763.9664 7 0.96031755 639.8619 433.90558 1024.0 952.53314 7 0.91876066 449.93994 403.48523 652.6133 572.7011 7 0.77538246 184.01697 493.27655 245.55643 599.4074 7 0.5783216 162.79575 421.48087 1024.0 960.1118 7 0.48066333 472.8808 528.4088 771.3582 865.47534 7 0.4701141 161.91422 484.97223 285.43768 613.67206 7 0.34923577 160.75027 393.41226 381.68192 498.48557 7 0.3284686 366.72363 419.5509 610.31665 725.4629 7 0.25263593 424.87244 445.2143 661.8967 804.3802 7 0.22297709 435.1264 423.2945 836.65314 925.9371 7 0.18787773 643.27844 549.83057 738.86536 679.6842 7 0.18343858 135.64484 607.3752 325.71866 800.7889 7 0.15599215 643.4395 502.66574 684.53705 566.73755 7 0.13447122 624.1861 435.53302 853.09467 910.6685 7 0.10057122 180.71863 649.5 316.9404 776.699 7 0.09699777 566.9251 583.69165 798.5452 916.51733 7 0.09061639 671.0386 442.99463 862.4415 692.03674 7 0.07934373 235.86871 714.0146 629.7968 1004.3676 7 0.06259222 155.3138 294.89847 448.726 498.48935 7 0.050605837 487.70163 321.83163 748.7168 712.22876 ,test/1783.jpg
0 0.90629315 761.2925 784.71265 839.204 820.4437 0 0.40575114 0.0 0.0 651.2888 542.6317 0 0.18130045 180.94101 39.418167 916.43005 474.03613 0 0.1272882 631.3012 64.59584 931.99286 388.3786 0 0.0952593 567.932 52.786716 839.3347 124.05774 0 0.06712353 272.93683 506.93555 328.36792 557.16736 0 0.059317183 555.51465 99.63739 807.8606 480.12054 1 0.9906454 50.01483 290.58795 707.9796 759.35675 1 0.728774 0.0 8.62561 664.89355 610.5975 1 0.5183378 240.69962 270.3476 652.4248 626.5137 1 0.5111964 58.849213 490.27325 692.3452 708.7436 1 0.39581236 648.5733 62.31984 935.1806 365.78235 1 0.31934148 118.6369 419.2974 676.2402 624.3627 1 0.15482722 264.02722 63.264038 808.4453 638.019 1 0.15141244 475.26343 369.40366 700.59094 597.2897 1 0.11929369 560.18085 52.360153 962.0638 494.50812 1 0.115140595 21.198944 281.78244 581.3563 580.40405 1 0.07246442 0.0 463.35223 113.58612 736.3829 1 0.05776891 407.706 207.07538 666.4349 598.1222 1 0.050587576 761.25323 784.60425 839.25824 820.4458 5 0.15893388 571.94385 49.965088 968.3844 488.1396 6 0.20336767 658.13434 87.446945 935.38556 353.80853 7 0.08138082 0.4024353 14.931702 611.82495 523.7199 7 0.05935951 0.0 3.5387878 225.0931 505.89633 ,test/1784.jpg
0 0.52471095 612.94006 416.74826 662.69604 448.4612 0 0.10989887 539.5268 303.31055 589.805 413.12982 0 0.1003308 735.9133 321.85342 774.66064 389.89542 0 0.06045633 549.5712 337.5059 585.9737 411.4504 1 0.58535814 736.4161 322.6587 774.41656 388.6186 1 0.57084376 539.0887 296.3483 589.98724 410.03476 1 0.36214733 583.1243 351.81882 633.7857 380.45004 1 0.34727606 613.4332 417.27658 662.50073 448.3488 1 0.28742263 473.86084 388.70886 552.51135 451.19287 1 0.14146364 734.49713 332.195 751.0124 386.97382 1 0.11360658 578.86145 274.06744 614.32275 382.86975 1 0.07849642 472.63516 407.4558 523.5818 450.3907 1 0.078487195 581.03906 349.73807 609.89026 381.47415 1 0.07327006 498.99973 391.38333 579.15155 469.63876 1 0.0621411 496.32404 394.89142 548.983 439.65198 1 0.050282177 583.04645 340.83533 665.23627 382.698 2 0.54114264 737.32715 323.71753 774.38477 388.09412 2 0.0925257 537.6886 319.47754 588.1185 410.92218 5 0.30072513 742.7025 267.51178 799.985 310.72015 5 0.13700163 505.42334 335.33557 738.37573 474.95392 5 0.11274146 512.92377 437.4518 535.31415 474.171 5 0.11065676 629.9792 332.38974 728.1414 422.63773 5 0.10965725 714.84796 272.37958 746.15497 309.11493 5 0.10815788 504.54 395.61502 623.1429 469.59744 5 0.076083094 476.51395 389.85815 552.71765 448.66052 5 0.051882245 556.34296 368.54022 663.3305 455.91382 6 0.0964823 726.1638 132.04048 810.43896 323.10846 6 0.09603145 744.1203 269.1829 799.2065 308.61844 6 0.08401937 181.85742 548.23047 222.66449 632.1279 6 0.05367247 0.0 408.4458 58.25378 497.08533 7 0.99989974 384.3933 39.313507 592.69745 412.07867 7 0.99975115 389.76987 366.11896 586.02264 939.5701 7 0.9994904 524.5867 289.9152 909.375 977.0647 7 0.8102792 736.8118 259.75568 891.0982 594.0053 7 0.79929423 505.55423 326.55527 758.1371 480.42184 7 0.52044964 679.0593 269.33807 743.59985 347.32056 7 0.32318088 654.3347 331.99902 725.344 425.9405 7 0.2389764 473.02106 385.286 553.87836 453.05823 7 0.1263234 608.10126 331.28308 736.4827 442.47577 7 0.09893856 709.99274 273.21548 746.7775 308.44467 7 0.09589838 469.59836 403.60706 524.6015 449.99805 7 0.07871282 575.42834 262.07144 858.7396 554.88086 7 0.07815905 450.41602 32.358353 488.6106 84.18315 7 0.07376153 613.19714 416.71075 663.2766 448.2069 7 0.06541749 496.4602 393.97205 548.0934 444.13043 7 0.060436163 736.2274 321.90222 774.68726 389.94025 7 0.05562285 482.8477 321.0314 752.15393 937.95874 7 0.05305712 704.0324 313.42288 762.1873 387.49448 ,test/1785.jpg
0 0.33753276 250.26826 828.4771 315.64166 868.99286 0 0.25199783 602.8386 625.65765 672.54517 681.8134 0 0.16611096 107.47233 490.03232 152.92769 565.62 0 0.05088981 125.79359 491.221 146.22787 572.45404 1 0.9957207 131.91318 251.10031 731.4718 594.0687 1 0.96889764 133.73685 530.29297 743.90234 923.45496 1 0.85923946 422.63626 511.55222 612.9006 597.20734 1 0.81713545 286.72986 537.7777 366.75348 596.3657 1 0.8162563 149.18588 485.75845 621.04504 738.44244 1 0.73055005 312.24915 478.9245 681.38153 607.4338 1 0.6966171 145.99124 389.6823 339.80405 560.33344 1 0.64271414 131.66 556.9507 295.24072 733.3988 1 0.5937326 605.7962 293.24518 787.03815 557.88727 1 0.562039 279.59998 591.6277 700.57776 822.38916 1 0.45105186 146.2522 420.17267 658.0877 604.35016 1 0.4447477 135.34244 502.64233 366.34067 862.9241 1 0.42386168 124.86325 344.9815 734.0073 789.08673 1 0.31831157 249.53268 559.4189 664.79065 722.7088 1 0.26636338 152.0192 474.11685 366.18417 584.4865 1 0.18463923 156.00769 434.6261 409.62195 734.9248 1 0.17399754 147.7781 556.8511 530.6852 842.52673 1 0.17352915 332.27338 734.98 521.3487 793.0 1 0.15721607 353.603 587.3178 380.317 609.95917 1 0.1510361 630.0433 302.9678 774.4897 368.30673 1 0.14411017 154.37555 464.12006 526.419 631.9089 1 0.14238599 246.97997 530.88184 371.28314 607.4219 1 0.13877586 389.10065 424.3927 698.0113 588.54694 1 0.12911163 361.18237 734.69006 458.99908 790.24756 1 0.123404674 487.2598 508.4379 608.0965 579.157 1 0.12066299 286.27722 640.15393 648.89386 942.40857 1 0.10529651 135.53409 567.8667 191.9949 668.7964 1 0.09579952 373.10294 435.8211 663.6808 701.825 1 0.08870902 306.55344 527.70996 357.8632 558.40845 1 0.08475158 348.12485 571.18933 377.94485 610.4636 1 0.084287934 143.90855 524.611 361.01965 640.7651 1 0.083908334 136.31392 542.0365 213.19029 727.12756 1 0.0781588 0.58213043 496.8153 154.81787 728.68567 1 0.07269727 413.961 625.66675 675.0014 708.9502 1 0.071516484 437.31372 469.09067 671.8341 576.8978 1 0.06952265 160.58319 298.19855 434.53223 556.08905 1 0.06835214 293.048 582.8451 633.71277 681.59827 1 0.066500306 318.2586 731.40894 536.1511 925.756 1 0.060945347 314.94647 689.9981 565.4664 792.715 1 0.060448952 249.01993 827.1182 315.91696 869.1596 1 0.05557866 147.05379 474.45325 256.76102 686.4801 2 0.11153685 360.4671 736.3947 466.20465 789.6829 5 0.10461961 107.47233 490.03232 152.92769 565.62 ,test/1786.jpg
0 0.31590223 602.3805 297.53986 676.3115 335.9345 1 0.08939976 600.82825 298.1319 676.3131 336.06494 1 0.08833119 329.1769 1.828908 373.9163 12.6376095 2 0.05200099 601.59296 297.9205 676.2789 335.8738 3 0.1025828 604.14734 298.6399 675.9697 335.38794 4 0.053128645 953.49854 304.3762 1024.0 459.11545 5 0.8898958 953.57623 304.4493 1024.0 458.98965 5 0.103742115 438.54184 0.0 521.003 147.988 5 0.09172807 601.59296 297.9205 676.2789 335.8738 7 0.99991584 305.79083 135.6225 766.8576 914.24347 7 0.087970585 600.49023 298.1277 676.2788 336.58875 7 0.053637784 433.15686 0.9427643 521.8782 145.49295 ,test/1787.jpg
0 0.13998507 475.29843 1.0791931 1022.09045 551.4856 0 0.06179055 506.38666 0.0 1000.8851 98.776924 3 0.99995506 449.60107 302.52087 661.0331 605.79315 7 0.89215916 508.27792 0.0 992.6708 97.11528 7 0.39760858 504.93994 0.0 984.14124 263.56097 ,test/1788.jpg
1 0.99833006 654.2138 286.44702 993.2143 708.2404 1 0.47531357 838.6721 308.12256 1024.0 510.45978 1 0.42581806 0.6430588 178.911 121.79273 516.9955 1 0.3948048 673.63855 269.0585 848.093 450.56155 1 0.062064577 687.9299 347.94098 840.2144 469.24945 1 0.051099062 961.9613 456.6557 1022.9391 506.80804 3 0.055227175 767.48627 420.56613 842.37726 467.12418 5 0.98129326 767.6462 420.49957 843.169 465.90485 5 0.088636786 767.89453 422.40448 786.3457 465.3059 7 0.99980706 511.22675 391.9794 700.5734 749.26733 7 0.999696 53.658386 430.2489 364.35895 756.885 7 0.99956816 412.87628 419.70728 535.0203 631.2416 7 0.9990409 255.97691 192.74101 512.1407 656.1095 7 0.99731773 486.93124 183.3352 600.17554 412.82092 7 0.9951383 117.12043 224.42365 287.46866 540.68756 7 0.9934315 512.4018 368.4964 663.60004 444.81378 7 0.07966248 483.7464 222.46518 527.767 240.43301 7 0.07055493 841.2711 298.4297 881.68506 376.0854 7 0.06396049 483.25156 221.57509 527.1342 262.67017 7 0.06251863 99.30591 254.97952 430.13702 716.5897 7 0.055496346 514.32153 188.2255 550.85156 240.6322 7 0.051261876 552.66296 409.98193 616.92395 443.22443 ,test/1789.jpg
1 0.8783653 129.74277 337.43906 249.7221 465.2507 1 0.70930535 166.69785 447.03143 260.2682 552.1117 1 0.6300299 174.09407 443.39606 289.8239 737.34296 1 0.3700317 240.79063 321.34113 270.5569 365.20636 1 0.16892292 227.83151 317.78543 271.24823 394.3876 1 0.13397655 164.26453 364.40976 353.1432 791.8938 1 0.05701994 225.59103 353.00882 249.31204 392.4962 1 0.05669622 165.4425 449.8111 212.51431 547.213 7 0.998164 180.52945 0.0 765.7117 1000.71985 ,test/1790.jpg
0 0.05310927 493.1562 188.40366 1018.6137 703.8629 5 0.3506647 490.67993 330.19504 802.697 697.4905 7 0.9232222 519.01764 621.3639 796.90497 730.458 7 0.9023683 491.12582 186.60812 1023.39026 721.7667 7 0.8866648 490.12082 329.85913 803.83374 699.2737 7 0.121283054 685.9762 203.36227 1022.0386 478.39786 7 0.051056415 514.58276 621.1498 796.7638 842.1035 ,test/1791.jpg
2 0.999648 204.68259 519.9926 439.88852 727.6829 ,test/1792.jpg
0 0.087603964 95.79661 415.6631 279.0505 573.2093 0 0.07039445 2.5256958 116.8986 120.550896 342.10434 1 0.08125311 95.539406 416.7096 281.09512 570.0597 2 0.47540852 95.725876 416.18304 280.9015 570.43604 3 0.999892 562.55853 343.9776 799.15704 670.09515 3 0.47996065 95.894104 370.96643 364.4959 573.84106 5 0.54660666 92.47816 389.37885 340.67432 573.5178 7 0.07495811 95.46045 416.78998 279.2456 572.0968 ,test/1793.jpg
0 0.991267 722.9947 260.81787 828.8238 476.43262 0 0.22811279 595.3708 694.3031 641.9078 762.91223 0 0.09762742 587.3529 272.19052 833.85486 481.343 1 0.97489697 537.0586 514.7613 834.95447 682.24554 4 0.17078544 572.66345 670.9198 783.9148 784.37305 4 0.06878153 517.00476 447.6593 860.1841 778.97644 5 0.99849296 517.574 449.41742 859.09424 722.4161 9 0.21027693 236.52466 632.4524 1023.4614 1024.0 ,test/1794.jpg
0 0.9421495 237.7255 174.35796 661.3712 678.6067 1 0.10228272 236.63469 176.74855 654.8353 678.811 7 0.25019988 236.40407 173.58261 669.6501 672.3075 ,test/1795.jpg
0 0.82660866 488.70474 754.2551 566.61346 827.047 0 0.1062086 794.07556 594.9755 876.7473 655.05035 0 0.07820153 653.5528 520.9488 723.31305 549.325 0 0.054396924 378.50806 944.1718 416.12042 987.6977 1 0.9674048 564.864 428.17603 872.8447 770.74927 1 0.9648144 633.9434 557.79 861.6258 714.85724 1 0.9430567 493.34796 430.56375 592.4505 722.60876 1 0.92995316 603.219 421.02148 880.157 574.65424 1 0.5809682 793.72314 594.8351 875.6531 656.755 1 0.49514097 638.2039 636.0623 837.1276 713.41046 1 0.48827386 617.6854 422.101 749.1598 479.4452 1 0.41156292 622.2251 422.91077 749.9397 551.63715 1 0.32301453 630.568 459.19836 710.5161 523.8823 1 0.30941126 608.79376 611.88586 837.0212 771.05225 1 0.2663051 495.33264 424.47412 562.06714 582.4136 1 0.2620825 503.49304 449.91064 663.0231 718.777 1 0.24809921 653.5528 520.9488 723.31305 549.325 1 0.20793734 501.10632 457.4078 578.0464 555.0999 1 0.2013652 705.7683 654.61926 840.16003 714.4049 1 0.19115467 642.9432 592.0343 820.65326 689.5537 1 0.18943956 635.91956 657.8474 733.93054 706.5171 1 0.18178025 650.8856 555.75525 830.6959 634.77844 1 0.18167198 568.0167 448.45023 721.4408 550.4132 1 0.1326842 643.4758 516.5427 721.33435 586.95593 1 0.092978835 633.45233 667.2197 780.5153 716.37146 1 0.08896048 644.4403 553.9994 790.60693 607.43604 1 0.080605134 646.3635 474.0112 734.9547 550.48114 1 0.076038726 632.5221 616.7597 709.45593 708.5821 1 0.072639026 719.55 588.31256 874.51483 686.1573 1 0.06877203 576.58984 447.28442 673.7893 758.46704 1 0.060011335 693.8143 476.68533 735.3891 537.17645 1 0.054801963 640.17554 539.1526 772.52 578.66174 1 0.054683246 637.8385 675.1417 719.281 700.7605 2 0.12958696 488.60504 754.084 566.7354 827.4142 5 0.29349127 488.97458 754.3507 566.39667 827.067 6 0.9990281 102.94241 521.04565 535.5304 843.09436 6 0.06553645 120.55443 515.3112 507.4272 699.3808 7 0.9818501 390.65155 429.15295 502.77716 548.0263 ,test/1796.jpg
0 0.08159853 182.37183 202.77133 704.12756 871.1444 1 0.98346245 184.4365 200.22168 703.4346 867.094 1 0.06263935 445.245 328.97992 705.40393 708.2784 ,test/1797.jpg
7 0.9921916 455.7685 417.68277 848.60724 721.1483 ,test/1798.jpg
0 0.22406654 243.17729 316.17908 687.618 727.2411 0 0.05419538 356.1054 591.7096 508.82562 696.21423 7 0.9546365 247.29425 310.46686 720.6761 731.9899 ,test/1799.jpg
0 0.58772826 508.9095 773.45496 619.38654 812.4282 0 0.05342689 461.35992 765.57385 504.07153 879.2992 0 0.05266166 11.42363 920.67004 152.92911 1022.18945 1 0.99660385 408.30542 250.32138 816.7848 648.9873 1 0.92543983 142.45654 616.1748 180.49133 677.2997 1 0.67599994 725.3232 337.05536 810.3483 413.75757 1 0.26464313 437.68268 248.89404 783.7911 477.17273 1 0.21529551 435.74078 265.81183 731.4482 355.85577 1 0.19826677 730.3426 404.59573 780.87555 466.59164 1 0.18845215 446.7918 437.0758 820.1435 645.55054 1 0.18010043 594.51666 282.43262 822.9975 648.4554 1 0.13287482 693.32367 369.46906 812.5545 477.70642 1 0.11278074 442.96844 233.79712 671.8012 330.09766 1 0.063505754 676.1084 365.0716 817.0045 557.58136 1 0.059502076 431.85974 454.01498 761.1887 569.6426 5 0.21445929 17.64914 745.2985 418.45038 1020.42865 5 0.15368408 30.028595 918.9136 156.4178 1022.522 5 0.13379085 44.643326 825.902 300.8039 996.84216 5 0.094442174 159.33371 754.814 400.5861 916.632 5 0.08609727 27.557777 897.45764 275.30258 1022.0477 5 0.06360891 195.75735 792.57056 326.75443 921.12085 5 0.050198838 46.66681 772.4947 235.7468 963.9401 6 0.9992761 369.9388 570.9387 795.0029 796.17676 6 0.07317177 384.19168 325.32968 817.43066 798.79553 7 0.9738385 188.98645 809.2036 436.10083 1024.0 7 0.9274406 0.0 650.88385 274.60706 1013.72723 7 0.67462975 13.127594 749.3842 428.2281 1022.25433 7 0.6266975 26.418842 920.55176 151.24792 1022.5646 7 0.4316005 201.99649 824.90283 308.26477 870.61145 7 0.1095057 0.0 721.24 116.86381 1017.04126 7 0.070016146 43.21118 821.15485 304.19208 976.0633 7 0.06275877 183.8518 881.4623 372.27887 1021.77356 7 0.059662174 195.63591 811.7733 326.84924 904.5653 7 0.059501003 30.203041 703.9453 206.95102 923.24133 7 0.054149043 210.40187 823.95184 283.37805 851.99493 ,test/1800.jpg
0 0.55961627 64.53001 285.78906 269.1153 591.66034 0 0.3338527 198.72765 533.9642 245.06453 642.148 0 0.059858557 171.86469 211.34074 320.57043 530.0648 0 0.059140686 286.78787 266.88208 386.6105 413.52545 0 0.050547328 164.55386 996.61053 214.48453 1023.1982 1 0.7145189 67.64519 283.45477 260.153 616.4793 1 0.17340966 118.38014 455.55853 186.82426 568.1809 1 0.12330141 63.17404 325.9939 218.22006 527.1179 1 0.09584339 289.0156 264.1208 385.37296 416.7094 5 0.39620608 290.138 272.28204 363.1548 410.2292 5 0.26580513 408.9929 766.6371 502.53635 1018.52515 7 0.99953806 0.47181702 527.5774 251.4683 954.36926 7 0.99886036 111.56035 0.0 328.83887 239.0293 7 0.9986211 238.05113 412.61386 657.1026 1008.00964 7 0.9740787 298.5332 61.14566 776.8806 678.7258 7 0.75940907 227.29462 257.50165 320.68225 539.33716 7 0.75041324 288.25165 264.674 387.69342 417.25037 7 0.40651065 156.2294 201.96524 324.4317 452.72513 7 0.31125876 408.9929 766.6371 502.53635 1018.52515 7 0.30367053 109.38663 269.272 311.30264 411.94565 7 0.2866407 196.57614 240.57399 386.58072 442.031 7 0.25552163 114.0453 248.5666 300.6339 354.655 7 0.19888307 483.86853 252.86246 708.10693 618.7258 7 0.18215811 56.830498 255.098 304.56168 615.01654 7 0.16951175 312.81818 306.9488 381.8495 419.9677 7 0.12299335 333.02902 129.27809 629.26013 547.4267 7 0.11643005 199.2279 185.60095 334.69165 279.66928 7 0.10241923 166.2489 218.1272 300.68887 321.36493 7 0.098015405 230.28688 379.3843 432.45685 633.3213 7 0.09468656 120.96959 277.15402 241.07094 349.87326 7 0.076579824 290.2771 279.24097 352.7865 398.91205 7 0.073930666 105.38249 63.91803 502.70587 549.08887 7 0.06700984 156.59753 254.59546 274.07138 538.07086 7 0.06680607 226.88715 246.54373 290.3827 335.0707 7 0.06671676 375.19672 397.4273 407.24396 457.57385 7 0.061281133 218.62303 268.771 437.40704 554.1173 7 0.054080475 258.89218 191.20609 332.7299 274.78128 ,test/1801.jpg
0 0.25114083 311.51996 406.76883 409.9088 458.86874 0 0.20342863 451.9486 335.24524 597.9396 524.9425 0 0.12161146 363.31094 454.5734 417.32736 484.98233 0 0.08698886 306.7955 392.91547 417.71024 488.58118 0 0.053698324 434.8215 378.44812 516.6927 527.16315 1 0.28241426 451.9486 335.24524 597.9396 524.9425 1 0.1310124 363.31094 454.5734 417.32736 484.98233 2 0.4095844 452.64688 334.8987 598.1881 525.2521 3 0.05532901 145.45334 428.1127 231.76404 528.8484 4 0.12534192 145.8996 428.80426 231.83356 528.93756 5 0.43302277 434.78107 407.34128 508.94824 506.04807 5 0.36243245 447.18542 295.02838 599.7632 526.8045 5 0.32545918 145.98083 429.41315 231.8544 527.4738 5 0.08189828 316.28235 484.77588 453.65497 580.5304 5 0.068558 412.82297 381.16464 518.1253 528.8301 7 0.9994647 96.91525 251.4349 718.9812 862.7069 7 0.9506527 309.2249 486.69174 451.14014 577.0933 7 0.818958 444.966 256.3799 603.1562 527.4448 7 0.20553121 146.39377 428.55383 231.7544 529.13806 7 0.16262518 435.13074 401.753 508.09705 512.955 7 0.093744434 312.4826 381.7923 541.00854 549.8881 7 0.050857183 294.6579 451.38223 419.52936 533.8254 ,test/1802.jpg
0 0.7517364 510.0653 2.0319824 657.5458 305.42648 0 0.51250744 367.4703 37.092724 518.2113 156.29077 0 0.44571573 370.0009 4.6236115 650.4374 291.01886 0 0.107874066 985.22473 967.676 1023.67175 1023.5751 0 0.08385415 545.7495 181.0201 641.2931 302.54172 0 0.0579661 453.11523 4.4564285 536.5131 160.94455 0 0.050936364 540.0568 918.20276 581.89484 969.55176 1 0.30942044 985.2994 967.6824 1023.8121 1023.8231 4 0.9985879 385.2131 61.045044 666.0703 871.8104 4 0.103816025 607.376 374.15887 664.4402 828.38617 4 0.056830723 565.5874 301.04666 666.9878 840.1643 4 0.050645515 398.48132 96.99924 654.1356 339.0205 7 0.990567 845.38025 0.0 1023.0956 147.36993 7 0.98018056 614.9002 127.64551 1024.0 927.6814 7 0.069200404 366.89926 49.29978 506.14645 156.63745 ,test/1803.jpg
0 0.97254103 849.14966 0.0 1023.1742 693.70483 0 0.91465175 803.042 418.77863 1015.50586 681.94 0 0.61462474 806.0605 494.59894 940.88824 679.83405 0 0.56400865 849.4264 203.65695 1022.10144 439.4136 0 0.4755559 503.6894 282.5024 746.74286 506.8575 0 0.40269354 868.95435 0.0 1003.39856 298.3718 0 0.16208602 731.2781 13.95697 1024.0 990.83813 0 0.10985959 777.19385 395.23148 1023.609 1024.0 0 0.10128778 458.7066 820.2167 587.1413 1022.98254 0 0.09001063 511.82794 646.05566 572.64923 702.9768 0 0.08872712 906.7227 411.56625 1022.6364 524.3035 0 0.07841264 473.80084 275.97537 811.7736 941.2363 0 0.06372285 400.53384 23.01358 1024.0 420.51642 1 0.75461 516.5333 293.70032 680.32947 507.03564 1 0.104932696 473.75345 286.7921 812.94336 936.9617 2 0.65711 478.66156 364.78488 825.2265 938.0127 5 0.99317896 526.0577 192.22885 831.2945 318.43994 5 0.60312456 473.44968 693.83545 728.45953 940.0521 5 0.48992255 473.6492 300.66342 813.3728 938.3917 5 0.21172935 520.88513 186.69748 800.214 514.93884 5 0.056148138 448.6759 769.2664 728.9447 1022.23505 6 0.1452996 481.52362 389.02695 816.86127 933.0565 7 0.2372231 506.73663 283.9062 751.81476 503.96735 7 0.10657716 525.4551 189.86395 827.39453 318.6914 9 0.068976425 906.7227 411.56625 1022.6364 524.3035 9 0.060898203 808.121 435.0485 1017.89246 681.3663 ,test/1804.jpg
1 0.18935966 982.2475 1.5503197 1023.0699 113.68729 1 0.08253702 0.13158417 293.0749 95.72529 508.39392 5 0.12256185 729.4228 54.722565 1021.35785 371.78284 7 0.9997166 143.89433 241.1048 583.971 960.6414 7 0.9991666 3.2749329 523.96436 174.46768 873.55383 7 0.9979665 358.94928 0.0 612.76764 329.25995 7 0.99697065 565.824 301.96085 1009.99194 853.474 7 0.9934088 188.47363 202.931 338.96008 334.2991 7 0.98958707 51.003418 290.1764 221.08878 559.17847 7 0.98428637 609.9552 231.34406 701.2543 390.56946 7 0.36592102 533.38367 304.97375 618.4088 514.13916 7 0.277466 728.04395 50.185486 1021.323 392.57892 7 0.26080757 1.4320698 526.1322 65.04087 666.4442 7 0.22482629 491.75296 238.22195 709.6211 403.2123 7 0.19544114 210.36914 201.33046 325.23285 237.32616 7 0.19281578 57.82312 255.05197 340.68796 555.55396 7 0.19183332 559.0177 296.28342 714.24 663.8247 7 0.14644332 524.8844 256.27936 626.3176 446.15973 7 0.111532584 661.88824 131.17671 701.5428 173.24306 7 0.09793007 582.4297 221.67162 700.49976 501.74573 7 0.07955169 549.89355 316.87335 622.34155 642.1318 7 0.056252 1.057457 305.46875 237.3331 870.33215 7 0.05447597 0.0 286.42593 106.03823 519.1333 ,test/1805.jpg
0 0.0587007 266.66394 208.56818 637.3271 770.92285 1 0.941028 273.47784 210.78766 637.6356 764.5693 ,test/1806.jpg
0 0.09716933 357.67484 673.5795 385.98178 789.0832 0 0.06371425 380.2047 523.0538 685.05493 629.38556 0 0.056794923 380.0196 547.17285 585.66077 706.81213 0 0.053231325 546.36096 639.67676 578.50964 712.0636 1 0.9796801 326.65167 172.0336 687.76666 653.64124 1 0.935792 302.32825 438.47882 699.31854 906.6397 1 0.63516194 327.399 483.98566 689.4014 685.69403 1 0.4860002 504.9878 309.90106 636.92786 457.222 1 0.35627797 344.97464 392.14478 688.703 634.8425 1 0.25847876 308.04224 531.5535 634.5025 754.2537 1 0.13517042 380.2047 523.0538 685.05493 629.38556 1 0.07770938 361.77557 565.10425 633.50745 678.24084 1 0.06261962 686.83575 242.37962 892.9489 414.66852 1 0.061731953 363.68137 641.698 557.18085 759.5095 1 0.0542684 329.16254 588.1296 567.43256 709.03485 1 0.050688364 332.8571 269.85788 637.8915 465.86227 1 0.050451342 389.9452 544.45294 550.4978 740.2442 5 0.18398832 687.3099 242.10692 894.16925 414.9953 ,test/1807.jpg
0 0.5894868 192.80997 211.44727 981.5565 790.1506 1 0.5004868 193.72629 209.74689 985.16614 789.7901 7 0.12587473 197.19434 210.54538 981.9614 787.8158 ,test/1808.jpg
0 0.10752708 0.0 250.54773 983.42664 1005.19666 0 0.060228635 12.766052 462.57837 995.30536 744.58093 4 0.0628611 0.0 786.88324 166.42502 1024.0 6 0.9887453 118.236206 189.59398 1010.1033 700.0319 6 0.86596483 0.0 441.92892 980.7693 1005.1074 6 0.4428478 12.766052 462.57837 995.30536 744.58093 6 0.091693565 15.113586 708.5876 989.7921 989.9495 6 0.08303622 0.0 644.2268 994.0503 809.6521 6 0.07437662 819.9188 191.18636 1015.96216 613.02136 6 0.06893924 960.2269 361.69324 1020.48035 574.38544 7 0.98913914 0.0 323.2418 125.686295 519.8865 ,test/1809.jpg
0 0.38294742 685.37744 313.73865 719.3102 342.02496 0 0.35975704 873.30347 458.04764 936.0443 498.94986 0 0.30969405 242.12619 188.50891 402.92203 618.45624 0 0.0654261 583.7214 648.94794 644.84174 703.0695 0 0.05216108 385.9395 156.40816 558.9492 490.19568 1 0.996458 82.78108 511.36945 427.91833 980.89606 1 0.9701802 216.54732 610.23584 343.56134 772.0294 1 0.56323093 194.16837 718.0045 241.6629 768.61523 1 0.41410834 193.46533 642.85657 264.29828 762.3773 1 0.36503816 873.04614 458.13342 936.21436 501.52448 1 0.31754944 190.28122 582.6963 373.89243 831.48376 1 0.30774045 192.26042 680.02783 233.29262 746.91077 1 0.21766795 197.78941 646.1822 267.21222 689.4664 1 0.17050907 193.0083 712.1466 236.0481 817.1278 1 0.16420059 195.3865 655.58344 242.88403 686.23566 1 0.14936316 193.54137 719.29266 229.92174 751.13153 1 0.12867357 221.25998 645.8028 261.61807 672.69794 1 0.12758768 193.20126 648.1122 243.56021 725.64685 1 0.09717165 236.84242 615.3137 334.12048 711.52515 1 0.08681554 224.34332 702.7349 271.69873 760.7037 1 0.08410811 203.0178 651.1871 257.9414 677.0765 1 0.08117211 197.78262 685.3652 252.09607 765.5463 1 0.076205626 190.50499 690.36743 207.22234 746.3733 1 0.05176925 179.337 655.74054 246.14886 849.34674 5 0.06498442 687.86163 577.2917 760.4296 661.1882 7 0.99955183 366.8178 358.1142 543.94025 743.3449 7 0.99946827 544.56006 506.30493 798.43445 726.42053 7 0.99906176 651.7418 198.0106 876.3036 617.81964 7 0.98162144 539.3 242.47812 711.7835 480.55344 7 0.97858346 823.9558 96.12067 1018.4055 447.40912 7 0.95532626 385.4798 156.47449 560.04236 491.06128 7 0.92415017 818.41016 140.39502 934.7383 372.16193 7 0.8406556 242.64908 188.04285 402.6849 618.3564 7 0.49814224 873.1228 457.98 936.7251 502.09775 7 0.48907748 529.38654 448.1537 569.466 559.5339 7 0.17056093 729.4327 246.15012 781.65375 309.78165 7 0.16987109 631.76544 233.92769 739.8857 468.97443 7 0.14888556 529.939 428.1032 603.7602 569.5325 7 0.12092037 963.88446 433.37335 1024.0 507.12012 7 0.085107535 859.9877 115.41405 944.38293 327.1552 7 0.07652825 802.29706 228.98975 848.5048 379.64203 7 0.07353238 653.4973 240.04736 736.41907 318.89526 7 0.057252206 521.0138 354.13492 569.4961 566.62384 7 0.0568743 576.92926 645.9786 666.6016 716.28534 7 0.055428505 797.9061 235.45984 837.30554 273.30014 7 0.05081112 324.30066 609.94525 359.71442 655.9146 ,test/1810.jpg
0 0.88531786 474.58936 256.5828 599.35974 585.8738 0 0.31972417 324.52155 574.5834 475.53943 739.1964 1 0.21838968 324.28006 573.579 476.0679 740.0735 2 0.76085526 324.29794 573.872 475.7571 740.05914 3 0.32181323 324.52048 574.6405 475.5621 739.3655 ,test/1811.jpg
7 0.9985014 348.12436 382.43207 679.86194 696.7476 ,test/1812.jpg
0 0.7971347 438.60886 49.539978 488.39267 74.472275 0 0.51222366 545.7419 75.10185 630.64056 118.023636 0 0.123270966 619.01135 456.338 641.06067 525.7025 0 0.08844932 331.32425 103.62169 585.4785 512.0501 0 0.08002133 354.6514 173.77824 537.4154 295.65146 0 0.06251429 378.8146 189.6458 471.98935 470.78198 0 0.052778576 371.87958 122.655624 492.5418 317.94434 4 0.08422786 918.26636 831.2159 1022.2805 1020.4803 5 0.6995171 913.4596 832.29535 1023.3552 1020.639 5 0.24640538 526.05225 155.30928 591.1372 254.75578 7 0.9991762 278.63074 68.1915 703.184 923.255 7 0.29037744 356.93707 139.9831 598.2115 512.9149 7 0.2310846 515.9392 83.517715 698.6211 510.29437 7 0.16642132 367.62756 66.361374 708.77234 351.0827 7 0.14486542 686.69476 62.902832 1021.9102 434.84476 7 0.13276196 304.36072 229.63934 350.18463 298.29144 7 0.11676749 436.7992 49.69991 488.99292 76.198784 7 0.08881676 443.78363 54.50763 765.0345 265.59576 7 0.083692774 623.24084 208.284 688.1006 329.30518 7 0.06613413 611.8791 207.70808 683.9484 464.8532 7 0.061580956 495.4446 144.19661 691.83984 348.65442 7 0.056569193 561.7068 154.35857 670.43494 460.0125 7 0.05251905 347.89737 13.160675 942.6886 279.8801 7 0.051830914 529.18774 160.88435 607.26685 371.0462 ,test/1813.jpg
3 0.087698415 299.70026 67.296936 654.86554 619.6571 5 0.9908654 304.76062 61.1994 654.5199 619.8947 7 0.05972259 289.55392 66.443115 654.21985 621.95416 ,test/1814.jpg
0 0.30973688 249.74588 457.4069 284.29117 526.1814 0 0.13595307 847.4119 8.627777 1021.6163 602.32874 0 0.115168355 585.8572 990.9747 703.47864 1024.0 0 0.079945736 251.46754 459.35626 271.68613 546.68994 0 0.06691923 709.7699 837.7505 935.2241 1024.0 0 0.059115365 130.21252 230.15945 485.4975 615.0342 0 0.05649599 444.52292 267.7191 516.04346 320.16672 1 0.99906594 87.0925 235.8399 610.7886 974.86346 1 0.73461866 712.03644 842.11865 1019.1745 1024.0 1 0.3889154 249.81691 457.33914 284.23642 526.08704 1 0.33878145 108.884445 233.27196 532.207 616.8694 1 0.12125174 445.6963 268.24146 515.5548 321.03815 1 0.09741788 587.9473 991.4386 704.19586 1024.0 1 0.09257345 337.15265 759.9301 632.80853 980.54974 1 0.06968487 327.5515 227.75052 525.56146 320.9772 1 0.06146028 255.44427 448.493 288.19464 622.6079 1 0.058286518 267.64233 454.14673 283.81818 526.1212 1 0.05493817 251.46754 459.35626 271.68613 546.68994 2 0.065985985 249.82645 457.295 283.0992 527.7589 5 0.46379015 575.39905 359.3785 609.9795 420.59866 5 0.4072314 587.9473 991.4386 704.19586 1024.0 5 0.13581927 713.99365 842.2472 1018.8357 1024.0 5 0.07953249 769.66205 1009.8858 849.3189 1023.3675 6 0.70771545 697.10474 262.95294 952.3352 612.73346 6 0.25403544 704.6687 265.14874 924.49744 394.11267 6 0.06760961 849.16925 5.772827 1021.5699 572.0857 6 0.06251177 807.8153 322.47168 946.6985 609.4171 7 0.9976816 576.7452 258.97842 941.8215 725.96375 7 0.17873888 695.6437 262.6117 959.9396 616.2791 7 0.08431937 249.6727 457.23993 284.57156 525.2362 7 0.08106651 713.8554 338.72552 757.1805 384.36407 9 0.074964546 583.49634 991.38135 703.93823 1024.0 ,test/1815.jpg
0 0.98848 446.03235 369.7106 585.87354 498.67703 0 0.13609268 438.3375 332.6767 531.6862 458.50134 0 0.08884778 422.3524 345.19202 589.54175 670.4808 3 0.7484984 423.059 368.0956 592.22546 673.3611 5 0.3698926 422.09308 349.57977 590.0588 669.61334 ,test/1816.jpg
0 0.54683894 532.75446 693.87335 654.62115 795.05133 0 0.24896085 405.92053 697.6792 662.0255 911.03076 2 0.061413523 415.65707 799.52344 522.43097 973.9606 3 0.99546874 213.34866 259.32358 620.29175 892.09265 3 0.09930387 405.92053 697.6792 662.0255 911.03076 3 0.08413478 417.76874 721.438 531.5738 976.90857 5 0.16826965 531.8645 693.6819 654.5653 795.34827 5 0.058180317 418.11182 724.8666 531.55804 975.12964 5 0.05062196 416.02902 693.3578 659.56134 953.1376 7 0.45097637 534.7223 690.1518 656.02625 796.25446 7 0.19050704 402.11694 695.0669 661.3379 904.15845 ,test/1817.jpg
0 0.39099094 314.52124 672.30164 473.78784 746.92456 1 0.3080012 313.7766 672.47345 471.27496 746.4843 2 0.11271911 313.7766 672.47345 471.27496 746.4843 3 0.9961475 323.54126 601.0779 467.09705 692.7501 3 0.7194227 314.46967 675.29065 475.71155 746.56665 3 0.14270663 322.25223 572.27985 469.82895 755.6673 3 0.06822725 398.14752 539.3089 454.55548 606.0252 5 0.9779442 471.151 223.84044 1020.3279 520.894 5 0.95162237 450.8804 457.8636 1024.0 792.5848 5 0.66127396 443.45264 437.37634 1013.8694 529.96875 5 0.41880035 447.8552 370.33118 1016.739 565.75195 5 0.39978752 398.24377 539.2909 454.8828 606.0051 5 0.32529968 442.9758 404.63235 1014.73315 490.50656 5 0.28248575 432.73682 500.10474 1011.9287 597.42126 5 0.20169917 494.90088 234.31409 1014.55505 377.89172 5 0.08257282 457.56015 598.93787 517.478 654.9437 5 0.0789947 469.94818 315.81824 1017.3349 457.29993 5 0.051649425 451.52518 490.70242 516.35815 599.2881 ,test/1818.jpg
3 0.99989545 644.2383 561.52576 856.6111 944.2527 5 0.9518773 215.19702 218.1506 837.6194 837.69836 6 0.09166267 219.28745 216.73166 837.1162 842.3263 ,test/1819.jpg
0 0.22852775 787.6807 4.702957 1023.3464 496.10205 0 0.14655417 111.20706 971.30646 204.98816 1024.0 0 0.10505589 2.0621338 293.71747 77.94961 432.16174 0 0.09704265 696.1709 20.216467 737.9728 70.40721 0 0.057106692 822.84674 368.2458 874.03204 397.86053 0 0.056864858 647.6432 47.29132 1021.4391 998.45087 1 0.34990063 3.3079453 891.68787 149.05408 1023.75854 1 0.23621796 606.6193 39.856262 819.84247 387.71454 1 0.2165766 819.448 301.66644 881.3241 402.79156 1 0.09237834 2.8061905 294.29492 75.28722 430.59735 1 0.06644914 0.0 1007.93317 36.578056 1023.5008 2 0.16949663 605.52466 72.406555 808.11707 378.23065 3 0.9127229 768.9786 562.14374 911.2315 729.1215 3 0.41516063 831.9896 435.7264 960.1177 596.60516 3 0.38153446 232.52928 742.69257 350.40338 853.2586 3 0.081378005 277.06537 846.7799 527.83716 1022.0995 3 0.07529445 758.02124 645.1781 918.8993 732.5272 3 0.07526817 1.952549 294.55588 77.42879 431.4435 3 0.07266632 10.768734 384.1681 65.48541 424.9643 3 0.057941236 756.9041 549.8689 1024.0 737.07324 4 0.4272738 834.0152 434.6687 935.3798 595.40735 5 0.9603975 98.260666 808.624 339.5069 1018.54504 5 0.91688174 258.076 80.240875 878.0024 997.8241 5 0.90244347 3.4304352 456.4405 272.95056 918.75336 5 0.8112055 614.4219 0.0 707.77014 84.399506 5 0.80311126 198.85835 307.0365 372.02808 519.99744 5 0.80128807 9.443741 700.449 289.60065 898.2838 5 0.79056597 3.6437683 892.51404 151.6509 1023.6 5 0.78282523 809.0234 55.856064 1022.3483 490.15198 5 0.77132785 604.44025 46.985962 824.794 396.7175 5 0.7167573 892.9905 535.6646 1023.13 749.0894 5 0.6785105 10.633942 448.34943 900.7456 981.3609 5 0.6015756 654.13806 701.2344 878.3325 999.5908 5 0.53616816 363.83484 0.0 628.51184 214.07141 5 0.5183754 188.28128 0.0 636.23865 400.21985 5 0.51045 23.954132 707.20935 356.77213 1013.9983 5 0.49802923 4.6193695 312.0143 411.5821 1012.20386 5 0.4441611 762.285 549.082 1022.27655 743.8326 5 0.42963883 25.719849 361.6684 232.45575 517.2081 5 0.42052546 634.80444 524.2755 1024.0 1016.4955 5 0.3974109 39.37845 715.06354 994.2645 1012.8553 5 0.37858045 0.0 15.849182 244.82187 473.69125 5 0.286489 194.99448 314.88745 399.9108 663.861 5 0.2821945 2.7968445 280.4275 95.336266 431.21295 5 0.2657248 232.2985 742.34235 350.23752 853.9527 5 0.24029654 65.1503 233.18268 208.14401 374.636 5 0.23556592 271.3341 394.4003 735.58856 937.7036 5 0.21008089 109.85649 970.57166 205.78923 1024.0 5 0.20390509 905.12146 587.16144 1010.2394 698.55975 5 0.2037361 12.042152 367.00772 204.19745 452.0776 5 0.20105654 971.38684 560.4952 1024.0 753.8038 5 0.18972543 490.612 685.83966 981.3355 1020.03815 5 0.18842332 280.2147 842.4941 394.9681 1019.4141 5 0.18787895 823.6301 436.2375 959.2062 588.01776 5 0.17941839 387.01117 122.33594 855.04193 618.2088 5 0.17797434 243.82166 357.35382 434.8606 832.342 5 0.16993342 156.93265 319.9816 205.16898 363.7244 5 0.16321667 764.94305 563.03894 912.5616 731.2517 5 0.14937155 720.274 678.72516 1024.0 976.6204 5 0.14766349 766.9963 567.7741 1022.3472 903.77997 5 0.13295016 669.7028 46.05352 715.5407 87.188805 5 0.11775807 269.79605 843.1818 523.664 1021.7907 5 0.11338159 819.14325 302.47723 880.65424 404.82526 5 0.11286185 539.3097 34.702957 1010.1533 487.9585 5 0.103618294 198.03616 136.44614 717.708 734.1361 5 0.08700896 334.66965 733.90906 762.28955 963.5575 5 0.0841752 257.48764 382.5066 503.7761 689.5209 5 0.076927446 446.33502 43.128197 605.4162 222.61008 5 0.07638218 837.8217 439.38095 1017.03656 741.66956 5 0.075832866 824.3914 100.31079 968.9991 400.68625 5 0.07409018 605.1293 13.050949 631.9198 86.82852 5 0.07241705 355.43393 12.101547 767.5144 360.6432 5 0.069871515 598.9057 13.561451 654.2674 86.913284 5 0.06850685 193.43886 457.79605 405.36932 999.647 5 0.06779621 299.73602 818.27277 821.7216 1009.74615 5 0.06729173 0.021499634 252.48532 195.12334 447.96146 5 0.067211114 647.6432 47.29132 1021.4391 998.45087 5 0.06525022 112.34296 387.64447 284.63235 497.5901 5 0.060706988 0.62210083 416.3493 258.60037 603.4362 6 0.3315522 355.77454 0.0 630.6295 206.83649 6 0.1141579 819.6088 302.86084 881.73334 399.22852 7 0.61018777 112.857666 972.9938 202.95062 1024.0 7 0.5248636 477.36816 689.063 1024.0 1020.2009 7 0.45491564 2.9758873 293.63373 74.64491 432.10284 7 0.40785325 495.5318 796.2876 771.456 1008.9888 7 0.4069011 601.8404 50.534637 827.52423 390.581 7 0.3592626 648.421 702.01 880.4015 1000.1736 7 0.32046804 777.6955 17.439453 1024.0 493.40036 7 0.23579788 287.9731 814.3627 839.08484 1015.87854 7 0.19161594 613.1166 0.0 710.949 84.33653 7 0.14425068 652.18146 512.0154 1024.0 1023.03784 7 0.12644374 39.37845 715.06354 994.2645 1012.8553 7 0.10984922 647.6432 47.29132 1021.4391 998.45087 7 0.101557046 196.29034 291.16888 373.78693 620.8499 7 0.09454623 363.83484 0.0 628.51184 214.07141 7 0.085386574 2.7237473 357.80078 231.83261 565.13043 7 0.078149 955.6165 447.7279 1023.26044 555.5623 7 0.073616706 880.85925 532.8026 1023.31604 745.82764 7 0.06541681 795.6182 56.14 844.18866 110.39555 7 0.058150783 2.1830826 891.27203 161.74255 1023.611 ,test/1820.jpg
0 0.06780286 354.85645 333.20215 582.7998 396.0736 5 0.9963031 230.31503 333.27045 602.4326 647.5457 5 0.66129285 430.22137 548.6084 583.0405 652.114 5 0.30950126 170.94699 87.20163 612.71643 638.2245 ,test/1821.jpg
0 0.43224558 896.39465 669.451 1004.5676 759.27057 0 0.42395908 770.5185 652.4698 819.7983 697.22845 1 0.78403246 145.01855 195.49623 277.6821 353.21497 1 0.1067869 770.5185 652.4698 819.7983 697.22845 1 0.055727646 140.45665 204.6004 177.07915 371.95715 5 0.8257239 921.7701 652.2778 1024.0 983.2641 5 0.10645192 134.12732 324.57755 171.22961 369.47525 5 0.0947819 81.65683 487.95023 154.80894 555.6009 5 0.07037528 290.98395 706.2706 312.0169 744.8507 6 0.3190854 144.92827 195.92068 277.22186 346.85745 6 0.20541027 896.38995 669.4759 1004.3941 759.48956 7 0.9997886 674.50085 170.24515 958.312 645.8124 7 0.99965775 25.481934 504.12613 310.643 948.21814 7 0.9993948 267.59808 418.61755 633.40015 1015.2118 7 0.99913776 133.99188 312.0824 384.2287 667.6337 7 0.9740253 247.6909 7.359131 695.9236 635.77203 7 0.94471645 81.18878 487.80142 155.19066 556.87244 7 0.76321393 278.53033 4.245926 360.2176 98.45493 7 0.6623399 228.35762 0.0 381.40833 331.1131 7 0.40101334 44.810295 548.5092 101.90801 583.64484 7 0.37089813 233.54651 22.71703 364.49304 87.03282 7 0.33044243 60.93327 510.8648 90.63777 557.4506 7 0.22880314 133.8713 324.2502 173.3736 373.71548 7 0.19630544 23.029968 497.64948 156.17635 696.9151 7 0.17371646 221.77318 106.31089 248.53688 222.6883 7 0.1601024 237.50137 0.0 592.4396 419.58667 7 0.106619135 130.57437 504.269 165.62363 547.67975 7 0.10461098 46.697765 489.56332 154.57144 596.48047 7 0.09913485 253.02731 397.60126 421.77707 697.18036 7 0.09897377 224.94405 3.5406036 496.6032 223.93808 7 0.09415019 232.0516 114.15338 252.1222 206.47568 7 0.08013049 226.04602 135.89981 244.46777 217.07333 7 0.06654563 227.6366 0.5522499 472.04297 104.40152 7 0.056683082 325.32178 172.42282 353.2367 213.30621 ,test/1822.jpg
0 0.46866173 876.95435 222.92758 949.3546 241.0087 0 0.06316529 569.73645 180.39856 635.40234 257.27438 0 0.057752326 660.5922 626.9194 713.2813 639.6623 0 0.053735364 323.37634 495.42612 336.72528 570.553 1 0.9979564 382.0876 238.09323 735.1906 536.1056 1 0.9933963 138.96454 593.29156 694.89984 933.8139 1 0.98797464 680.9967 23.0988 1022.04285 400.56012 1 0.9857328 314.61792 700.23145 590.8544 832.42896 1 0.9090679 296.09015 576.78674 626.4064 717.8988 1 0.89162844 626.5323 602.22656 671.049 634.56616 1 0.8557385 179.5459 609.32404 315.86383 796.74945 1 0.83371353 297.46002 338.88226 703.20984 620.66864 1 0.800142 326.5584 467.87714 688.2345 620.3636 1 0.7474941 672.24677 514.4026 718.3792 638.9479 1 0.7186893 657.1192 512.9171 748.5993 640.27576 1 0.7080016 217.32826 648.4478 638.4664 851.57794 1 0.6199779 276.02408 333.07047 404.52902 476.07834 1 0.50565916 712.60364 508.38556 752.43823 647.94794 1 0.41783857 734.6892 502.03934 786.4304 680.3438 1 0.40697378 659.73334 439.03674 756.5933 806.44324 1 0.3984058 669.5773 386.4145 753.8529 546.2996 1 0.3821828 234.88052 333.6835 409.69705 583.113 1 0.34644678 337.11383 391.39786 415.53833 478.3007 1 0.32499123 670.44226 521.1677 689.6698 608.1185 1 0.31980452 661.05255 323.11426 752.9405 665.6098 1 0.29839268 310.70355 508.59167 620.2314 790.6572 1 0.2867794 310.66492 669.6265 602.5796 738.4183 1 0.27045995 200.12048 499.2355 729.7239 830.7003 1 0.22285503 326.14737 566.85565 652.2953 629.14166 1 0.18468742 267.07648 612.56573 736.21497 778.3227 1 0.18259118 659.4265 508.32645 692.4186 619.78186 1 0.18058546 398.84732 320.24286 431.10995 391.13593 1 0.16575994 598.6681 672.2403 674.30457 701.457 1 0.1629304 729.7144 505.56857 753.8819 680.0769 1 0.14561328 672.50867 601.51044 715.7378 635.46027 1 0.14266868 652.712 626.3667 714.5866 639.2678 1 0.1331181 623.6412 613.81354 741.84296 793.66547 1 0.13041827 322.2837 786.23145 564.33685 833.7733 1 0.12977065 321.3611 342.2944 424.27267 584.991 1 0.123954326 650.85815 402.8207 717.6305 644.03015 1 0.1137517 688.74615 386.38464 735.8754 528.3288 1 0.10944471 555.601 434.23584 759.8847 795.9907 1 0.106262706 719.90265 529.6118 738.2326 596.4706 1 0.103508264 431.51752 684.37756 597.2713 736.8357 1 0.100397706 638.59875 455.05746 768.68494 644.7049 1 0.09452403 377.5522 416.79654 764.4687 804.11743 1 0.08728622 386.19778 383.59512 418.8732 478.2443 1 0.078055464 191.09698 613.83496 273.8533 711.9385 1 0.07395387 662.26697 285.69562 732.25574 538.6138 1 0.068959594 626.75916 549.58453 682.379 636.4489 1 0.06554606 258.69357 594.2498 299.21567 630.88654 1 0.061057884 692.09174 482.21793 757.0667 544.2472 1 0.05971162 570.23737 180.41922 635.2182 257.48596 1 0.058637053 701.6302 509.53052 758.5673 715.98584 1 0.057817243 346.73456 471.39066 672.63184 540.973 1 0.05651196 618.0446 518.959 717.7293 637.8108 1 0.055988368 876.95435 222.92758 949.3546 241.0087 1 0.051626593 626.19226 600.27313 722.60474 640.20074 2 0.09209045 712.0641 515.51855 748.57666 645.95703 3 0.10300688 569.7207 179.39607 634.6832 257.86917 5 0.3313518 784.3175 511.40527 948.28503 607.499 5 0.17655542 728.40125 47.383118 789.25757 95.37749 5 0.1668347 781.42065 382.62048 959.0679 609.0556 5 0.058996107 764.95776 353.2421 983.8104 530.7845 7 0.060553983 876.95435 222.92758 949.3546 241.0087 ,test/1823.jpg
0 0.11622224 618.8351 407.77872 661.16797 431.86362 0 0.09567503 460.42065 406.19626 623.0254 501.65976 0 0.074418835 618.159 393.37573 644.55695 435.2583 5 0.99193704 389.08185 298.088 625.0341 687.79114 5 0.6766939 460.37054 404.58075 622.8851 501.2929 5 0.40244076 457.61664 300.65283 627.8465 510.63568 5 0.085482426 489.30884 292.11438 567.02563 352.44373 ,test/1824.jpg
3 0.91754997 617.7735 244.39455 647.6868 277.88437 5 0.60119337 0.79701996 609.88824 204.5007 1024.0 7 0.99965477 258.46268 505.1485 456.80313 949.9057 7 0.9996308 549.35284 192.61441 937.5859 767.6471 7 0.9995128 76.78406 418.65295 287.80298 842.928 7 0.090246946 85.80327 429.86044 268.2699 588.8086 7 0.07496078 777.27155 218.63496 901.4588 597.41473 7 0.054545026 267.03546 758.7835 466.01404 942.70074 ,test/1825.jpg
0 0.89561045 237.14056 554.103 378.9348 740.30945 0 0.29248923 0.3805542 717.2563 96.778564 977.31195 0 0.091180846 724.932 425.31992 865.1167 658.25085 3 0.10135095 722.7842 423.74597 872.7445 656.5736 4 0.99790025 291.9996 177.44931 864.8269 706.17285 ,test/1826.jpg
0 0.57305235 532.0922 99.859406 723.132 149.84387 0 0.34810022 426.35886 160.481 800.74023 311.49567 0 0.24326615 429.73837 146.12367 806.95386 226.87898 0 0.23773901 372.36502 285.32858 426.60294 392.90878 0 0.15233716 561.2194 103.32371 641.87396 150.35666 0 0.13262282 424.09683 145.66881 807.93677 441.2173 0 0.11764287 269.5303 444.68726 455.54337 754.39734 0 0.09724372 449.87817 216.84964 759.25366 299.98196 0 0.0935235 786.9371 547.0249 820.8525 589.5874 0 0.09080142 448.33453 97.936714 779.3935 215.14578 0 0.09050505 417.5641 707.67236 454.49677 749.3043 0 0.0837119 422.95374 181.89554 800.0564 255.49149 0 0.05606503 285.38647 608.133 506.05756 802.9587 1 0.678053 965.23206 480.13217 1019.83105 935.42883 1 0.67052627 896.6433 385.14856 1023.4794 602.682 1 0.6423242 909.9013 920.9929 1024.0 1024.0 1 0.21400942 802.2477 509.50812 845.03503 528.3107 1 0.2088344 371.7377 284.53125 426.25937 392.9557 1 0.20212513 261.36307 447.43265 465.1899 685.30225 1 0.18299021 787.5198 518.64166 884.9689 629.8051 1 0.16796544 912.0886 369.40607 1019.86194 920.8212 1 0.110217795 977.72064 918.5698 1023.11273 962.2516 1 0.09617517 800.1506 511.30457 848.32025 573.4501 1 0.064219646 786.9371 547.0249 820.8525 589.5874 2 0.21443754 261.0368 447.16605 465.94653 686.336 3 0.42063636 261.0481 447.33868 464.8015 690.9202 3 0.058303762 205.01393 597.3616 596.7419 1024.0 5 0.4933431 534.8613 95.819336 578.3374 136.3496 5 0.31466898 785.89185 517.8507 883.0038 627.5906 5 0.09352238 261.93713 447.4026 464.5572 685.1388 5 0.08119355 532.4711 99.207245 707.65106 150.76001 5 0.07887784 202.45888 601.91144 598.0474 1024.0 5 0.060520872 344.2684 281.32507 446.2875 452.8662 6 0.9984994 426.89587 97.96539 811.2267 606.38434 6 0.305749 438.14902 95.03516 784.16187 233.47583 6 0.17128435 528.2123 96.93876 776.49304 167.87103 6 0.1298986 423.34888 145.99612 802.2671 332.4428 6 0.063216545 420.72894 165.38876 809.4456 242.1803 7 0.99895704 462.56052 561.3338 865.75464 1020.83295 7 0.99688476 801.53046 539.1352 982.90656 998.2287 7 0.69587517 343.48907 281.0762 446.48834 453.7477 7 0.21878298 525.2323 590.7616 595.9169 622.3174 7 0.06823426 368.14722 284.52527 428.23035 413.40137 7 0.05923756 865.1741 506.70706 1019.9971 911.271 7 0.05863005 1007.8198 506.38272 1022.6461 667.9718 7 0.05331237 912.04926 913.9111 1022.8825 1024.0 7 0.052102394 787.5198 518.64166 884.9689 629.8051 ,test/1827.jpg
0 0.27019763 344.62897 444.38696 513.2515 584.92444 1 0.0585764 340.08752 443.44327 516.36426 587.353 2 0.9871516 336.24097 444.0809 515.7641 586.20844 ,test/1828.jpg
0 0.10682565 192.12497 207.44336 755.4094 602.43207 1 0.60032517 197.74332 206.25902 754.0276 601.67944 7 0.7191154 199.24857 206.99698 753.89966 602.7141 ,test/1829.jpg
0 0.66731274 929.67444 334.33783 1023.06934 533.186 0 0.62869114 921.34125 446.74036 1023.99774 518.71686 0 0.17389376 715.9868 275.1353 737.1428 312.03943 0 0.13783555 452.32147 876.62823 513.2547 1019.9323 0 0.11265166 423.17087 438.86304 446.36514 479.9131 0 0.087899305 932.7608 433.6409 1023.5726 576.16174 0 0.07438804 461.03885 163.38344 493.74124 227.54353 0 0.060790196 157.50566 341.61353 368.53754 394.19012 1 0.99285626 700.1366 414.6963 927.5724 655.13354 1 0.99275255 946.1153 706.4951 1023.8654 849.621 1 0.991559 304.90408 706.664 474.92618 1024.0 1 0.9913659 19.216919 171.59099 468.15417 654.6292 1 0.5376491 452.45813 878.4984 513.3033 1019.8507 1 0.5078139 103.15871 273.0648 429.83527 526.27637 1 0.30002218 578.97406 4.247299 717.3852 182.98553 1 0.2635257 160.78787 281.13736 395.4197 350.31735 1 0.20728754 694.8116 416.82263 1020.6534 755.4297 1 0.19259964 219.33621 142.75443 407.19742 356.82526 1 0.1381003 198.96872 323.46368 389.5859 349.7296 1 0.12267122 931.44586 334.17596 1021.92377 548.78546 1 0.1222397 703.88007 546.28156 736.3647 585.89825 1 0.11199242 699.19653 467.06415 751.81165 597.64606 1 0.097210445 162.01492 307.6036 400.3541 367.2997 1 0.09002223 165.91591 333.70532 385.4016 389.8105 1 0.078873575 624.0419 325.22165 952.5978 707.4946 1 0.06503905 421.8215 441.11194 445.86795 480.3855 1 0.06367696 919.89355 447.05597 1024.0 517.2005 1 0.061675396 697.7901 456.69388 786.2326 630.2031 1 0.05432714 340.98322 337.8793 384.8919 406.07486 1 0.053692058 315.7562 743.0141 356.9695 851.49786 5 0.096451305 452.70596 877.7338 513.22974 1020.0468 6 0.61432964 159.83374 342.49808 352.81396 392.14175 7 0.9997155 457.7008 143.64972 603.3673 426.3947 7 0.9988668 419.13083 430.95093 864.85803 1006.6172 7 0.99376583 707.0286 90.67979 925.63007 338.5055 7 0.99068844 852.84393 201.9495 1023.185 520.0088 7 0.96624947 573.1456 301.5316 791.36914 548.7352 7 0.9642209 874.1712 546.23596 1023.8703 740.26196 7 0.96004593 707.7625 102.94321 816.1779 287.6623 7 0.9585021 770.30273 335.76807 818.6343 427.45728 7 0.72700125 569.768 387.35638 707.30304 550.3447 7 0.5143541 933.47754 329.94662 1022.72656 580.1959 7 0.20732635 736.04456 696.4584 1020.9995 1015.40796 7 0.18237048 851.59973 206.64758 1020.4232 847.76196 7 0.1203474 548.68054 804.9542 597.9009 872.8688 7 0.10408687 625.48175 314.84348 710.60126 360.89536 7 0.09934095 623.16187 307.89697 709.5515 408.74115 7 0.090161934 919.89355 447.05597 1024.0 517.2005 7 0.05541319 702.6171 204.19199 726.68475 262.13446 7 0.055387013 452.30142 876.00275 513.1861 1019.6651 ,test/1830.jpg
0 0.685327 500.55106 226.54068 538.72723 342.61484 0 0.1692295 499.32742 231.07628 534.8784 289.01648 0 0.15954572 507.99338 260.01276 540.1757 330.81262 0 0.15205684 591.58594 556.99506 659.4669 594.008 0 0.12050607 453.39505 572.7813 502.35263 590.48444 0 0.11105022 917.5743 139.46779 959.9572 201.30074 0 0.10831924 339.57556 576.84155 449.81927 647.98694 0 0.07040634 833.97986 348.67612 895.91077 418.36533 0 0.06847364 896.5108 341.13998 947.30096 401.3414 0 0.06776775 590.6625 222.9811 628.214 323.91638 1 0.7857542 104.54004 643.9995 935.8137 933.5017 1 0.36490583 53.427948 376.0149 962.0065 941.8345 3 0.17733839 850.86395 442.7665 944.5263 509.9642 3 0.12401393 396.43253 253.10889 439.3549 344.815 3 0.06256958 498.8843 229.28398 534.9563 291.72058 4 0.99018 1.002922 448.83905 140.75858 594.17365 4 0.9782737 492.88666 353.50153 575.8543 544.15234 4 0.97654676 660.7789 353.45917 754.414 526.71344 4 0.90059894 412.80426 335.04013 507.28204 566.7507 4 0.88590074 740.0952 413.63965 830.92163 516.0466 4 0.8659034 572.48376 400.65067 656.1953 539.31104 4 0.8583472 769.22534 290.38507 851.056 441.3155 4 0.84552807 325.1476 277.35516 425.2258 536.65106 4 0.8329573 564.39294 300.2779 653.82983 444.62726 4 0.8014333 256.4036 369.63855 361.8477 560.4258 4 0.7682485 64.40344 368.3639 146.53343 473.4159 4 0.742097 33.012264 313.46176 150.56021 474.66122 4 0.6915447 211.6317 463.70966 334.54733 573.2891 4 0.6462371 863.89954 162.47632 956.6394 377.4469 4 0.63531154 803.6379 191.18202 845.01935 316.93887 4 0.54739624 413.35168 336.2928 468.42664 445.9807 4 0.50151163 175.59314 354.96857 277.89072 482.17004 4 0.47199026 496.84268 322.13385 547.7552 426.50397 4 0.4587887 224.46126 353.61096 427.4397 568.14813 4 0.42561856 833.33856 379.7239 945.956 514.6996 4 0.40183666 565.8947 250.73206 657.2885 542.6753 4 0.37332585 334.22723 483.6768 448.5791 648.1325 4 0.33393434 2.1004524 449.13937 88.686356 558.00305 4 0.32948413 396.43253 253.10889 439.3549 344.815 4 0.32855108 223.6877 363.7397 329.88922 575.58936 4 0.32646167 555.1067 349.95236 614.70056 449.49515 4 0.32376012 36.45616 340.8324 473.96722 595.1802 4 0.3203578 178.00713 589.18335 365.47784 647.64746 4 0.2999553 548.50574 361.58282 573.2887 444.8499 4 0.29631767 783.6383 187.15005 849.88464 370.65414 4 0.26208335 127.57876 340.35547 325.87054 583.93005 4 0.23024346 332.5764 485.96368 447.4998 568.106 4 0.22173052 914.8189 174.4261 1023.2668 359.72504 4 0.20877032 330.8695 482.055 394.6203 563.0086 4 0.1941977 401.1071 353.0609 425.5674 449.57666 4 0.18688864 338.76825 576.4937 448.99554 648.14777 4 0.17627701 547.4822 339.7794 581.5624 462.65414 4 0.16941994 693.5455 296.51736 734.0125 409.9783 4 0.16217059 849.20746 236.80193 942.6026 390.9206 4 0.1592513 329.17343 497.2404 503.54324 592.3476 4 0.14770818 662.4041 302.20468 750.4699 429.79172 4 0.14567967 398.8813 359.90085 585.51154 568.39954 4 0.13673636 35.350998 311.79526 182.05151 562.59235 4 0.13499275 730.3161 323.68103 785.50775 425.91113 4 0.12820774 840.49207 175.27098 950.96484 519.9734 4 0.11969827 441.89264 327.3201 474.85413 410.8179 4 0.1176302 585.961 213.38936 647.7817 419.10065 4 0.10891949 662.83777 551.4185 740.96484 598.1878 4 0.09755376 561.4042 356.4103 586.7992 453.15427 4 0.09416169 760.7308 320.17496 789.44073 425.65994 4 0.09313749 661.06934 352.66357 695.0021 418.69836 4 0.091674455 337.98688 305.43408 446.32538 644.5153 4 0.08991534 812.105 183.73184 1024.0 386.71945 4 0.085530974 471.8689 359.2483 505.17432 445.3778 4 0.08222798 863.91003 323.1864 944.10803 494.7567 4 0.078955576 824.092 327.18738 906.50714 479.99518 4 0.07520442 197.83899 473.40448 347.95172 645.0892 4 0.06562394 92.42234 418.0874 176.0445 528.5934 4 0.060913842 786.1081 334.08167 844.66327 439.26465 4 0.05851161 322.724 275.83838 374.9519 391.32263 4 0.051973622 500.55106 226.54068 538.72723 342.61484 5 0.1684679 340.21637 576.6923 449.5902 647.69635 5 0.10492255 837.4148 401.37888 948.2759 510.15463 5 0.061544098 396.59946 253.37529 439.37534 343.07782 6 0.9940204 498.86514 81.6624 627.3205 198.35991 7 0.32598147 340.21637 576.6923 449.5902 647.69635 7 0.05745696 833.33856 379.7239 945.956 514.6996 ,test/1831.jpg
0 0.19260633 310.5188 396.2306 789.1006 534.0903 0 0.16006853 227.2179 283.72726 806.59485 535.7472 0 0.15626466 287.25323 458.14413 747.85944 749.8861 0 0.061569083 425.27182 284.598 623.1948 398.91183 0 0.0533401 324.01865 280.1287 478.29764 387.82468 1 0.8805813 239.79428 276.09747 769.16833 761.785 1 0.8000843 518.093 554.7167 729.53015 764.8347 1 0.7216473 430.72305 285.63165 628.2716 402.8318 1 0.566132 227.2179 283.72726 806.59485 535.7472 1 0.4477971 528.8834 394.97833 628.8413 429.56982 1 0.3812066 292.68378 470.39105 730.36035 740.466 1 0.28806162 310.5188 396.2306 789.1006 534.0903 1 0.22856402 233.07585 285.1111 639.9157 458.02475 1 0.18694463 324.01865 280.1287 478.29764 387.82468 1 0.09978708 365.03113 465.78064 674.17664 530.8073 1 0.08802471 514.16296 426.28497 778.7257 725.1445 1 0.08225863 481.8111 297.59695 619.5766 378.9904 1 0.07195297 638.9115 555.0574 713.5499 624.3573 1 0.062478594 646.92993 508.29456 718.0477 611.55347 1 0.060163703 511.97638 390.87598 787.4261 518.48785 2 0.29987085 435.92804 287.255 619.63995 390.3014 2 0.20331922 525.58594 394.14658 626.46277 430.80313 2 0.120376244 657.5464 509.88474 722.6897 596.2493 6 0.095457874 823.36896 636.09454 873.15704 671.38434 ,test/1832.jpg
0 0.9963619 38.987167 584.2959 191.499 685.26636 0 0.9960998 231.26892 109.18396 402.776 492.80762 0 0.54861045 939.51904 982.6441 1022.6028 1023.30804 0 0.44537395 149.90271 114.33154 575.03015 626.00604 0 0.38133857 544.76294 579.1573 645.1373 706.57196 0 0.05127665 0.0 716.9028 35.34159 795.70514 1 0.9161972 0.0 716.7615 34.98376 795.5974 1 0.90855783 820.47314 790.89777 960.71545 1023.45 1 0.314513 546.2689 578.34546 641.4241 707.41724 1 0.073913336 881.811 843.106 1015.7607 1022.1529 1 0.06082026 939.9472 983.0636 1022.6308 1023.3888 1 0.05118276 172.67166 573.97864 566.98096 917.6804 1 0.050862852 918.5289 909.78253 1024.0 1022.8216 2 0.9870216 170.99261 573.32056 568.7939 916.98083 2 0.39093068 546.2605 579.20825 642.0022 707.2007 5 0.99624604 123.21153 439.96164 595.5144 618.6791 5 0.35641748 127.92166 466.33264 585.0934 916.6704 5 0.292927 544.76294 579.1573 645.1373 706.57196 5 0.11797643 74.617294 677.79236 212.82362 739.3252 6 0.09275131 74.617294 677.79236 212.82362 739.3252 7 0.06733593 160.1809 603.19586 201.35643 686.6169 7 0.05707061 545.5971 579.4096 641.9096 707.3105 ,test/1833.jpg
0 0.4597871 714.2656 47.320374 923.5646 593.1579 0 0.29296157 674.6344 501.38934 868.39355 942.7569 0 0.07118586 682.6648 66.61545 906.31714 954.6876 0 0.06688139 506.85745 380.21298 735.41876 409.95486 1 0.21877392 674.6344 501.38934 868.39355 942.7569 5 0.938729 309.7381 676.147 724.1369 1009.46985 5 0.90093803 437.53833 262.1255 748.7881 339.75378 5 0.7870459 253.17949 132.00247 739.2692 286.00183 5 0.74892867 307.04114 691.1617 743.5227 829.61224 5 0.7262301 414.64703 433.76804 735.071 539.2851 5 0.7106245 268.3885 369.66168 744.18115 469.64276 5 0.7086318 449.26215 566.75635 723.559 654.82996 5 0.6935813 255.81058 246.40884 757.73486 346.18027 5 0.6599683 440.61682 501.04266 728.8091 598.295 5 0.58185714 308.97955 617.4035 738.90546 727.49384 5 0.52186143 246.08968 314.72675 753.6796 396.82275 5 0.5107822 249.7308 131.51689 741.74646 469.88092 5 0.4879947 456.7932 606.0085 722.61743 681.6523 5 0.46095708 435.51813 246.63145 744.63983 401.43658 5 0.46030185 300.39807 655.93677 756.89075 761.5281 5 0.4595532 294.91913 539.26544 851.9965 882.95074 5 0.43934566 281.2192 409.73267 734.0901 515.7356 5 0.43733388 458.60434 331.0624 740.2988 407.56107 5 0.43189436 281.2838 465.08905 734.2829 570.2325 5 0.40990862 417.4361 417.17667 731.8411 475.23825 5 0.4085789 293.84592 410.03925 723.9031 714.91547 5 0.37570626 673.43945 500.1764 868.6555 958.32935 5 0.3712328 460.3969 125.62475 738.3049 264.9565 5 0.36443105 271.83102 339.35703 731.2722 571.44135 5 0.34579012 655.8432 694.16406 720.9216 957.0283 5 0.2730524 295.6844 518.0231 723.59186 633.33875 5 0.2519799 445.47406 546.6598 721.59247 615.3169 5 0.23283501 236.72772 229.27744 750.51483 269.2235 5 0.2239627 380.6373 429.81415 723.67554 618.4007 5 0.15836512 437.95438 318.92133 734.6504 482.45343 5 0.14858086 448.5132 363.21503 734.3915 431.32745 5 0.14817712 508.0836 316.16727 742.7108 340.0013 5 0.134946 414.07217 532.98804 717.5492 712.4133 5 0.12544996 295.93896 587.1196 712.67096 685.56665 5 0.10559221 464.40643 225.9795 735.9261 273.85712 5 0.103725016 256.38184 260.30527 574.31335 338.11307 5 0.09995789 425.16534 306.37808 741.5749 365.41745 5 0.09492361 393.5453 684.78 715.47595 782.27014 5 0.09347788 341.99127 858.65125 687.7319 1010.17285 5 0.080313 389.03503 578.6148 720.0857 846.2061 5 0.07662005 267.54608 350.1081 574.4424 407.042 5 0.073429875 262.32117 201.39615 740.1916 261.7292 5 0.07278324 480.26306 251.61154 755.4038 278.124 5 0.06336102 495.76044 266.60925 694.55963 298.60266 5 0.06110185 502.14026 434.1943 735.62036 471.55026 9 0.0769115 714.2656 47.320374 923.5646 593.1579 ,test/1834.jpg
0 0.10154166 282.70248 868.30005 881.4292 984.4038 1 0.3403663 965.5517 142.8424 1021.6419 458.365 7 0.9993018 124.56244 147.48148 908.67816 979.54175 7 0.9981875 1.2796402 488.25595 242.55673 921.1052 7 0.98801804 4.6140594 0.0 474.04437 458.06375 7 0.9566911 537.75146 18.318726 645.3115 204.39441 7 0.89937866 414.42813 21.599648 567.904 207.88895 7 0.6532608 114.93529 123.582275 503.6184 409.87408 7 0.4131706 95.418335 94.67453 678.24805 484.4384 7 0.4086367 390.4156 20.104301 724.3925 253.87259 7 0.18736379 3.1942825 18.191315 197.71219 479.36755 7 0.12767404 168.01286 586.5111 260.76926 883.5034 7 0.112729385 370.35843 17.545013 973.41345 203.01056 7 0.062125627 570.1222 54.57022 717.8462 266.7551 7 0.054966174 156.09613 841.9312 243.6683 925.358 7 0.05349741 126.13684 515.6367 256.5018 917.4049 7 0.05299246 382.30505 189.41653 615.7452 293.34637 ,test/1835.jpg
0 0.56162447 636.81085 35.059143 1024.0 716.5315 0 0.2293586 307.94873 6.127899 682.9217 633.751 0 0.18181959 0.0 88.98978 696.15314 961.1559 0 0.10245817 9.465393 18.04602 442.86252 785.31793 0 0.09047982 17.407043 0.0 706.6897 553.5227 0 0.0803382 3.5184174 378.16614 428.69055 918.0051 1 0.065073505 311.74182 96.932434 681.2399 633.1791 2 0.7309016 323.31244 96.29358 680.9955 631.94617 3 0.5053453 636.3046 33.700317 1024.0 736.77136 3 0.2971977 3.5184174 378.16614 428.69055 918.0051 3 0.2797332 0.0 5.4083557 771.9625 916.63196 3 0.054387387 248.91263 100.7594 1024.0 773.99835 5 0.5059943 2.068161 643.03174 136.89758 1020.5077 5 0.175059 144.35614 0.0 693.437 644.4501 5 0.16386804 4.3264008 102.48291 443.30292 961.4392 5 0.098784156 0.0 5.4083557 771.9625 916.63196 5 0.06552623 244.61603 0.0 683.1505 281.30878 5 0.05066296 63.47679 406.8578 427.69623 797.38354 ,test/1836.jpg
0 0.94621986 899.214 821.6692 1005.0663 884.55444 0 0.31567895 786.1999 331.53387 872.7575 383.16125 0 0.24036865 427.8985 747.1593 453.9583 783.8065 0 0.23407018 240.25877 572.47516 313.6104 595.90826 0 0.19149923 690.04645 714.7822 926.1397 874.60474 0 0.15893719 439.2462 695.22833 462.9786 757.5959 0 0.12757754 888.5855 821.77075 1016.8803 936.4281 0 0.09054716 781.3737 377.77985 843.0286 406.98688 0 0.077327214 246.78702 579.69946 322.0684 606.0126 0 0.076130666 564.4061 869.30066 995.1416 998.4596 0 0.06816054 110.82741 536.99677 176.5507 579.37384 1 0.12180554 7.3421993 598.385 45.592293 634.5736 1 0.08166195 111.25334 537.05634 175.24016 584.75323 1 0.059245784 786.6103 331.39197 872.75653 383.354 3 0.26451227 782.6984 377.0204 842.2872 407.0456 5 0.050477482 778.378 377.74307 850.37726 408.90958 6 0.054382477 399.18262 909.5236 670.25525 1021.4727 7 0.99964774 449.12204 260.63724 1019.048 962.72327 7 0.99942195 2.734169 550.605 243.36377 823.74 7 0.99896276 320.81573 446.333 492.51306 629.51587 7 0.99824727 204.28314 540.3842 455.4604 850.3658 7 0.90572214 111.80315 536.9715 174.18794 585.11615 7 0.6266107 439.2462 695.22833 462.9786 757.5959 7 0.6164921 412.0969 612.7953 470.10507 699.5935 7 0.603439 177.66129 500.5513 331.24585 597.768 7 0.3136243 666.89307 259.46878 1006.2328 410.7159 7 0.2815642 785.51624 332.01898 873.3203 382.63898 7 0.27816474 429.46988 684.7407 462.59592 785.3364 7 0.27382213 429.15347 747.36786 453.8005 783.8122 7 0.22959761 420.75955 606.91614 466.42886 799.4319 7 0.19468273 9.457298 560.8331 174.57516 629.2445 7 0.18932526 117.57726 564.57007 169.33252 586.3744 7 0.14920783 108.1282 572.9175 161.48991 588.61633 7 0.11018492 566.79785 928.8672 642.3262 951.67163 7 0.09768104 334.40594 581.9407 432.11987 627.85986 7 0.087650806 168.0526 499.7303 335.58972 798.16437 7 0.06481092 577.9542 748.65216 1008.5752 1004.1622 7 0.059131227 430.68085 690.13696 446.096 756.1221 7 0.054215007 780.5997 375.03497 868.72064 407.46716 7 0.052501895 426.92825 694.47314 451.82425 773.4425 ,test/1837.jpg
0 0.9566553 535.145 957.44904 591.89954 1024.0 0 0.105954394 528.1623 962.3151 777.25323 1021.2144 0 0.09074559 538.6057 956.2325 584.7593 973.9013 0 0.075039774 474.67752 632.00854 496.5908 779.7942 1 0.08091256 534.31934 956.7155 591.5322 1024.0 3 0.3086354 422.5708 900.19214 542.13855 1024.0 4 0.9156096 421.8595 899.7369 542.3833 1024.0 4 0.19490477 535.72394 963.7651 762.4511 1021.6109 4 0.068389274 529.90717 955.91473 622.8851 1022.92474 5 0.95037633 607.60223 84.99852 699.57367 159.46721 5 0.06789323 535.72394 963.7651 762.4511 1021.6109 5 0.05983906 20.387527 445.66724 472.6042 795.19214 6 0.39298934 18.282013 447.5266 475.9315 783.8822 6 0.053015076 11.391495 615.8378 415.17206 794.28937 7 0.9998319 524.42053 74.09723 818.2328 563.42773 7 0.99953485 475.67157 504.1031 815.8475 1015.08795 7 0.99877125 229.22885 56.055695 515.24756 454.20975 7 0.8576022 414.50925 141.18872 597.98944 667.3361 7 0.57962763 474.6359 630.39453 528.4846 782.05554 7 0.3235748 474.7315 632.4316 497.2459 781.41364 7 0.20198756 528.1623 962.3151 777.25323 1021.2144 7 0.1759787 235.26051 96.58987 298.13983 302.99747 7 0.08804296 400.3871 133.68468 561.4958 484.09827 ,test/1838.jpg
0 0.7209232 540.8785 454.7501 754.6038 521.2739 0 0.45189798 683.5398 823.3533 902.3518 956.7092 0 0.4490314 706.7521 282.39093 831.06445 426.6234 0 0.16225004 499.3756 141.60745 546.1245 211.81866 0 0.0977822 592.2323 732.2025 903.7709 957.7219 0 0.087673746 600.24744 196.29646 659.5084 311.45233 0 0.08136202 849.98413 514.51117 892.4064 550.5008 0 0.068638325 748.97437 830.45483 789.97314 860.2135 0 0.0641568 953.52814 700.6274 1022.3007 888.66693 0 0.05773797 610.7971 806.4388 813.7163 932.5948 1 0.3979769 500.81586 142.11902 546.5411 211.35858 1 0.20648189 597.79004 197.27884 660.145 301.1586 1 0.12638287 542.1577 455.5191 768.52136 523.3632 1 0.05171869 539.4988 452.04846 848.8507 552.6841 3 0.6546211 319.92557 556.2162 435.99136 656.3862 3 0.16413487 324.69376 526.5928 631.4397 658.7323 3 0.117141336 364.99237 563.3803 642.1936 723.2215 4 0.33909425 591.33594 720.5294 810.8805 935.86914 4 0.27953815 385.322 642.1163 496.08792 739.029 4 0.1531886 674.3826 725.4821 798.77875 819.9172 4 0.14587143 768.8697 721.64716 840.3465 807.9467 4 0.07897157 613.0282 518.183 891.14404 778.8971 4 0.077906154 775.31177 775.9628 808.23865 824.7248 4 0.054682005 512.215 574.91174 636.68634 715.62 4 0.053723156 396.23203 529.9785 621.7516 620.5111 5 0.6577736 610.45 497.10223 885.8184 782.383 5 0.47978812 395.98575 525.58624 640.8114 624.1905 5 0.39400983 369.01523 472.37042 891.95544 907.8962 5 0.3778528 953.56 699.3236 1022.0971 889.4169 5 0.3340468 818.5993 674.5688 1021.53046 1024.0 5 0.21576746 591.5593 718.04395 798.681 937.1112 5 0.12171052 414.48203 546.7854 553.2264 617.7466 5 0.116933845 325.32755 521.2078 635.72766 672.0472 5 0.10760912 367.14508 468.6366 746.0628 757.8717 5 0.10685425 492.82343 510.5621 743.512 608.9171 5 0.0995479 600.6478 813.3807 820.9485 932.90533 5 0.08360339 545.348 470.70312 753.8478 731.7655 5 0.076962836 385.322 642.1163 496.08792 739.029 5 0.07357758 768.9067 722.03986 840.378 804.69196 5 0.07156702 496.80804 527.66785 636.95355 607.4226 5 0.056751173 656.9058 832.46295 788.32733 870.1214 5 0.05182186 620.1256 550.115 756.58887 766.978 5 0.051168352 512.215 574.91174 636.68634 715.62 6 0.8920531 229.44316 70.36469 468.11743 285.54037 6 0.14719512 850.221 514.69946 892.2901 550.4507 6 0.13827576 252.40173 186.07306 414.9749 301.8237 7 0.99715996 262.95544 221.0154 633.87494 596.57465 7 0.7633322 339.35385 473.29816 895.0897 946.77655 7 0.26375094 849.98413 514.51117 892.4064 550.5008 7 0.18212841 547.8317 726.8723 808.81195 925.2892 7 0.14735922 324.69376 526.5928 631.4397 658.7323 7 0.14146616 313.3191 237.37581 405.2484 292.5954 7 0.13362534 718.9232 460.42365 846.5364 525.03204 7 0.1289624 656.9058 832.46295 788.32733 870.1214 7 0.120240085 544.85974 455.76382 844.3456 527.1968 7 0.11337083 496.45203 174.03682 675.1179 470.6018 7 0.10499281 600.6478 813.3807 820.9485 932.90533 7 0.076758794 329.9419 458.20526 744.6008 665.82135 7 0.05691663 552.50555 302.85132 639.8641 478.13422 7 0.050654855 343.95612 481.25412 555.46564 570.3861 ,test/1839.jpg
6 0.77651215 446.13092 602.18024 726.90106 1016.6685 7 0.99970007 477.265 142.98456 992.0962 779.7855 7 0.9983339 264.3509 227.45294 566.2422 891.69415 7 0.9964928 339.02258 0.0 679.3151 506.69708 7 0.072783455 780.64526 129.28976 990.062 330.2318 ,test/1840.jpg
0 0.98617536 75.90579 101.98993 778.93115 975.7797 0 0.18525362 72.17851 495.581 454.7495 941.16815 0 0.09465056 339.51794 126.39574 466.518 353.15857 0 0.09305939 61.77146 504.51105 240.7685 866.64044 ,test/1841.jpg
0 0.49295238 280.5744 266.6908 765.4183 911.45715 0 0.08535885 611.1564 711.55615 660.46265 767.7184 0 0.07455331 609.30054 711.4627 657.50195 735.6242 1 0.30635148 613.6867 716.75494 659.8979 767.0435 1 0.1993243 281.59125 263.83282 765.42865 912.63104 1 0.10586455 309.92133 565.708 736.6639 914.41516 7 0.9358393 280.81372 258.95273 769.76843 906.35876 ,test/1842.jpg
0 0.88379425 583.5073 170.7167 707.9479 223.11343 0 0.69412076 554.6333 133.0973 707.07104 231.51018 0 0.24001233 512.5603 115.154495 795.05444 256.7818 0 0.13134994 528.0664 248.1747 698.41833 480.88928 0 0.06420532 457.51947 240.45439 830.7017 537.8469 0 0.06338594 588.64484 172.64532 680.77374 205.14993 1 0.05025105 458.5863 231.05998 832.8209 542.6062 4 0.1800447 367.62378 247.63882 456.41864 468.11044 5 0.9761352 366.9553 231.60602 461.35855 467.92426 5 0.53020155 398.63293 226.16534 462.3833 321.8828 5 0.13139872 417.60254 257.34818 458.87292 324.64883 6 0.973678 460.77072 111.80732 833.7765 351.71304 6 0.97059613 458.18063 232.32065 830.95374 540.6998 6 0.33032766 464.26935 228.74666 826.12726 355.71832 6 0.08266841 496.34363 111.15719 801.34717 243.92798 6 0.0717482 512.9164 276.87964 789.8374 443.62195 7 0.9998311 179.56879 653.1287 558.46045 947.81085 ,test/1843.jpg
0 0.6280336 396.57404 176.40604 668.2148 911.0791 1 0.76511383 393.3733 183.40549 672.05396 920.1488 ,test/1844.jpg
0 0.18825637 221.21533 447.187 504.32172 758.68115 0 0.16336323 209.56093 124.49706 510.89575 249.38629 0 0.13828148 210.7792 604.803 500.36368 757.5973 0 0.121276036 312.206 443.62115 452.53857 633.8444 1 0.90647644 217.14465 448.70782 505.11145 762.84247 1 0.88609725 426.9637 527.96484 517.1443 632.0095 1 0.52344847 308.79858 451.14835 454.75592 632.4217 1 0.48318142 440.25 568.46606 514.88947 630.0807 1 0.06806517 210.7792 604.803 500.36368 757.5973 4 0.26485533 40.293182 145.466 1024.0 742.9257 4 0.081125915 47.21611 232.4402 508.87646 630.03595 5 0.77639645 42.096924 148.7829 1024.0 749.98334 5 0.09357047 7.436569 263.1778 148.4217 435.3653 5 0.054891948 48.872284 273.0076 492.91068 755.92175 5 0.053616777 304.97186 122.773926 672.2516 651.9261 7 0.86950386 207.81296 124.34643 510.6116 250.4476 7 0.09373073 155.53015 146.69455 1024.0 740.48755 ,test/1845.jpg
0 0.9996792 381.71347 713.15063 743.5731 1000.53284 0 0.99949527 503.86395 488.15866 840.04254 727.27893 0 0.7409032 72.90503 768.25586 352.5063 975.72327 0 0.4924812 597.98444 956.0606 646.6164 1023.8499 0 0.36771956 56.590225 455.73547 129.80615 527.4151 0 0.342905 294.71405 551.13995 486.1972 668.0429 0 0.23023754 368.4992 492.39514 841.7116 1012.0288 0 0.08119903 131.86552 254.82368 551.2672 535.2778 0 0.07711128 544.1845 708.4192 737.0844 875.041 0 0.063670404 515.69696 979.40186 613.3869 1017.3721 0 0.06275101 115.30315 420.8322 358.11267 587.98474 1 0.93951595 145.85428 255.92859 549.6946 538.9848 1 0.5049887 72.03369 768.1292 353.57056 975.7067 1 0.35079548 301.6977 547.99036 484.39795 668.0073 5 0.979505 50.60182 567.1897 258.44446 720.9623 6 0.5470635 44.27728 723.1172 108.437256 792.6937 ,test/1846.jpg
0 0.06461002 324.81195 162.24895 488.0724 329.48804 3 0.999711 0.0 134.50244 563.0853 657.9465 3 0.8876673 324.29358 162.47339 489.75696 329.73322 ,test/1847.jpg
0 0.13207708 584.49536 885.995 632.245 923.83167 0 0.10417488 878.0381 775.2837 982.3937 896.1261 0 0.07935588 549.46924 824.9282 586.1996 875.1692 0 0.063743286 424.5142 154.7549 490.8137 425.22327 0 0.051346984 547.03394 775.8371 587.105 881.28046 1 0.9565141 557.95703 762.50256 681.0554 888.6362 1 0.93840796 932.2739 712.65845 992.5277 864.1902 1 0.28202775 545.3296 780.05255 634.06775 925.67255 1 0.2413194 584.6173 886.07416 632.1892 923.7652 1 0.22122341 544.7671 520.80634 768.791 849.5201 1 0.20879911 550.36163 820.2822 586.1788 877.50195 1 0.15943404 578.7507 632.42664 751.43097 832.0392 1 0.13550588 552.0737 714.7331 736.38745 896.784 1 0.102703564 428.0269 153.4119 494.36288 414.31955 1 0.08712899 440.2621 153.7251 522.38965 323.46387 1 0.07282819 924.2308 767.0328 981.4244 882.726 1 0.07139877 547.03394 775.8371 587.105 881.28046 1 0.06766003 969.15173 700.29126 1024.0 856.5311 4 0.7170807 495.0777 211.93144 543.3687 308.64978 4 0.067867585 501.85797 284.50812 538.95123 327.8824 5 0.55026084 774.2813 902.3434 910.5308 1021.4496 5 0.5493371 467.93225 200.001 509.1051 308.3867 5 0.5072164 484.1185 319.02533 544.5592 415.26233 5 0.3978382 488.82446 211.1258 545.7809 313.73004 5 0.34851435 531.7709 274.19385 597.4293 359.42645 5 0.3122638 423.4413 382.3549 510.6188 490.31546 5 0.29735738 878.58307 777.58044 982.0009 889.6344 5 0.26455018 528.35657 269.5761 597.43994 445.65485 5 0.25789532 440.13156 278.27597 599.7294 483.85117 5 0.2089401 488.9097 237.94003 509.18417 294.47702 5 0.19952714 456.9151 386.46555 509.13446 429.55215 5 0.15369739 440.2621 153.7251 522.38965 323.46387 5 0.13393855 732.8552 794.60956 752.31885 853.3421 5 0.11222196 961.7154 837.8043 984.0617 878.31006 5 0.097099125 540.42865 437.2117 605.97565 472.5936 5 0.09568043 449.12692 293.32495 538.9378 425.41748 5 0.08878488 765.217 895.5318 909.7957 932.3204 5 0.07782325 741.072 733.2862 937.2136 937.40155 5 0.075734556 424.7694 444.20685 513.58606 490.35187 5 0.07524822 424.5142 154.7549 490.8137 425.22327 5 0.072327465 451.58563 182.20256 497.79437 331.74292 5 0.06821023 439.74994 154.27258 481.50348 363.70416 5 0.06588925 473.95367 203.3215 505.11377 273.38956 5 0.054488953 924.2308 767.0328 981.4244 882.726 7 0.99974924 588.16473 0.0 888.212 474.74768 7 0.999617 327.02594 545.7697 557.11816 969.81805 7 0.9995322 226.45703 419.9118 436.32074 646.465 7 0.9994467 723.45593 387.38855 972.1492 780.03015 7 0.999426 116.732475 437.0554 265.97308 665.19763 7 0.9993647 627.2745 795.8222 781.5391 1024.0 7 0.9990606 132.86781 594.42004 355.8822 958.0437 7 0.9986524 334.7159 246.21411 437.44937 509.26727 7 0.9985077 181.49252 310.826 316.30753 463.84772 7 0.9927549 844.3756 857.2654 1018.723 1023.53613 7 0.9804688 978.069 694.1561 1024.0 851.3944 7 0.9560941 544.1676 452.71313 770.92786 906.97144 7 0.951333 420.96368 219.74516 602.8621 618.1701 7 0.60827726 981.8658 808.90247 1023.59467 999.57275 7 0.5635305 775.5155 903.48285 907.2529 1021.7056 7 0.38892776 739.0701 722.76685 997.9013 1021.7252 7 0.376192 584.6173 886.07416 632.1892 923.7652 7 0.34535623 550.83923 452.2684 745.32227 672.21893 7 0.19203821 428.99542 447.27805 622.1021 606.3332 7 0.12693368 1004.0677 914.8818 1024.0 1024.0 7 0.12662806 876.9542 774.65643 981.0475 897.5085 7 0.10903011 560.3463 543.7525 729.1677 670.3118 7 0.096024506 454.48138 275.68402 598.09674 473.4444 7 0.09437936 416.40402 271.35406 500.08597 490.18964 7 0.0892155 1001.65704 691.7044 1023.4921 846.4266 7 0.08297697 548.6941 776.5937 571.28577 840.6661 7 0.081699386 981.9831 817.037 1019.2607 843.8396 7 0.0796819 417.34607 495.5631 463.84338 561.527 7 0.076589204 673.3464 567.95044 773.62445 721.8479 7 0.066573195 884.6802 711.766 1019.9441 1024.0 7 0.06517351 424.5142 154.7549 490.8137 425.22327 7 0.06428367 732.8552 794.60956 752.31885 853.3421 7 0.059944198 632.8764 512.0444 765.1286 691.25214 7 0.057920393 547.066 776.9393 586.33795 882.61505 7 0.057245914 575.83875 622.6608 751.4508 834.6452 7 0.05593312 543.8402 545.71497 573.55237 793.1809 ,test/1848.jpg
0 0.10119235 432.15265 245.8296 749.90533 614.098 1 0.6838324 431.8976 245.16882 750.96326 614.4758 2 0.57947797 431.8894 245.4934 749.3856 613.76965 ,test/1849.jpg
3 0.98434585 411.0197 380.69385 562.38306 494.95172 5 0.32061538 410.80203 380.61032 562.8718 495.14383 ,test/1850.jpg
1 0.98133206 386.13303 582.35114 678.95154 854.1407 1 0.72692764 434.1593 434.9547 598.4547 607.9064 1 0.61191684 398.07138 660.2153 505.6882 846.685 1 0.44428524 406.9144 742.4438 501.16165 846.27057 1 0.42868763 327.18918 428.49832 672.98425 903.2095 1 0.36665624 596.1097 445.21454 689.88055 708.3321 1 0.33545703 321.0272 622.37744 516.4706 906.4093 1 0.23790553 338.41513 820.30585 518.1107 913.37445 1 0.14806828 413.26245 424.27527 606.3969 806.03577 1 0.07969292 396.96405 589.8394 611.68933 733.6092 1 0.05872778 395.58493 591.90576 609.80237 663.60315 7 0.9990318 306.66385 132.25085 551.9117 591.51276 7 0.99857366 627.51733 288.48688 898.7883 789.89435 7 0.3637632 669.05884 689.4593 730.47534 798.184 7 0.13686089 466.24478 565.0067 513.06177 601.90356 ,test/1851.jpg
1 0.12668933 259.5014 362.20303 551.2254 579.9759 2 0.9714407 259.93915 360.9334 550.71136 580.2896 ,test/1852.jpg
0 0.05886841 331.52762 200.00897 738.54944 691.55316 1 0.7988535 341.58002 203.94568 729.37994 691.1774 2 0.068566754 347.6598 203.48087 720.8602 690.5852 4 0.45163462 305.55032 203.1228 756.6505 683.2898 5 0.7533588 242.72229 177.45874 762.2378 695.79114 5 0.24463744 225.13754 144.31976 437.2374 697.663 5 0.20604154 220.0998 153.25348 330.82184 694.02893 ,test/1853.jpg
1 0.9988796 50.530426 181.33734 921.45056 886.7829 ,test/1854.jpg
1 0.99984276 97.34389 278.19098 411.07056 615.6989 1 0.9997342 576.29456 439.52924 849.05396 681.8378 ,test/1855.jpg
0 0.18269666 728.441 527.8195 841.9412 591.2784 0 0.17705676 266.94104 547.56415 464.70538 691.0671 0 0.071441345 0.0 198.82794 965.99664 948.3818 0 0.054510314 709.56946 598.9222 971.27356 839.8404 1 0.8864138 9.626831 161.01422 836.5082 671.2014 1 0.84264773 0.0 271.09393 989.58496 926.5682 1 0.7665478 746.5253 439.77173 977.4821 602.2063 1 0.7314018 499.79675 301.05896 831.647 675.799 1 0.4767996 728.6317 528.6015 842.2423 591.0446 1 0.38752738 854.9519 430.18976 939.8844 463.5235 1 0.37921566 528.70703 417.32794 964.725 683.8349 1 0.24506162 627.5991 431.11194 966.2528 842.9291 1 0.23460977 707.18384 597.8158 970.692 840.32996 1 0.17051359 384.76663 335.22546 979.0403 829.58716 1 0.16539522 280.73343 259.68768 783.3374 670.1264 1 0.10322821 296.06357 441.7453 888.0945 678.63995 1 0.06399675 820.3112 447.53183 981.4599 527.329 3 0.068568066 26.050108 288.1192 62.439186 328.93585 5 0.06263751 10.787537 162.64674 821.6072 670.54474 7 0.24624614 10.502411 158.10211 823.29626 671.3533 7 0.08038921 25.799782 287.6652 62.16588 328.82748 7 0.07161337 5.2202606 431.9384 490.6277 708.8888 ,test/1856.jpg
0 0.9987633 369.02557 276.86572 801.002 798.0757 0 0.17987211 547.09607 458.8567 788.4817 798.0852 0 0.12722388 187.41252 528.7082 223.34276 605.4058 ,test/1857.jpg
0 0.68612385 683.4674 281.0905 880.7622 566.55994 1 0.97531235 56.06549 560.8132 243.79495 830.59674 1 0.67839944 682.78796 282.9546 882.17126 565.12976 5 0.98477256 717.0314 99.6424 791.8064 222.39532 7 0.08526609 56.828194 561.25323 242.41785 830.9161 ,test/1858.jpg
0 0.76767814 387.54544 676.59406 467.0839 729.0357 0 0.16149929 371.86536 691.5001 665.209 763.4497 0 0.074886076 377.50882 670.43994 667.10876 732.3639 1 0.9958831 106.773834 278.18176 874.0575 702.40094 1 0.99354595 192.29062 555.6095 737.0591 925.2158 1 0.36625478 203.38612 561.9958 711.19684 726.40656 1 0.060920414 374.05292 657.832 690.5579 737.09515 ,test/1859.jpg
2 0.99997246 325.15552 326.9843 722.39087 611.862 ,test/1860.jpg
0 0.50898886 724.8984 748.63416 933.64655 903.0868 0 0.33129138 752.2244 28.024673 858.3724 233.13148 0 0.30425498 240.55646 235.92657 1018.21 826.51605 0 0.050757594 250.74239 234.28076 666.74945 768.7153 1 0.63245606 240.65326 237.08237 1020.6131 814.9769 1 0.15598387 752.2244 28.024673 858.3724 233.13148 1 0.14324747 250.74239 234.28076 666.74945 768.7153 2 0.0618504 248.6778 234.13829 634.30853 689.2759 3 0.067932144 725.4273 747.855 932.74677 903.0272 4 0.06769644 370.31317 598.3831 706.25775 802.98346 5 0.6611266 725.06866 747.50006 932.3111 902.93134 5 0.36195573 371.27197 598.7536 702.7919 804.5495 5 0.28239313 247.27359 238.33456 768.93506 821.5653 7 0.15665351 243.34808 233.7073 1018.616 833.3568 ,test/1861.jpg
0 0.06867931 540.25146 541.2676 675.7103 637.912 3 0.6493469 352.52158 365.76196 617.9015 602.235 3 0.06444723 285.8666 289.71973 467.6456 442.15906 5 0.75324804 288.94614 287.28784 389.032 443.85944 5 0.7281344 289.78577 291.0509 623.37537 608.8597 5 0.15038773 377.09467 379.1731 608.5175 598.26044 5 0.084232055 600.0027 913.97766 729.1555 1022.91846 5 0.07741914 0.0 316.0288 625.8028 804.74426 ,test/1862.jpg
0 0.7858257 276.2209 291.15518 402.86273 533.8224 0 0.5225858 430.91058 300.25345 576.0881 535.456 0 0.47081473 574.4351 289.80725 753.6092 563.82184 0 0.45810768 707.0025 322.5692 897.2083 588.711 0 0.40602866 468.80814 377.8199 538.27106 432.30334 0 0.20369871 454.3813 427.69214 579.7027 491.15796 0 0.16091819 427.3215 302.87823 555.3808 439.1176 0 0.09921507 0.0 669.0948 238.82732 929.6525 0 0.09726699 288.32434 305.1505 559.31323 534.831 0 0.09260761 305.5428 378.59027 383.89325 418.03717 0 0.075436436 151.14728 736.86584 329.07776 1024.0 0 0.06886424 365.9158 865.32886 583.48987 1022.1886 0 0.06624094 733.7881 330.88672 900.5465 476.65417 0 0.05038814 1.11026 290.4629 274.25085 480.02747 3 0.21769732 574.4351 289.80725 753.6092 563.82184 5 0.32743 305.5428 378.59027 383.89325 418.03717 7 0.11893921 731.6804 332.19168 903.4105 494.2039 9 0.9672529 3.6531982 669.74506 237.82152 928.73346 9 0.9578667 4.3829803 281.37607 278.20752 496.4341 9 0.9352309 155.615 737.8296 327.73596 1024.0 9 0.9021155 570.2285 292.28168 760.35046 563.9324 9 0.8499873 523.1458 774.1994 640.10236 1021.1916 9 0.80232245 710.58356 321.68225 898.6291 587.621 9 0.75478256 2.952942 485.06183 313.4264 669.25726 9 0.704035 428.7652 302.3556 576.2247 525.7676 9 0.6720745 0.0 278.8266 392.25842 678.93225 9 0.5064277 365.9158 865.32886 583.48987 1022.1886 9 0.3810701 428.67114 304.05338 551.416 437.79385 9 0.2748397 276.30222 290.5932 401.61026 533.82007 9 0.22093996 0.4013977 489.87692 304.89142 583.8558 9 0.15360317 0.0 420.64133 292.07654 999.3815 9 0.13352546 84.953766 298.63028 408.12296 559.68445 9 0.059932336 468.80814 377.8199 538.27106 432.30334 ,test/1863.jpg
0 0.24424145 884.52014 112.60777 963.8353 215.00255 0 0.15773007 379.96964 429.49564 485.488 459.02274 0 0.06569606 513.7844 425.4888 746.82117 513.3412 1 0.5687289 673.55347 30.24709 723.64453 143.09325 1 0.40482238 335.82825 429.85403 492.50342 459.72757 1 0.17266816 310.98822 442.31824 369.2732 462.27032 1 0.079159014 305.9719 443.13766 492.6404 470.89883 1 0.051496934 338.35327 439.61182 465.6126 455.59692 5 0.97849977 250.45555 340.8226 550.30524 452.98752 5 0.33653992 459.60913 464.5376 514.09906 519.5797 5 0.21608412 462.25397 498.80347 506.0749 540.2261 5 0.18838163 188.76607 298.14172 557.354 484.71783 5 0.13462786 161.95569 540.41833 401.38873 625.02954 5 0.12009614 242.38736 336.4298 383.2186 459.35724 5 0.07906217 846.2427 186.15016 1022.70703 576.6149 5 0.074812196 462.72614 496.3199 504.13135 518.50244 5 0.060850985 324.3862 429.09973 492.5602 461.2379 5 0.050847128 461.84558 463.42984 488.4217 523.8246 7 0.9990326 406.21652 382.34485 903.2755 811.0377 7 0.9954224 301.58817 79.95105 887.10535 460.14142 7 0.99118465 327.76077 645.41156 981.21313 1004.6585 7 0.9814704 388.82468 948.95294 751.7185 1022.23334 7 0.9744667 33.336624 307.53973 537.5207 843.3985 7 0.9308578 0.0 738.9698 549.1093 1016.5561 7 0.8286116 5.9003563 398.48654 114.14844 914.6865 7 0.7514117 704.23224 629.4064 982.96405 1018.3257 7 0.69931406 0.026620865 420.04752 63.49099 705.32275 7 0.24696778 252.95396 736.8026 530.25684 996.59937 7 0.24482474 164.65463 815.89185 354.94913 928.588 7 0.17054726 442.67636 47.823467 500.7338 124.06119 7 0.13942578 263.76068 891.99365 797.2369 1011.13745 7 0.121656284 98.37076 391.9069 921.9171 916.19946 7 0.11371053 300.1181 287.76758 866.8322 681.1711 7 0.1108889 521.0552 426.96423 740.5205 510.63202 7 0.110195816 7.416443 864.6144 736.7062 1015.9094 7 0.103459015 514.72534 356.40936 788.9241 516.6776 7 0.103014246 335.82825 429.85403 492.50342 459.72757 7 0.097375974 592.2068 362.4172 800.62415 446.95316 7 0.06300415 461.3534 502.7961 506.07452 539.25555 7 0.0514653 161.95569 540.41833 401.38873 625.02954 7 0.051383246 226.5199 316.57343 555.71747 459.9378 ,test/1864.jpg
2 0.9871177 359.1386 393.59515 628.1146 759.8332 2 0.11146133 348.66077 333.33862 617.1134 489.68378 3 0.063747324 355.7955 345.77942 639.87317 825.47644 5 0.3936655 348.66077 333.33862 617.1134 489.68378 5 0.1395714 485.9543 339.36963 600.2909 487.7013 5 0.075341 353.04584 342.7364 634.9028 829.3355 ,test/1865.jpg
0 0.5947517 740.2555 447.3268 888.2206 461.09146 0 0.2675222 723.8262 445.16623 895.4227 479.55276 0 0.11901079 674.47986 440.43262 899.9961 499.87012 0 0.07556187 676.4153 458.08887 766.80164 506.557 0 0.06551943 666.1162 430.25644 789.6317 509.45926 0 0.0623279 754.54565 456.39084 874.2742 471.92606 0 0.062173612 754.7241 452.73206 869.36865 465.6593 1 0.99280554 313.8255 357.34204 782.1867 553.7808 2 0.070505574 683.19116 460.16876 750.4896 507.27808 ,test/1866.jpg
7 0.99979323 283.127 223.72845 761.83673 819.73016 7 0.24056558 481.19672 320.08694 614.0865 391.6418 7 0.2023151 338.21008 230.38489 638.1354 393.6809 7 0.053940877 293.65955 232.43552 662.97046 510.18307 ,test/1867.jpg
0 0.13874415 248.9896 233.91652 677.59326 738.58685 0 0.08312193 256.9361 611.65216 521.69525 739.3276 0 0.05581007 76.04965 420.18842 184.85886 543.7809 1 0.062878944 246.07207 235.37413 677.3503 696.5809 2 0.95268166 245.03743 235.0535 676.17804 730.17676 3 0.2118888 247.99438 233.17926 677.34015 737.62866 3 0.055816855 78.84924 422.93146 181.06564 541.61993 5 0.89647204 78.6642 422.61523 182.15007 542.23944 5 0.11627675 248.9896 233.91652 677.59326 738.58685 ,test/1868.jpg
6 0.9994955 400.49963 353.63058 624.8721 686.0957 7 0.99995553 130.08482 224.78723 443.4417 739.06036 7 0.9999119 612.5841 115.74304 970.52954 771.22296 ,test/1869.jpg
0 0.08820433 958.51715 254.43178 1023.05426 658.0007 3 0.9961538 341.72928 127.69571 779.88586 946.3181 4 0.13732514 957.57324 255.3059 1023.06934 657.29517 4 0.1030372 336.0349 331.79877 390.76453 825.5092 4 0.05189513 138.03899 244.90143 346.61932 882.84357 5 0.99764913 138.10597 242.15955 346.799 882.8163 5 0.7844708 958.3217 255.95999 1023.7669 660.69446 5 0.4007209 358.16443 37.580627 783.3612 349.778 5 0.12626463 336.0349 331.79877 390.76453 825.5092 5 0.059294425 343.66278 56.85025 787.93353 973.876 7 0.07951113 751.76184 975.34784 1019.0066 1020.9841 ,test/1870.jpg
0 0.13530204 77.25156 185.36374 878.4828 1002.64905 0 0.0611693 358.47473 317.27124 718.54565 1006.75574 2 0.08410143 712.8801 632.83484 931.4608 703.53674 4 0.49274614 252.1354 552.8315 441.4142 951.9289 4 0.06964076 697.8691 889.1518 759.7491 1024.0 4 0.06558987 382.80554 412.26654 680.9812 806.0638 5 0.99328136 430.52496 746.27704 721.2734 1024.0 5 0.9861821 530.9232 170.63263 884.78186 687.4172 5 0.976577 683.40125 628.00366 1015.0294 1015.56165 5 0.8680508 385.2583 410.42053 680.4453 809.01855 5 0.66274214 252.14993 553.9818 440.4852 934.577 5 0.56219643 139.67288 218.76465 832.83887 980.29614 5 0.42063776 358.47473 317.27124 718.54565 1006.75574 5 0.14061312 401.99298 512.42224 846.8306 1014.8839 5 0.08417955 202.39064 391.86227 483.41803 1017.38696 5 0.05830548 648.85815 647.2743 787.9248 1024.0 7 0.0790407 75.56802 189.86246 745.0215 1022.5082 ,test/1871.jpg
7 0.9871334 260.40997 121.50006 771.73883 790.34766 7 0.48787403 275.2257 188.47865 588.86835 500.04785 7 0.059253674 446.94806 285.95844 772.5915 795.0456 ,test/1872.jpg
0 0.6088616 615.50635 938.68195 752.25146 1018.5949 0 0.21607615 566.947 895.91956 787.6273 1021.0375 1 0.1325933 614.8053 938.4059 752.9415 1018.36487 1 0.0629347 190.8393 377.44464 319.2269 452.568 3 0.2790105 304.0551 937.48816 533.52185 1022.183 3 0.062215284 554.15967 884.7554 818.6736 1024.0 5 0.91869926 554.59705 884.5476 823.881 1024.0 5 0.114439905 561.4847 958.5697 621.1823 1022.66077 5 0.07497031 556.65234 896.7428 628.78406 1022.94226 5 0.051228516 591.9977 913.56433 764.24084 1021.45935 7 0.99993896 79.64253 407.9176 386.2959 756.9458 7 0.99990284 432.48334 274.96838 694.98175 693.88544 7 0.9990627 667.11194 371.626 974.17456 749.2118 7 0.14687243 614.8053 938.4059 752.9415 1018.36487 ,test/1873.jpg
3 0.9990625 366.8869 424.30856 628.81195 559.0884 ,test/1874.jpg
0 0.90228254 92.93628 454.7821 855.5251 527.33185 0 0.06473256 80.99011 458.43405 874.7614 590.02704 5 0.1813007 88.40387 453.0155 854.69293 526.21967 ,test/1875.jpg
0 0.9950531 541.8586 0.44480133 803.78485 149.94113 0 0.77206504 116.74013 0.37677765 393.5619 191.74661 0 0.46446517 269.88605 5.3269043 397.1856 200.00194 0 0.26154938 538.6944 1.5662537 802.998 299.41156 0 0.20940013 206.77666 1.6019058 337.6001 189.1557 0 0.14713788 260.6791 245.2214 306.8043 269.21188 0 0.11690529 264.29703 126.36987 347.01553 185.48526 0 0.10586847 244.12354 4.444313 809.6389 197.86731 0 0.099139065 546.0358 30.335339 587.03937 146.02278 0 0.08059303 545.8562 134.9817 595.71265 162.19685 0 0.079778254 270.68436 242.388 308.08707 259.24612 0 0.057291087 120.50413 169.06444 189.84152 240.78673 1 0.07447431 120.50413 169.06444 189.84152 240.78673 2 0.97146994 120.65657 168.89902 189.42223 240.6289 7 0.9908263 235.37537 127.779465 738.9923 581.7271 7 0.44123027 115.63501 1.1027985 397.13354 192.9107 7 0.40842214 255.62245 245.66739 307.10287 270.8364 7 0.13867776 268.73355 243.15808 307.0228 262.18445 7 0.088871725 538.629 24.311218 788.0021 374.77222 7 0.08061093 223.98676 347.49026 279.9116 428.51584 ,test/1876.jpg
1 0.9981919 222.69109 291.4623 338.12665 363.2617 1 0.99737835 628.32825 532.5259 858.1544 705.6904 1 0.99626225 142.13316 387.95624 435.57037 703.2413 1 0.9918898 350.14432 234.29211 620.03674 389.38104 1 0.98205805 294.39526 354.141 473.07574 478.6347 1 0.9750783 446.53415 443.6546 699.3709 616.4412 1 0.95652485 437.57358 364.78983 511.92728 417.8741 1 0.95226187 540.27875 325.42114 917.6711 552.7265 1 0.8055088 346.20325 378.0123 406.8189 406.4733 1 0.706902 297.2236 355.02515 370.60727 427.14697 1 0.57691723 291.51703 358.85983 510.52087 422.58572 1 0.42129266 315.17264 373.98325 411.87387 423.21817 1 0.34445733 327.88306 346.6151 388.01398 382.03802 1 0.32250932 388.50735 515.7366 501.25864 644.2588 1 0.2344347 318.83807 342.1941 392.31458 425.9228 1 0.22154924 348.60834 394.61514 409.97168 414.51047 1 0.18282464 406.88232 314.2087 896.2529 661.61255 1 0.13224572 338.17236 379.523 464.79553 418.54822 1 0.112464696 292.59314 348.5724 382.32556 483.4527 1 0.10746979 330.12656 352.65927 413.59128 410.64658 1 0.10452127 343.83533 383.07825 466.20544 473.5893 1 0.095999755 504.0756 427.07578 530.4105 464.00046 1 0.08395315 223.02211 290.90408 355.19812 420.64096 1 0.08201676 407.7222 378.69904 462.3027 400.4657 1 0.08164348 807.44183 501.79245 875.5201 549.66956 1 0.08048146 316.11557 365.10938 509.6199 400.78802 1 0.0801821 221.31793 297.10065 481.19116 479.1518 1 0.07462831 318.6197 346.33002 488.28253 389.18365 1 0.074117884 274.75983 221.44875 629.3865 500.24268 1 0.061884195 412.81555 468.619 863.8773 703.1102 1 0.058702108 299.5244 387.39444 318.09692 418.32492 1 0.057692017 333.90707 370.53253 386.2576 408.7907 1 0.05635146 376.6237 447.17554 463.07297 479.15863 2 0.33239165 447.5726 444.45563 698.9295 613.6529 ,test/1877.jpg
0 0.9989324 206.74756 160.23248 857.9396 754.78094 ,test/1878.jpg
5 0.9994677 287.47324 277.21548 740.46533 587.4824 ,test/1879.jpg
0 0.17474902 612.99915 259.58728 662.3429 445.0379 0 0.14658545 715.3434 774.39154 1020.5438 996.29034 0 0.08973363 937.7949 499.6814 985.1793 585.228 0 0.0841654 928.0344 384.4369 1019.5017 599.36743 0 0.07662347 746.34436 960.4583 1018.5172 1012.4777 0 0.055601493 679.1221 778.264 789.2223 1022.4399 0 0.05072767 861.3491 334.63953 1020.4813 790.83093 1 0.97784084 859.6591 280.6089 1021.9277 791.6792 1 0.8811031 679.57336 771.3157 1021.31177 1016.8856 1 0.69240993 864.23553 278.16888 1024.0 447.07294 1 0.46618807 938.96484 416.15787 1021.5189 582.26025 1 0.41233522 776.4954 327.9948 1023.4549 986.67084 1 0.26804277 679.1221 778.264 789.2223 1022.4399 1 0.2463194 951.4617 343.9267 1020.4957 531.1622 1 0.22397417 958.0532 431.51968 1023.36816 538.198 1 0.16222654 898.5962 301.91357 1020.8617 600.2052 1 0.13402307 990.0819 432.25998 1024.0 516.09344 1 0.118322365 866.6701 277.1057 1024.0 352.0697 1 0.084525846 960.37244 367.2186 1006.6443 500.76358 1 0.08412166 926.58606 374.55316 1023.8246 785.73004 1 0.071573414 959.6612 341.17786 1024.0 450.2011 1 0.06306752 754.35065 994.6314 1024.0 1017.53204 1 0.05856345 936.859 455.4131 993.0692 582.5974 1 0.052207764 969.0998 381.91818 1002.7757 465.0502 1 0.050664768 988.525 414.8037 1023.36316 447.15845 5 0.2665588 743.7004 960.3563 1017.8719 1016.81726 5 0.08560794 754.35065 994.6314 1024.0 1017.53204 7 0.9998313 160.84027 235.18085 584.2717 844.55096 7 0.998941 532.9399 216.48538 880.1933 872.5354 7 0.414114 749.85144 959.5533 1019.04614 1017.9028 7 0.35199347 677.38513 773.68445 1020.8325 1017.4623 7 0.16391554 763.93695 996.7121 1023.6402 1018.26483 7 0.11996055 610.3939 256.91766 662.4276 444.07642 7 0.097656295 776.4954 327.9948 1023.4549 986.67084 7 0.060234886 624.69464 245.98267 651.8869 278.7987 ,test/1880.jpg
5 0.99979705 458.64777 443.47437 634.6829 588.3556 ,test/1881.jpg
9 0.9952335 33.53067 133.86974 967.2717 509.26825 9 0.97274214 39.367523 496.012 988.2058 917.30676 9 0.19087733 30.99179 117.54523 987.0382 970.8343 9 0.11188127 412.62842 522.9315 1009.68225 864.5293 ,test/1882.jpg
0 0.07254699 417.6308 0.0 495.96808 714.21716 1 0.9640061 0.0 940.4157 420.77786 1023.0467 3 0.999905 137.91379 552.3568 315.01413 812.4413 ,test/1883.jpg
0 0.17090103 147.12466 484.02744 437.8771 797.9413 0 0.12267289 901.77655 279.15872 964.2774 336.41263 0 0.10800329 225.7366 588.73615 413.7916 700.7369 0 0.081459776 808.9983 257.41962 994.7864 486.86914 0 0.06509375 101.26315 665.47217 215.7013 776.99255 0 0.06367635 275.16092 602.6071 389.9266 663.0534 0 0.051690698 427.08792 531.63495 448.87405 577.19916 1 0.99829787 482.75848 360.32996 796.0605 737.2488 1 0.9934289 53.013718 424.41876 516.1077 958.0456 1 0.98154056 805.0488 211.17143 1000.6107 491.271 1 0.98128307 576.7998 303.58722 665.7423 405.23828 1 0.92839557 98.41818 666.71985 214.00952 776.2938 1 0.9242649 819.08685 188.89554 1012.51666 303.06067 1 0.88631594 552.2956 372.76746 737.43866 620.5334 1 0.8758559 70.432495 421.5815 407.2976 771.9707 1 0.8634367 528.90436 368.60693 708.5744 512.945 1 0.75580263 500.35052 294.53687 667.28424 488.55322 1 0.71349305 596.67194 501.75977 710.4344 627.8756 1 0.5049558 901.77655 279.15872 964.2774 336.41263 1 0.46013325 180.02866 578.1995 240.73767 630.97455 1 0.44969872 218.05217 551.06995 312.289 607.8701 1 0.39468208 490.47214 302.5219 692.63336 660.58765 1 0.39343336 426.77472 532.1597 449.2342 576.9665 1 0.37652555 158.4801 727.83203 216.30588 807.72595 1 0.27595842 188.9462 480.9871 431.52518 784.06824 1 0.26740676 645.4725 436.6317 785.09283 725.277 1 0.22178337 575.58 529.30786 604.535 594.8893 1 0.20322616 159.18237 762.125 216.61664 800.2521 1 0.1980353 691.45685 542.14856 715.4476 600.2975 1 0.17779768 223.90016 574.56714 413.8824 727.9252 1 0.16381401 686.3078 540.1995 706.99176 612.4211 1 0.1543538 93.47867 555.1415 362.7997 775.6256 1 0.14143993 113.79765 662.3903 147.76259 700.3139 1 0.13439634 291.84952 537.78436 325.68515 566.7847 1 0.10650976 210.3717 484.92538 429.25446 628.47577 1 0.101057395 256.34937 551.8275 305.50366 588.11304 1 0.09779439 474.10907 426.73993 534.8838 559.25494 1 0.09481094 661.05865 536.56683 712.462 626.8255 1 0.09364051 200.19525 557.51746 290.2401 620.0547 1 0.08417306 125.300995 579.32965 247.28772 705.6906 1 0.07566558 696.4985 545.0185 724.61774 588.8016 1 0.07226321 197.02258 540.19965 383.65912 623.086 1 0.07221598 160.76201 590.0198 243.79347 799.92175 1 0.06966717 140.74841 664.3302 201.6081 707.7544 1 0.06841237 535.046 499.311 591.2416 574.6297 1 0.05797744 140.1456 779.6778 203.79102 831.00665 1 0.057269607 116.5867 632.1683 170.26007 700.4124 1 0.055589948 506.61804 427.90906 578.5654 500.06567 1 0.052870907 673.76056 544.8071 724.45856 614.6819 1 0.051127218 196.05331 570.2912 293.02023 769.2547 5 0.057049315 809.32794 258.59375 995.92487 487.06506 6 0.9992505 653.1544 201.76447 821.6953 404.03308 7 0.99731594 782.1926 44.642395 965.98035 239.06873 7 0.9950069 523.73425 666.8972 603.7903 740.0978 7 0.15563948 808.89545 260.6496 994.98285 485.8711 ,test/1884.jpg
0 0.99627566 209.27144 53.579468 687.97736 938.0219 0 0.93196815 75.2292 274.5451 390.2146 541.02704 7 0.06248845 75.27437 274.80865 389.93488 542.05035 ,test/1885.jpg
0 0.7752182 799.8165 599.5193 867.16187 630.69055 0 0.3262908 795.4208 594.8963 874.5614 683.6385 0 0.2667536 602.749 465.2227 658.9385 498.32578 0 0.24599001 575.4528 395.51288 628.6923 418.5252 0 0.20100185 557.1572 463.09097 764.2445 590.91113 0 0.11853028 569.7973 457.17218 654.5794 502.7126 0 0.11258186 618.6546 415.13455 687.24615 506.63504 0 0.10243664 830.2578 621.68695 852.994 673.3781 0 0.082531 574.7078 379.5466 647.4471 419.28085 0 0.07267612 558.5932 729.2765 589.5778 806.30444 0 0.0660029 542.75305 17.627096 603.9973 76.5276 0 0.06596222 236.43959 295.4777 372.03894 449.3961 0 0.059936266 574.8245 389.0155 688.8934 494.92896 0 0.0579675 553.433 461.60196 665.54956 527.26605 0 0.053853694 470.7177 819.8791 669.3659 980.0439 0 0.05224214 585.2816 412.0385 696.5492 577.87994 1 0.9959388 754.8967 540.702 911.292 722.0342 1 0.9651155 548.8315 485.73767 774.852 742.2532 1 0.9032388 536.34485 223.4694 576.27466 365.96106 1 0.865953 503.62793 225.59448 582.52893 362.2068 1 0.8304155 485.72598 666.23517 646.3686 846.24066 1 0.81043607 359.14426 614.55365 500.3043 813.05756 1 0.5493857 518.0208 2.713623 799.35333 727.5784 1 0.47360688 563.07654 235.19986 615.36414 416.82663 1 0.45864424 503.92355 246.2725 549.3245 350.62125 1 0.44020113 605.61993 309.14508 632.4146 399.45996 1 0.43594453 563.5196 235.42181 601.9959 327.2265 1 0.4251474 571.8068 392.48874 642.2807 474.26834 1 0.35012227 706.781 552.8783 753.14526 583.9463 1 0.34199205 551.77563 461.56406 653.6647 528.70264 1 0.32549742 478.1207 502.79498 644.0773 858.3918 1 0.32179564 675.1808 172.7197 707.80664 258.04947 1 0.30505404 354.9073 494.33984 542.5538 814.6316 1 0.27910507 514.9539 7.053406 745.25726 426.24014 1 0.27732226 574.8245 389.0155 688.8934 494.92896 1 0.2725653 733.772 0.0 800.365 49.9501 1 0.23963161 557.9485 426.42242 763.12256 654.63885 1 0.23029506 545.8013 261.8377 569.1372 366.49683 1 0.18587662 558.71497 249.70271 574.7833 327.33 1 0.1841232 612.80225 373.05817 646.94995 403.4165 1 0.16648655 596.85956 275.37473 630.3068 407.17233 1 0.15301281 511.5498 17.093018 622.16064 386.62222 1 0.14596468 792.7642 591.05927 893.7974 697.4329 1 0.14149596 582.19885 475.59912 757.8546 601.605 1 0.14098625 748.4567 477.83066 813.7221 575.2971 1 0.1372324 545.98206 239.3355 574.61584 323.37976 1 0.13550463 504.26987 227.72415 645.6184 404.006 1 0.124426484 554.88824 520.89734 603.70746 657.19507 1 0.1215462 600.29236 465.3919 666.4404 499.83014 1 0.11288887 580.0278 370.4386 647.3217 416.90802 1 0.11054717 580.27576 249.6871 643.095 427.6382 1 0.10778132 539.3308 226.37398 605.46045 456.9215 1 0.10757439 574.1711 160.44649 796.2408 590.3567 1 0.10670594 586.1398 307.63525 649.0438 482.29443 1 0.092045724 414.4491 530.3167 516.6702 709.153 1 0.086578816 733.6662 547.6851 754.4836 579.32916 1 0.08474269 808.0001 586.83 863.80505 611.6954 1 0.08105422 541.8839 113.26097 679.568 569.3148 1 0.08102782 799.79205 589.7823 869.9108 631.7952 1 0.079062976 505.58847 502.29883 546.29425 680.3727 1 0.07278572 578.61755 392.78836 634.8323 416.05185 1 0.07183316 540.56635 226.57452 579.1086 275.17786 1 0.06505073 560.65015 457.78445 690.16187 627.51624 1 0.06030349 663.44666 142.66135 718.46606 276.03162 1 0.05835402 631.74615 385.94186 645.2819 464.56284 1 0.05831846 562.75586 238.07008 581.3729 323.432 2 0.07417976 552.58044 465.00116 637.1354 530.41925 5 0.5309705 602.13617 491.3268 757.6994 595.97766 5 0.0594453 551.7713 462.84482 649.6141 528.93024 5 0.056063823 577.9184 394.63828 628.25946 418.0925 6 0.9973431 361.00977 293.72214 573.6331 562.6543 6 0.082307726 245.68091 286.71573 568.88806 648.35034 7 0.9999076 196.71542 578.90405 380.0416 916.004 7 0.9968045 249.93988 293.42697 434.6848 688.85144 7 0.9874113 471.09265 819.6259 669.4426 979.7673 7 0.9722199 419.66324 547.158 487.57895 642.5268 7 0.7954229 640.3435 417.76892 687.3717 484.21997 7 0.16301006 245.0033 581.0109 298.1386 614.1125 7 0.13004024 577.9184 394.63828 628.25946 418.0925 7 0.09128172 485.87634 663.73206 645.21716 846.6135 7 0.0790921 402.77637 546.9141 497.15796 700.4091 7 0.067618586 604.0036 465.8027 660.16693 495.55582 7 0.061290022 568.73724 469.45087 758.69366 597.1174 7 0.05749442 575.12085 388.76178 687.6283 492.56818 7 0.050937243 618.6546 415.13455 687.24615 506.63504 ,test/1886.jpg
0 0.080781974 87.70706 281.1118 778.0033 869.9608 1 0.13596374 87.74539 277.6751 786.6406 870.038 5 0.9977848 88.48294 289.0365 787.0376 866.46106 5 0.12408272 94.93884 293.72495 210.29163 709.29956 ,test/1887.jpg
0 0.58664423 289.78638 230.56882 722.7244 1006.01904 0 0.089124225 470.1575 873.51697 514.9439 966.032 7 0.61860806 290.56824 230.9422 721.944 1002.46405 ,test/1888.jpg
0 0.61782956 98.947296 374.17053 879.80676 530.30634 1 0.28573155 97.466675 373.98093 881.20874 529.3461 1 0.090843916 55.960724 197.46976 901.078 527.33606 5 0.066154376 89.6944 374.48898 890.11975 528.1343 7 0.28380156 94.29202 374.50018 882.18506 529.17413 ,test/1889.jpg
7 0.99961275 240.16092 338.9957 811.10596 757.6107 ,test/1890.jpg
0 0.41138712 272.9483 677.998 417.8709 775.5489 0 0.23851503 264.1004 675.7924 432.96338 879.2961 0 0.17888863 274.10803 720.935 336.0833 734.09247 1 0.8121963 653.4043 449.56393 774.19714 593.048 1 0.30697197 264.46658 675.4302 432.59055 880.7582 1 0.16306269 274.86023 677.66046 415.073 764.6635 2 0.5695999 652.3533 454.33606 774.4944 592.8124 2 0.35999957 266.7885 678.79474 433.01147 876.37054 3 0.31300613 268.18912 676.9606 429.43875 879.54297 7 0.32623905 265.95868 675.68085 435.11572 879.2629 7 0.1529266 653.4775 449.56647 774.42426 593.826 7 0.11090854 274.86023 677.66046 415.073 764.6635 7 0.105385646 411.49243 815.72034 458.97394 873.2092 ,test/1891.jpg
3 0.9998785 203.29813 184.34662 955.9226 841.86053 3 0.33739352 206.82724 166.55585 344.31137 644.9124 ,test/1892.jpg
0 0.8299052 150.26181 147.92078 736.0686 824.4005 1 0.10264048 156.67923 150.3103 711.9845 827.2916 2 0.09574236 154.0075 150.45508 716.0457 824.9853 3 0.065588914 152.25684 148.0877 727.9216 825.10004 ,test/1893.jpg
7 0.99992716 653.65155 358.9059 978.7835 831.42285 7 0.9999094 73.01262 241.26245 402.89124 670.56915 7 0.9998851 355.86493 323.7553 670.66547 945.03033 7 0.9997842 726.59045 0.0 964.9147 333.71692 7 0.17321874 216.01465 223.12772 290.72375 293.36203 7 0.09241536 123.36242 597.0564 157.75685 668.3512 ,test/1894.jpg
0 0.7996854 356.2746 724.428 689.6182 1022.5001 0 0.0778838 383.64755 716.89197 557.8943 1010.5475 1 0.1410179 717.0897 638.683 1023.6615 865.1284 5 0.3118275 717.0979 638.4385 1023.84827 863.9702 6 0.99970454 487.96268 120.01877 835.94507 826.06506 6 0.05180515 514.28827 130.85925 842.736 398.05365 9 0.25501513 357.0528 724.9615 685.5076 1022.72064 ,test/1895.jpg
4 0.52537 395.8896 316.7739 663.4875 455.12943 4 0.15544884 333.81592 515.5125 594.19604 645.03925 5 0.061587963 333.75134 515.86774 591.33795 646.507 8 0.99083334 333.00937 516.2916 591.6207 645.657 8 0.80967236 395.43457 316.7361 662.4829 453.32736 ,test/1896.jpg
0 0.3231513 146.05841 269.4267 373.34265 863.2955 0 0.05703611 714.42444 181.4404 876.6665 672.59973 1 0.08231656 144.79437 269.3331 373.45667 865.2418 2 0.6601703 150.84897 268.83386 319.82678 444.06128 2 0.15089382 143.22116 275.92422 371.9404 859.0121 3 0.076626964 146.8934 268.59964 373.47995 867.8458 4 0.99185926 467.64993 330.2381 629.3643 797.9118 4 0.732175 712.0919 182.84627 878.0084 671.2193 5 0.913942 712.25977 182.59554 878.8102 670.11584 5 0.8249 148.32799 269.35236 373.5379 867.4627 5 0.077512406 468.56476 330.1363 628.2237 800.3514 7 0.053448092 145.4606 269.02438 373.59793 862.848 ,test/1897.jpg
0 0.98580915 376.89478 206.9457 780.4668 669.8852 1 0.11102376 376.43243 203.31227 781.217 669.1585 ,test/1898.jpg
0 0.5984435 706.64996 369.43326 778.63556 399.91312 0 0.5799129 152.51382 253.2378 778.5376 652.11914 1 0.65057486 153.21365 258.7673 776.2717 651.8578 3 0.89737463 613.57825 141.96832 864.5686 357.82953 7 0.2505228 706.9695 369.13168 778.50195 400.6666 ,test/1899.jpg
0 0.8949558 824.0953 137.94301 881.2459 194.3539 0 0.73745507 649.8918 539.03925 757.28534 568.63873 0 0.42321536 692.3328 324.03305 738.549 365.66177 0 0.17849635 594.8923 739.10986 622.1016 821.2384 0 0.15690373 648.47754 565.4775 687.5171 604.58075 0 0.09438563 687.7221 446.7463 742.36017 490.51028 0 0.09349839 572.69666 611.12134 623.34937 660.7816 0 0.08911293 576.0077 217.69691 617.3999 324.92093 0 0.08517825 600.6502 768.6304 622.84686 820.197 1 0.99874866 83.71019 531.9056 202.70915 644.8697 1 0.9980083 204.21709 803.67395 437.08752 1022.6207 1 0.993626 619.25604 227.6792 804.32697 443.31293 1 0.9931264 420.9723 162.71416 644.8451 439.73865 1 0.98358464 337.8474 452.13895 538.32227 742.8966 1 0.9661171 267.52844 741.92194 515.96497 860.2387 1 0.96509814 733.951 444.95837 853.6066 585.1366 1 0.9243139 508.33765 508.4577 598.60535 566.6922 1 0.82035995 483.28986 699.4142 607.6917 925.05945 1 0.7907591 263.36157 665.0248 552.4716 873.6135 1 0.76131254 481.6807 157.38177 551.1859 239.96597 1 0.7260307 253.19751 650.94684 551.28864 772.4842 1 0.71545476 617.17017 271.43976 672.0465 323.4845 1 0.62853754 526.56494 604.16925 626.2959 706.008 1 0.59395677 216.01654 656.64 581.4743 1009.04114 1 0.5634919 641.08124 685.0207 733.215 780.5988 1 0.53536654 618.94324 485.2818 754.8904 572.70184 1 0.52103305 575.5474 418.0794 694.4268 495.16107 1 0.5175076 614.2704 257.32983 654.94775 312.45575 1 0.4960648 535.66534 618.6765 588.20966 682.7783 1 0.443768 464.33078 164.98062 491.6838 242.19165 1 0.4320978 512.64233 479.11426 617.1061 627.53235 1 0.42113778 440.62994 437.59525 495.95056 477.91318 1 0.39288503 617.0816 267.30664 671.2967 387.7135 1 0.39078122 567.1609 606.6961 624.1703 660.3752 1 0.3718083 659.5211 395.2581 861.78296 583.57214 1 0.36533278 586.8274 434.22647 754.8439 569.4487 1 0.35753897 686.6315 443.7291 745.5969 493.4282 1 0.35549116 610.5564 222.48344 713.8572 326.99615 1 0.335205 412.67712 738.3755 514.3513 906.974 1 0.32707882 628.8002 227.69382 701.8602 284.23474 1 0.3210176 505.55005 445.7495 596.93054 565.7213 1 0.3054075 503.14264 438.08466 570.74615 498.74915 1 0.3028446 507.31006 474.28305 670.8275 715.8469 1 0.3014167 420.5558 225.33107 460.3991 309.8725 1 0.28246674 690.34454 224.86827 802.17035 351.09753 1 0.28041723 520.03485 613.7022 573.0474 677.6556 1 0.26988798 648.0459 538.4283 758.6515 567.75165 1 0.25879994 719.661 391.6504 865.63184 479.64777 1 0.2522016 515.781 543.8677 626.52576 663.94775 1 0.24930355 514.6171 619.2957 541.2166 661.9527 1 0.24130203 520.8125 618.2998 548.28906 678.4415 1 0.23922898 323.60492 441.59885 688.0115 764.84814 1 0.2381169 689.0609 221.39355 747.5049 289.42758 1 0.23354031 615.64594 498.65527 743.1883 545.81604 1 0.22711708 618.4632 485.26303 687.774 543.355 1 0.22272903 619.63525 225.16972 755.1625 298.38904 1 0.21443948 438.64758 436.45917 586.50854 560.8914 1 0.2143154 438.63098 459.262 495.66632 476.54025 1 0.21426775 526.9819 440.25052 560.84906 467.17825 1 0.19585362 552.44696 624.36145 610.9228 708.88806 1 0.19291574 579.39453 450.423 760.5215 666.0067 1 0.18775937 680.3713 428.42725 726.59625 453.98572 1 0.16768423 432.91016 435.50168 577.75275 492.2393 1 0.16208571 507.07953 474.11407 531.4356 516.54083 1 0.16138494 665.4621 256.45367 697.83636 288.44543 1 0.1589021 694.12177 437.47754 731.3649 455.85638 1 0.15699713 740.0615 454.11664 826.5879 482.37354 1 0.15195653 722.20135 416.67856 839.163 467.67392 1 0.15016228 522.2072 574.0856 618.2131 630.31616 1 0.14320518 380.45987 675.5177 573.6315 922.37964 1 0.13991822 617.3111 306.32556 649.071 378.29614 1 0.13844362 534.85504 173.5647 620.6795 359.4583 1 0.13504988 584.29614 486.38165 685.3866 670.43097 1 0.13106947 615.97015 468.58173 682.8538 487.41724 1 0.12013092 546.0343 703.09015 567.1282 768.9465 1 0.11815583 505.58002 448.41223 548.3472 526.99835 1 0.11594266 759.9562 392.9281 838.87695 432.26923 1 0.11138366 486.32474 438.28244 787.7499 587.0931 1 0.10840678 544.5197 581.18506 673.8464 709.04407 1 0.103882834 825.44806 394.61142 864.2442 504.7117 1 0.10235098 738.28064 454.62033 842.3817 529.49835 1 0.10234753 398.23355 460.70792 447.26767 476.59647 1 0.095259495 479.72174 436.86606 576.898 473.33487 1 0.08958325 656.4295 559.6001 753.9842 662.9872 1 0.08594143 648.47754 565.4775 687.5171 604.58075 1 0.08558233 520.53467 569.87427 601.6112 691.80273 1 0.08384336 543.0853 438.5031 568.2728 496.2564 1 0.08290057 393.5446 456.3265 500.14273 477.88913 2 0.95508945 595.4458 701.70807 653.83264 781.88043 2 0.6816214 625.5997 750.06256 655.0666 778.4007 2 0.61954653 640.79114 685.0078 733.3092 780.5226 2 0.5415729 668.7554 567.907 747.4386 664.46606 2 0.47798455 440.22656 437.7962 497.48663 477.8758 2 0.23063505 567.1609 606.6961 624.1703 660.3752 2 0.21584448 535.70844 618.6952 589.8289 683.8938 2 0.17364489 596.43005 727.0906 632.48694 778.1471 2 0.14212263 613.8241 705.6353 645.8751 777.6093 5 0.5685625 522.5275 578.99316 620.08124 627.38367 5 0.35570168 667.0644 568.56116 754.6093 662.6079 7 0.3308173 601.9825 777.50305 624.01654 820.0669 ,test/1900.jpg
0 0.61648464 313.26093 656.6875 456.18823 754.63525 0 0.11976319 352.68716 385.3506 741.2633 723.70154 0 0.069248796 227.15848 628.2494 513.7958 756.69006 1 0.082246825 353.30505 384.30664 740.72876 723.2903 2 0.49834964 353.5866 384.39597 741.1475 722.4645 3 0.16633831 349.45264 383.6964 739.9392 730.0764 5 0.4136073 314.64114 658.7476 439.39542 754.8743 5 0.10841601 350.90942 384.71814 741.025 726.47656 7 0.76497823 343.1358 382.00952 740.43256 738.6459 ,test/1901.jpg
0 0.9668841 432.62277 825.54315 688.41473 967.4401 0 0.744613 0.8061104 817.089 83.96089 934.2106 0 0.15810105 699.1665 815.3765 760.6564 876.4233 0 0.08146372 0.0 442.68594 109.919106 613.2168 0 0.051220603 9.7283535 649.5593 61.76947 674.7997 1 0.059976686 431.24857 826.31726 689.01697 967.49634 5 0.9993092 94.929535 368.62988 915.3672 827.37036 7 0.2658798 699.13257 815.4635 760.62854 876.40186 ,test/1902.jpg
0 0.88093257 0.2562027 651.04346 53.68628 708.1659 0 0.5592525 421.01334 5.421898 487.80612 204.077 1 0.78525996 0.0 539.01587 210.36002 844.6676 1 0.3839977 426.28076 0.0 484.01685 167.17935 1 0.12178338 0.16069603 652.6453 53.38173 708.32245 5 0.9455953 222.26715 714.55316 280.57025 774.43036 5 0.7852454 327.87036 518.9972 502.90594 702.8861 5 0.574398 533.0962 408.9316 596.11096 501.22366 5 0.44255632 296.23755 172.44522 614.7056 590.19714 5 0.27010778 251.98848 507.07846 558.11035 718.1438 5 0.24785146 361.10126 561.97046 998.7164 1020.2229 5 0.22864012 483.51968 650.1251 534.7775 719.2031 5 0.21323803 467.61008 391.2041 556.4579 657.70764 5 0.21014513 225.03047 466.5739 373.36328 758.6702 5 0.20095183 225.83377 211.55591 384.43784 770.38916 5 0.1937672 305.56778 301.3447 447.3715 534.3983 5 0.15788774 442.33807 459.48807 542.7368 669.74536 5 0.15140818 431.846 480.91037 566.4083 605.0232 5 0.12222747 300.55493 664.0381 504.62018 800.4463 5 0.11550245 3.9763412 868.6395 171.5875 1004.5659 5 0.10969933 304.92322 354.46545 550.6712 708.45776 5 0.09154044 270.47256 172.77844 760.75574 796.9967 5 0.08140117 537.2068 587.34515 560.641 657.8737 5 0.08079203 445.06256 399.25085 550.8783 557.595 5 0.078809485 425.8329 0.0 484.69086 177.14459 5 0.076454006 353.42093 344.89435 482.74332 525.02155 5 0.0763396 229.02414 618.16046 345.87143 755.8171 5 0.07047885 221.49796 695.29047 324.43674 783.9389 5 0.06434669 519.56836 409.71237 586.609 620.69403 5 0.061956096 217.9744 403.49792 611.0182 799.9796 5 0.05895076 485.45428 478.14517 577.7227 625.67017 5 0.056999695 437.0663 512.1304 541.8784 567.7185 5 0.05579691 4.3354187 675.11816 288.51672 1010.209 5 0.05452657 528.4258 588.1696 554.73364 670.1712 5 0.05414681 320.30762 361.18085 537.96063 494.55585 7 0.988997 260.29257 179.79391 871.0825 965.5709 7 0.58955765 316.6491 652.3103 503.09534 810.57776 7 0.3097269 972.3874 971.03876 1024.0 1024.0 7 0.19972493 335.1353 636.2847 937.0234 1019.45074 7 0.1453696 555.19995 675.69336 688.834 811.0049 7 0.12954089 449.0194 666.8339 819.4487 912.9565 7 0.10837811 272.63184 167.43698 658.719 747.7833 7 0.079373464 327.1723 519.20685 501.43604 702.68524 ,test/1903.jpg
0 0.055401992 507.46814 224.03421 540.6903 357.3008 7 0.99977285 278.95972 148.5946 712.495 727.99817 ,test/1904.jpg
0 0.9051743 168.613 227.28635 319.8553 301.5402 0 0.8883897 719.166 673.014 792.72424 714.1436 0 0.14774519 619.1219 605.7469 803.5599 776.86066 0 0.101259 634.4053 670.288 788.78455 712.6829 0 0.079856314 232.15845 0.0 363.34277 229.61932 1 0.2461507 168.86768 227.28365 320.2361 301.19037 1 0.14805658 619.38947 605.923 802.3536 776.7853 2 0.89773834 619.4611 607.5126 804.95074 777.89087 5 0.392675 618.7289 607.06274 807.87915 777.46094 ,test/1905.jpg
0 0.42606106 135.27304 217.18808 865.806 879.36975 1 0.7907854 135.15054 216.5751 863.1123 877.3949 ,test/1906.jpg
2 0.8678443 271.4925 370.82794 666.15076 711.7039 3 0.59548163 271.0572 370.77478 666.2078 711.9535 ,test/1907.jpg
0 0.22945848 644.3216 95.687485 909.9261 470.94574 1 0.061368797 872.3914 632.1634 907.3608 945.0064 9 0.99428 14.277084 194.5846 489.669 693.0409 9 0.99338454 465.38672 521.4649 900.145 959.28217 9 0.92625093 435.9906 89.221466 916.27966 472.6669 9 0.34161714 8.264603 208.83066 399.8197 263.98386 9 0.12430337 400.19342 100.28125 923.59174 987.4569 9 0.099310346 531.7354 515.1081 870.67645 551.7592 9 0.09085999 105.6559 562.74384 454.21307 685.36005 9 0.0903513 17.206177 559.41736 493.31204 948.5304 ,test/1908.jpg
0 0.9986047 118.28296 328.47583 923.05896 763.25525 0 0.08165419 337.75726 216.1818 393.32617 340.39053 ,test/1909.jpg
7 0.99864846 252.29962 178.49347 733.4078 866.15765 7 0.115552746 266.82788 462.0478 643.3481 834.461 ,test/1910.jpg
5 0.10046435 584.1038 411.21655 859.7983 581.6106 5 0.05610075 614.91675 435.09024 683.54407 525.3 6 0.99298954 295.21698 328.3178 765.10736 583.4916 7 0.9666631 587.8878 410.7393 853.82056 583.34467 7 0.14804044 286.1416 328.99802 842.29517 591.2999 ,test/1911.jpg
0 0.9920912 210.5032 415.4609 373.61795 476.2994 0 0.76386154 459.06848 301.46368 809.3031 398.8482 0 0.5513478 377.54553 290.15146 801.85144 459.08517 0 0.07447275 455.99127 215.90213 547.98 254.99625 5 0.9994912 369.7304 270.62988 563.994 526.9364 ,test/1912.jpg
0 0.73070616 13.181976 628.0492 611.2079 859.83594 0 0.44263902 260.5378 844.06525 348.09164 908.3819 0 0.36357367 406.66812 658.12555 602.4584 848.2756 0 0.15110035 301.21405 435.02576 550.3932 626.4486 0 0.14502798 648.2953 126.33751 770.29456 278.31592 0 0.07806146 587.5687 194.61917 655.69714 301.9878 0 0.053712208 549.2165 836.075 610.35895 905.4255 3 0.2788142 598.99426 191.86795 885.73206 415.2919 3 0.21858124 648.0828 127.42519 769.76154 279.66583 4 0.9927569 310.61487 0.0 430.93634 176.88235 4 0.20156759 598.4399 190.36108 886.23004 416.04456 4 0.14139013 647.5263 128.2872 771.1263 269.6266 5 0.9318256 298.6596 432.30878 550.65985 626.6064 5 0.9294361 599.99084 190.83264 886.82104 416.05493 5 0.75038266 649.24896 125.29398 770.50665 277.9001 7 0.16115475 258.9604 843.9676 351.17822 906.5733 7 0.078820065 412.6407 660.1436 602.21735 847.0119 7 0.07202618 649.1896 124.447655 769.6279 279.45673 7 0.0639567 19.548523 627.7567 604.7622 864.1085 9 0.06320539 301.21405 435.02576 550.3932 626.4486 ,test/1913.jpg
0 0.97193694 165.85092 329.86832 823.1542 639.06396 0 0.4619944 547.7741 377.98224 811.7629 567.7843 1 0.085348964 175.04996 326.52127 809.94446 639.19434 ,test/1914.jpg
3 0.9998287 47.635773 273.13156 611.90625 873.911 3 0.386518 404.51526 418.02585 529.9605 543.44855 5 0.85992265 210.03952 295.7871 274.6528 330.77032 ,test/1915.jpg
0 0.71573454 539.9147 204.06567 586.22974 353.13446 0 0.67162156 539.17865 207.12079 607.628 410.9699 0 0.139176 537.1528 201.76163 565.72003 346.30234 1 0.34698865 682.72375 322.80548 1010.1915 736.2613 1 0.20748582 347.2464 679.80505 609.03534 894.72107 1 0.1852653 331.45056 477.2714 635.7966 682.88794 1 0.17509727 375.27808 891.0301 438.62213 919.88043 1 0.11620088 0.0 722.6349 396.69476 1022.42126 1 0.10124973 315.69122 459.6454 625.5661 895.4845 2 0.99811673 331.921 350.39716 634.76587 707.40546 2 0.96040606 347.10364 681.4369 608.2242 892.499 2 0.14449215 333.54578 475.41882 623.87787 890.2616 2 0.11276663 331.98138 375.40936 634.04254 529.4832 5 0.938686 327.75256 335.0318 628.37305 421.69128 5 0.10105753 597.5045 716.2932 638.7046 764.0294 9 0.17105526 0.0 719.9256 392.1268 1022.38275 ,test/1916.jpg
0 0.96313465 290.762 396.25458 364.63754 524.3197 0 0.58838934 242.71024 397.21246 372.70267 558.8239 0 0.072942324 182.29306 447.16998 435.11453 736.9289 1 0.9910821 194.97552 529.89685 414.4969 737.09766 5 0.99673694 177.59279 454.1832 432.5553 748.3063 5 0.99592775 598.8086 315.37268 763.0305 601.47644 ,test/1917.jpg
7 0.9995597 188.78189 140.58969 804.8468 780.8812 ,test/1918.jpg
0 0.28490475 150.37288 475.141 593.2278 715.24744 1 0.8915136 152.5599 475.0318 592.88293 714.1209 ,test/1919.jpg
0 0.74699306 131.8248 289.1019 1006.15027 653.02576 0 0.5912016 727.28015 481.35657 883.2788 623.1271 0 0.17139141 732.1272 478.07898 878.2472 550.6847 0 0.16929285 865.1898 495.5388 1013.2489 558.57135 0 0.11216128 615.4295 561.45123 778.2967 624.40436 0 0.055632442 800.3971 397.02853 1003.5123 503.10226 3 0.12821732 133.33423 288.95953 992.21765 650.99817 3 0.11704504 863.955 495.52222 1013.37164 558.31396 3 0.050573286 730.3463 483.84885 883.0132 610.5323 5 0.11366289 868.53094 494.73633 1013.0562 558.70715 7 0.4440208 124.681274 289.16888 1008.927 652.74316 ,test/1920.jpg
0 0.9924005 794.69275 397.13843 933.6217 536.48706 0 0.6434409 282.9735 285.58932 840.42505 778.7643 0 0.13058317 695.6854 299.83005 940.8972 531.098 1 0.53866583 289.50406 286.0562 838.9083 777.6121 ,test/1921.jpg
2 0.9994086 165.29828 887.744 413.8272 1024.0 3 0.9998536 493.56714 284.16815 720.40625 474.33966 ,test/1922.jpg
0 0.9720534 202.5586 0.25609207 339.53485 117.98723 0 0.05583018 205.35385 1.2552719 301.90952 70.99356 0 0.052735683 622.29706 1.0483551 1024.0 507.13147 0 0.05028118 199.18338 60.80712 343.04227 114.38821 5 0.986193 395.31107 416.9485 759.2141 711.16833 7 0.12273074 395.97025 415.5135 756.8884 709.6257 ,test/1923.jpg
0 0.99816483 348.6142 258.98654 645.9641 855.02185 0 0.78192055 95.36609 778.7368 327.42038 1015.9396 0 0.0583154 83.0181 732.15356 636.17737 1014.2544 5 0.054019526 94.078804 778.0755 327.29877 1016.1319 ,test/1924.jpg
0 0.080849536 286.58688 442.68466 668.7645 676.72925 5 0.9855822 288.09814 442.4302 666.2184 677.09924 ,test/1925.jpg
0 0.14563051 382.77048 15.409851 739.91614 807.7138 0 0.12331579 378.40594 206.80992 735.0827 513.31226 1 0.2003684 417.67847 0.0 703.05176 293.89844 2 0.4699408 417.21014 0.0 703.21234 294.22742 3 0.13304849 382.77048 15.409851 739.91614 807.7138 3 0.05852083 379.43784 208.37492 735.9584 511.25208 5 0.91026884 387.23785 49.86313 744.6224 816.4314 5 0.38828188 524.2401 969.27527 629.7744 1024.0 5 0.18081702 379.72253 206.08476 739.97876 511.89777 5 0.122486 411.22852 399.50653 715.6361 788.1453 ,test/1926.jpg
0 0.12928791 690.4615 71.76842 985.47784 116.61545 0 0.065433346 73.846954 662.8037 126.07739 733.99084 0 0.064779624 612.5037 280.69687 670.493 315.17014 0 0.055500634 521.0412 280.0284 646.5456 365.1525 1 0.7277772 612.4321 280.79605 670.5133 314.7241 1 0.67880046 781.49963 0.8331604 1021.46387 79.769806 1 0.51702213 526.11194 281.50565 649.4264 361.21805 1 0.3432791 775.98804 12.44408 888.70776 81.589615 1 0.070293665 195.80722 270.97498 212.60837 315.62378 2 0.0851034 521.0412 280.0284 646.5456 365.1525 5 0.11551628 515.05133 278.8078 649.1318 369.76447 7 0.9996836 194.17245 175.41641 817.0836 776.1023 7 0.9996816 790.8593 425.41745 1019.9344 679.8496 7 0.98578817 952.33936 435.70316 1022.18787 637.77405 7 0.31577486 0.0 2.5039978 232.31046 430.0469 7 0.23916674 53.018524 27.81549 667.3021 409.30573 7 0.20382324 961.5739 453.53253 1023.3558 511.04962 7 0.17234881 793.32306 0.16414642 1020.49384 68.8803 7 0.14626367 233.35364 200.06851 709.958 369.3289 7 0.12785836 942.1442 500.32 995.6263 516.26483 7 0.08348136 943.8969 489.79535 1024.0 564.1082 7 0.068514444 771.95874 7.476345 902.2091 84.269 7 0.061059657 963.7228 454.99368 1024.0 484.76126 7 0.059776444 512.67896 264.06647 644.7919 374.6311 7 0.055841286 932.1697 495.01016 997.8385 510.8837 7 0.05448895 571.576 182.19954 705.40094 284.75446 ,test/1927.jpg
0 0.9858183 26.410095 132.71768 875.4696 793.41125 0 0.09542782 11.683746 515.44135 576.4033 785.2237 ,test/1928.jpg
0 0.0778434 379.92596 334.52524 698.01263 706.1371 7 0.98238593 379.54303 333.39 698.4677 706.62695 ,test/1929.jpg
0 0.698022 469.52905 200.69414 528.80164 270.02716 0 0.081351906 843.90564 471.2886 910.9204 612.70087 0 0.0727406 442.51727 411.45822 505.80377 457.29062 0 0.06151247 764.1437 445.6798 816.16003 582.07043 0 0.052937064 792.18134 467.8393 1024.0 594.6098 0 0.052651927 843.19885 592.8413 909.8379 621.8634 1 0.8399639 687.1641 227.40848 753.8892 466.8768 1 0.7816692 753.4309 458.71362 880.59717 584.46814 1 0.7560236 520.23706 238.6167 564.77783 298.88464 1 0.6693617 810.2508 350.61118 878.55585 452.0084 1 0.5752773 372.2007 380.1225 419.75003 435.50922 1 0.5676577 659.5093 353.2519 894.8976 662.47314 1 0.5148372 674.1301 225.66257 768.99255 664.33264 1 0.5083967 681.13025 383.41516 763.1454 587.4006 1 0.49734458 745.60046 321.68954 885.6638 596.06226 1 0.495734 750.95856 322.29926 822.79376 542.44653 1 0.45786807 776.5988 313.5863 841.6807 387.87262 1 0.3922043 469.54108 200.78972 528.97974 270.06555 1 0.3861897 535.41425 216.21452 589.5772 303.751 1 0.32708797 813.4666 350.85214 904.794 510.53897 1 0.32530862 760.98114 442.69366 817.9583 584.87384 1 0.28514636 774.74255 310.74377 855.80383 471.20593 1 0.19739068 782.53613 319.10938 832.68054 448.43213 1 0.1921068 759.2787 458.50476 1024.0 596.2256 1 0.1730282 664.25146 494.5407 872.0453 664.9273 1 0.16118701 819.9455 440.23944 910.4393 608.19574 1 0.15822524 847.6979 399.88693 900.13525 509.60855 1 0.15629447 731.0118 299.26083 762.70734 466.86337 1 0.15423547 722.7207 310.22147 1008.82764 632.5939 1 0.14361608 441.80124 412.84512 505.35263 456.24643 1 0.14077844 373.2924 371.60556 509.8652 455.00882 1 0.13961008 815.1225 354.8071 861.86005 427.33774 1 0.13941798 801.624 327.40598 850.4503 425.96573 1 0.13515341 687.034 306.3135 854.35724 575.71497 1 0.13481492 735.41187 357.83804 758.44104 462.72537 1 0.13105631 712.77637 284.39542 751.95435 469.29373 1 0.12699471 769.0762 324.11597 1024.0 504.14703 1 0.12688427 846.35065 356.4341 875.6652 427.11435 1 0.120334186 828.03577 308.02982 914.01 358.64713 1 0.11665717 789.53314 312.20624 899.7586 455.93488 1 0.10614656 660.11444 362.9137 704.9172 663.31116 1 0.10592918 399.27957 389.5155 440.06296 430.93457 1 0.105346985 826.2331 320.15778 852.4804 362.10663 1 0.10263805 747.1007 305.29114 768.4005 364.9928 1 0.102513395 682.16406 257.50116 719.00037 431.14758 1 0.09740088 733.6474 234.20221 771.2211 400.69983 1 0.09731654 728.8406 224.21394 782.068 460.19476 1 0.08798893 850.0006 343.08252 902.7302 452.21057 1 0.08652087 751.4083 332.32422 785.048 531.72406 1 0.08316545 725.35297 264.04547 775.61957 562.2693 1 0.07779812 567.6594 216.78525 670.85547 324.56125 1 0.07741563 551.1877 217.0773 573.3995 298.82584 1 0.077359416 695.6698 249.77051 818.3463 456.9721 1 0.07669884 797.2204 317.9679 849.69916 373.92438 1 0.069940194 767.99335 320.83807 815.0977 482.97998 1 0.06809214 815.71704 383.29825 844.0265 450.48325 1 0.06398016 497.77356 213.41893 569.72205 321.7154 1 0.057705913 794.0658 309.0035 1024.0 356.69608 1 0.053184677 745.26953 224.60463 779.2987 379.88367 1 0.050835125 725.0739 257.43552 756.5822 441.11636 2 0.32002157 714.80896 550.4961 765.3246 594.1421 2 0.29496264 372.59552 383.39752 413.333 435.38184 2 0.19502614 372.24625 370.70242 440.24356 437.02402 2 0.10044186 687.8779 449.33688 759.2648 569.90656 2 0.08039227 441.80124 412.84512 505.35263 456.24643 3 0.06542224 714.7089 550.42004 765.1274 594.0692 5 0.73301256 714.6563 550.3284 765.29156 594.32245 5 0.72036976 887.7516 281.19986 943.01917 313.57834 5 0.17203268 372.3061 369.06116 444.41742 437.01495 6 0.8394248 859.2611 331.61627 1023.881 500.90527 6 0.7867315 835.7524 482.19763 1023.56696 594.47986 6 0.3750182 891.3031 412.92932 1024.0 501.1944 6 0.225027 788.8298 338.1597 1020.40497 596.15686 6 0.19542629 818.467 311.1296 1023.7596 362.6207 6 0.1343276 840.8399 329.66904 1024.0 388.49966 6 0.060380828 886.94293 414.89124 1024.0 445.72046 6 0.051152747 856.4369 302.12274 957.324 457.23773 7 0.9996519 511.2776 313.09964 675.76465 623.0171 7 0.9994112 24.226875 300.2981 248.65543 633.01215 7 0.99267936 359.6049 379.4714 527.76904 699.34033 7 0.97596663 233.52203 255.16498 390.68646 604.8526 7 0.4390072 311.62192 312.7932 345.98587 370.3546 7 0.22344704 887.7335 281.14685 943.0332 313.62927 7 0.15351482 242.1549 261.21677 521.5992 696.3557 7 0.121089906 0.0 345.75482 94.546616 667.6405 7 0.09168601 311.61722 393.422 410.5718 598.3646 ,test/1930.jpg
0 0.9992593 343.26318 311.28058 650.0979 773.4107 ,test/1931.jpg
0 0.16858876 360.13428 248.243 981.156 579.25543 0 0.07125352 516.77856 255.46832 962.7367 434.48517 1 0.16763371 369.1017 247.42584 984.1913 579.6842 1 0.06937383 717.49445 385.83835 767.1899 416.933 2 0.09423955 538.4826 256.3441 963.2917 409.10733 2 0.05260529 369.1017 247.42584 984.1913 579.6842 7 0.9846964 25.754547 182.47375 1021.3364 991.81995 7 0.8158786 201.42444 226.40892 985.8324 655.6112 7 0.6195078 17.709686 188.05585 656.67725 670.33136 7 0.55902773 61.794342 503.76233 925.7971 958.48267 7 0.36482948 313.05347 226.53017 554.65985 507.38635 7 0.26369253 193.68756 369.8082 801.1946 666.443 7 0.16763519 484.80145 159.71243 994.84625 312.90427 7 0.13255432 440.43292 290.82288 952.94867 579.4231 7 0.1265685 131.20482 219.77504 584.74445 523.9941 7 0.09215507 13.085663 481.12994 353.84494 928.5981 7 0.086730056 516.77856 255.46832 962.7367 434.48517 7 0.0632246 0.52534485 173.40887 344.4804 625.9877 7 0.053742714 414.7874 433.95032 911.79083 659.52966 7 0.051869515 268.70123 3.8275604 1007.35333 375.9676 ,test/1932.jpg
0 0.11487141 215.53812 127.40137 773.31775 927.088 1 0.17701302 224.32031 130.89969 777.7902 913.3395 7 0.9333451 224.10596 131.6691 777.26166 921.1322 ,test/1933.jpg
3 0.99997306 452.92334 230.83417 814.5237 722.53314 ,test/1934.jpg
0 0.07368522 199.80994 165.42444 776.426 710.9426 0 0.05543708 455.4218 989.9739 599.9554 1021.9999 1 0.90701175 153.98216 119.21033 524.3236 361.01935 1 0.7866459 185.33328 150.73874 780.4171 709.04504 1 0.10644132 216.98976 214.14082 522.8268 387.11072 1 0.051321864 228.4448 115.57669 410.72507 237.06247 5 0.9359536 930.10266 0.0 1022.88904 220.68369 7 0.74974126 185.01102 162.47449 779.0625 702.69586 7 0.071889974 931.94867 0.47766113 1022.4672 222.57181 9 0.12493001 455.4218 989.9739 599.9554 1021.9999 ,test/1935.jpg
0 0.27426603 47.042713 929.1982 166.65375 1022.9748 0 0.060861137 308.43494 871.19666 414.67712 1018.2073 1 0.56700814 934.85077 363.4577 979.77057 425.81445 1 0.50872326 47.241245 929.4696 166.86195 1023.0963 5 0.21799618 577.8668 533.5356 667.1671 631.93036 5 0.058691423 553.87494 535.6283 583.47455 570.2604 5 0.053678174 572.8712 527.75366 629.03455 565.01575 7 0.99980396 278.9299 416.6635 518.2255 879.8555 7 0.99537957 493.292 515.9595 698.4796 928.7471 7 0.9952232 392.7949 238.79729 735.277 503.5039 7 0.99515754 332.06006 130.44583 462.88037 411.67697 7 0.9680347 466.13766 481.89438 563.2937 732.1361 7 0.92184955 573.6324 353.01953 824.94037 786.1886 7 0.8482726 577.3981 238.83057 727.05396 399.9596 7 0.4603681 461.3916 281.71878 824.8096 898.7241 7 0.08873579 589.9126 367.54733 731.72925 514.1697 7 0.058338653 459.01022 474.4329 646.15027 721.4775 7 0.057720564 331.42538 114.88519 596.7175 424.877 ,test/1936.jpg
4 0.9412226 339.26294 476.15482 909.7887 667.8253 4 0.28112903 940.2071 53.244614 1024.0 212.14781 5 0.99710256 7.834938 846.6357 127.22413 941.7773 5 0.2688861 338.90433 480.58334 873.80054 668.98645 5 0.1498132 796.9196 482.94867 928.6485 550.6983 7 0.15589294 938.2993 31.47776 1022.74866 214.1825 ,test/1937.jpg
0 0.17886227 517.5879 17.745544 916.13525 853.1795 3 0.9866153 373.527 287.1128 523.53467 479.2121 3 0.7986635 523.0033 16.439331 954.10925 851.116 3 0.3573967 365.688 293.16107 513.6028 758.0915 3 0.15101513 217.23645 301.52582 518.8488 777.39557 ,test/1938.jpg
0 0.6265137 360.76135 0.0 422.93066 137.83093 0 0.09814377 338.88733 610.08484 609.98413 702.8406 1 0.064998604 859.46014 0.0 1024.0 125.71245 3 0.9746051 267.3833 35.429733 581.19543 504.73145 4 0.120657764 268.26395 29.766632 581.33777 504.7383 5 0.23298411 859.4662 0.0 1024.0 125.72097 7 0.94799095 338.88977 610.1107 609.9645 703.02905 ,test/1939.jpg
0 0.7278679 776.0593 905.3602 1024.0 1024.0 0 0.07181035 373.60483 26.872696 508.6071 292.6903 1 0.07375994 776.9604 905.3026 1024.0 1024.0 3 0.9968336 432.162 448.64246 748.7189 785.19995 3 0.24040742 373.91858 27.964447 508.55005 292.8706 3 0.06430454 544.9194 424.8948 602.79474 456.31827 5 0.39735875 373.9606 28.223648 508.63797 292.84454 ,test/1940.jpg
0 0.77512425 195.34671 853.84503 317.50223 1023.5557 0 0.42101586 7.4409943 760.8269 152.53947 949.2064 0 0.38151053 216.00554 842.0788 293.6949 884.34467 0 0.2762736 277.40463 884.00696 301.24686 969.64905 0 0.16168122 274.97336 878.5671 326.34695 1022.5844 0 0.15945065 944.6027 0.0 1022.3995 177.63838 0 0.13151269 116.25855 809.9257 327.327 1020.91425 0 0.11466106 310.93292 878.08136 585.0621 1023.9815 0 0.08496099 1.424057 744.15784 330.2843 1022.70544 0 0.06405759 274.11542 877.8505 327.90387 948.8669 0 0.057376858 0.0 786.1425 599.1238 1019.5295 1 0.32019997 197.03935 853.1937 302.72287 1021.8059 1 0.13540338 5.0140533 758.22644 151.32814 950.5123 1 0.068815626 944.8245 0.0 1022.5716 181.84387 3 0.27182367 317.5913 884.20953 585.6853 1023.986 5 0.09187661 5.32016 755.32306 150.78006 956.247 5 0.090501934 307.5462 877.78436 586.8068 1022.2 5 0.08958808 274.20798 879.5059 329.3113 1023.0317 5 0.062733114 62.046604 679.5402 137.29678 770.6707 6 0.13331075 6.698715 761.1266 152.70732 948.51697 7 0.9996617 118.31592 0.0 818.01825 941.7002 7 0.9967104 829.27563 112.14082 1014.4701 463.50244 7 0.9941607 544.72577 88.974365 859.9057 438.3216 7 0.949804 710.49005 362.52405 870.95026 840.6891 7 0.9333052 3.288803 712.4288 328.851 1023.18024 7 0.75314695 62.005547 679.40326 137.44595 772.0361 7 0.65696865 118.21867 795.08014 223.38155 982.648 7 0.5869613 0.0 737.70276 640.39374 1023.39246 7 0.39914167 6.353668 746.16223 156.93573 978.64966 7 0.27277356 716.0681 350.54395 843.85156 486.56726 7 0.1886556 575.47675 359.01984 875.00385 885.43243 7 0.11408587 307.43225 0.0 881.7412 508.61786 7 0.09960738 545.39716 122.387054 756.16144 576.71375 7 0.0877416 211.63226 842.1701 294.78796 884.63116 7 0.07972493 313.30975 873.57715 584.7824 1024.0 9 0.06994353 943.7995 0.0 1022.7127 173.71622 ,test/1941.jpg
0 0.4450608 105.4299 350.41318 149.38889 424.42508 1 0.05354518 672.4607 437.95337 911.55615 649.9984 2 0.33049127 672.4607 437.95337 911.55615 649.9984 3 0.89982057 674.2035 438.08795 910.0582 649.6132 3 0.069623046 105.39599 350.39 149.40794 424.211 5 0.9903859 118.23178 283.02585 639.0211 560.7136 5 0.2972347 106.05149 350.4851 149.29787 426.84564 ,test/1942.jpg
4 0.9574327 401.5599 325.04163 591.83936 902.2892 5 0.13693449 402.65955 325.3051 591.62164 904.3486 ,test/1943.jpg
0 0.970722 0.0 0.0 1024.0 1024.0 0 0.7311641 491.83188 87.13983 740.5955 225.25674 0 0.42230108 0.0 242.81918 644.60114 1024.0 0 0.21101639 422.9972 78.66785 731.76196 323.1263 0 0.19650266 14.5349045 1.9760437 172.14404 392.59232 0 0.16223079 287.38757 226.64767 441.1488 318.2668 0 0.15659991 299.46677 429.37195 530.90295 994.99524 0 0.12624902 2.2889862 11.1651 158.77666 720.34094 0 0.12447063 129.49518 0.0 814.6168 458.45795 0 0.07481673 529.3552 296.67773 568.60913 322.9442 0 0.06879212 164.00378 371.35504 350.68964 452.67426 5 0.9887355 417.63974 117.69994 506.18118 230.09186 5 0.95254225 129.13965 0.0 719.9069 403.35724 5 0.46734932 430.23877 74.67505 730.4956 326.62814 5 0.39264727 326.6159 311.07794 607.714 500.35004 5 0.34629053 38.843925 4.0729675 171.66605 398.63147 5 0.32140738 164.49838 211.88554 601.84314 409.10162 5 0.20084415 481.63812 84.55222 739.7725 225.95901 5 0.07087427 527.1675 168.93077 690.202 330.10156 5 0.06369478 128.46216 5.2048798 194.14578 406.3988 6 0.32953382 156.96973 0.33623123 185.33939 56.471363 6 0.06630054 41.592243 0.0 163.32852 412.99426 ,test/1944.jpg
9 0.9988807 70.18939 54.93982 975.6777 876.48474 ,test/1945.jpg
0 0.13086936 217.43408 477.83588 597.7415 746.29974 7 0.9606072 219.01987 478.14935 598.1727 746.582 7 0.3256852 353.97324 474.69977 497.26437 506.56708 ,test/1946.jpg
4 0.77513754 245.25209 245.81458 695.72614 858.01184 5 0.59229434 244.30264 247.66626 696.64307 857.0249 ,test/1947.jpg
0 0.07152492 687.608 552.4608 740.16583 588.9132 0 0.051015094 972.5827 148.57726 1024.0 388.0971 1 0.9978364 278.24835 220.52142 723.6679 759.183 1 0.35822713 687.8011 552.2064 739.7143 589.0979 1 0.2435466 468.08862 573.33154 657.2988 755.5835 1 0.114274964 469.46274 687.5963 553.6776 752.53516 1 0.0722692 295.22958 216.43423 527.8904 500.6608 1 0.07026045 329.33737 65.21686 754.7373 602.1405 1 0.06270067 299.1148 539.6377 395.78247 677.1061 1 0.05938842 466.37708 660.5746 588.3257 752.71594 1 0.051717073 505.34494 712.00183 551.03015 750.7743 5 0.99341995 828.55493 391.45102 1023.7252 499.2451 ,test/1948.jpg
0 0.98621815 250.0059 112.57137 314.924 207.66476 0 0.7947429 742.6767 350.93362 826.4229 407.86966 0 0.42653114 475.9947 176.63599 569.35223 302.3242 0 0.39407825 480.40073 714.5169 544.5807 765.9621 0 0.24941128 386.61847 409.67264 446.5666 638.3478 0 0.1637726 237.76819 214.67857 284.52936 272.10632 0 0.1630291 742.8564 288.46 828.61163 363.27213 0 0.1315387 866.5918 352.35132 903.03174 387.69623 0 0.100314364 648.62036 733.55707 761.0619 797.711 0 0.08378792 674.3512 438.88016 685.0393 483.78714 0 0.057764445 478.79974 735.6084 535.0533 764.47534 1 0.9907018 294.04395 338.924 659.98944 726.56573 1 0.98124343 640.11346 401.95508 803.1401 791.16895 1 0.8554292 299.31384 350.161 400.97504 652.25006 1 0.7115547 477.71585 176.92235 569.2135 302.87027 1 0.708923 674.9939 434.3902 780.4833 476.63696 1 0.59769595 442.09216 336.89407 597.3412 696.8375 1 0.52639 640.7552 416.2363 683.6093 485.41434 1 0.49460024 547.6873 359.1576 639.3947 633.91345 1 0.48613542 303.49197 354.17963 475.45804 685.50226 1 0.41832718 635.66437 409.8679 681.28217 773.1041 1 0.3075439 742.9861 351.06183 826.49316 407.81158 1 0.251174 497.7155 352.61188 656.42926 720.46967 1 0.2359895 344.83252 371.25003 546.09424 723.5885 1 0.23443526 648.67456 733.28973 761.08655 797.77057 1 0.18360756 639.2999 418.30557 681.0624 582.3219 1 0.16625966 386.61847 409.67264 446.5666 638.3478 1 0.15386176 756.3278 349.82095 817.4936 759.16125 1 0.098600656 546.4228 517.6964 655.9561 706.3544 1 0.0665893 325.56668 406.9088 373.001 614.69806 1 0.0651476 322.16656 614.4221 545.7351 722.2324 1 0.060410537 594.16095 420.26224 674.7199 748.82275 1 0.05290001 665.76843 417.1705 681.647 485.9578 2 0.060402147 390.3462 406.84512 447.07166 646.14966 3 0.12551327 389.74744 406.7351 447.1897 646.03577 5 0.08978336 391.46716 409.91922 446.76306 639.01843 6 0.5727314 864.7958 7.8411255 1022.01245 400.6032 7 0.933846 742.67224 288.45975 828.64905 363.03677 7 0.3508762 385.93893 411.722 447.45212 634.3776 ,test/1949.jpg
0 0.9517374 446.45264 201.4794 823.0392 911.9978 1 0.063630305 445.75912 190.90225 823.052 908.91724 7 0.17040764 448.06836 204.43451 820.49133 911.4578 ,test/1950.jpg
7 0.9965804 253.97015 321.19873 822.67804 669.57904 ,test/1951.jpg
0 0.9995952 258.19107 360.81668 582.7555 680.5686 ,test/1952.jpg
0 0.97549564 627.52875 450.20105 655.8217 500.52643 0 0.26234832 782.82965 395.5639 853.23346 481.2268 0 0.12713474 278.40652 392.04877 342.5109 446.96472 0 0.112868905 625.5244 449.9725 706.0486 501.00998 0 0.110705726 801.0928 868.9606 1016.64246 1024.0 0 0.0780726 627.2844 451.45175 637.5665 501.06406 0 0.074421644 708.44543 449.76685 865.9121 481.9406 1 0.9992341 690.3275 421.9874 951.1553 734.58923 1 0.80716723 126.00187 424.66544 346.18283 640.90515 1 0.7775146 82.406006 610.7444 466.6466 832.45764 1 0.76097184 191.12573 296.84448 291.06854 439.30353 1 0.7411737 83.80788 241.5498 168.73131 631.1392 1 0.7181888 355.35263 717.96234 525.2081 777.93964 1 0.5915694 111.04497 665.3512 378.16278 746.65735 1 0.48850453 73.40369 601.30597 541.87006 737.9262 1 0.38530803 104.35809 249.1835 387.79947 717.365 1 0.3385648 111.77734 675.9154 395.71408 823.3468 1 0.26401308 91.72669 607.1158 318.97592 665.91266 1 0.2566161 321.37964 681.3301 524.46857 784.9324 1 0.2458116 321.51334 683.6357 391.81265 728.4063 1 0.21316378 176.93802 271.6456 200.46976 433.59225 1 0.21105537 92.56776 604.30286 337.31714 746.88916 1 0.20532896 114.75903 433.91635 464.0525 707.8224 1 0.18217716 288.39792 639.8379 526.96375 748.91736 1 0.1732332 230.11314 720.0737 528.0498 803.2562 1 0.15759523 126.5819 726.74066 260.18512 824.8144 1 0.1452848 114.207275 518.1498 151.12051 627.39417 1 0.14416437 147.32861 259.29306 200.13208 436.4249 1 0.1334996 128.05997 251.53284 177.83673 617.0316 1 0.12992185 77.7222 19.856293 187.35101 600.6415 1 0.12168342 317.5324 671.7098 448.964 713.1506 1 0.1141414 325.68982 685.3829 388.58105 708.87396 1 0.11059278 79.18669 260.25476 204.01573 861.8065 1 0.1095039 87.209045 241.87009 192.48904 447.7711 1 0.10689545 140.17006 257.74722 187.73268 535.0626 1 0.1031947 176.30516 275.82196 474.607 453.9792 1 0.08435522 120.32659 688.3939 143.83559 740.3386 1 0.0841233 160.61191 436.44897 720.4341 750.53577 1 0.08116431 83.80759 502.69705 347.76843 724.2558 1 0.078906775 83.417496 275.5683 272.19763 630.00635 1 0.07215109 415.29236 444.1801 952.8428 744.3204 1 0.070883326 625.5528 450.0616 706.3129 500.9597 1 0.06871929 316.87665 929.6408 484.74347 1022.44916 1 0.06786457 353.56656 721.1081 436.3989 774.7067 1 0.067593016 109.2005 760.9188 490.6814 830.5293 1 0.0629914 418.55838 450.5346 666.96783 518.59406 1 0.0601005 261.8117 639.66406 333.54297 704.0021 1 0.053327944 363.14246 672.4708 510.80542 740.18115 6 0.9991497 416.85205 475.7392 714.9867 746.25006 6 0.87270874 420.3946 450.90198 653.7745 518.6288 6 0.089268476 417.53802 488.03897 703.54584 551.0648 7 0.9783554 816.2617 937.57526 1004.5365 1022.6193 7 0.23964146 899.5083 964.1396 1001.1029 1023.7398 7 0.14494969 957.2893 943.1816 1018.90356 980.9716 7 0.059881605 801.0928 868.9606 1016.64246 1024.0 ,test/1953.jpg
0 0.3210941 337.35437 641.83295 410.01538 687.5323 0 0.29826966 728.763 493.30563 781.8941 517.0339 0 0.26764137 348.3723 346.72928 513.6201 467.0081 0 0.11710256 77.676025 266.75806 534.0012 661.244 0 0.11437334 337.1109 634.1564 410.25964 727.41797 0 0.069925055 255.25275 369.41504 522.6731 707.23096 0 0.062341947 336.79938 745.56146 358.58466 819.9008 0 0.06005108 513.62036 606.6441 799.9784 720.34894 0 0.05566197 337.7719 598.72955 410.40106 690.07 1 0.982788 126.74765 299.80383 894.53284 905.244 1 0.8206481 653.59424 403.0836 807.0298 507.3898 1 0.7978544 61.519257 274.75073 597.7977 641.6409 1 0.7447219 394.55502 382.15515 841.2051 780.04944 1 0.74088746 260.0293 740.44354 359.36707 828.61725 1 0.67154825 240.76491 681.85034 362.68414 836.70056 1 0.66289747 482.53494 403.79373 735.6311 591.42365 1 0.6030536 333.4368 703.2099 410.41293 769.1475 1 0.54545325 255.81163 304.47592 523.46857 742.3921 1 0.5380549 207.02197 361.61917 738.3065 683.39197 1 0.42879838 322.60828 683.7567 413.75342 798.8313 1 0.38466838 407.39114 580.5381 854.86804 769.3882 1 0.3703286 728.763 493.30563 781.8941 517.0339 1 0.26348475 247.22168 664.8467 413.52075 770.65955 1 0.22563846 328.20032 554.238 858.7849 909.97516 1 0.21140276 691.6064 464.9479 777.97797 516.275 1 0.1799711 604.0795 401.16818 639.3366 430.21335 1 0.17989957 366.06256 707.73553 408.2201 758.9152 1 0.1735449 241.23703 691.5639 302.1013 752.0085 1 0.15570223 127.663124 574.67004 284.1709 644.6196 1 0.13269898 348.34946 350.73627 511.0535 467.18506 1 0.12369233 315.4893 680.8701 408.56454 717.75793 1 0.09773835 232.33527 664.65564 447.11774 897.58826 1 0.07873628 337.35437 641.83295 410.01538 687.5323 1 0.07178397 334.98767 601.4814 412.16888 727.164 1 0.06519769 305.83987 679.9784 458.47122 821.3104 1 0.059939295 321.10968 303.22827 684.05286 605.2642 1 0.051820725 227.34448 600.79034 422.73975 812.8564 2 0.06791271 337.48602 641.4185 410.51752 687.5817 3 0.637144 146.04897 390.8332 229.15886 444.21252 5 0.11072507 260.67737 740.83844 358.82428 829.3599 7 0.7195314 335.42114 640.7023 410.9817 718.9171 7 0.20251559 325.03882 678.4481 408.59888 717.1992 7 0.084667936 730.22455 491.38205 780.9543 517.1491 7 0.078686595 62.85797 272.85693 559.43915 641.678 ,test/1954.jpg
0 0.2024631 552.5274 403.11813 870.123 992.4719 1 0.120455936 553.11633 401.98773 870.60266 990.9213 7 0.9711577 553.00964 404.65668 870.4092 990.3786 ,test/1955.jpg
0 0.15315406 296.8512 335.95044 534.0796 413.2077 0 0.072119445 72.338745 653.79333 368.00778 851.239 1 0.9222914 668.2094 0.0 804.4683 56.7081 5 0.9968284 306.83392 408.17255 820.31354 701.09576 5 0.12634495 393.0894 493.54065 754.2975 702.58496 7 0.96573156 81.726654 653.4951 367.3111 851.032 7 0.20153509 345.0083 719.4161 401.74713 764.5037 7 0.05351051 172.56389 674.2883 292.07596 739.22876 ,test/1956.jpg
0 0.61945724 623.9612 650.80524 753.8511 726.9063 0 0.14829515 830.47894 44.98999 914.8643 262.38144 0 0.06179512 670.52014 690.6285 739.401 748.04254 0 0.05930313 372.34146 481.86954 449.44113 512.4752 1 0.97619164 856.7889 181.11285 1022.4395 429.07654 1 0.96398 803.7378 514.19727 918.5786 620.8972 1 0.9568383 447.48346 211.98389 921.90814 639.2616 1 0.93303394 367.14185 24.015991 716.6915 437.0095 1 0.91767687 257.42096 474.45435 719.6827 853.7073 1 0.85918903 284.0661 476.57684 726.9673 663.97565 1 0.7107589 780.56964 246.03728 864.2691 325.03314 1 0.6016371 321.44858 36.769592 786.2899 629.906 1 0.5727354 366.26294 333.16388 689.5626 625.1767 1 0.52290744 933.1298 310.19336 1022.8232 431.7124 1 0.52017254 144.28922 287.1524 767.4236 849.08624 1 0.38646558 820.7838 425.81802 931.83276 526.8898 1 0.3784414 894.65076 359.38123 951.6748 466.49127 1 0.33644155 773.16675 424.7283 933.7228 645.944 1 0.32052055 389.3764 139.22195 458.82147 218.70697 1 0.28800216 408.07877 19.603043 960.31384 491.59167 1 0.26768535 377.72192 488.34726 644.1144 581.17316 1 0.24835911 891.68384 369.39703 1022.34033 461.66748 1 0.24685214 824.22626 323.19043 937.4714 528.98987 1 0.24010186 765.62445 179.48628 1018.78204 635.51526 1 0.23671558 772.0836 548.49854 838.9093 636.423 1 0.23182668 285.96674 214.11871 661.46075 666.1025 1 0.23179652 199.61888 53.93283 392.0243 602.3905 1 0.2297736 146.30942 340.2608 378.39517 756.66315 1 0.21667747 769.3529 591.116 840.9686 637.02216 1 0.17833287 774.33435 209.9844 937.1266 535.06775 1 0.16925177 686.21906 242.23038 930.4975 650.322 1 0.16228198 867.99304 309.65808 1014.6902 461.80017 1 0.14834647 276.92203 630.01373 668.1554 853.80133 1 0.12567511 515.1324 207.23918 768.4014 587.9733 1 0.11368187 790.1592 556.9695 823.6205 616.3235 1 0.101211496 949.51385 384.39334 1022.2214 446.1237 1 0.095118456 699.1688 602.0058 781.87695 653.065 1 0.08746364 390.88818 362.27917 464.80994 437.88446 1 0.07833436 273.41745 450.39413 417.37125 611.3733 1 0.07676907 933.189 424.78766 1003.2989 446.9449 1 0.074337855 834.8183 323.21933 926.71185 386.10593 1 0.07082066 688.1353 588.8954 846.10736 651.8644 1 0.0671662 393.53943 327.49725 517.8719 440.22882 1 0.06545562 929.86505 410.9296 1018.2243 449.49686 1 0.060404744 330.0552 92.23993 607.92053 550.66205 1 0.05960501 694.5357 509.0512 924.62177 653.1274 1 0.056354575 371.24164 482.52814 451.10992 512.70996 1 0.052890044 805.2356 24.827698 924.55664 338.44266 3 0.07974465 224.2293 275.03473 265.71436 334.6117 7 0.06869455 373.9464 481.4104 447.13245 511.81488 ,test/1957.jpg
0 0.9985253 333.6615 278.27808 644.434 632.5253 0 0.3827672 22.933228 247.51096 674.6937 1020.29834 0 0.08556225 344.43585 280.9206 856.882 869.37604 0 0.076349616 575.64453 576.50916 646.1941 626.80334 ,test/1958.jpg
0 0.1132665 352.28833 354.2719 421.2583 802.64716 0 0.08344866 764.0997 438.0445 1004.69196 681.50824 0 0.07874349 781.5178 320.448 862.9989 675.4395 1 0.08314496 228.7449 182.97699 806.4103 442.75476 3 0.17426986 220.62857 236.1146 837.9431 955.5049 3 0.077615514 761.37164 452.48746 1005.5496 681.4509 3 0.05035133 775.6085 316.02414 857.9491 678.81396 4 0.48543566 231.99127 308.57327 827.8588 946.64307 4 0.22825024 221.77068 299.2409 421.15845 823.2016 5 0.26500374 766.9607 449.5001 1001.7682 681.7534 5 0.25457108 249.2734 305.4884 826.88904 948.8922 ,test/1959.jpg
0 0.35617608 361.68628 708.4956 555.675 965.3821 0 0.2407497 363.75537 709.9517 479.1291 878.9572 0 0.12131258 324.5166 0.0 720.6671 308.29694 2 0.99957424 381.19452 252.82129 684.8581 661.2299 3 0.112287976 361.2999 708.8519 555.07886 965.32385 5 0.29665297 361.68628 708.4956 555.675 965.3821 5 0.1998086 323.88464 0.0 719.7302 307.6446 5 0.12039325 363.75537 709.9517 479.1291 878.9572 7 0.35290536 634.3638 434.90738 684.8086 480.75558 ,test/1960.jpg
0 0.40578702 843.25745 467.27054 953.0613 572.8437 0 0.30858386 341.25995 409.41208 399.04553 452.90396 0 0.12973328 769.94086 658.82904 868.4711 784.6949 0 0.092210196 844.6965 478.44885 930.0478 532.67523 1 0.99577254 464.63928 305.2789 886.8596 477.4786 1 0.31486267 341.28278 409.36414 399.35242 452.70093 1 0.092543475 512.9338 414.74915 879.0715 487.2657 1 0.08720196 676.2417 298.7455 879.8949 486.98734 3 0.12220942 843.25745 467.27054 953.0613 572.8437 3 0.07035424 662.90454 752.50104 705.4315 780.0688 3 0.063903116 618.3575 705.3105 705.4954 763.9799 5 0.7151905 510.8846 710.2436 608.34485 813.61163 5 0.7006673 764.66254 654.2521 871.07025 785.0205 5 0.52421963 438.61346 711.19556 618.6016 856.3668 5 0.46254155 438.23065 644.5707 946.9052 846.7258 5 0.32884538 409.82318 734.91205 1014.8851 840.769 5 0.268408 566.39746 755.1543 948.97485 825.7224 5 0.23162003 584.78455 565.6987 931.38367 817.83997 5 0.1930283 460.56342 430.78857 949.98065 784.09094 5 0.17672072 590.45056 746.9099 704.9282 822.7418 5 0.14826666 852.26025 528.34045 938.9037 799.4785 5 0.13989437 678.719 657.61993 908.2417 796.94586 5 0.13791327 782.72705 669.2777 934.75806 788.5438 5 0.11642437 764.9183 578.568 943.31964 825.1267 5 0.10139688 566.57874 788.7652 619.0874 830.72736 5 0.07847466 865.4919 728.1789 1024.0 830.5195 5 0.070800334 678.82733 750.28815 781.9471 816.84235 5 0.06601192 842.65826 467.07193 952.87885 574.64874 5 0.062714316 931.2744 679.4407 950.2594 752.7864 5 0.05688589 760.27185 479.3841 851.56445 536.19556 7 0.99934524 80.145615 526.64276 434.9145 841.2028 7 0.9821332 433.23972 402.92145 977.181 853.4141 7 0.93188345 286.5864 397.83765 506.21237 669.78564 7 0.22737353 341.28738 409.22287 399.9783 454.14926 7 0.21594024 916.65424 720.9598 1023.6866 830.1285 7 0.1574304 842.65826 467.07193 952.87885 574.64874 7 0.11226279 547.61346 454.42206 921.13336 756.46454 9 0.11769614 843.25745 467.27054 953.0613 572.8437 ,test/1961.jpg
0 0.4105749 372.1433 231.32059 602.95544 641.81824 0 0.2008611 190.88797 344.92493 389.65512 473.21674 0 0.16913176 172.60828 231.71585 712.603 885.20593 0 0.09232338 398.92392 381.16034 691.3041 869.22516 1 0.05197518 370.8177 231.83318 602.60126 642.57996 7 0.83120406 191.02881 348.75574 389.17108 468.0678 7 0.7749581 344.00195 235.32022 696.458 884.59875 7 0.14142738 423.89328 446.75278 684.4896 871.8872 7 0.058101445 370.8177 231.83318 602.60126 642.57996 ,test/1962.jpg
0 0.6808129 138.48676 560.8529 941.32574 946.0244 0 0.39598665 343.53616 171.49207 462.28665 262.40167 0 0.071260065 38.644897 772.9346 276.1008 883.36145 1 0.18032615 520.4571 538.186 931.98505 687.7579 1 0.060682006 222.30756 566.4334 932.3726 935.2779 3 0.9993174 256.1382 337.35486 820.1924 682.75635 3 0.063683234 174.32324 342.79767 871.7217 963.30743 7 0.23084483 489.44952 14.851318 874.7559 357.8902 7 0.053584747 38.644897 772.9346 276.1008 883.36145 ,test/1963.jpg
0 0.3235373 637.7828 748.423 696.7474 799.12537 0 0.19503604 374.6953 272.55936 813.78894 758.13367 0 0.05344603 376.14 257.3855 559.8695 736.5854 3 0.08072258 374.6953 272.55936 813.78894 758.13367 5 0.96558017 468.36597 330.46027 815.39233 753.9714 ,test/1964.jpg
1 0.1530154 483.82556 364.366 759.45374 536.9894 5 0.98444486 358.2375 691.02454 828.39813 883.7146 5 0.91079175 276.93332 96.01355 893.0958 685.38007 5 0.809977 314.97165 467.7275 887.08167 715.6137 5 0.69625604 322.28296 556.77246 866.5653 680.91113 5 0.5469176 346.94742 667.06976 827.25635 771.6989 5 0.52204317 335.36627 642.079 839.4345 731.6681 5 0.49634495 296.603 464.93863 886.677 561.5864 5 0.48229733 293.31406 356.9216 895.5448 562.54517 5 0.34491906 300.89774 489.0251 886.72705 612.3515 5 0.26303694 293.40826 121.266205 884.0827 422.39645 5 0.22054224 357.17712 712.9516 757.5956 777.87885 5 0.21758355 728.9751 365.11755 881.50037 500.01898 5 0.16795081 364.77942 763.98236 721.73474 882.9694 5 0.11922442 639.60394 689.93933 826.4914 837.47595 5 0.0816899 688.227 687.71466 833.5446 728.4405 5 0.07481963 684.9562 649.1357 821.7333 696.9062 5 0.07197806 336.7823 602.57605 729.7673 715.44824 5 0.0575868 615.08795 647.276 825.6325 737.058 5 0.05406478 340.59833 540.98883 862.9139 892.8669 ,test/1965.jpg
0 0.95242476 771.1512 318.10458 981.3532 510.73996 0 0.90965044 44.53531 865.91376 104.28447 906.32294 5 0.99660313 213.93298 399.42813 643.8652 587.4229 7 0.25150195 771.0713 317.48956 981.25476 508.7531 ,test/1966.jpg
0 0.9996201 230.1051 379.44437 822.7473 651.0906 ,test/1967.jpg
0 0.58367014 395.88046 217.33745 456.611 280.53497 0 0.081106484 43.929184 396.3587 86.2592 476.23602 0 0.055936523 0.79502106 370.85233 160.63077 412.6661 0 0.05454892 0.7641125 227.13855 45.82672 358.28955 1 0.9683805 25.568573 187.40227 420.0199 394.62842 1 0.96177596 0.5141449 226.39975 370.08673 580.0392 1 0.9084672 614.76025 322.87003 709.2084 438.14493 1 0.8961224 2.6773224 128.36964 307.083 270.63983 1 0.8476615 555.1738 346.8687 698.1633 452.5265 1 0.83186847 501.11035 252.71652 544.42883 305.6155 1 0.8118864 511.42014 531.5234 899.2374 878.83307 1 0.80329454 385.6416 195.42084 810.45386 611.0786 1 0.7689142 137.43753 351.42993 220.6294 413.4123 1 0.7625765 521.6406 424.0364 797.8723 615.5782 1 0.6917384 505.35562 215.89865 642.2544 445.2424 1 0.67037773 125.786575 347.1819 285.21814 410.67413 1 0.6417651 644.02924 349.8717 704.1226 429.78052 1 0.6285825 350.2868 342.6677 433.89752 379.10464 1 0.6279121 0.65249634 347.7679 196.50847 413.89896 1 0.60057026 395.33154 209.22229 594.3763 586.18134 1 0.34749398 201.75336 348.06152 277.7331 406.26654 1 0.33337864 522.3364 317.5487 649.0963 440.0774 1 0.31817558 261.09628 189.36655 414.16147 358.67752 1 0.31716454 465.22815 225.65736 727.52185 561.39026 1 0.28990522 0.88225365 226.50854 53.235413 357.51294 1 0.22488318 15.782654 333.05652 287.05865 401.60858 1 0.22307396 29.138855 351.88297 101.63118 374.55038 1 0.19259675 394.9383 184.54062 453.9488 287.14224 1 0.1816688 2.672943 360.45956 152.61934 403.38986 1 0.180946 509.0306 298.51617 553.71857 437.11237 1 0.17472692 147.31781 378.42734 183.43893 413.92892 1 0.1434809 8.591568 348.41882 132.57921 379.73492 1 0.14166056 208.6212 186.84229 444.31073 407.0761 1 0.12848273 207.16301 260.48636 358.68726 411.57474 1 0.12689462 416.86343 185.58984 452.9553 222.93347 1 0.11837569 0.0 249.54732 88.93727 369.60394 1 0.11834293 82.06887 239.42871 312.1093 405.7301 1 0.10686917 0.72878265 333.007 229.8664 580.67523 1 0.10286817 534.3591 513.0384 777.39825 619.20013 1 0.102523625 144.98482 365.3526 210.24513 404.7519 1 0.10231928 662.91113 368.25827 707.0941 434.75278 1 0.10221388 34.72487 196.69551 323.00555 268.58185 1 0.09945288 618.9177 324.56445 685.3871 391.75043 1 0.09585495 132.8252 356.6446 204.89209 379.61304 1 0.08602369 328.22223 219.17212 547.72144 776.0214 1 0.0860019 35.494915 316.34128 110.630264 367.85745 1 0.08425914 11.702194 376.9146 163.83005 413.3371 1 0.08249059 501.22568 255.33945 567.01624 446.67935 1 0.07612205 139.42854 362.82864 207.15184 388.2983 1 0.07073814 173.14261 338.24673 354.24356 413.0928 1 0.06529412 621.7656 325.58994 671.8336 368.44022 1 0.064461425 618.77057 326.59787 645.3564 369.20743 1 0.0609923 5.3472404 285.67892 71.36963 356.06967 1 0.059633557 103.58806 334.76825 357.13635 572.62445 1 0.05232838 65.036896 368.68155 140.02171 382.0311 1 0.051031377 349.85718 180.90047 450.50427 369.1588 1 0.05094195 1.3682308 271.6578 43.33529 349.88522 1 0.050479494 200.17151 381.26306 280.2387 417.31976 2 0.11971653 500.96826 254.44772 543.47 304.65726 3 0.06354759 515.585 562.8827 896.7475 878.8412 7 0.99963176 336.9959 358.50232 520.8814 764.63367 7 0.5106584 0.6859379 227.04803 46.71328 357.93744 7 0.10038082 350.6513 417.78174 396.42865 521.7206 7 0.06254713 363.25375 421.26172 392.41782 473.34174 ,test/1968.jpg
3 0.86925465 277.44574 286.9252 665.797 548.0222 5 0.53688323 251.17776 289.6848 669.40295 548.1938 ,test/1969.jpg
2 0.9998741 343.15643 380.14014 735.0335 668.1499 ,test/1970.jpg
0 0.21668418 788.54724 284.2094 1016.32935 658.225 0 0.19683082 560.61755 238.37476 1015.0239 798.30725 0 0.1146932 655.4848 347.44028 885.71466 694.6642 0 0.112932056 940.7186 860.7449 1022.318 1023.38416 0 0.096186854 312.20795 209.60187 1006.70013 1024.0 0 0.09246302 535.87805 558.8708 684.8258 711.05316 0 0.07137265 149.63538 0.0 627.037 369.09564 0 0.060747545 280.98383 567.9698 698.30865 914.0888 0 0.060739204 488.1706 444.325 985.4605 746.5932 0 0.05930204 789.9322 344.0225 892.3809 639.71594 1 0.3475011 235.03503 0.10584259 585.2043 241.7125 1 0.21392836 365.5868 1.053299 533.6113 97.0341 1 0.19518174 560.61755 238.37476 1015.0239 798.30725 1 0.1649433 534.588 559.1605 686.51 709.3705 1 0.15692075 643.48303 335.85822 891.2903 720.3591 1 0.13866243 312.20795 209.60187 1006.70013 1024.0 1 0.13537243 217.67273 8.410217 786.19073 892.14014 1 0.12639748 774.7507 534.713 881.56244 657.8639 1 0.12575994 728.67957 360.43933 855.11035 651.6373 1 0.110204406 301.78638 553.97784 694.4058 952.4201 1 0.096548826 371.8286 15.431274 906.82544 656.7824 1 0.07827682 784.03845 285.53088 1018.234 659.807 1 0.077618934 149.63538 0.0 627.037 369.09564 1 0.06965668 192.72983 416.07706 874.0856 976.75244 1 0.054010354 481.10443 299.31168 768.35846 740.27576 1 0.05400002 801.315 547.8114 873.86786 635.5901 7 0.9488784 176.50128 18.135681 793.7186 800.4494 7 0.8175293 243.75629 559.0681 982.0141 1017.3589 7 0.44126347 765.68256 292.01913 1015.143 663.17847 7 0.41165286 592.1598 288.44278 1019.0665 723.02576 7 0.3271583 199.32883 216.58829 987.5619 969.49243 7 0.25600275 651.65424 342.63287 893.58344 720.53107 7 0.1879017 672.75903 298.09558 752.8008 538.57446 7 0.18139452 162.14182 8.725159 604.4817 516.45703 7 0.16460176 289.8156 644.8748 746.60504 971.8305 7 0.078744166 191.9197 2.0487518 584.69946 243.27898 7 0.07682211 283.39154 465.6369 596.8422 1021.00336 7 0.073552705 324.54153 458.34155 705.51904 778.6736 7 0.06829425 371.8286 15.431274 906.82544 656.7824 7 0.06250403 410.54605 481.80737 902.249 745.6749 7 0.062147498 536.4345 560.4621 689.9725 703.4893 7 0.060043257 610.41626 19.171875 782.06885 619.953 ,test/1971.jpg
0 0.15638857 193.59586 257.26117 828.4404 790.3167 1 0.96966773 192.53714 263.6567 828.46704 790.9689 ,test/1972.jpg
7 0.99970514 235.84384 264.1578 785.60913 732.1698 ,test/1973.jpg
0 0.62984 193.05533 184.46347 789.08276 928.04517 1 0.121106684 194.72107 184.1644 787.4165 928.2954 3 0.08011133 192.04929 172.97968 790.3456 925.5223 7 0.4691969 196.00616 185.36517 787.5764 924.23724 ,test/1974.jpg
3 0.9988701 293.06415 369.81757 827.68475 835.20184 ,test/1975.jpg
0 0.20917092 162.01843 163.19315 897.8032 743.932 1 0.9132287 160.72693 160.43271 898.9376 742.6842 ,test/1976.jpg
5 0.41988814 482.15466 556.1655 702.7582 830.5615 7 0.78423625 484.0502 555.6184 701.61914 832.11646 ,test/1977.jpg
8 0.99921536 278.27106 465.86157 548.046 526.4783 8 0.9991891 333.91183 255.87947 626.7217 360.40155 ,test/1978.jpg
0 0.46850002 76.83783 181.72217 806.3296 862.2036 1 0.14077885 77.65277 187.43414 802.7073 860.082 2 0.6202332 76.615234 181.33841 809.4744 859.50354 3 0.18849489 76.80026 180.75586 809.92883 858.2346 5 0.085646294 78.0426 180.9234 807.13794 863.86127 7 0.15212159 81.004425 179.00937 806.8179 863.88306 ,test/1979.jpg
0 0.08242826 488.75946 700.7003 526.61383 750.4916 1 0.9945958 311.17563 224.49481 855.39404 882.9932 1 0.9033519 528.52893 459.4394 854.3191 859.9694 1 0.4356558 532.1476 190.8757 759.4513 593.04846 1 0.3175406 518.8173 258.55612 716.7774 351.9797 1 0.20169708 339.20752 234.03151 757.69385 622.7922 1 0.18964115 533.8436 159.95708 744.15674 347.26837 1 0.10703775 298.65424 173.90733 757.30194 322.94818 1 0.101867326 331.98975 258.8523 611.715 880.9426 1 0.07198346 13.320038 151.29462 757.70557 406.3546 4 0.22516601 131.4184 891.5912 165.08823 931.29236 5 0.4725655 0.47274017 687.8388 166.38327 1024.0 ,test/1980.jpg
0 0.16405095 106.24109 634.4965 661.2794 870.91046 0 0.07455283 274.4785 0.0 1024.0 554.0017 4 0.13679557 274.7443 0.0 1024.0 560.2378 5 0.95856494 105.22748 634.9625 659.7422 871.214 5 0.76694006 274.58264 0.0 1024.0 560.0493 7 0.12932497 273.73477 0.0 1024.0 553.2755 ,test/1981.jpg
0 0.7303458 798.4472 740.4236 830.4202 774.90564 1 0.08041421 600.084 80.89203 708.23145 141.65741 5 0.7995867 934.6605 91.6647 1021.2141 319.32114 5 0.16284473 609.37805 673.2209 732.16077 931.33795 5 0.09835384 661.0577 668.205 747.846 926.60956 7 0.99758077 404.02795 55.302155 801.6666 1024.0 7 0.05724574 490.21112 814.22375 511.9806 889.0665 7 0.054902643 596.327 90.7 702.5962 140.50636 ,test/1982.jpg
0 0.9948048 267.44672 200.81158 713.2152 819.26404 1 0.06634867 276.29053 182.07428 713.5539 819.687 ,test/1983.jpg
0 0.23059206 392.3771 96.80881 611.08136 885.3624 9 0.9378577 390.26056 96.67554 611.2558 888.6597 ,test/1984.jpg
0 0.16160631 425.4942 589.57874 694.93805 719.6897 0 0.13260786 241.32031 340.89386 702.15955 700.19916 0 0.06866544 530.7311 330.65137 685.28723 598.6977 1 0.9642446 240.1872 339.6688 705.1711 711.1907 1 0.33417332 425.88013 596.24524 698.9966 719.4236 7 0.06312602 241.32031 340.89386 702.15955 700.19916 ,test/1985.jpg
3 0.5737024 371.01404 610.53485 416.0597 665.04364 4 0.987414 677.883 206.65305 862.2028 989.7549 4 0.75730276 513.7905 166.56567 689.0331 996.02844 4 0.6629075 678.2014 280.5899 859.65576 662.33374 4 0.41719472 478.8253 705.4085 691.73474 996.2176 4 0.4088222 828.1506 112.00668 1015.6004 1020.3624 4 0.07833485 648.1814 206.2222 1014.69006 968.56396 5 0.9758193 340.41763 274.61102 526.94495 671.23724 5 0.96039903 66.929825 183.50787 503.96454 1004.8532 5 0.92194813 515.075 179.72574 677.6191 665.9326 5 0.7776015 830.0267 97.59375 1013.5953 1018.4575 5 0.66203123 272.58884 212.2527 361.64297 496.60822 5 0.5876037 282.51547 300.9703 352.64517 451.29532 5 0.51945907 62.019806 668.1558 396.9083 1020.80365 5 0.5164149 383.2595 700.59875 504.5214 1008.64294 5 0.43873933 648.1814 206.2222 1014.69006 968.56396 5 0.42449215 141.37871 186.21086 363.68726 464.4588 5 0.30444047 500.22324 201.28384 563.9762 459.9241 5 0.17846477 677.364 236.35347 857.03235 669.92163 5 0.17107007 239.05338 142.48773 329.65726 220.74542 5 0.107456416 478.8253 705.4085 691.73474 996.2176 5 0.07482148 124.77884 170.32227 282.0632 422.95508 5 0.07436608 837.0163 125.27003 955.6701 270.1928 5 0.07364172 553.0356 192.54115 720.19244 490.21472 5 0.060708467 499.3247 167.72281 704.75525 977.4131 5 0.05875807 225.47563 147.95161 359.49133 315.7494 5 0.056539584 115.093 157.28937 374.3424 685.4731 5 0.055128217 231.64302 186.24315 367.84424 627.7008 7 0.7502964 138.96365 173.15442 175.54166 278.83688 7 0.13508716 275.7537 211.85936 363.45706 329.94202 ,test/1986.jpg
0 0.99964297 270.1109 298.10498 819.11273 780.18286 0 0.05500209 361.09555 800.29865 465.94345 1006.238 7 0.13040075 350.04105 749.1551 625.41956 1003.04755 ,test/1987.jpg
2 0.9997993 440.2165 438.4352 646.6451 742.5303 ,test/1988.jpg
1 0.9485854 564.03046 172.08495 886.5914 549.90125 6 0.06422054 547.8716 472.59662 619.9241 531.7565 6 0.056792397 530.46674 407.24692 625.99725 543.2965 7 0.5320249 201.95134 592.56537 467.33765 774.84625 7 0.0821094 342.45 547.78723 490.5022 776.2186 ,test/1989.jpg
3 0.99432385 189.72879 390.83673 837.1426 879.3315 7 0.12139321 798.418 582.0068 1022.16437 872.5159 ,test/1990.jpg
0 0.38252053 241.4927 152.09064 835.5116 807.05066 0 0.10003568 753.48157 10.234711 960.7943 203.3129 0 0.05380348 48.721703 5.433157 201.71765 63.436485 1 0.6455949 244.09766 152.98242 835.72266 805.4644 2 0.3752328 239.72656 152.38922 832.71765 807.53107 5 0.0502863 750.00336 17.24263 960.2729 202.86723 7 0.871984 753.2625 23.423256 959.26215 202.92923 7 0.34471184 1.3504868 465.90607 79.87809 670.1348 7 0.051118426 245.28961 151.84409 844.482 809.92847 ,test/1991.jpg
0 0.5236758 227.29681 358.8776 390.6587 441.2247 0 0.33277756 230.74358 368.09933 273.32413 405.44534 0 0.15209828 84.981964 126.362854 999.5609 409.20477 0 0.07227454 212.12944 247.66458 443.47394 434.6362 1 0.17653707 62.395233 47.532806 1013.7705 344.75064 3 0.10190324 230.85687 368.33383 273.42047 405.6146 4 0.05549533 414.25876 468.7807 663.0889 812.0074 5 0.9877908 414.89838 467.96188 663.30963 812.14856 ,test/1992.jpg
0 0.65276086 839.5122 21.594887 887.31775 84.68837 0 0.30658174 895.6748 285.27975 1023.7672 995.2002 0 0.117974885 809.15967 9.21283 1023.2051 420.23782 0 0.07613461 0.0 45.25708 990.3728 1007.6808 0 0.07091562 828.4727 14.862915 882.35077 220.63327 0 0.054124318 884.3604 4.6701355 970.30084 170.05531 0 0.051392 854.2899 43.07424 886.28845 83.007965 1 0.27809203 839.8691 20.807413 886.72833 84.186584 1 0.2316129 835.28876 13.649933 1019.9963 412.66434 1 0.052132346 0.0 259.49042 156.89417 496.8861 1 0.050031148 8.636124 132.40656 310.66693 998.6678 7 0.97604614 1.220459 37.908234 999.94025 998.4347 7 0.49105132 182.83795 840.10205 967.98334 1020.04016 7 0.430198 348.03174 941.3034 665.4327 1022.4738 7 0.26562992 134.10632 920.5335 831.30426 1017.0308 7 0.17438406 99.36102 973.37646 484.6761 1021.6112 7 0.12626055 895.6748 285.27975 1023.7672 995.2002 7 0.09052974 839.77655 22.834179 887.17426 84.40193 7 0.05922764 110.056946 910.577 471.57794 1020.8722 9 0.18298098 893.17035 280.08737 1024.0 998.5493 ,test/1993.jpg
0 0.6127993 157.11285 327.2516 754.84686 877.1008 1 0.064809166 157.51001 328.2778 753.32446 877.1188 5 0.14099939 156.59201 328.52432 760.7246 877.7998 7 0.051239286 155.78912 328.40958 758.4004 877.9562 9 0.62087286 157.89322 327.46033 754.4087 877.2926 ,test/1994.jpg
0 0.98676634 280.47217 205.34451 956.7571 784.2406 0 0.9322423 96.35008 435.72528 295.16907 566.5849 0 0.09777269 85.70082 190.54736 455.56238 562.8999 0 0.05400214 169.88612 253.47443 410.8369 478.27405 1 0.55550146 85.38977 179.73157 455.49176 564.39606 1 0.41653705 302.73657 435.81006 389.86652 517.36597 1 0.37157598 452.90802 648.54004 664.46136 754.2003 1 0.24194318 96.69794 435.4486 295.5304 566.7017 ,test/1995.jpg
0 0.70647013 771.23395 543.9571 880.29376 661.3803 0 0.6769028 265.90842 324.81897 345.76083 387.29047 0 0.5240708 0.20800781 661.8563 105.58948 821.2682 0 0.19511184 0.0 58.968155 38.61693 196.75546 0 0.13370077 397.1704 263.31433 573.0632 590.8531 0 0.10025212 0.0 99.51625 16.755604 181.22594 0 0.05011291 399.60468 490.21054 507.1753 586.2684 1 0.4259137 0.0 59.660645 39.765987 198.13818 1 0.14791504 771.3678 542.12524 879.9928 660.046 1 0.09422199 704.1833 588.09436 983.04803 977.42224 1 0.054388717 0.0 99.51625 16.755604 181.22594 1 0.05080832 399.60468 490.21054 507.1753 586.2684 3 0.18995452 725.50507 195.24458 759.41473 231.74446 3 0.15332182 396.78186 264.0545 572.60376 589.42114 5 0.7449925 396.17792 252.87277 572.7097 592.64 5 0.22056651 400.6095 18.219543 637.6969 323.25473 5 0.05721497 725.28516 195.83603 759.5414 231.2897 5 0.0563225 265.71518 324.60065 346.90988 386.84595 5 0.05447762 368.43726 176.51825 488.7843 325.907 5 0.05138208 263.51013 175.5115 442.09918 389.98892 6 0.8716086 252.06848 456.61884 492.42914 936.85846 6 0.60058504 8.699402 80.436844 275.7181 472.17072 7 0.981807 709.558 614.3366 978.4817 979.2203 7 0.44324812 397.5679 263.85098 572.4138 589.2606 7 0.2828234 261.54855 174.94443 451.39334 390.41965 7 0.26003465 11.215202 620.73413 90.291176 667.718 7 0.2221214 253.77786 9.611893 650.3395 473.7113 7 0.22073628 0.0 58.938698 38.13463 195.87521 7 0.2111679 0.0 661.63135 109.0451 815.9818 7 0.17513306 301.03955 174.85843 420.54327 344.47885 7 0.17321195 0.0 99.51625 16.755604 181.22594 7 0.10564043 303.0 175.72438 572.2506 600.59955 7 0.068895884 684.415 879.638 753.63605 1023.8953 7 0.06088559 369.9506 176.20047 492.6326 337.75198 7 0.053456966 266.0216 324.8296 345.47675 387.4301 7 0.05200807 691.123 872.5348 824.71844 1024.0 ,test/1996.jpg
0 0.27153894 342.92355 410.36902 646.5265 642.022 1 0.6369892 343.52905 410.78177 645.57214 642.12524 2 0.5776218 343.8307 410.74045 647.03284 642.6786 ,test/1997.jpg
0 0.8985157 372.89233 133.62451 480.85168 387.35498 0 0.88347596 375.167 141.52223 512.0899 512.83795 0 0.12222575 423.04117 328.04752 521.239 492.49045 0 0.12147901 300.4926 135.27646 490.65363 551.99854 0 0.06267754 356.5885 119.48535 568.02905 670.7617 1 0.09279541 387.5857 545.4671 794.1908 882.45905 5 0.9988801 287.24774 366.93286 792.7375 882.49585 7 0.9700665 927.7253 742.97784 1024.0 1023.7376 7 0.061843842 387.5857 545.4671 794.1908 882.45905 ,test/1998.jpg
0 0.2266462 318.47876 145.7395 826.6073 481.73627 0 0.051783457 788.1588 538.72766 807.0687 577.9723 2 0.17077492 318.5008 145.1346 826.34686 490.09277 3 0.828094 317.56137 157.46494 829.9918 871.5287 3 0.05916369 318.77698 145.00883 826.58057 490.98212 5 0.76866966 318.09158 145.14053 825.1448 482.11026 5 0.23021367 319.36755 162.25894 829.0132 871.797 5 0.1971355 326.49075 329.95712 820.62805 508.38797 ,test/1999.jpg
0 0.27757674 5.5036163 0.0 505.5171 64.18316 4 0.9989047 70.98453 627.00684 437.9555 979.3888 4 0.9849023 438.68988 87.40442 850.6579 694.55133 4 0.8497186 436.86 391.82095 747.77856 683.28284 4 0.07719868 69.81899 827.8751 256.44202 977.0702 9 0.09490902 5.5036163 0.0 505.5171 64.18316 ,test/2000.jpg
0 0.9999255 287.91843 332.17957 915.5858 650.4869 ,test/2001.jpg
0 0.51899946 337.70416 20.447567 400.57965 72.807175 0 0.2796153 309.03305 2.3396149 400.77493 71.33421 0 0.16680041 256.3661 599.6507 400.87695 773.0595 0 0.09762498 319.1308 22.274628 380.58582 63.72789 0 0.076009974 524.2909 252.1994 546.3124 302.23492 1 0.13642897 310.57758 2.8144512 378.50354 66.534004 2 0.10218694 390.02512 522.4616 535.3576 625.15826 3 0.07009669 626.0735 148.32245 639.3032 243.2789 5 0.4922396 631.9574 15.217049 1004.82837 258.0484 5 0.21403679 935.63934 310.02744 1023.01373 513.6837 5 0.085581236 390.02512 522.4616 535.3576 625.15826 6 0.781091 389.75452 521.6896 535.02203 625.31934 7 0.99939597 183.09995 248.3772 755.0891 901.5365 7 0.9066278 584.5309 325.241 647.7212 397.31247 7 0.066410124 374.02954 283.3852 633.28644 629.0429 ,test/2002.jpg
0 0.99992967 195.64667 247.94098 859.8582 885.1817 0 0.053670567 471.72836 278.4231 540.21716 327.49493 ,test/2003.jpg
0 0.2709297 194.83398 266.1598 529.50946 457.14294 0 0.23250307 865.8812 828.04565 1023.68896 920.7832 0 0.16688201 473.7287 488.39798 637.6678 601.8364 3 0.85743403 385.62637 488.97665 696.2046 762.4237 4 0.84393555 901.56464 368.22195 996.269 450.93948 4 0.3585718 903.80145 393.12128 968.9274 452.60107 4 0.15677635 931.77844 369.8685 995.1631 426.49026 4 0.05102642 904.95416 421.09238 961.5345 446.80154 5 0.96054274 628.99976 276.7838 1022.53735 731.402 5 0.9366597 484.09036 0.0 1024.0 334.56537 5 0.8309481 476.16782 169.49641 751.6633 473.16425 5 0.5536114 471.6663 138.09276 1016.80505 485.62366 5 0.5333971 473.61914 488.05853 637.6416 602.1097 5 0.4292295 194.73737 266.4124 529.6021 456.94653 5 0.4049086 945.6063 784.491 1023.9133 852.0894 5 0.33520916 626.7652 6.6305313 1013.6774 155.54245 5 0.2904956 487.4371 162.45775 1009.2739 341.07727 5 0.2502761 385.07916 486.8877 696.5765 761.70044 5 0.23217463 608.8599 4.774946 1002.8162 47.489395 5 0.22115953 625.7083 97.12478 1019.8133 297.49213 5 0.19389889 626.05585 229.43466 1012.13007 371.59067 5 0.18633866 713.94116 3.0049124 983.2279 29.149841 5 0.17371142 742.7391 477.33154 939.54254 584.31824 5 0.15137477 491.57632 0.0 769.5292 271.41742 5 0.12511948 706.51666 397.93213 909.6243 580.938 5 0.08064557 521.3252 233.08424 600.11487 321.31247 5 0.080226146 828.6481 0.0 957.3445 17.223965 5 0.077112615 602.3371 210.14279 1019.80707 314.19058 5 0.07687918 670.12665 1.8082123 1002.608 87.06899 5 0.07536615 872.6638 826.2763 1021.1105 911.25165 5 0.070239075 664.7676 238.05737 1017.1952 494.7625 5 0.06732224 507.64697 296.38226 740.99097 480.78906 5 0.06615032 877.55884 56.933285 997.9719 140.29974 5 0.063604504 493.67188 90.335236 844.0691 317.92865 5 0.059563853 755.79895 351.8617 1022.20166 661.5374 5 0.056654815 541.44006 486.4337 605.9957 509.08847 5 0.051154356 750.65424 43.224777 1024.0 157.05128 9 0.20677522 861.35724 824.36816 1024.0 978.24146 ,test/2004.jpg
0 0.552395 0.0 473.6576 83.31828 546.9192 0 0.31841382 307.0782 134.96762 925.4587 424.84482 0 0.06925784 366.8639 5.133896 1024.0 366.22083 0 0.063024096 112.73819 162.89838 908.8146 781.7202 1 0.62377274 0.0 473.6442 83.333374 547.0908 1 0.20913589 0.0 3.1251526 308.82404 247.13611 1 0.09546079 0.0 0.0 346.83136 435.20276 1 0.07985019 366.8639 5.133896 1024.0 366.22083 1 0.062717624 312.77774 135.17688 925.27515 425.06592 3 0.32295272 287.59393 130.13582 914.38885 420.64447 5 0.2577888 287.59393 130.13582 914.38885 420.64447 6 0.9899568 110.22958 229.55411 910.4241 784.99805 7 0.31516984 312.77774 135.17688 925.27515 425.06592 7 0.20350038 366.8639 5.133896 1024.0 366.22083 ,test/2005.jpg
4 0.999764 340.59473 496.56537 482.87372 858.1132 4 0.99941826 66.504715 477.65533 217.77306 834.96796 4 0.9987299 199.3812 498.36044 355.2186 842.13696 ,test/2006.jpg
0 0.52132684 288.18463 350.573 705.2965 638.42847 7 0.77352846 288.7996 350.609 706.6947 638.0075 ,test/2007.jpg
0 0.49019527 246.55365 207.02399 768.03357 909.07806 0 0.21188985 410.4754 554.84424 511.82904 645.813 0 0.050554976 769.9607 220.74579 848.5642 398.45874 1 0.86148214 978.5645 365.15906 1023.3245 420.59998 3 0.6300113 248.9359 204.7186 748.9439 925.76086 5 0.22846644 0.0 552.68896 54.203167 643.7307 5 0.11682947 239.09143 204.85889 809.2689 925.76636 5 0.07936665 843.6751 399.3256 912.748 503.7609 7 0.1769501 409.6981 555.3127 516.5977 645.9528 ,test/2008.jpg
0 0.989356 297.27856 317.83273 780.3922 721.63965 ,test/2009.jpg
0 0.42036262 229.48068 234.07704 623.44836 520.1529 1 0.86482555 229.38364 234.6923 623.4479 519.6812 ,test/2010.jpg
4 0.3194908 384.2967 111.1066 861.0455 932.9651 5 0.9373867 385.89288 119.32294 857.5295 928.7863 ,test/2011.jpg
0 0.98000175 844.00464 691.1297 922.8628 743.4478 0 0.4225425 618.43524 0.0 652.4211 71.1064 0 0.23644151 339.2935 907.29846 388.74246 1009.32935 0 0.20709679 2.6520042 686.0694 124.44751 857.3848 0 0.17450649 604.3923 567.2602 636.67303 599.3737 0 0.14994027 31.099277 785.76135 125.68385 939.18787 0 0.13370506 90.511024 785.32355 115.40957 825.41473 0 0.12691213 368.5089 750.49725 422.20782 781.889 0 0.10902502 24.026352 466.5764 130.09325 530.3733 0 0.10773005 705.33655 196.04381 767.0925 232.63716 0 0.10607614 40.615036 781.505 194.14655 945.9995 1 0.9916073 334.37866 625.3494 707.70056 997.82587 1 0.9897467 414.60382 385.45038 649.0549 595.4934 1 0.9839385 622.2682 328.17096 1004.77576 727.1999 1 0.98329365 549.16266 191.08199 724.748 325.90015 1 0.9716655 398.81485 342.58347 495.42484 462.0765 1 0.9627406 710.4695 171.38608 956.7428 573.3059 1 0.95366424 197.64862 205.81972 278.8225 255.69633 1 0.9363217 618.39374 111.411514 770.6248 209.37993 1 0.9102377 363.69186 272.3256 469.62027 308.94168 1 0.88969535 5.3522415 274.8021 143.45197 533.83044 1 0.7866528 640.0597 337.74872 946.15015 576.9864 1 0.7769621 256.45178 133.27103 481.68878 284.94656 1 0.73728323 487.72992 212.81384 574.98773 339.68567 1 0.6787606 526.0107 304.88898 662.5761 427.47174 1 0.6692803 711.98193 186.7399 869.8208 344.26163 1 0.6606952 665.5155 708.1557 697.81775 745.7177 1 0.6350133 14.609718 380.21503 133.58719 527.2029 1 0.6222178 516.25793 623.1842 586.1113 661.88354 1 0.62065387 403.96356 643.24963 579.67664 714.30493 1 0.5763706 2.0772552 281.61404 108.70653 456.67636 1 0.53369313 603.12366 566.0216 634.16174 599.7377 1 0.51954806 594.5958 467.43088 654.6456 572.94586 1 0.51850027 710.8226 175.92296 962.9578 374.31915 1 0.50279516 83.89024 779.85876 112.751526 825.20935 1 0.49366003 34.45369 284.44345 94.74248 385.85464 1 0.47889903 759.70294 452.4803 931.7906 577.56903 1 0.47471604 325.62396 797.08905 431.97162 982.3901 1 0.45773327 555.8847 376.4249 631.98444 455.37234 1 0.4250905 81.615524 312.60867 146.92625 391.1962 1 0.40757215 426.50244 507.029 520.6034 622.7199 1 0.4036251 251.3565 166.35956 545.8622 377.02985 1 0.38964927 272.09927 811.6326 335.7408 878.64996 1 0.38648832 395.50232 344.4528 487.57202 379.6213 1 0.3706626 369.49753 278.9777 500.45804 369.61618 1 0.3431697 345.44257 208.28165 532.77386 366.3113 1 0.335739 663.4715 243.34492 730.49615 358.56186 1 0.3275709 3.7268028 762.327 115.69214 828.43506 1 0.3171647 356.12216 200.65968 546.2261 528.95935 1 0.3128713 20.444164 782.1751 124.250244 905.09406 1 0.29221928 718.2814 337.6676 782.6448 572.2301 1 0.29097775 1.9518013 673.08813 115.153534 939.2971 1 0.28225094 705.2953 196.35683 767.0492 232.60881 1 0.27723584 322.50577 809.65656 385.69998 1008.69403 1 0.26432338 11.751312 384.20306 140.42195 433.0125 1 0.23685494 379.6752 491.40607 431.4799 550.1075 1 0.22356948 0.2337122 313.74976 26.953758 504.68268 1 0.21837626 416.0524 513.28925 445.76535 563.43854 1 0.20121904 24.026352 466.5764 130.09325 530.3733 1 0.19859524 338.48703 907.2129 388.54794 1009.8845 1 0.19314857 40.615036 781.505 194.14655 945.9995 1 0.18646131 379.04816 319.9472 691.81537 723.4451 1 0.18467192 842.6603 178.68396 979.85535 322.35413 1 0.1777423 96.0782 788.23206 116.6214 824.9137 1 0.14532743 369.31927 748.6708 422.39624 782.35815 1 0.14229667 443.68567 214.20724 652.2682 329.6747 1 0.13130656 228.84871 159.66373 615.8843 568.9552 1 0.12128375 470.53607 216.23526 740.9372 372.45273 1 0.121128775 467.1969 164.60223 988.1782 371.1526 1 0.10638402 642.4779 291.70395 669.2567 351.59665 1 0.10144044 257.954 811.4168 379.67575 998.2525 1 0.10013745 626.3098 350.5428 814.1963 597.29224 2 0.5674966 274.42285 825.2968 334.0451 876.10406 2 0.1392872 339.2935 907.29846 388.74246 1009.32935 4 0.16268595 754.4641 131.00035 788.58276 150.33772 5 0.31096342 699.7793 39.397808 776.0679 88.92023 5 0.26717776 36.46505 468.32465 130.70197 529.40607 5 0.11089405 754.4641 131.00035 788.58276 150.33772 6 0.7249375 699.7068 39.42961 775.91455 88.94469 7 0.99987936 134.40337 231.80429 423.8354 562.06726 7 0.9990227 9.555023 423.67557 405.51608 824.20557 7 0.9971002 62.292313 817.80585 372.54834 1022.71857 7 0.9617506 513.7353 558.7316 641.5391 663.70087 7 0.94429076 346.77426 543.4611 516.2987 685.17535 7 0.9107793 0.40935135 501.4512 50.105278 703.60046 7 0.5109288 647.34924 653.608 690.25635 710.0848 7 0.48232388 95.506714 786.2833 191.04688 916.6627 7 0.3250862 35.350235 778.66077 202.4453 960.6188 7 0.32187596 338.42383 906.95593 388.62134 1009.98035 7 0.30845922 353.53564 560.7795 400.27594 652.0257 7 0.25667155 115.12821 805.6987 183.23874 891.06885 7 0.24279805 1.3276634 667.7168 120.57602 934.64307 7 0.23615836 54.76452 911.5182 87.36814 1018.1343 7 0.22059819 251.10434 828.4204 372.7167 1004.83044 7 0.20320849 27.276512 466.8318 128.97205 529.925 7 0.15398055 302.28937 860.1741 389.6875 1002.4199 7 0.1495378 424.1844 502.94064 524.0141 626.58405 7 0.13009477 337.04495 533.4766 620.30493 713.34393 7 0.115266435 673.5489 326.47836 723.6014 355.83774 7 0.103116386 343.36166 533.4193 436.743 708.833 ,test/2012.jpg
0 0.25548065 376.36462 96.192444 818.3522 688.4188 0 0.06282691 433.07727 604.79034 726.56445 797.88605 7 0.9648094 375.15985 105.27768 814.45404 684.9209 ,test/2013.jpg
0 0.78038645 4.0670776 4.8759155 107.175995 625.21204 0 0.07022766 772.0209 861.33923 829.93005 900.48865 4 0.27376384 271.5478 208.2174 288.56268 247.2016 5 0.05811593 172.89539 0.0 1023.8707 807.0961 6 0.121085 3.3482018 4.0472107 107.49437 626.828 7 0.9988171 175.26517 0.0 1024.0 802.25476 7 0.06554094 164.32939 60.44052 338.33026 549.54224 ,test/2014.jpg
0 0.99546224 332.4964 249.0572 685.43915 716.1658 ,test/2015.jpg
0 0.13354422 136.27408 374.01602 217.48145 421.81064 0 0.071314014 143.37335 377.12277 204.50522 400.49948 0 0.068557546 166.7844 250.23169 369.32254 281.36035 1 0.96713513 3.9197693 295.0523 165.26022 388.102 1 0.9427004 0.0 291.26184 153.515 471.33386 1 0.88443226 0.0 199.86743 68.35933 233.56503 1 0.8798095 174.72824 196.61884 372.4216 264.04297 1 0.87419415 170.62329 246.29042 375.13104 308.78528 1 0.8663675 190.03674 309.45886 344.81213 407.65015 1 0.7252501 201.04192 306.27542 335.14825 331.70303 1 0.69524765 0.0 199.91573 77.079285 319.10178 1 0.6620662 187.08328 254.02718 380.97488 429.33014 1 0.6554461 0.0 120.83652 58.38008 200.4664 1 0.6202182 173.87659 180.3385 370.42377 318.59167 1 0.5542897 0.0 252.36765 86.10431 313.55984 1 0.5179228 203.0559 143.04971 372.96747 261.2746 1 0.49171865 166.7844 250.23169 369.32254 281.36035 1 0.4447775 210.4327 281.51993 349.1845 314.78525 1 0.4054724 0.62177277 299.60892 70.70403 392.17477 1 0.3908112 176.11499 225.78725 353.23956 263.14343 1 0.3771129 0.12516022 279.70132 71.87867 310.98196 1 0.32813847 197.98698 280.89456 374.63672 339.86484 1 0.32516497 0.0 180.40144 55.106358 200.03542 1 0.2938044 1.1990967 355.67715 72.386665 391.27353 1 0.22906677 0.0 202.52054 60.719646 264.11465 1 0.19085318 135.6216 373.53192 218.64354 422.4359 1 0.1859403 0.77218056 215.12021 57.716675 235.54916 1 0.18210907 7.2816315 69.3517 263.18457 193.9337 1 0.16902487 0.0 248.78047 231.3559 388.3371 1 0.16515957 0.0 200.0901 29.884981 221.2192 1 0.14818318 212.9224 304.5101 328.82767 317.70847 1 0.1477565 212.77098 293.22336 362.2339 326.48587 1 0.14541265 214.00993 295.96292 327.73175 309.43063 1 0.12909582 87.036026 240.14261 382.61035 385.20114 1 0.12391616 213.44055 302.35764 330.3996 311.95932 1 0.100831024 0.0 115.37315 135.74835 203.42339 1 0.09530204 199.66792 316.81213 324.6408 334.36957 1 0.084041566 915.6877 431.6267 969.07697 454.04834 1 0.08236939 199.03601 325.3719 327.11395 341.95563 1 0.0772905 367.86804 164.50877 479.54596 180.131 1 0.072434 0.0 176.92783 128.42125 242.20578 1 0.06959341 42.69586 228.02135 65.82605 260.0697 1 0.06631654 326.37405 292.51102 365.06198 320.16568 1 0.060739484 202.58731 309.00513 249.33063 326.31122 1 0.06062888 5.078125 126.70932 251.51807 416.8157 1 0.05396632 1.5980911 246.92363 109.13169 379.9131 1 0.05254623 280.14505 255.4188 362.63168 271.26535 1 0.05246336 229.01575 231.71904 365.0999 271.8037 5 0.16162959 508.84174 496.81815 556.309 541.5751 5 0.10559681 438.99738 474.16132 510.72504 514.76294 6 0.96789885 249.24083 90.385864 483.8003 190.6572 6 0.96015334 42.98526 69.09128 260.46332 192.29456 6 0.528752 220.91681 144.24008 369.14 255.43362 6 0.26882407 271.9185 135.22464 358.47708 227.0235 6 0.1960308 180.50047 91.11119 487.2881 245.64037 6 0.15165688 182.2565 142.2093 245.15912 205.25755 6 0.083014466 367.86804 164.50877 479.54596 180.131 6 0.07709251 233.12416 144.43646 301.38635 193.40741 7 0.99584144 0.35729218 0.0 230.43134 118.98106 7 0.9944371 351.552 111.81706 698.94653 350.0321 7 0.97456115 787.72705 413.03455 961.6288 538.9353 7 0.97139627 244.83658 332.46942 520.70996 696.8774 7 0.9663196 166.43845 367.1797 289.1891 629.46063 7 0.9590542 679.82855 335.28983 816.5446 454.7161 7 0.9311666 144.31183 0.0 379.06702 106.47156 7 0.83915484 53.00598 174.35199 204.7876 240.58948 7 0.8371695 477.02106 315.36636 610.24615 460.95474 7 0.82056224 0.6343689 218.66525 58.044216 260.924 7 0.79897606 652.0092 411.1832 889.2447 641.4164 7 0.68591356 236.89975 314.3789 767.5172 711.00806 7 0.6710252 429.28616 417.08893 791.718 740.3426 7 0.56878716 47.416122 211.56946 228.37154 374.1181 7 0.2918197 374.44562 272.91077 415.11218 294.83392 7 0.27828372 62.65287 173.9707 138.61438 235.94617 7 0.24861704 458.20755 315.47845 727.54126 465.95947 7 0.23870249 698.8218 336.9129 792.7948 399.6424 7 0.23392646 165.457 321.1599 385.35873 614.86707 7 0.21493916 356.45212 165.59677 572.64246 297.46542 7 0.19416665 353.17407 174.98346 400.13068 262.99573 7 0.18473092 282.5829 361.0478 499.1161 458.05664 7 0.18218188 708.52875 411.0029 968.3283 593.62427 7 0.16838929 937.50555 4.4969406 1024.0 93.30942 7 0.10406503 183.10823 143.24684 243.62282 204.79768 7 0.096860774 92.45998 22.858747 159.46783 73.80399 7 0.082057066 50.76442 233.04745 358.04675 335.4761 7 0.07973644 300.40137 281.90973 583.0399 459.3299 7 0.07474581 306.04358 404.56647 392.54865 453.9897 7 0.07375999 433.95172 338.3178 794.6523 565.0246 7 0.070172995 508.84174 496.81815 556.309 541.5751 7 0.0675744 384.2491 369.0493 463.04 406.4139 7 0.06523225 595.7483 320.04465 711.3058 399.1041 7 0.06418415 33.555717 227.54196 199.75977 322.67758 7 0.0575436 412.62988 268.49283 530.0821 322.5826 7 0.057329 137.8795 331.7679 185.53673 382.02274 7 0.053275965 166.7844 250.23169 369.32254 281.36035 7 0.051207718 561.6127 411.50928 821.6737 528.01746 7 0.05015382 412.87985 269.4517 498.89633 306.3019 ,test/2016.jpg
0 0.35572037 786.6588 267.53397 1021.2416 393.60208 0 0.11375455 543.6469 1.2085114 778.6862 269.48944 0 0.06540862 507.5255 543.2668 581.7075 637.9976 0 0.055638745 153.16205 212.4101 875.9063 780.2582 5 0.95021564 151.31967 217.60318 876.6157 781.45483 7 0.08512258 845.5801 365.1674 1024.0 778.21765 ,test/2017.jpg
0 0.99298006 761.3553 597.3657 882.2519 665.6576 0 0.307292 186.90884 30.620117 777.9127 1008.761 9 0.7820947 151.51639 17.505829 783.25854 1017.671 9 0.27224505 148.40479 614.44617 763.41583 996.8164 9 0.05179394 366.09045 440.3191 691.5078 828.5122 ,test/2018.jpg
3 0.9976399 425.79376 436.811 600.36053 599.652 ,test/2019.jpg
0 0.080160454 733.4281 433.83105 867.24963 499.69458 1 0.99708205 58.525818 406.80646 339.6704 777.84467 1 0.99038154 512.33954 228.125 789.3354 761.02893 1 0.9825493 737.4727 298.90955 916.70233 483.0918 1 0.11275398 208.64182 406.56378 278.98364 536.2056 2 0.050200712 737.60645 296.54846 916.433 482.7854 7 0.06912671 58.134857 550.1204 115.79227 646.5064 7 0.06829222 73.67715 583.65216 118.01746 645.8289 ,test/2020.jpg
0 0.27409428 225.90697 207.94827 332.69333 257.17172 0 0.229505 149.826 241.98936 238.60771 295.7395 0 0.2119783 460.54572 911.9216 647.07367 971.58795 0 0.16750008 504.86102 672.8523 826.9891 933.84973 0 0.1558058 523.6066 452.6359 776.40265 714.95825 0 0.13751961 610.7106 301.8122 891.7278 466.6374 0 0.12790106 228.58495 490.52817 531.2652 703.55 0 0.08294652 497.80902 857.5121 679.6558 969.85864 0 0.07064783 258.79846 662.1161 405.36993 792.5957 0 0.06655612 466.51724 248.15842 564.68396 291.0845 0 0.06378126 303.17676 508.96838 491.07367 671.47485 0 0.062335696 529.2669 680.6644 729.93 809.4486 0 0.05404232 468.44592 878.2131 546.7132 919.3892 0 0.05171046 222.1448 391.47076 724.68896 669.336 1 0.84821314 506.77393 458.8581 773.2212 706.3277 1 0.6508401 595.7946 291.3371 878.8548 464.7096 1 0.4852235 230.48099 384.74658 780.2147 710.1665 1 0.42740017 117.09131 202.8511 709.2645 483.5015 1 0.2833484 229.00642 397.39545 512.9462 493.88812 1 0.2627779 121.43219 371.9301 828.04425 916.5494 1 0.2614041 254.50583 423.17328 566.6615 690.7441 1 0.21713634 465.2464 239.09534 871.69025 476.49414 1 0.201475 121.937195 0.58503723 960.2808 462.24744 1 0.18561868 223.30692 381.80792 697.8677 531.47485 1 0.13792828 421.67914 344.36438 820.10126 834.5111 1 0.123174585 497.34467 258.44965 876.8289 699.6244 1 0.095826134 506.6552 674.74915 826.66095 932.7229 1 0.09237205 111.81752 204.17834 603.1703 323.3421 1 0.07373238 318.38202 512.02997 497.219 670.9251 1 0.06837378 137.0415 496.6739 520.1613 715.1109 1 0.06523796 133.8581 304.02026 613.7831 774.4204 1 0.06271122 425.86176 550.05347 513.45874 647.56213 1 0.061161894 502.93347 637.10065 759.78577 713.03644 1 0.055978734 281.78186 221.99777 890.2294 383.42838 1 0.05549624 468.44592 878.2131 546.7132 919.3892 1 0.055292934 280.82574 266.30627 561.5629 396.02875 1 0.054976337 225.85986 207.55324 332.94476 257.47726 1 0.054681644 421.05676 615.2927 494.64905 673.298 1 0.051220402 273.31958 123.59671 926.1389 586.86584 1 0.05083323 124.647766 489.4452 573.4885 895.875 3 0.052444957 505.96686 674.6408 827.4924 932.49054 5 0.44664103 119.97537 1.4656525 972.1382 297.5913 5 0.217455 505.96686 674.6408 827.4924 932.49054 5 0.20399934 595.0915 207.58252 705.1109 266.61774 5 0.18282582 531.3939 70.68278 971.5083 273.03766 5 0.10073372 210.5879 483.2486 327.09293 530.8313 5 0.08763357 293.38226 463.9044 392.79584 519.3355 5 0.0799533 205.03552 173.89543 257.2127 227.04771 5 0.07778867 601.7626 217.79765 869.5139 321.87424 5 0.07608169 706.5953 230.79498 792.139 320.7232 5 0.064488925 543.96356 202.95277 727.94366 290.11206 6 0.06130024 149.826 241.98936 238.60771 295.7395 7 0.8889305 123.75699 366.557 828.55554 946.0133 7 0.8773537 156.46829 858.12024 495.9161 971.7195 7 0.8171118 119.18097 483.5735 574.7691 916.1858 7 0.62651974 120.510956 5.4892273 958.7012 300.77725 7 0.45658928 508.1203 675.15076 826.30524 933.27686 7 0.2509833 137.0415 496.6739 520.1613 715.1109 7 0.2328267 231.26474 383.4093 752.35583 676.59155 7 0.20941938 460.2835 904.3593 643.4958 970.8049 7 0.18127976 204.1272 484.33173 322.77478 532.7998 7 0.1708646 303.17676 508.96838 491.07367 671.47485 7 0.1616065 509.17896 851.1482 646.9575 971.1051 7 0.14342731 506.94785 424.90887 764.7195 707.6961 7 0.12437045 144.58757 764.81226 527.1535 926.412 7 0.1215995 170.37991 789.1486 792.8872 972.45245 7 0.10775291 518.50653 863.44324 731.5944 944.55066 7 0.10704222 142.55103 650.9056 813.0426 942.6231 7 0.10690896 518.36896 677.09735 738.0655 815.21576 7 0.078476064 223.30692 381.80792 697.8677 531.47485 7 0.06492173 197.80986 468.6729 437.99475 532.1241 7 0.056239992 489.607 56.377884 968.77106 299.91663 7 0.050634917 403.90823 829.5748 780.4889 965.7184 ,test/2021.jpg
0 0.30741516 81.92578 5.2697754 992.1085 863.86725 0 0.26536918 533.074 439.44327 856.9136 557.1407 0 0.25152242 325.47397 36.001312 796.9523 575.2693 0 0.14835784 512.1105 38.40341 1024.0 894.29224 0 0.11401509 656.4653 440.82828 827.54193 479.0908 0 0.0894843 645.7867 546.43 720.75775 569.1927 0 0.089355804 640.7726 541.0496 764.54333 572.20526 0 0.08606457 872.9905 577.3959 997.38477 718.2495 0 0.07751489 694.158 540.45447 750.99457 567.2604 3 0.2557044 867.988 817.5249 1023.5749 916.07544 3 0.072941415 812.75775 529.4428 911.89325 589.3067 3 0.058616262 697.9723 548.932 1012.1892 849.74304 4 0.9635154 121.48865 547.4229 914.5967 860.4244 4 0.8519468 698.9674 544.71387 1012.94275 858.938 4 0.83730507 353.7172 42.395966 773.796 573.15 4 0.7636165 813.03784 528.91705 911.8678 588.99664 4 0.62992275 529.467 437.7835 854.6213 570.1852 4 0.5200545 576.094 624.1744 812.5824 809.5633 4 0.4771666 217.12723 749.1478 860.72253 882.62695 4 0.4667317 98.08652 620.5092 772.7351 798.55096 4 0.43401787 212.61401 552.7628 713.9723 694.1128 4 0.25904605 514.1566 554.41473 854.08813 880.34357 4 0.2004634 594.835 32.26043 782.6889 233.40341 4 0.16862309 385.65097 519.5551 713.49084 769.0268 4 0.13318217 573.6875 742.1548 818.7594 812.3021 4 0.1287654 325.9478 669.02185 627.2588 748.83325 4 0.12525758 640.7726 541.0496 764.54333 572.20526 4 0.11244918 531.96106 487.14444 682.36914 573.4212 4 0.10678812 152.1911 35.075348 829.49835 794.38806 4 0.099013776 578.0573 598.00745 722.3155 693.77234 4 0.08428932 872.53326 576.54803 996.47797 720.1668 4 0.080737434 744.08856 525.2064 836.0528 551.41455 4 0.07520487 868.03766 817.5746 1023.5577 916.1134 4 0.07349476 367.32605 233.27715 654.7098 582.20575 4 0.065225005 376.29288 457.83643 687.4143 583.68677 4 0.05078134 472.23105 556.90674 709.93567 693.34326 5 0.82629734 868.0273 817.8849 1023.43695 915.7272 5 0.24868171 697.9723 548.932 1012.1892 849.74304 5 0.22834371 533.5436 437.6055 852.22 564.48035 5 0.112752065 872.9905 577.3959 997.38477 718.2495 5 0.08208335 325.47397 36.001312 796.9523 575.2693 5 0.05941139 812.75775 529.4428 911.89325 589.3067 7 0.29858583 872.9905 577.3959 997.38477 718.2495 7 0.2225259 697.9723 548.932 1012.1892 849.74304 9 0.5404713 531.5862 439.9313 857.37366 553.1172 9 0.10551914 325.47397 36.001312 796.9523 575.2693 9 0.06253993 81.92578 5.2697754 992.1085 863.86725 ,test/2022.jpg
0 0.9997243 90.93201 244.94595 705.2349 690.9404 ,test/2023.jpg
0 0.49619323 870.7595 896.33374 1021.9137 1022.6135 0 0.13400361 171.61346 3.8946533 1007.31793 974.3064 0 0.12602422 935.20105 414.48898 1021.33594 584.8119 0 0.0985352 882.6888 546.2718 1023.9311 756.30536 0 0.07012764 955.30493 507.05566 999.47974 558.59717 1 0.56832784 95.866455 689.6156 1024.0 1015.5751 1 0.09365093 955.30493 507.05566 999.47974 558.59717 1 0.08353117 195.68271 845.4263 880.8898 1002.30164 5 0.18077748 870.7347 896.2996 1021.9057 1022.5452 7 0.98741966 34.075195 288.89798 190.90741 500.29507 7 0.9765437 0.0 376.44745 245.55539 1020.87604 7 0.104401 870.7347 896.2996 1021.9057 1022.5452 7 0.09707241 934.7606 414.6054 1021.9431 586.92474 7 0.07518948 4.1310654 303.23065 195.84186 684.3159 7 0.059572358 884.77185 547.17816 1023.95496 755.3106 9 0.9931404 174.45483 58.765015 989.9269 929.0451 9 0.41195476 934.5453 416.0315 1021.7451 578.4647 9 0.13377552 870.89984 896.0602 1021.94916 1022.5049 9 0.10000093 172.0364 238.52759 294.75702 871.4125 9 0.09835277 886.673 547.9164 1024.0 755.1456 9 0.07139257 162.78465 232.09322 250.67937 501.7442 ,test/2024.jpg
0 0.99957734 229.1268 86.075134 769.05237 812.2455 5 0.3358085 934.0051 400.9664 1022.80334 456.9825 ,test/2025.jpg
0 0.99780554 432.44287 233.80608 685.3651 509.6371 0 0.32445115 331.5459 381.20288 691.6168 512.1443 0 0.2792489 668.98596 384.20718 705.54126 471.7441 0 0.26553345 463.7743 341.89417 695.0936 498.22296 0 0.21729171 382.7959 456.68274 632.03516 524.8989 0 0.19460973 416.38583 476.07388 500.58524 530.0875 0 0.19154449 331.7116 422.19186 471.83868 496.3018 0 0.15526478 623.9861 294.14978 695.9772 470.00153 0 0.121385716 326.70227 290.07742 481.5564 498.15378 0 0.1039977 648.2969 352.8335 679.5918 398.94104 0 0.07252442 468.28305 493.49878 593.5669 527.9397 0 0.071668275 415.7884 408.42145 480.58014 441.53107 0 0.059425537 399.9915 437.19232 490.86325 526.8291 0 0.058928978 576.6807 487.57446 641.39703 524.266 0 0.05826917 364.9319 466.61676 414.66028 506.3993 0 0.05526097 300.29062 251.31154 723.3098 556.4639 1 0.21409205 415.7884 408.42145 480.58014 441.53107 1 0.13164304 327.95578 401.58295 484.72543 441.71765 1 0.094347395 421.86618 365.98322 483.7607 442.1098 5 0.56760645 323.7553 318.51767 483.05695 444.1207 5 0.292871 333.20984 345.63367 447.28973 429.222 5 0.13967206 631.6016 287.2655 676.8188 353.0959 5 0.07623648 317.2818 382.57224 442.51947 428.22116 5 0.063174345 344.20135 328.44553 460.79675 397.11166 5 0.05768583 348.76257 353.42386 412.39325 392.16647 7 0.25098044 330.03473 315.57556 480.67963 439.6466 7 0.08087598 315.85318 348.62424 455.3967 422.31198 ,test/2026.jpg
0 0.8665814 811.95953 244.56244 930.31805 417.99188 0 0.7683208 187.95294 316.5351 771.12494 638.407 1 0.37349683 812.362 244.69623 930.2443 418.63544 1 0.33726007 186.77942 315.65674 771.8085 638.5954 7 0.28822273 175.34537 317.23676 764.16516 638.6116 ,test/2027.jpg
0 0.05873121 142.74316 154.42838 758.42255 712.7728 1 0.34166273 453.71542 285.79834 764.8999 714.3751 1 0.19641156 142.74316 154.42838 758.42255 712.7728 5 0.18184541 4.052124 132.5519 133.50822 504.06976 5 0.14160591 93.214325 145.71982 580.5342 688.2466 7 0.93202543 93.91489 144.78473 583.6797 691.49634 7 0.055214614 265.99268 191.05724 596.21075 601.0123 ,test/2028.jpg
0 0.12029699 506.2257 436.9145 881.6228 571.389 5 0.99856913 179.43875 273.3233 824.2318 881.6243 ,test/2029.jpg
0 0.61809444 477.9669 554.9053 675.5006 718.74927 5 0.54653096 478.4387 555.00104 672.3687 718.2587 7 0.093993604 479.00024 554.95215 672.6848 717.85425 ,test/2030.jpg
5 0.0598042 0.0 314.26727 307.1894 920.67596 6 0.10569748 0.0 314.26727 307.1894 920.67596 7 0.9997383 279.3095 108.976746 706.00586 822.26624 ,test/2031.jpg
0 0.99818546 247.64696 672.3692 504.06006 990.6431 0 0.99781185 384.14313 247.35541 583.3832 494.1806 0 0.98093146 257.11914 277.92215 398.7376 444.5765 0 0.95318854 619.09186 241.71237 839.9975 442.27182 0 0.6628406 0.0 0.6465454 123.98485 143.19734 0 0.434191 300.99597 0.051765442 430.38275 134.42126 0 0.124452494 261.3593 297.72083 473.01953 541.6658 0 0.113755815 426.93372 463.48416 474.05127 525.8238 0 0.052654497 11.482254 31.997498 339.88928 659.4357 1 0.5279873 0.0 0.8054886 124.15372 143.02109 1 0.51944554 300.91562 0.0 430.16104 135.37758 2 0.33231607 301.0216 0.1921463 430.42163 133.7797 6 0.9596596 0.0 101.20618 264.11108 657.59424 6 0.13302776 0.0 418.52075 183.89249 644.4763 6 0.09765072 1.3952408 428.61142 128.3045 512.0663 7 0.080380134 620.05865 243.97696 837.57806 442.17862 ,test/2032.jpg
0 0.11863146 437.92853 667.6986 610.9766 745.43933 7 0.9961904 27.605225 218.52388 795.9835 722.6569 7 0.50542927 438.05698 669.37415 609.31384 744.82544 ,test/2033.jpg
0 0.9310842 670.29346 351.3 728.2623 431.12885 0 0.6209365 259.17487 487.7041 666.34393 597.0054 0 0.5483174 606.383 385.98337 659.679 470.56253 0 0.33426663 656.4776 338.5175 784.3818 437.3395 0 0.24678856 244.14401 618.02045 818.4818 822.6276 0 0.17013323 550.0072 410.43597 594.02563 499.29785 0 0.14651203 624.6436 315.03806 799.4682 480.25882 0 0.09810298 259.46548 743.4241 309.2875 783.0842 0 0.07506925 643.9142 394.3168 808.8518 511.63852 0 0.06955948 261.27112 452.46393 669.78845 763.02826 0 0.052380815 242.89098 504.95972 683.6895 660.67786 1 0.99358374 46.955597 765.5642 468.8508 1023.15405 1 0.98586756 1.9243851 959.96686 119.86728 1022.8497 1 0.18985331 281.64868 751.3474 400.0027 802.6743 1 0.14899309 259.46548 743.4241 309.2875 783.0842 6 0.9979074 304.33456 290.5393 674.24194 552.34625 6 0.97639024 227.58179 530.02856 824.0978 856.13855 6 0.8503799 259.36795 464.4696 666.151 583.4309 6 0.69935995 242.89098 504.95972 683.6895 660.67786 6 0.3593802 252.23557 451.84467 703.8202 784.1794 6 0.34425008 388.48776 632.7966 829.7825 853.2225 6 0.30060616 484.89465 241.19943 804.97 407.92685 6 0.16037637 606.63196 386.2988 659.7776 471.99496 6 0.101801045 597.6127 276.99847 797.2389 479.71155 ,test/2034.jpg
1 0.9954516 180.6417 231.70941 789.70435 741.5784 ,test/2035.jpg
0 0.18748152 169.32458 165.70596 628.24255 517.4557 1 0.50903696 171.96265 165.77692 626.37616 519.87976 1 0.07722047 337.89215 88.769424 459.4662 188.77858 2 0.6542194 172.30005 164.7381 626.3673 520.6459 5 0.058022812 169.32458 165.70596 628.24255 517.4557 7 0.13753015 170.77042 166.41774 626.12695 519.4185 7 0.05421308 592.88586 980.3109 688.11487 1024.0 ,test/2036.jpg
0 0.83368236 273.8071 94.57367 841.72656 751.84436 0 0.20042038 534.8792 78.65991 832.4609 665.7735 0 0.06662799 650.84235 216.44345 756.8587 637.782 0 0.059227783 433.66602 733.8921 522.23224 896.3467 3 0.08886802 534.89557 911.96747 570.30304 944.0639 9 0.2625201 272.52704 147.80658 845.3482 713.00397 ,test/2037.jpg
0 0.34546363 288.30093 681.8195 387.76895 704.25323 0 0.18967997 295.63812 669.8286 595.6952 758.6255 0 0.13349505 257.8169 654.03687 391.75677 706.2107 0 0.11091769 780.9323 3.550888 890.67804 458.6541 0 0.08539971 411.86505 680.20935 584.40063 763.52075 0 0.07818573 167.76944 427.59113 827.8584 740.7684 0 0.07694499 47.376717 750.40607 92.147255 768.31903 1 0.1577383 294.3117 682.70996 386.33698 703.7401 1 0.050017852 278.64243 672.5244 592.89185 752.2645 5 0.17532253 166.98083 429.5774 826.20746 749.10046 5 0.06584988 406.17853 673.71436 584.0 766.1864 7 0.9463689 168.27249 427.86673 826.64343 740.30505 7 0.17157675 290.5185 682.4992 385.50073 702.945 7 0.08147181 257.8169 654.03687 391.75677 706.2107 7 0.050040837 295.63812 669.8286 595.6952 758.6255 ,test/2038.jpg
1 0.07314071 235.39977 1.2853546 603.4529 296.76172 2 0.055167645 86.8071 223.98166 972.8938 790.4099 3 0.98997736 91.244446 216.51727 950.32 791.02234 ,test/2039.jpg
0 0.7424368 12.938366 289.26352 113.265076 402.22586 0 0.3064981 313.1211 247.36035 615.48645 747.44366 0 0.23151426 248.1077 648.75476 361.9885 762.698 1 0.36020902 312.5819 246.92014 615.70795 748.0292 1 0.17822729 588.89935 429.31723 742.0307 608.79956 2 0.72511655 312.61014 248.96552 616.89124 747.6162 5 0.062593706 312.70993 247.32916 615.0144 748.02014 7 0.09354301 248.1077 648.75476 361.9885 762.698 7 0.07469182 311.4464 251.3951 616.7785 746.85004 7 0.06369189 12.998909 289.5703 113.22126 402.09424 ,test/2040.jpg
0 0.16025597 779.42377 703.4322 856.48724 751.8133 1 0.60172826 779.8205 703.048 855.92 751.9243 7 0.9999137 362.97116 378.90222 666.3345 748.86584 7 0.086139224 574.2271 455.9117 666.7111 487.58334 7 0.063820004 440.60342 396.1409 541.5226 470.95096 7 0.052257296 442.14047 432.4886 533.21356 469.53656 ,test/2041.jpg
0 0.8627264 694.98157 140.98338 870.18896 251.52824 0 0.06694832 531.0961 810.03925 594.2105 928.4379 4 0.9810311 435.98495 264.32782 670.66614 782.61505 5 0.074338324 435.09442 262.2841 671.24164 781.47266 9 0.07494011 694.62616 141.1341 870.38275 251.42487 ,test/2042.jpg
0 0.9899569 292.65924 516.5969 371.43237 566.1511 0 0.8241552 396.22794 519.8114 481.46097 577.8036 0 0.69116807 720.8646 132.44327 1009.0332 291.2828 0 0.32480454 209.27084 803.8672 250.72604 837.97595 0 0.17484921 688.2422 399.97018 925.73096 473.92636 0 0.06688567 823.49396 136.00519 1000.18304 256.6717 0 0.06635573 588.0877 662.3582 644.22003 697.8709 0 0.061204948 723.80817 138.13713 1011.2277 217.91084 1 0.061177537 396.27246 520.4649 481.23175 577.83075 3 0.074262835 502.42484 452.9072 789.5613 655.4679 4 0.9968694 314.94104 675.5469 557.3786 824.6676 4 0.9967781 172.50252 182.8695 682.9979 347.94177 4 0.93258774 136.29404 526.03864 372.7032 750.64215 4 0.8525715 519.87775 633.25244 565.95355 684.22473 4 0.78600967 697.71936 589.18146 772.1322 657.08295 4 0.72517186 502.36517 454.50916 789.513 655.4701 4 0.20610324 203.86285 111.3251 832.9788 698.1238 4 0.116172135 265.44055 607.9554 573.9499 845.4819 4 0.101958476 138.43298 538.1744 542.89905 819.6701 4 0.10085942 183.74475 53.03276 1014.7466 341.23627 4 0.09881984 408.45065 222.94858 682.5835 337.14804 4 0.066478245 232.12668 29.262604 651.5845 341.75717 4 0.06267874 691.91254 569.8706 729.47833 598.2825 4 0.058027063 627.8883 561.24274 707.60645 652.06537 4 0.051796485 519.2695 624.4163 607.60236 684.6761 5 0.42970803 137.85004 528.28284 368.23706 752.9967 5 0.1466257 502.6521 453.49194 790.1655 656.0658 5 0.09601712 688.71655 400.12326 925.5298 473.42056 7 0.14035138 503.4668 468.1781 791.3108 656.9064 7 0.050729014 683.45264 399.11823 926.61743 474.52728 ,test/2043.jpg
0 0.5807889 386.19446 61.384644 512.86237 866.7142 0 0.20093653 476.71683 69.42479 511.0248 159.62767 0 0.18838969 479.37238 108.63141 510.3105 154.87363 0 0.085404344 403.09607 93.559814 1013.5586 789.5196 1 0.065732524 403.09607 93.559814 1013.5586 789.5196 3 0.055461135 403.09607 93.559814 1013.5586 789.5196 5 0.41993263 384.8342 61.2612 516.6085 856.4127 5 0.12286525 430.77222 54.20127 568.14014 169.7406 ,test/2044.jpg
0 0.41655278 0.0 449.157 56.126617 513.0464 0 0.11832885 0.9213028 404.37283 156.95062 437.27237 0 0.11666098 514.38684 222.45801 654.1614 323.44788 0 0.0974741 183.32849 570.1819 233.54608 711.85266 0 0.05970877 182.29077 575.3359 291.55472 712.46466 1 0.97467756 167.625 225.45363 728.2299 481.63733 1 0.9481895 241.49263 428.84045 668.37506 590.201 1 0.9237032 143.49643 280.58588 831.0587 847.8974 1 0.7606166 200.92554 518.3083 880.2307 839.45966 1 0.7495984 214.1405 425.0984 796.9957 722.8329 1 0.682506 284.6892 237.91444 515.18225 336.7961 1 0.67360854 841.5372 578.8031 890.77277 717.67004 1 0.6639687 592.0432 237.91693 753.39087 568.70557 1 0.59792316 772.9141 497.52704 855.9017 727.2138 1 0.49468324 171.76086 292.6407 548.1001 469.21918 1 0.4896161 96.00631 373.64966 310.51242 698.06396 1 0.46996215 119.61481 334.5421 738.0618 630.52747 1 0.41841072 540.39026 431.4946 701.47876 555.34674 1 0.4181026 437.88074 689.87225 520.01587 713.84296 1 0.34478804 177.17203 377.9667 237.87509 465.4847 1 0.32479453 323.86722 446.3791 464.43326 503.7276 1 0.32420024 592.01984 470.475 704.638 561.8341 1 0.28362882 513.9138 222.61472 654.9938 323.4235 1 0.2829395 312.28906 436.49973 541.15375 508.4512 1 0.2741366 216.83022 455.19626 285.2958 537.1107 1 0.26937857 682.6006 506.97375 865.95105 761.1598 1 0.2607759 171.98366 366.21832 272.35446 524.71924 1 0.25399262 534.79724 238.05832 785.60583 721.48413 1 0.2416513 181.70274 576.3047 288.434 712.35547 1 0.19917564 256.07172 405.7181 557.7736 522.0784 1 0.19026136 643.10425 516.34784 694.1105 555.9146 1 0.17823239 786.2308 516.6541 816.5007 706.1473 1 0.17523625 618.81085 468.60083 673.4108 547.6738 1 0.16347747 236.61218 634.9326 784.43646 868.18274 1 0.15938139 638.20685 487.84772 702.3564 556.8669 1 0.15715978 629.76117 472.79547 658.41095 536.77466 1 0.14642216 171.99805 273.99493 270.42383 380.83026 1 0.1393917 291.5621 412.09827 539.6296 466.88916 1 0.13412674 310.70575 158.94908 766.26154 651.2526 1 0.11814556 110.31546 370.97028 556.9708 571.0423 1 0.11660001 0.0 449.157 56.126617 513.0464 1 0.112241596 165.06944 283.6896 393.41724 544.90454 1 0.104437485 233.94081 318.0777 282.6787 357.24652 1 0.10077831 256.52606 452.83423 325.78595 523.128 1 0.094347715 788.8895 501.58347 834.308 667.8145 1 0.09389798 565.65045 558.8113 882.4538 752.8563 1 0.09063885 343.56744 689.13965 707.53265 734.7754 1 0.08670174 102.801956 309.9873 333.05145 586.77234 1 0.085243426 174.08972 275.6598 294.42447 489.04114 1 0.08298327 600.14166 215.3382 904.2502 765.5452 1 0.08002293 805.3535 503.90588 846.6239 678.56335 1 0.07996767 512.98413 125.406944 652.6411 332.08548 1 0.07934595 427.58716 692.17957 599.3032 723.202 1 0.07745746 468.20584 692.34686 536.87787 719.7476 1 0.07661438 191.40988 314.8927 281.60583 377.79803 1 0.07378878 590.87036 419.95142 644.2263 532.6265 1 0.07357546 881.7742 616.1677 894.7175 686.2323 1 0.06786528 387.55582 692.93317 554.4076 717.4615 1 0.06519226 247.23419 382.69116 546.01154 474.5011 1 0.06371494 707.3894 341.3548 844.9335 770.11664 1 0.06216456 492.6681 236.33032 720.23975 572.8465 1 0.0618333 583.55756 471.35016 654.763 567.11456 1 0.0541724 176.01825 311.12323 339.714 365.6056 1 0.0533059 183.94606 568.9461 232.27998 711.9096 1 0.05270753 591.5398 536.4525 705.47705 572.48206 ,test/2045.jpg
0 0.31007686 792.86145 376.50018 1022.0237 452.4015 1 0.08892887 510.93176 786.17523 865.28284 1017.3177 3 0.99020594 458.42557 392.7143 822.5647 698.4045 3 0.77233285 15.6588745 523.2208 148.03108 600.49927 5 0.59446347 17.109695 522.9785 147.63449 600.33826 5 0.5844876 793.0694 376.4884 1022.043 452.5133 5 0.058427025 449.78644 378.98495 823.0352 699.4348 ,test/2046.jpg
0 0.14274476 0.0 372.1287 73.15518 485.28238 1 0.990117 466.34027 330.30362 789.1015 878.04614 1 0.9539014 272.06613 352.8202 504.49228 752.0139 1 0.9524739 252.11084 191.18494 789.756 883.1162 1 0.9281448 414.89145 167.26093 618.9303 368.339 1 0.7880873 265.98773 224.63069 711.50665 489.07202 1 0.33943823 386.9982 305.2496 696.62085 492.24606 1 0.2117702 459.29108 362.83258 585.66656 421.3899 1 0.19419733 424.44446 202.2024 528.75696 317.12335 1 0.19047758 283.85907 159.14903 599.5784 435.17053 1 0.18387005 279.87723 234.97125 638.49695 731.7645 1 0.10867078 466.7096 340.2246 645.9042 486.44067 1 0.08210512 501.56097 159.03882 577.4959 267.27814 1 0.07100696 392.563 348.57648 605.0448 438.47437 1 0.052290592 455.78967 377.342 561.2772 439.60446 5 0.6152896 0.0 379.21 117.13612 1024.0 5 0.08366343 0.0 372.00092 73.087776 484.8565 9 0.06702931 0.0 372.17444 72.973785 484.245 ,test/2047.jpg
1 0.21718241 322.3208 255.09424 650.8137 716.8187 2 0.9734133 322.6773 255.0705 650.9251 716.29297 ,test/2048.jpg
0 0.44315177 598.2476 398.89307 705.2613 463.21344 0 0.14413649 433.76154 446.21735 612.59845 608.8304 0 0.074962914 611.9841 405.76294 678.4737 445.4264 0 0.061583165 342.0173 554.9244 581.2673 745.2602 0 0.053811803 340.7819 650.1994 400.7134 674.8715 1 0.98966813 37.66635 152.39713 825.1301 867.39453 1 0.67001224 424.71292 442.4279 617.73694 610.35175 1 0.6485829 317.39404 428.7938 665.79596 744.4304 1 0.603019 366.25793 165.9986 807.16895 458.06628 1 0.51391435 344.58917 539.0765 608.21173 743.07526 1 0.4214517 93.062836 187.35863 407.21796 622.9534 1 0.37751105 11.721893 490.18353 627.5449 861.7558 1 0.31239337 315.74557 337.586 613.9995 590.0414 1 0.2869915 405.111 345.85757 628.4078 471.2109 1 0.23791252 596.0651 395.64127 703.0727 464.4183 1 0.2121536 298.05307 411.60547 488.34195 572.2877 1 0.14185442 604.1636 305.489 817.1814 450.36865 1 0.13964862 148.18326 130.14389 643.44214 672.28015 1 0.12961411 236.14197 318.12213 785.435 747.8509 1 0.110048674 196.65392 498.06787 584.567 742.75635 1 0.10775759 581.254 491.08044 624.7107 542.3384 1 0.09864539 421.8561 544.1196 600.11804 617.34595 1 0.09740264 195.63318 495.95306 387.50928 675.75397 1 0.08845516 106.12384 308.47443 606.635 610.59955 1 0.08315032 570.96735 448.1851 709.42096 656.9005 1 0.061758358 357.74994 305.4481 819.3227 600.7268 1 0.05692112 585.0472 447.2338 709.9665 545.44244 1 0.054897387 284.73083 190.15637 641.1665 544.506 1 0.054274324 318.7445 614.5148 532.46967 741.6168 5 0.6257361 391.34573 335.42557 631.5591 471.50363 5 0.05436287 433.1514 553.2147 581.12225 607.11926 6 0.49514425 399.7142 344.92615 629.47754 470.40918 6 0.15045658 303.63058 558.05054 380.11038 673.3502 6 0.09672549 195.78574 494.7254 382.13132 674.5024 7 0.8830776 337.46628 551.92126 588.4267 747.35706 7 0.3507432 277.72296 127.21569 382.04535 277.9803 7 0.20284459 595.162 450.70474 702.2988 479.6794 7 0.13771755 596.06793 402.78043 704.1606 462.02518 7 0.12755702 431.48633 446.799 612.4817 609.33026 7 0.065903224 315.1394 615.0337 531.50745 736.8279 ,test/2049.jpg
0 0.0938039 835.7914 888.7016 1020.4425 1023.1722 0 0.06420732 330.13092 365.97668 909.41583 878.537 1 0.25492 835.97217 889.28827 1020.98315 1023.08856 5 0.1512852 329.9695 348.56967 907.43396 883.2643 6 0.99147826 328.03348 367.15192 906.0051 881.3172 ,test/2050.jpg
0 0.16908796 0.0 202.47252 187.65771 248.76323 0 0.12820935 0.22570038 231.04546 159.69333 333.76767 0 0.110136464 298.80457 698.88904 917.91797 828.37024 0 0.056875497 463.3541 454.76886 670.0272 653.884 3 0.9955108 464.23947 457.02805 665.78705 654.91486 5 0.09488661 0.22570038 231.04546 159.69333 333.76767 5 0.08226732 463.3541 454.76886 670.0272 653.884 5 0.059858944 509.24582 428.61243 554.41437 456.3037 7 0.21877447 464.88242 473.6493 670.24255 651.8263 7 0.059175234 298.80457 698.88904 917.91797 828.37024 ,test/2051.jpg
0 0.1766027 84.94503 0.40172577 232.39282 194.93481 2 0.998418 365.71143 316.59882 660.9557 711.61285 ,test/2052.jpg
1 0.9970778 231.0315 199.46637 783.72314 669.6639 ,test/2053.jpg
0 0.1844532 0.0 136.96976 213.28342 733.7178 0 0.15678808 182.71884 945.96436 396.16953 1023.98083 0 0.15037635 43.567566 286.23004 994.4892 965.12177 0 0.101553775 0.0 40.115967 356.08014 767.79877 0 0.06217886 44.42839 925.79474 175.9936 1023.64777 0 0.05413042 186.60951 350.991 691.46814 989.5415 1 0.9785866 0.8413086 798.8569 179.34053 1024.0 1 0.9373387 479.4549 862.0349 988.1159 1023.45996 1 0.92648745 44.802437 926.13837 176.54672 1023.64996 1 0.8894558 57.444305 333.76797 985.3845 977.1229 1 0.781351 877.85986 840.93756 1024.0 1009.98566 1 0.59611326 182.71884 945.96436 396.16953 1023.98083 1 0.5633056 110.29382 835.98944 227.78397 977.2265 1 0.2376123 0.0 81.4306 225.92879 791.7028 1 0.23655155 971.6961 744.4957 1024.0 845.7742 1 0.16192833 317.7526 878.3401 571.3606 1023.6748 1 0.16167541 91.00963 832.0305 539.83594 1011.31226 1 0.15156394 966.12 494.56375 1023.4934 829.33997 1 0.14116289 197.78094 836.6052 458.33124 968.26855 1 0.13783105 0.1362381 667.5499 84.21545 768.42004 1 0.12724745 979.83887 801.6296 1022.7024 845.7514 1 0.12307265 401.10654 378.51303 949.57007 908.2599 1 0.0976152 0.7390213 9.372139 114.72606 172.38531 1 0.0757218 143.38919 959.36694 223.61963 1021.8196 1 0.07306766 883.81213 890.89734 1024.0 977.7158 1 0.06830254 149.81068 951.5674 201.39189 994.43115 1 0.057862047 0.0 617.71924 102.45181 806.7245 1 0.056768328 24.77359 834.7883 298.2417 1007.00696 1 0.054431204 86.874176 777.8081 1022.7998 1015.18665 1 0.052365247 945.63226 957.6431 1023.7244 1023.81757 1 0.051858123 1.7641411 802.6461 98.24049 936.71387 2 0.9677027 194.6973 836.69617 462.91678 969.26685 2 0.78093094 349.42 898.859 561.4064 1023.7706 2 0.711257 109.98629 833.2376 235.06833 972.1595 2 0.26133853 299.25934 880.2771 488.7 1016.52124 2 0.1943027 167.32532 947.1737 398.44543 1024.0 2 0.11461063 291.1924 947.22595 544.57324 1022.98645 2 0.08239718 137.82236 909.9635 511.42776 988.6245 2 0.06997538 46.42479 932.83844 171.73851 1022.5926 2 0.06730945 91.00963 832.0305 539.83594 1011.31226 5 0.06230265 112.59297 833.6349 205.72804 852.77124 7 0.959036 42.69406 5.041504 1023.33386 459.5592 7 0.3960253 0.0 49.464752 313.42688 767.3745 7 0.23878345 26.639954 53.969284 434.24738 547.27734 7 0.1826266 43.567566 286.23004 994.4892 965.12177 7 0.10177007 15.672424 0.0 890.3964 165.47095 7 0.07525093 55.82364 0.0 758.30054 77.90827 ,test/2054.jpg
0 0.90510195 589.1767 364.65125 913.6662 550.82874 0 0.7014387 347.3659 145.58247 934.45294 551.9947 0 0.10587052 854.26843 410.65677 916.8429 443.5402 1 0.41562465 343.96283 146.86115 935.5278 539.0596 1 0.055063833 514.51984 321.87994 927.248 551.841 2 0.8466857 659.5293 127.10967 714.9093 170.94849 6 0.999516 176.32501 532.3795 731.18976 937.52966 6 0.23346214 345.19058 146.358 933.5123 541.9446 7 0.12152558 345.4962 144.7373 935.5919 551.18494 ,test/2055.jpg
1 0.6777855 0.98991394 147.76147 280.17596 365.01996 3 0.9999589 457.1979 355.32043 626.0342 752.8395 ,test/2056.jpg
0 0.9854388 214.61783 7.1987915 816.0526 894.49194 ,test/2057.jpg
0 0.85249543 196.68576 422.74725 279.59924 462.25598 0 0.6141066 318.52344 463.44305 452.56757 545.8043 0 0.3869448 721.84796 628.29474 782.8129 688.5406 0 0.31159836 343.98694 419.954 443.76904 456.68893 0 0.30028057 378.46872 426.43286 438.70566 456.4989 0 0.25795007 604.33844 121.26515 1022.3846 621.28503 0 0.23804682 335.25052 295.05103 429.6639 352.97968 0 0.16254948 3.3661003 56.80179 119.5526 219.63315 0 0.13282402 845.4704 202.25916 1024.0 681.8153 0 0.118097305 371.492 440.28976 436.0437 457.6013 0 0.07875851 592.104 111.777725 815.3251 569.9035 0 0.06556026 383.86368 452.99194 434.40897 468.41437 1 0.97719085 519.1284 503.07205 949.588 795.0786 1 0.9757987 222.45813 101.19818 672.55414 364.41458 1 0.95996183 265.3209 256.1999 656.19385 479.32538 1 0.93216264 307.28656 549.57983 382.21655 597.9009 1 0.9165164 584.8174 124.4841 1012.1708 673.84766 1 0.835408 167.27698 378.46307 642.7305 627.82654 1 0.6504588 196.2334 0.7268524 872.1344 139.07617 1 0.6337171 316.9035 463.7018 451.96973 550.64233 1 0.5549393 343.44266 420.36472 444.4802 456.56723 1 0.5105812 568.7556 0.0 870.4509 128.00446 1 0.41109118 721.24646 628.5503 783.0254 689.27637 1 0.37213048 829.89545 175.56311 1024.0 698.45435 1 0.36476114 615.7708 106.94107 781.01764 526.5841 1 0.34883708 188.05858 420.1313 279.7475 462.31097 1 0.31665888 380.56378 426.25034 439.18243 455.4326 1 0.22148511 265.25848 263.28046 441.4267 394.8379 1 0.20049314 301.9494 543.13727 398.4787 620.7353 1 0.20019831 202.28607 95.00161 775.18665 145.74399 1 0.19855335 184.6944 415.7127 456.20306 555.5492 1 0.1894058 316.15854 550.9249 355.61038 601.5674 1 0.15987389 176.1209 394.32022 448.7279 465.72134 1 0.121509105 642.2699 275.19504 716.4675 418.9127 1 0.113239914 279.91663 457.21075 520.35724 617.51447 1 0.10819876 335.14233 587.6272 388.32495 618.2434 1 0.102506645 335.13937 557.97156 385.228 596.3959 1 0.09483906 655.5247 107.02274 782.3682 292.37604 1 0.091991454 236.35486 135.40256 976.60815 796.7645 1 0.08690523 336.35638 298.1144 429.64343 352.12607 1 0.083534844 306.70535 557.3184 340.91147 598.8947 1 0.08324402 344.31293 420.4155 406.9035 447.13004 1 0.08300455 926.2143 495.5502 1022.6246 678.0104 1 0.07676236 256.9019 251.78503 634.0082 363.27258 1 0.07109968 306.04715 302.87863 650.14526 393.07736 1 0.07032113 322.09058 562.2509 364.7765 612.9334 1 0.058126427 578.105 6.5460815 777.16736 302.01892 1 0.05483978 293.3925 100.349014 858.5532 533.2196 1 0.051126678 712.3037 0.79434204 1020.59644 173.13089 5 0.07414963 840.667 233.25388 1024.0 683.9138 5 0.07338116 925.50305 496.17966 1023.1085 677.27826 7 0.3260609 840.667 233.25388 1024.0 683.9138 7 0.2255565 159.9131 413.8284 195.3076 452.35977 7 0.13131672 569.1931 0.0 869.3373 128.1505 7 0.09447779 196.72528 422.65167 279.30667 461.75763 7 0.0776642 705.4134 129.58246 1024.0 709.00287 7 0.052209362 336.99866 294.3983 428.9701 352.4548 7 0.050860275 925.50305 496.17966 1023.1085 677.27826 ,test/2058.jpg
4 0.99866736 87.52835 346.26273 841.74036 808.85535 ,test/2059.jpg
0 0.27565083 287.81436 957.6824 677.14465 1022.5663 0 0.1731788 208.77829 495.56216 793.27966 994.4076 0 0.08694763 345.98627 900.8542 683.63214 1024.0 0 0.085975006 483.1113 0.66758347 578.25287 82.03862 1 0.71474934 436.8062 51.349754 491.34723 102.86434 1 0.43019447 215.53061 482.27625 793.26794 998.3428 1 0.061108973 466.13428 51.63253 492.2657 91.39712 5 0.07824431 285.9326 962.2477 672.0558 1021.60693 6 0.15488227 203.84964 498.5149 798.0542 993.39343 7 0.99916375 178.18648 30.59961 686.9728 621.1773 7 0.86871326 201.55023 486.41412 798.19086 995.9205 7 0.806101 297.08582 970.183 676.23645 1021.1277 7 0.7423749 482.42474 0.0 581.9654 81.78912 7 0.5776905 295.90356 68.929344 353.16986 93.66813 7 0.29906705 558.1799 3.2831192 646.9213 96.13786 7 0.12650357 590.37134 46.027443 642.25806 114.484856 7 0.12018901 400.35352 69.32126 443.0437 105.17505 7 0.11510343 475.6875 1.6570663 649.0803 94.77152 7 0.090908736 606.4548 21.897715 646.0053 66.58264 7 0.05411925 555.9212 18.455973 639.3444 61.825836 9 0.08522898 285.9326 962.2477 672.0558 1021.60693 ,test/2060.jpg
0 0.96675146 549.23236 907.1109 604.20123 1003.607 0 0.7380921 648.63904 978.9191 703.9741 1024.0 0 0.21429232 659.5314 565.40753 713.91626 603.30133 0 0.07403806 125.436676 35.663696 854.77954 1024.0 0 0.07239892 700.23303 359.10822 1024.0 759.8547 0 0.052860107 262.35342 71.62045 400.9409 252.33728 1 0.08127782 548.87775 904.1368 605.87506 1003.95575 1 0.075712845 659.5314 565.40753 713.91626 603.30133 3 0.06886221 123.71411 37.003296 854.8282 1024.0 5 0.64096946 122.3291 116.306 863.9984 1017.7075 5 0.15242666 684.4435 688.6105 873.2257 1015.9376 5 0.06279119 256.3651 463.72794 856.8501 998.45496 7 0.9296239 718.37683 350.2201 1024.0 1014.1964 7 0.20459819 648.46326 979.1393 704.10645 1024.0 7 0.14795357 797.9429 593.2158 1019.0812 976.1908 9 0.12622261 140.88025 31.509064 789.1951 821.677 ,test/2061.jpg
0 0.10006648 310.92575 975.68585 472.2759 1022.0649 1 0.47171736 292.67245 935.1081 384.7535 976.53534 1 0.113412365 377.78635 552.14703 460.46884 595.9405 2 0.08252544 377.61078 552.5727 456.71375 592.8233 3 0.11606477 273.33432 835.0358 402.5776 941.60675 3 0.054006685 413.8662 452.27805 509.46942 529.07324 4 0.980735 924.1937 886.2571 1022.45764 1024.0 4 0.9770831 632.629 81.32614 862.8815 456.08414 4 0.97068024 462.65973 650.91974 944.60345 959.48016 4 0.9686318 267.47864 574.90204 468.86298 677.8963 4 0.92060584 195.96483 642.1801 523.9832 925.3818 4 0.91707504 863.97473 402.88474 1020.86694 955.8622 4 0.91307014 427.4714 50.619934 576.1592 208.18631 4 0.8817174 596.9076 586.7583 907.1537 788.3213 4 0.8125904 441.35745 510.83087 559.7971 634.41974 4 0.756973 395.63022 447.0543 543.68225 559.83105 4 0.72096217 363.187 884.3625 504.61078 982.2034 4 0.6700202 366.59244 905.7263 927.5082 1016.65857 4 0.6529296 387.3924 132.72023 844.0208 635.8893 4 0.6035019 173.90466 577.5761 957.87146 983.34186 4 0.59061813 52.692223 345.32324 287.51883 709.24915 4 0.54166734 308.5165 413.607 420.8771 589.018 4 0.5355883 412.29977 451.22885 510.19626 530.2887 4 0.53214294 56.06015 47.863953 1007.7626 995.64594 4 0.5267974 397.20142 307.4096 473.66626 393.79944 4 0.52657413 253.54959 298.35638 435.92258 593.91254 4 0.4890892 464.77972 314.636 826.441 615.381 4 0.44953108 319.0668 90.37129 609.83167 400.80133 4 0.42486233 272.28894 834.5208 403.39954 941.2182 4 0.41016343 706.55444 308.97653 997.1677 499.05203 4 0.35749385 362.586 114.17259 568.0022 570.92456 4 0.3533173 378.70105 551.7965 461.74207 598.2943 4 0.34335983 351.77417 885.9852 575.2176 1020.2798 4 0.33172807 414.73825 105.973175 937.78186 962.65674 4 0.31832945 310.92575 975.68585 472.2759 1022.0649 4 0.3087774 873.5797 654.8076 1024.0 920.8013 4 0.30870777 378.02057 570.81415 465.2895 672.88275 4 0.2913505 256.75763 319.78522 377.458 459.32825 4 0.28980502 342.4215 416.53375 574.41797 601.53424 4 0.24821186 196.15465 562.2784 539.8164 684.75665 4 0.22034782 430.87546 352.64072 1018.31104 813.48596 4 0.21528943 602.273 335.7097 991.26654 620.5801 4 0.21429017 94.505936 532.2572 568.7738 1012.96936 4 0.16308193 208.73018 574.62573 294.1902 713.6769 4 0.16281676 378.8319 512.28436 468.1947 595.55206 4 0.157051 342.03137 142.48383 561.0025 324.93967 4 0.15075698 391.8268 246.98865 479.19498 469.1803 4 0.13567303 389.26562 203.0722 604.7197 401.34955 4 0.13175085 591.18207 37.447235 1007.1744 798.84595 4 0.13038808 196.18492 555.8046 256.86206 713.1202 4 0.11918206 253.40355 397.46698 343.26047 586.83813 4 0.116681874 38.666 283.7083 444.58807 709.1299 4 0.114664525 265.78143 828.0202 514.78143 987.41266 4 0.10006782 75.07558 113.080414 576.4117 731.76025 4 0.099033155 464.5985 571.6061 682.2999 703.3406 4 0.09076759 496.85657 166.7366 554.3478 218.59042 4 0.08885108 847.7713 427.91806 1023.9643 710.6963 4 0.08720668 377.6881 48.968033 579.9519 301.29626 4 0.08214778 701.20667 371.53854 1018.32446 958.427 4 0.07897905 726.8747 270.65872 865.398 445.2526 4 0.07463728 273.62408 894.70435 686.57104 1010.0123 4 0.073714755 416.67062 820.65485 546.8249 927.4786 4 0.06474444 400.52258 506.36816 549.18494 597.897 4 0.06377772 610.7022 407.802 893.9152 783.1039 4 0.06268334 374.77072 396.0062 451.58328 594.86755 4 0.062599964 461.90808 573.0333 565.2456 637.7781 4 0.05027959 303.4444 954.61365 534.5719 1020.5586 5 0.12537634 54.269234 344.92944 287.25537 710.4503 5 0.12441047 273.33432 835.0358 402.5776 941.60675 5 0.08809884 310.92575 975.68585 472.2759 1022.0649 5 0.051209956 153.32318 584.7302 973.54706 991.0183 7 0.07609416 412.3109 918.3636 951.7678 1018.8924 ,test/2062.jpg
0 0.2751903 1.7832947 334.48987 330.35736 816.4016 0 0.09858662 309.04285 398.70383 513.2066 626.74146 0 0.066458285 642.26544 547.7737 658.4421 593.61414 0 0.05567262 301.2929 542.1355 463.6529 624.50305 1 0.943758 163.98586 0.88957214 560.73773 433.81982 1 0.36826733 310.65292 396.46677 510.40195 632.75366 1 0.18984719 301.2929 542.1355 463.6529 624.50305 1 0.14417505 285.04544 555.6414 479.66696 680.7005 1 0.05873862 293.94067 610.1514 467.34894 694.16156 1 0.052450527 2.0942688 321.3118 328.14972 817.78125 2 0.56776917 301.38626 628.7316 367.32144 691.764 3 0.17189585 269.2339 688.3727 314.08032 723.8899 4 0.05214499 278.10135 687.5172 314.31027 723.98865 5 0.5609377 501.76678 351.94946 694.409 493.0003 5 0.10138137 276.61707 687.9391 318.5504 723.4243 5 0.0961587 739.85046 550.9504 969.02844 748.55804 5 0.07863591 390.35605 622.67816 477.7935 671.0639 5 0.06298423 296.9966 614.0161 375.17343 697.8651 6 0.5436586 310.9536 397.07477 510.76532 632.69 6 0.19268109 1.4356995 331.37347 330.8906 815.4146 7 0.99476683 228.6029 387.98547 514.44965 961.989 7 0.93466717 571.7507 423.89917 979.9467 775.88025 7 0.877061 578.3673 421.47604 785.245 786.09644 7 0.7270904 740.2126 553.6337 969.04364 748.30646 7 0.18389796 311.74658 395.37567 510.3824 629.6292 7 0.06655643 333.91263 381.4364 792.55554 801.00916 7 0.056958526 270.58737 688.2913 316.51407 723.4395 ,test/2063.jpg
0 0.96008956 418.72702 18.080383 958.0957 644.7884 1 0.9799566 232.9907 725.52405 573.0361 948.7189 1 0.7464142 439.08667 690.38196 598.2335 784.34326 1 0.1509564 221.29193 708.3589 1024.0 971.76294 5 0.20642939 438.26416 690.08496 598.63245 784.24084 9 0.1250729 427.76636 6.0517273 939.2639 640.17737 ,test/2064.jpg
0 0.34679407 692.67566 298.54816 870.68005 743.46405 0 0.28732836 713.7765 439.02805 791.04626 695.75024 0 0.2461786 682.8765 298.07452 881.6774 436.62744 1 0.64073366 683.2995 298.0886 881.8399 437.19577 2 0.4248905 683.6711 298.71912 880.70184 438.3684 5 0.99906975 266.35132 304.59222 556.1067 856.76776 5 0.10570327 257.63394 303.5666 856.3667 842.1086 ,test/2065.jpg
0 0.9990522 404.3861 298.1433 697.2971 764.9735 ,test/2066.jpg
0 0.25691095 188.15446 627.09753 253.41582 685.718 0 0.16148889 354.1254 423.50406 424.94925 476.3607 0 0.11569311 395.7302 427.22217 423.31815 476.67212 0 0.10725689 470.071 582.5852 537.1767 672.15 0 0.08727365 121.51395 401.6836 149.79218 446.45856 1 0.9982565 630.8907 468.4046 859.4206 895.8837 1 0.8565154 188.21686 626.9701 253.49478 686.0458 1 0.11689612 394.14688 425.90628 423.18124 476.43063 1 0.09763975 631.0511 654.95496 764.1351 895.54944 1 0.09263869 354.2559 423.72137 424.97092 475.49615 1 0.052406542 441.45386 420.4436 469.76398 464.38776 2 0.09663776 395.7302 427.22217 423.31815 476.67212 3 0.063717365 353.716 423.7485 420.57532 475.68106 5 0.5590922 354.5661 422.57343 425.27905 476.7049 5 0.095041856 441.12744 416.9663 469.24396 464.682 5 0.08525984 439.48932 409.93466 495.294 475.1332 5 0.05677307 327.28116 386.9679 404.08353 474.21332 5 0.05042747 457.89032 420.16226 492.39246 464.90048 7 0.99914193 293.92374 378.81412 502.0497 845.91846 7 0.99230826 513.68036 539.96674 635.2487 775.00287 7 0.20678613 354.26855 422.82733 424.89838 476.71704 7 0.12891833 457.97617 420.11658 492.79593 468.06464 7 0.086067006 439.48932 409.93466 495.294 475.1332 7 0.071055725 335.9488 384.59424 470.76556 479.4889 7 0.070409164 441.12744 416.9663 469.24396 464.682 7 0.06543235 344.2661 384.10876 390.10394 407.2204 7 0.052299544 394.14688 425.90628 423.18124 476.43063 ,test/2067.jpg
1 0.98243964 5.7496033 59.546234 949.2097 884.9061 1 0.052385274 105.52408 98.63077 903.84753 457.68466 5 0.39390564 0.0 835.07184 176.46136 1024.0 7 0.9995403 1.0223694 428.1673 383.09494 895.9764 7 0.85541916 0.0 830.4506 186.61038 1024.0 7 0.10402291 3.4679413 825.0593 399.68176 1022.88696 ,test/2068.jpg
2 0.9993629 266.0897 141.45898 524.1127 435.4018 2 0.9992768 434.82303 519.78143 729.8374 752.509 2 0.9910238 419.16956 409.85617 753.37317 577.7511 2 0.42009047 422.72946 517.35724 748.176 569.4355 6 0.26015332 621.00433 685.64484 852.6524 797.95306 ,test/2069.jpg
0 0.12520531 465.30414 593.0979 526.51855 727.74927 0 0.08535343 552.94604 707.7574 634.01526 761.40106 2 0.99877363 466.28772 517.40906 656.069 723.963 2 0.07451147 465.09732 593.9542 526.58875 727.4818 ,test/2070.jpg
0 0.9999039 309.10083 325.92853 674.0711 699.0159 ,test/2071.jpg
0 0.9807329 489.66577 645.65204 734.8009 767.2757 0 0.57352614 489.77463 690.6919 542.2913 764.1583 0 0.5139986 433.297 246.08563 445.66577 299.24207 0 0.33760688 667.4436 414.7659 697.83997 451.44534 0 0.21175793 700.64667 659.44934 743.2398 738.34326 0 0.12228492 632.66797 353.97165 658.6438 403.78616 0 0.09268073 428.68472 242.4283 448.51596 315.69284 0 0.07669379 428.2534 242.38751 438.3387 302.62048 1 0.12727262 425.15372 283.62146 472.98758 399.41785 5 0.25101367 442.85312 346.89893 473.027 409.8636 5 0.10466522 426.35645 285.77658 460.7085 386.79794 5 0.07542118 426.3818 249.24188 469.74368 417.8794 7 0.9998271 226.15704 236.81879 436.07556 649.02344 7 0.9992211 494.31958 387.06943 701.4133 671.51404 7 0.9605361 414.4782 261.91504 581.09424 645.38855 7 0.5996112 448.12106 240.84167 553.5746 387.82092 7 0.15246002 418.5437 552.0165 511.62775 649.99744 7 0.1307802 262.11563 236.50919 369.25662 299.41336 7 0.11965081 426.35645 285.77658 460.7085 386.79794 7 0.10620202 449.6803 269.4306 590.17773 517.0753 7 0.068772346 667.25366 415.12122 698.1151 451.34814 ,test/2072.jpg
0 0.41550875 83.216064 229.05917 879.84546 858.26697 1 0.10976819 69.74664 232.87457 879.07153 857.3901 2 0.098368496 80.29761 229.65054 878.7296 857.2344 3 0.11070211 70.21091 235.65265 878.96265 851.2128 5 0.19417006 70.21091 235.65265 878.96265 851.2128 7 0.6143192 84.740814 228.35437 880.4729 859.3474 ,test/2073.jpg
0 0.87607217 26.49147 293.9502 391.64258 443.29614 0 0.6792453 301.18 737.8252 579.4723 839.92004 0 0.59210277 4.967758 776.2676 328.29053 955.2999 0 0.4759701 310.4814 762.4021 363.5811 820.4104 0 0.3343558 589.11957 431.01114 639.03925 479.16232 0 0.25532117 281.23398 727.4305 381.861 764.23724 0 0.20363091 352.59872 455.2577 444.21866 600.65515 0 0.1820804 318.33453 654.85706 865.6718 834.2156 0 0.14394 356.21384 657.3796 879.16003 750.6717 0 0.13077058 308.40988 760.1698 403.86844 831.82117 0 0.12675029 318.2455 592.30194 523.3356 741.9588 0 0.12611268 51.64633 309.63272 267.23218 415.0248 0 0.10881334 82.06888 306.06213 190.64441 335.97247 0 0.09384747 279.35938 711.3662 575.4867 768.64 0 0.085508406 322.46228 466.28003 519.97015 729.79834 0 0.0793501 271.73438 725.2673 586.97687 795.1285 0 0.059208624 284.67502 755.8233 364.56155 768.04694 1 0.7975631 352.86682 453.70422 443.38043 601.6362 1 0.77486056 589.3406 431.0233 639.18787 479.19254 1 0.7177173 55.0811 307.1576 395.17053 442.175 1 0.22335908 4.854126 775.28015 333.3495 955.53186 1 0.2144909 46.44072 310.37097 224.47179 417.172 1 0.13088085 73.27396 420.407 197.62518 435.6774 1 0.10300813 288.81 731.7999 580.48334 837.931 1 0.10167307 68.601105 415.42557 213.26727 443.11453 1 0.07626498 82.45817 428.42514 186.94983 442.97842 1 0.0663756 61.71785 402.10736 363.4591 454.39526 1 0.061925203 86.22603 433.00464 187.38551 452.21246 1 0.05940807 354.18115 408.9445 597.673 604.3706 1 0.050117936 400.88324 404.15924 744.77264 662.83466 7 0.9721476 388.7402 402.36444 845.0985 661.56573 7 0.5448361 350.6244 459.64362 447.9447 597.81464 7 0.33470857 319.323 594.77966 518.79913 734.5012 7 0.28975606 322.46228 466.28003 519.97015 729.79834 7 0.22629514 356.21384 657.3796 879.16003 750.6717 7 0.06995219 33.71393 294.4093 389.5593 443.11877 7 0.06356389 434.56897 597.4311 476.28442 637.09735 7 0.052168842 8.200111 158.86588 94.40849 403.9661 7 0.050714996 354.18115 408.9445 597.673 604.3706 ,test/2074.jpg
5 0.99830025 281.61823 326.2791 661.9193 847.8118 ,test/2075.jpg
0 0.9670544 596.706 107.42299 690.2924 200.68428 0 0.90006405 325.27863 94.89825 402.8263 190.99426 0 0.7020666 393.33435 117.88159 529.38434 202.99274 0 0.5086133 568.3631 173.99454 675.0549 202.98819 0 0.49268225 484.03387 787.1581 569.18976 835.11694 0 0.38168103 323.26013 93.68092 365.85114 182.61403 0 0.217723 551.13586 118.34044 601.6426 176.56133 0 0.19723202 326.49664 95.35295 362.5713 142.96352 0 0.17623183 412.87268 160.51425 482.3861 204.86673 0 0.13446024 478.69073 2.7565308 605.70026 133.39314 0 0.12584946 571.57043 148.51102 667.7184 201.90613 0 0.11739065 611.1215 172.75099 662.58844 200.18123 0 0.1156368 581.4103 177.16257 665.59863 192.56454 0 0.1112676 601.10266 107.202286 662.76355 141.55087 0 0.11121334 576.6012 136.01767 647.39355 187.34149 0 0.105251186 637.67926 126.70837 691.23785 179.96553 0 0.07122285 567.27356 186.03036 661.56165 204.3833 0 0.06208082 511.13425 115.5336 600.3938 172.30478 0 0.058348358 528.0671 112.43611 694.3984 186.46233 0 0.058301054 595.0795 117.643 657.11163 183.21951 1 0.9994424 354.92322 489.20264 704.2886 925.2223 1 0.38738707 411.99646 160.64348 483.9342 204.40565 1 0.3645627 593.3428 73.57217 658.71387 130.46698 1 0.35715747 392.37646 116.98846 529.12 202.99933 1 0.22149667 323.62955 93.969696 406.8671 190.57733 1 0.16414075 324.4395 94.872215 364.99957 170.40073 1 0.12312622 336.1402 99.69173 507.09814 204.56355 1 0.089818 586.6689 108.457405 693.46747 200.18127 1 0.0816109 310.613 102.30376 675.2372 200.63939 1 0.06078948 413.30426 566.73285 661.1099 752.0832 1 0.05232171 484.03387 787.1581 569.18976 835.11694 5 0.093606904 116.94064 110.25072 742.095 575.20874 5 0.06537036 588.6647 51.769115 663.65515 129.41603 7 0.9735996 121.254456 31.454544 761.8094 436.31256 7 0.9361456 477.60663 3.010147 607.9296 132.86748 7 0.41040912 381.21033 8.886845 668.14966 131.3117 7 0.33731505 161.52606 16.609085 674.91956 208.9263 7 0.22601922 648.2589 57.132935 754.667 221.3722 7 0.11375403 402.8239 119.76637 527.81366 202.57079 7 0.101807944 324.36664 10.228481 555.7708 134.74884 7 0.08647067 595.84906 70.84321 659.0876 133.996 7 0.08608424 591.63904 106.89313 691.37695 199.97668 7 0.07027092 411.6716 159.38345 504.68906 203.15527 7 0.06284837 576.3135 39.697567 666.11633 135.52614 7 0.055790387 322.61023 94.04411 374.02203 181.74626 7 0.05208575 601.10266 107.202286 662.76355 141.55087 ,test/2076.jpg
8 0.9999156 621.4474 398.1696 938.4867 583.6735 8 0.99990475 329.15582 612.0167 658.17816 755.17896 8 0.99899155 85.43674 342.29544 434.2092 596.78265 ,test/2077.jpg
0 0.107068256 316.64227 464.7859 591.5341 617.17505 1 0.07599588 315.6845 464.88007 591.74506 616.8162 2 0.3128021 319.00977 462.55078 592.34894 618.1078 3 0.21500632 320.65005 463.58325 589.4568 618.64526 5 0.8427528 318.89368 463.5348 591.0664 618.1896 ,test/2078.jpg
0 0.24651456 679.3236 283.6296 980.77576 624.48413 0 0.19289377 86.53221 228.84357 597.199 571.5686 1 0.70913833 86.10747 229.12502 597.1402 571.02856 1 0.52924436 458.74146 275.4506 756.8457 616.1576 1 0.49793237 680.33826 281.94293 980.3639 626.686 1 0.1021839 70.7135 232.45432 974.5531 623.05615 2 0.941184 462.38556 274.59796 755.0839 616.1591 2 0.3167046 85.936584 228.92326 596.32117 571.45984 2 0.25872493 680.6599 280.90643 978.6079 626.4664 2 0.18748818 75.88112 228.01544 201.7071 458.7716 5 0.19857815 680.2374 285.2154 980.10986 626.0061 5 0.11936145 77.48568 229.83084 184.4454 459.71677 7 0.06776304 680.01624 286.16302 979.9946 625.40826 ,test/2079.jpg
7 0.9996468 267.96207 419.30902 658.2749 766.9936 ,test/2080.jpg
3 0.9792875 62.12448 455.36334 575.4675 841.99286 3 0.36279097 67.49283 131.04327 964.8479 870.8673 3 0.10186862 35.611053 153.75589 588.0171 736.735 3 0.050501075 529.4736 163.55284 1024.0 609.7343 4 0.6306324 92.13101 113.132935 942.6456 866.20953 4 0.5825848 491.52652 127.246185 918.0022 528.4474 5 0.07558557 79.64209 87.3255 954.3854 870.38885 8 0.086026244 729.5972 132.34482 931.60236 289.01892 ,test/2081.jpg
0 0.058704637 465.9451 207.78821 676.66235 724.54126 0 0.0528933 659.48676 95.26025 714.9594 162.31403 1 0.050777555 657.92865 95.05075 715.1104 163.1756 7 0.98125505 462.22455 208.14517 677.5705 726.80286 ,test/2082.jpg
0 0.8144372 177.91629 222.42444 509.82126 728.68536 1 0.43617836 182.42628 223.18376 506.36768 722.22955 7 0.074941896 179.97607 219.74355 508.67084 722.5104 ,test/2083.jpg
0 0.33957636 265.87946 298.70792 839.2265 829.10376 2 0.9450566 267.29645 295.7299 834.653 830.27625 2 0.054331005 295.98013 298.71008 832.14844 566.32367 ,test/2084.jpg
0 0.25634554 325.96924 333.96008 753.49634 615.7738 3 0.115617655 327.07047 334.65875 752.14233 615.6744 5 0.19232632 321.29498 333.74652 753.1236 614.9957 9 0.19309755 327.07047 334.65875 752.14233 615.6744 ,test/2085.jpg
0 0.17563415 0.7499466 312.9149 106.2689 455.85367 1 0.09633194 1.0259705 312.6108 103.97713 456.24728 3 0.9966672 254.92181 156.77872 808.88214 881.6207 3 0.62125456 262.5451 271.5495 803.0505 615.26685 3 0.34031343 0.9750786 312.86884 105.14072 456.05865 3 0.24131632 315.22104 538.2112 792.3801 758.12976 5 0.2713218 0.7499466 312.9149 106.2689 455.85367 8 0.054891996 310.73737 524.86316 800.33636 858.14954 ,test/2086.jpg
0 0.38330647 284.37265 197.03806 670.30286 743.8004 1 0.76073617 284.56772 194.98923 666.4219 746.97705 2 0.22352193 284.6557 197.86362 667.9159 738.7374 7 0.08766419 285.24518 196.60742 668.23895 745.778 ,test/2087.jpg
0 0.15076171 211.42691 353.19193 696.5248 514.45386 0 0.061244253 312.38135 408.64764 706.6587 511.5207 0 0.055789623 252.92615 227.96852 596.12146 697.161 1 0.9902506 230.53128 189.54247 790.06396 516.5397 1 0.9439656 35.352783 344.26843 683.3274 796.9293 1 0.24681677 205.63148 337.88312 643.0 522.5332 1 0.058524422 269.88416 403.8365 710.5279 513.3206 5 0.07189162 796.8737 0.0 1024.0 488.14172 ,test/2088.jpg
3 0.72277015 176.23825 414.5815 864.92346 733.35376 4 0.7559654 175.27872 415.28436 869.2732 732.4849 5 0.40386882 167.4249 418.4228 862.7499 732.4543 ,test/2089.jpg
0 0.086136654 819.54443 159.66176 1021.4938 407.97015 0 0.06175349 273.38837 421.24677 523.2855 640.56134 1 0.992942 142.50333 464.62747 576.95154 996.5359 1 0.61985373 272.12885 425.49445 532.76166 650.5909 1 0.26111424 194.85999 421.6888 538.4965 795.0039 1 0.19777706 147.41231 707.0516 548.59906 959.62775 1 0.10860158 186.13127 654.1286 573.8932 857.6652 1 0.05750266 485.20877 503.28397 541.12805 663.91345 5 0.98098534 355.91553 294.6723 890.7311 774.5411 5 0.4459519 326.4289 295.3422 827.76495 425.92563 5 0.36306998 517.5598 603.43933 786.99646 662.1345 5 0.19562744 532.72516 653.4916 852.1672 767.8838 5 0.096646674 820.7699 160.0698 1021.4845 407.99545 5 0.08692325 538.6295 701.7877 805.4076 769.29175 5 0.063171044 506.65912 573.4792 870.0578 760.50653 7 0.8489136 809.14355 160.71002 1021.6682 406.2057 ,test/2090.jpg
4 0.36269483 205.66815 375.00055 678.06683 641.50635 5 0.9569426 206.34482 379.26938 667.70325 638.4463 ,test/2091.jpg
0 0.10167404 283.8365 273.80014 639.38715 854.33716 2 0.08035488 282.16068 271.4814 638.0112 857.12134 3 0.9396904 275.42935 271.91455 636.5801 857.0304 3 0.674388 287.67346 619.0929 599.40076 855.01355 5 0.1834501 276.94638 271.73868 637.1111 850.2521 7 0.096976936 285.6512 279.37286 638.9453 807.6773 ,test/2092.jpg
0 0.472042 316.63275 545.86334 417.7536 691.2503 0 0.33127937 97.571144 481.5645 137.18567 537.30237 0 0.21013412 304.67792 432.55374 421.40643 475.39542 0 0.1595182 627.81946 321.92636 684.6918 384.66373 0 0.15786596 479.7475 551.5771 537.9409 768.9434 0 0.123579 659.4012 350.9677 725.9887 527.639 0 0.118589774 330.65714 547.4547 733.511 960.88574 0 0.11752026 483.0559 569.9784 592.1129 811.4498 0 0.11650346 346.0684 516.8897 546.6925 990.01996 0 0.08970375 296.9315 413.83435 528.271 475.54095 0 0.07377511 538.66254 215.36884 593.1822 284.27402 0 0.0732549 627.1609 318.08997 686.84656 471.11755 0 0.07214676 475.75577 217.2172 609.0466 462.73605 0 0.061794043 433.54755 540.73035 641.8249 915.08545 0 0.06113211 525.60895 631.17236 601.53485 806.562 5 0.06809274 97.62538 481.3953 137.05153 537.36975 7 0.17232597 97.62538 481.3953 137.05153 537.36975 7 0.09820678 317.51428 544.25354 420.06854 690.87915 9 0.9797435 314.34592 30.946106 863.23926 682.98834 9 0.9604014 85.3297 421.48938 511.84497 836.2848 9 0.8878741 85.59772 402.2743 727.6222 961.1903 9 0.7534406 396.70715 525.83386 733.34875 941.8092 9 0.7121139 313.98523 29.782211 665.1942 503.15698 9 0.43707392 346.0684 516.8897 546.6925 990.01996 9 0.1354866 529.9623 211.99887 615.109 422.4105 9 0.13093854 407.23322 223.23828 593.7515 369.0299 9 0.12183961 482.8047 652.6538 601.8102 785.88574 9 0.118543334 478.2655 566.35583 539.8527 770.9326 9 0.09716737 438.11502 524.3909 610.20264 903.36163 9 0.07776582 439.8521 151.75455 754.04047 647.16846 9 0.0754129 389.5899 195.12889 695.2442 507.45337 9 0.06551846 279.5561 571.3981 599.2118 865.17615 9 0.05926067 517.8507 615.06824 624.43835 813.91614 9 0.050427083 482.6516 554.53064 576.1836 811.7324 ,test/2093.jpg
5 0.8976191 841.9256 513.9882 871.11273 541.5822 7 0.980168 179.37082 230.65872 780.8523 761.5825 7 0.23939149 271.74738 242.89925 661.762 640.07635 7 0.07798229 401.9906 230.22542 457.76428 301.2959 ,test/2094.jpg
0 0.98013705 600.9704 211.02728 827.4051 429.80493 0 0.58761 492.30145 131.57907 840.28314 438.95377 0 0.3878634 166.27408 140.59045 704.3646 831.8629 1 0.10317921 165.69485 139.03693 706.2063 831.95776 2 0.72844535 168.76999 136.7528 689.5812 835.18176 3 0.29096434 167.41592 136.96863 692.38916 833.836 ,test/2095.jpg
0 0.9694839 666.3553 836.9692 743.76337 961.5545 0 0.40755585 67.07074 308.3357 181.93594 582.31537 1 0.8594365 0.0 88.85969 165.48164 328.5126 1 0.78529674 85.03197 179.55634 187.5709 334.38983 1 0.4072905 1.6509933 179.96938 97.54788 321.31885 1 0.37322846 0.0 92.35276 137.66298 203.09677 1 0.35644922 0.0 184.71518 32.865967 306.56915 1 0.1672139 0.2119484 145.07036 119.84468 194.90172 1 0.12602879 171.23772 225.15958 205.1299 300.89212 1 0.08573369 597.14276 705.97125 645.5671 775.03314 1 0.06696758 612.13666 212.78113 676.0052 285.03497 1 0.06070451 412.15295 956.7406 487.72052 1023.2024 1 0.05253475 34.9795 149.12976 145.43896 200.88547 5 0.64001065 598.3788 679.0429 968.8082 1024.0 5 0.59664613 412.0735 939.4689 641.9158 1023.1255 5 0.29542395 610.65607 691.888 744.2293 964.3055 5 0.083447635 411.4605 957.1167 488.15967 1022.5984 5 0.053069893 600.14716 711.76373 645.8671 776.2132 7 0.9993711 345.48547 185.64896 758.7196 734.38245 7 0.9912252 260.30933 367.29666 632.76587 977.32556 7 0.8301916 645.1404 562.45465 735.21716 720.2391 7 0.38232756 339.2886 227.07993 410.902 285.90976 7 0.35255587 218.21379 468.0953 314.049 778.9507 7 0.113588594 201.91295 498.14844 351.42926 900.6671 7 0.06605873 1.8770065 55.30146 52.67449 93.88175 7 0.0644957 412.61612 956.1929 487.298 1022.94543 7 0.06410522 398.16733 918.2169 530.5089 1019.3595 7 0.059000954 372.28857 902.5437 617.3645 972.25244 7 0.050565768 336.82025 913.27606 486.32837 1021.95184 ,test/2096.jpg
0 0.116863094 232.15631 356.06158 527.10614 651.34155 0 0.07650803 594.3154 947.7144 676.6394 1022.66547 0 0.07007945 504.12518 437.05432 747.79364 818.52783 9 0.9882691 503.05124 434.44473 745.47327 821.48157 9 0.9784491 232.84772 356.61902 527.3836 651.27454 ,test/2097.jpg
0 0.56616735 327.1098 913.5814 367.6985 961.51526 5 0.07091101 400.2083 571.50653 689.29083 781.5975 6 0.071541674 402.30707 572.2617 692.0999 780.6675 7 0.99964035 363.79352 279.2104 651.8907 656.409 7 0.99209553 422.67703 569.81537 683.4291 732.9389 ,test/2098.jpg
0 0.38327715 239.72974 218.77954 296.7074 262.19052 0 0.22293498 243.06636 735.70306 331.25235 781.0861 0 0.20511279 337.5172 215.19185 493.8645 398.1355 0 0.19621575 242.69595 737.0517 288.6177 772.69037 0 0.19131696 312.53 235.76283 351.43735 271.2599 0 0.17628616 187.07509 105.0721 256.95044 135.96904 0 0.12523976 246.09842 770.3138 362.99094 780.2164 0 0.11330968 251.93164 731.6134 314.49768 861.6465 0 0.075683795 244.84769 733.44495 377.975 872.5311 0 0.06840118 246.69939 192.61093 394.2373 266.01483 0 0.06753265 238.8591 732.205 348.32645 826.1916 0 0.059778336 252.42017 721.1637 1013.42725 834.0891 0 0.05928165 336.09607 207.55067 698.3467 493.19617 1 0.83261305 313.2043 381.3931 362.6511 480.73392 1 0.23425694 249.90067 192.27142 394.02426 264.9106 1 0.14034839 243.20233 737.1278 288.63184 772.8959 1 0.087179475 311.8333 234.74559 348.26892 270.84006 1 0.08454364 187.07509 105.0721 256.95044 135.96904 1 0.05299865 243.58597 736.24854 326.81448 780.74036 6 0.2465321 256.23718 721.3215 1013.10205 827.1403 6 0.071124576 215.16833 601.5201 1014.52344 862.06 6 0.06758022 833.8453 261.43106 1014.21027 709.2501 6 0.06553872 214.61441 675.4096 1010.29785 800.3597 6 0.05789584 903.1275 134.04233 1022.78864 502.88254 6 0.050131787 903.02814 290.65018 1006.2918 549.18945 7 0.9996294 138.8823 455.06226 897.08044 773.8562 7 0.97764444 333.3395 218.74625 703.51074 488.9163 7 0.96206295 320.77716 102.84334 1002.8498 538.67706 7 0.86447895 895.36774 465.05493 1024.0 689.70715 7 0.7391091 940.9511 146.87083 1023.7839 452.47968 7 0.7101796 876.18585 36.061996 1017.0629 466.52808 7 0.5757017 153.8826 119.76688 994.1117 775.5707 7 0.21652783 632.7186 139.30478 679.1466 186.73544 7 0.20520602 240.15422 218.39275 296.58762 262.32162 7 0.114219315 605.32086 140.84166 967.6358 541.6297 7 0.084485315 245.97989 706.8748 1011.8142 823.6474 7 0.07868829 728.5613 37.75209 1013.2648 511.50574 7 0.069089934 443.0244 477.9853 1022.75574 849.9378 7 0.06652584 833.8453 261.43106 1014.21027 709.2501 7 0.05949914 244.96649 657.52893 1016.27496 897.277 ,test/2099.jpg
0 0.72335505 276.66672 744.71606 344.41635 908.56116 0 0.50602233 807.6352 448.4011 871.45953 473.46725 0 0.23690176 250.53954 376.42227 277.81546 419.19833 0 0.19043715 258.08527 120.60167 382.49622 374.3012 0 0.121156044 311.12094 132.0577 395.8834 469.31158 0 0.06157725 807.98395 405.53595 866.1015 472.65222 0 0.059489504 155.5457 589.3678 191.17961 630.21106 0 0.052157097 611.4214 193.22446 914.5337 229.9491 0 0.051114444 326.7538 106.72749 383.3752 222.4742 1 0.9654074 150.33017 355.17758 483.53165 959.5962 1 0.9653208 143.17776 106.863464 423.8823 675.91364 1 0.8487198 293.2433 116.38367 404.21802 476.6369 1 0.80052906 510.99033 189.23517 943.27295 684.3717 1 0.5021735 247.97266 123.08214 375.78522 402.25525 1 0.17154096 354.95187 162.24242 378.1185 215.81276 1 0.16500852 250.54959 376.3221 278.1113 419.1288 1 0.1219157 326.7538 106.72749 383.3752 222.4742 1 0.076913014 353.04636 181.14133 376.01993 222.67334 1 0.07217129 808.7597 405.2193 863.86957 466.0221 1 0.06985656 363.21518 151.83115 385.58524 217.24658 1 0.05967981 271.0062 742.15576 345.01334 935.3263 1 0.057967488 252.52444 194.49023 341.46848 426.8308 5 0.10216902 315.1101 136.55867 388.9829 471.83972 5 0.077438004 372.8204 145.60246 406.10745 310.6499 5 0.058053456 375.2251 165.28438 399.9408 259.13025 7 0.9983955 462.54095 399.39752 649.1469 850.1463 7 0.9922409 633.59424 501.55682 925.05896 770.99994 7 0.27050218 249.91754 376.17456 278.26355 419.3296 7 0.060726408 309.36487 116.963684 399.09308 484.28827 ,test/2100.jpg
0 0.16281377 316.71048 313.41656 654.8412 902.05963 1 0.29335088 316.71048 313.41656 654.8412 902.05963 2 0.78875667 317.8828 313.3182 653.6813 902.7804 5 0.1696052 318.45312 636.7698 335.13782 815.98816 5 0.13129182 317.09332 317.64557 667.4535 887.8427 6 0.38372713 317.2514 313.7315 665.4939 899.5417 6 0.06337958 315.4351 635.3019 335.1367 817.01135 ,test/2101.jpg
0 0.3081495 427.58252 720.64014 531.51154 772.34875 0 0.19987424 213.1772 548.9115 404.37518 851.0115 0 0.1360124 507.81412 367.03815 573.5112 421.44043 0 0.10544598 318.6389 595.5714 379.62534 689.1013 0 0.094830565 428.77856 746.1384 525.1321 771.9386 0 0.071983375 12.1171875 254.371 378.9939 823.51465 0 0.061432842 235.62782 27.42012 686.2466 413.9428 1 0.15105084 428.21597 720.631 532.8739 770.9756 1 0.13419692 504.25336 366.56033 575.946 422.3123 1 0.08525091 318.6389 595.5714 379.62534 689.1013 7 0.9982285 270.24786 323.48923 653.6922 691.21277 7 0.9888109 235.53093 25.765488 689.16144 414.67706 7 0.54476625 503.75406 366.14792 577.2123 422.79453 7 0.291595 211.61406 545.8292 405.1223 852.5984 7 0.25684792 287.06506 534.21783 634.42676 690.0843 7 0.18209277 203.84265 180.28293 654.26935 860.9763 7 0.06619021 14.7773285 258.72647 376.09875 815.73865 ,test/2102.jpg
0 0.25420496 184.30017 437.52475 271.5636 479.03146 0 0.102736555 133.49734 426.9119 390.02237 577.45496 0 0.07662355 260.37375 429.42218 367.20584 513.8593 0 0.056550827 211.18092 450.40656 366.9464 610.2764 0 0.05317444 306.8482 257.2822 367.84845 385.38943 1 0.9957228 83.491684 386.04956 450.37952 909.20337 1 0.9527866 205.2309 239.59506 403.8871 483.75046 1 0.80670786 88.698105 493.8993 171.07265 648.97107 1 0.80398375 135.10892 322.28973 209.59933 370.59247 1 0.7933407 91.34018 462.372 393.12753 609.8931 1 0.7388502 219.2906 284.78464 289.14838 448.94608 1 0.72891617 87.93448 520.9608 150.67421 609.2294 1 0.6024217 107.14824 480.15863 181.28554 608.95526 1 0.58122337 97.62301 559.2215 167.09778 652.8494 1 0.5555478 121.39792 311.16135 377.65146 616.1876 1 0.5389579 134.0762 315.15118 256.673 444.82208 1 0.49415785 306.8482 257.2822 367.84845 385.38943 1 0.48592928 190.91112 350.17877 240.51845 445.43274 1 0.43709537 98.245 569.4684 322.1138 649.0104 1 0.39334044 182.7559 436.82065 271.34845 479.06424 1 0.39106616 82.924225 517.85004 333.34003 605.0108 1 0.38698557 109.865875 515.66003 140.3818 598.65393 1 0.3432712 189.93289 499.10428 387.83072 598.34766 1 0.3158195 125.18773 521.93176 146.01302 600.73315 1 0.31069013 126.36615 380.64172 184.48251 496.43506 1 0.30395156 137.5805 253.69583 353.96112 508.45438 1 0.30324486 475.10754 395.2404 879.40393 610.9894 1 0.27818543 127.77491 365.92175 278.73346 481.6195 1 0.2641646 90.26663 480.8798 242.33951 604.0907 1 0.23993875 189.0387 575.97394 322.1241 629.4815 1 0.23493668 129.36462 365.89664 273.33295 602.8415 1 0.23350336 130.59311 416.2887 380.64404 539.40393 1 0.22612573 199.03859 302.8683 244.59746 434.9333 1 0.20355432 90.414154 513.00244 131.35847 659.4065 1 0.2015379 132.44621 554.00397 181.01741 606.5362 1 0.19283786 183.62839 330.10324 289.4691 476.81265 1 0.18495272 217.46155 310.5742 257.8446 355.18942 1 0.18273541 218.80801 271.27542 284.9035 357.7455 1 0.18263628 289.3127 339.91544 301.75607 408.88522 1 0.17641138 217.25761 306.00455 253.54704 428.53976 1 0.1763279 216.42482 281.72058 337.40826 479.57245 1 0.17604539 88.87407 524.6248 114.36577 621.95575 1 0.15777671 267.913 244.8836 373.52036 456.66412 1 0.15118293 92.33293 499.17017 398.21063 702.39014 1 0.14030394 141.27098 460.4419 279.53204 630.0834 1 0.13065997 353.00775 278.76602 366.729 378.9949 1 0.12337717 113.44802 480.38257 161.24611 533.1444 1 0.119568504 223.43098 349.25775 245.54066 427.15344 1 0.10792867 275.90604 243.72638 318.68362 413.11835 1 0.10356491 94.66646 565.81866 114.336685 639.68646 1 0.09739507 128.56485 363.51068 152.32687 395.0904 1 0.09023044 132.96744 553.7776 154.57166 606.01746 1 0.08855759 191.16994 392.56915 397.5097 505.3382 1 0.08123441 101.87949 595.7795 162.8216 640.5301 1 0.07960545 164.03018 538.4881 348.81107 611.8371 1 0.07177345 141.47742 350.66528 224.54108 446.47223 1 0.066875026 101.28556 592.5204 163.57785 619.2368 1 0.06353254 215.55199 256.0854 315.33896 378.14325 1 0.061080713 186.99529 550.79596 327.26147 593.5684 1 0.060960483 216.5202 302.21225 238.64655 355.19766 1 0.06048028 341.69846 255.45813 367.14493 382.57172 1 0.06045083 102.1605 594.4389 122.81425 656.3587 1 0.059403565 122.34319 360.44998 215.87167 568.2457 1 0.052255798 350.78564 237.30887 383.96594 388.13644 1 0.05190613 206.97787 327.69678 230.96338 396.93 5 0.058556855 471.87482 396.47284 878.02094 635.4389 ,test/2103.jpg
0 0.57592404 442.20685 128.4239 716.08795 489.82318 0 0.155715 345.385 657.59143 526.89075 811.3971 0 0.13250005 295.9195 130.22821 716.0613 675.7934 1 0.5294172 445.32562 126.18196 714.74335 493.00073 1 0.2440441 295.9195 130.22821 716.0613 675.7934 1 0.08342429 297.8621 306.2306 551.8536 683.1925 2 0.99265265 301.1197 310.43683 546.7003 679.9529 7 0.16838445 326.9469 652.19275 571.3646 816.73645 ,test/2104.jpg
0 0.9721309 275.63858 441.50403 723.3689 707.0553 1 0.06429332 276.2417 442.3382 722.9635 707.20184 1 0.056170307 621.31934 373.68887 656.0641 408.8951 ,test/2105.jpg
0 0.16011211 2.9135818 465.0004 232.24063 1024.0 0 0.13237952 4.801567 482.12735 156.25876 872.5006 1 0.5441865 2.2472153 403.79242 235.37906 1024.0 1 0.39082134 4.801567 482.12735 156.25876 872.5006 1 0.33010757 45.114647 707.2983 150.96945 855.0765 1 0.14964412 35.30654 686.6049 235.55524 1019.0074 1 0.12809275 1.0934811 727.13 59.562897 1019.1107 1 0.11724668 52.021954 751.00696 127.19409 839.19006 1 0.074071385 1.6160355 753.37427 127.058586 892.2556 1 0.056685362 3.6475677 662.0118 151.00967 1008.33685 3 0.14666481 6.120407 500.71405 241.88437 1022.815 3 0.08230301 4.801567 482.12735 156.25876 872.5006 5 0.06380117 400.24557 868.9608 748.84656 1020.5039 5 0.058939643 2.9135818 465.0004 232.24063 1024.0 7 0.9991984 405.7998 311.7077 803.1373 931.90326 7 0.99910825 430.44135 118.506805 713.0689 396.34988 9 0.137695 35.30654 686.6049 235.55524 1019.0074 ,test/2106.jpg
0 0.6152818 323.24304 875.8986 375.38428 955.41095 0 0.48691717 617.2761 279.02762 704.88574 360.06345 0 0.28192288 459.7126 749.8411 622.06903 949.7933 0 0.130429 177.3724 476.93405 316.52646 870.5415 0 0.05973516 533.7118 755.1368 623.6321 839.1348 1 0.32005674 459.62848 749.80115 622.4838 948.9315 2 0.051824436 460.0667 750.0359 622.07733 946.64966 3 0.731222 460.03708 750.00525 621.80597 948.9281 5 0.9833776 217.9581 276.7052 927.4126 847.7019 5 0.1671304 246.5044 431.05457 741.18195 820.1354 5 0.107586525 188.8984 479.85266 317.06635 869.6544 6 0.06628679 323.29904 875.8459 375.3923 955.1463 7 0.18784474 767.75726 1003.0565 912.413 1024.0 7 0.1263434 188.8984 479.85266 317.06635 869.6544 7 0.0941009 203.36761 275.5528 923.3195 866.8089 7 0.0737249 460.8791 748.69806 621.6889 951.7758 7 0.054592244 246.5044 431.05457 741.18195 820.1354 ,test/2107.jpg
0 0.5037474 54.541473 313.893 973.23535 814.18036 0 0.18264791 816.9328 689.20544 953.42267 785.62463 0 0.18103994 662.03906 360.51535 850.44336 503.13388 0 0.100626886 689.9174 362.12823 742.18744 390.00623 0 0.09022455 449.03574 458.41846 982.0576 792.65393 0 0.07575853 61.842606 395.86658 472.45703 832.6808 0 0.06945795 806.33575 466.19672 965.22723 786.17914 0 0.06297762 413.59717 317.5099 873.1581 496.2976 0 0.052686006 134.0185 321.47845 536.96204 489.6991 0 0.050229557 652.5504 360.95233 803.0022 451.6092 1 0.7775255 156.19221 771.2025 281.22083 817.9324 1 0.61226606 938.5387 493.7987 1022.9048 761.4054 1 0.56486654 103.5663 692.7027 168.43498 821.84784 1 0.55301154 54.013214 314.48914 974.06995 817.8004 1 0.3721254 158.86197 367.50818 284.972 481.06055 1 0.24114543 136.17679 366.49023 184.95941 499.75708 1 0.21453181 784.76715 317.46548 884.7319 477.7095 1 0.17577066 66.914 760.4109 878.8954 867.011 1 0.16062938 148.27051 454.59503 191.30194 490.53796 1 0.13781448 95.82223 702.66266 316.57297 818.85284 1 0.13272586 678.44214 352.62897 874.5443 487.40033 1 0.107124366 123.26265 461.18176 305.7552 565.9347 1 0.0996415 132.93501 352.58707 232.35359 507.5635 1 0.09081229 14.762726 639.29346 967.58984 892.8096 1 0.0744971 92.4115 693.1763 442.9879 841.416 1 0.069713235 107.60387 766.8064 174.06215 819.0665 1 0.062018435 123.94523 451.14023 192.79337 513.22174 1 0.061785314 1.4548798 35.848892 201.78664 540.33014 1 0.05599445 2.124115 419.34796 79.7174 650.3233 1 0.055244107 31.421967 750.5956 910.53076 1014.4236 1 0.053245284 119.99218 323.11774 292.92148 499.16888 7 0.3552619 59.543213 315.28363 969.15295 813.82587 7 0.1097713 689.9174 362.12823 742.18744 390.00623 ,test/2108.jpg
0 0.99859077 292.6476 138.75674 648.9901 891.0796 ,test/2109.jpg
0 0.9982449 89.58078 99.17374 796.61414 839.41785 ,test/2110.jpg
0 0.21468973 334.38525 251.49197 438.5517 916.49646 0 0.1647204 337.63245 265.99582 414.07495 696.10913 0 0.08647239 147.61484 376.26236 157.6401 432.0696 0 0.058304418 624.07214 124.206116 807.9125 660.60034 0 0.053237293 488.2369 79.75814 574.4598 286.1468 1 0.9143996 52.766632 347.27774 291.25204 1024.0 1 0.7791352 54.107635 361.39713 270.18323 709.5829 1 0.5740973 75.69072 679.96 292.44434 1008.2714 1 0.08790629 257.55386 395.9909 342.1378 445.68726 1 0.058571003 64.67256 595.4509 123.36896 1007.53076 1 0.050615072 256.99017 398.6471 340.24854 412.5656 2 0.18764068 54.251427 362.87805 269.61862 707.0005 3 0.09547025 257.55386 395.9909 342.1378 445.68726 3 0.065454684 782.404 673.8061 945.9825 917.88763 4 0.9405094 618.00696 112.88025 813.5106 953.9568 4 0.88331234 257.22128 396.57587 366.32834 755.236 4 0.8334772 782.9908 239.5918 964.81854 941.5342 4 0.5497935 426.34326 83.54788 642.0061 975.8141 4 0.10519649 799.13153 260.1073 953.4246 628.8167 4 0.08851906 563.53156 118.66989 662.71344 602.96216 4 0.078473866 782.4596 667.7268 946.25574 924.69836 4 0.07256998 612.5554 145.5274 990.48987 973.9434 5 0.9638444 339.26904 695.0808 446.10742 914.4088 5 0.86994874 422.3484 122.730865 643.7366 971.41223 5 0.7406049 337.04245 261.5154 413.022 675.1201 5 0.64301485 613.02814 145.37784 988.12836 972.0797 5 0.50238895 336.94833 250.10788 440.29062 915.645 5 0.45315847 562.0672 117.92096 668.94806 592.5942 5 0.40673727 256.67252 397.4713 368.8447 755.63 5 0.36369193 781.5234 209.27164 965.58234 947.9707 5 0.24546978 624.7451 124.201355 809.5425 647.1787 5 0.1644252 53.763428 362.54324 270.5927 706.5001 5 0.12712033 920.35065 433.21988 1015.1191 1004.9801 5 0.10528138 248.76544 283.79407 421.7586 749.34265 5 0.10234829 52.86431 357.4087 291.72476 994.1499 5 0.09623806 627.637 175.49277 670.29694 514.0488 5 0.0785372 261.50244 517.4334 366.16968 668.26385 5 0.07763317 300.1531 562.86676 447.0941 727.6423 5 0.066435985 50.007385 580.7655 426.18924 751.1992 5 0.05929139 64.67256 595.4509 123.36896 1007.53076 ,test/2111.jpg
0 0.2779424 371.77853 813.69037 511.34506 925.5877 0 0.1644719 365.19272 794.73914 598.2404 929.4708 0 0.13682984 366.65137 867.0907 455.167 930.2637 0 0.102376804 13.759186 505.37692 470.26706 833.20325 0 0.064910695 380.19806 787.2416 454.21356 823.8341 1 0.9557417 14.39566 505.86047 451.8122 834.0614 1 0.06911325 376.3087 785.72253 442.76926 824.59607 5 0.19158298 637.0296 846.8378 912.38007 903.69684 5 0.08618688 361.4065 798.6504 637.5061 929.7804 5 0.058665402 0.0 785.9088 291.58905 852.6404 7 0.99933004 418.80457 438.20963 1005.42505 879.9861 7 0.13591017 460.07053 757.41656 974.4148 875.4443 7 0.1255814 0.0 784.3066 329.95013 858.8732 ,test/2112.jpg
0 0.9996536 17.469292 251.52419 229.36124 360.738 0 0.22885498 0.0 323.85916 151.61879 652.38806 7 0.99938 143.32184 73.65485 1017.18036 958.85895 7 0.2459765 0.19541931 323.4818 151.49316 652.2695 ,test/2113.jpg
0 0.67575645 678.7438 343.7939 777.9514 476.3195 1 0.9326068 261.82703 437.25146 545.2093 686.2727 1 0.35327426 253.68431 263.6131 583.1746 709.5221 5 0.99615425 248.17761 212.98303 600.82794 718.12964 ,test/2114.jpg
0 0.27039424 434.84183 697.7289 477.39352 733.4429 0 0.22720069 318.2176 629.4127 400.4071 665.2803 0 0.20535786 148.00168 800.3604 186.54993 830.863 0 0.1463358 145.3175 795.67505 220.33865 868.8436 0 0.10259352 388.65543 658.49896 450.37814 686.49786 0 0.094107665 466.93253 697.1115 509.699 720.8934 0 0.08476516 167.78212 631.20764 460.5652 812.1376 0 0.07582969 438.5878 696.41907 508.98007 732.1427 0 0.0754832 418.4357 761.20325 479.0823 801.18494 0 0.059538417 0.0 535.7516 196.29153 1022.369 0 0.057396926 699.1064 544.6008 760.4322 684.48145 0 0.056878038 427.43753 698.2164 491.6227 755.4393 1 0.9957996 419.70978 142.37045 854.2259 523.02734 1 0.97585243 307.0694 444.43402 743.8256 759.4754 1 0.97381455 421.39645 444.4409 632.42725 590.1055 1 0.9536033 427.78793 515.49347 610.48376 590.4716 1 0.91445434 134.88416 695.30945 540.35046 979.69226 1 0.8591757 494.74158 293.2502 542.45764 368.9388 1 0.8440125 521.0199 220.39511 590.386 327.76944 1 0.78086644 571.4136 240.31447 651.1649 315.4318 1 0.62027186 140.59235 625.1227 458.96588 819.0925 1 0.6002738 402.23514 660.0789 450.52487 686.9626 1 0.5406342 322.50568 459.10974 630.22577 656.0215 1 0.51642954 699.09064 543.9673 760.389 683.76575 1 0.4981856 414.7303 379.78708 720.8255 592.1593 1 0.47309744 505.07404 306.3934 537.4255 361.9617 1 0.4707785 508.0329 295.32135 571.34894 362.54694 1 0.42814198 490.04202 237.25491 692.80835 309.14127 1 0.41068938 640.5666 240.09552 699.7845 287.3506 1 0.35979712 495.1118 283.32306 570.4993 415.26276 1 0.35460186 172.00838 831.6651 218.81667 869.5202 1 0.28291053 433.55783 214.97452 590.5818 426.58835 1 0.26495394 430.27356 269.7826 637.0709 596.19104 1 0.2621775 199.9189 621.6972 253.83199 658.0701 1 0.25715974 493.52155 229.40492 589.1409 362.4984 1 0.23605987 418.4357 761.20325 479.0823 801.18494 1 0.21964209 524.0968 300.7952 549.4138 355.56302 1 0.21878761 608.606 498.8566 630.9732 580.7797 1 0.21391033 437.47528 475.35992 461.47528 518.4464 1 0.20614322 194.95761 617.43146 386.20554 739.34576 1 0.20048495 387.27103 700.03253 504.4058 810.81256 1 0.19953321 8.033173 560.37897 562.8141 965.12213 1 0.19178008 426.42722 716.577 484.40298 765.18823 1 0.18948323 382.50366 780.16113 416.03943 806.1085 1 0.18259795 432.4213 150.73889 709.8279 428.54608 1 0.17355172 529.87585 299.45612 569.8285 331.32068 1 0.16253056 510.28354 270.32043 581.786 331.98096 1 0.16248035 490.76773 293.1168 520.2226 355.70853 1 0.16021295 424.02155 264.07828 522.91486 389.92 1 0.15505444 432.11066 467.22495 483.654 516.42303 1 0.15096699 544.2166 581.56775 582.46344 661.1665 1 0.14354928 155.83557 696.9437 487.11792 864.2915 1 0.14343613 445.5694 468.2082 468.28656 516.5183 1 0.1385524 446.51782 223.56232 592.3168 317.40778 1 0.12748146 146.25368 796.23987 219.77016 869.74524 1 0.1261175 434.76694 696.55524 509.10208 736.6236 1 0.1258679 410.01196 694.083 513.9047 773.58923 1 0.1245418 422.26523 441.9793 561.8809 526.50726 1 0.11725439 450.3234 290.90985 537.12555 368.3128 1 0.107898794 522.02734 303.02673 565.6001 345.37067 1 0.10613339 379.23282 297.54437 427.1077 389.83325 1 0.10262543 321.47278 632.7029 423.23022 670.16113 1 0.09759337 424.78625 721.1366 480.2964 800.47974 1 0.094349995 430.93857 384.55014 712.3745 480.0436 1 0.09368255 327.02603 633.06116 383.96677 661.16565 1 0.09142784 538.50385 258.05603 591.8693 324.75427 1 0.08202173 546.1314 583.45154 595.2813 622.0205 1 0.08082696 561.6397 968.57385 589.8426 988.30347 1 0.07858947 97.622925 486.36926 738.35767 877.3353 1 0.07760653 530.3426 187.81932 778.28876 633.5367 1 0.0771444 528.85956 326.42535 551.04803 368.62524 1 0.072329886 523.2455 317.4934 544.6 369.85168 1 0.07121677 531.079 457.52216 633.281 584.3643 1 0.06893494 490.67477 244.56635 572.14856 309.0271 1 0.067218155 479.5287 227.00493 527.09784 309.45807 1 0.06667085 516.3822 294.0097 578.0746 325.3449 1 0.062467337 364.677 655.6518 440.03503 672.3392 1 0.062090598 326.84018 658.4726 410.11325 669.8405 1 0.05994662 457.5475 525.1362 606.9442 648.2223 1 0.059883527 394.1685 657.2073 444.15097 675.35974 1 0.058142424 511.52356 552.43475 607.41284 662.7248 1 0.056790866 362.23068 657.3823 452.04703 685.656 2 0.123089306 382.50366 780.16113 416.03943 806.1085 5 0.6559031 3.9570389 899.589 144.07098 1022.88794 5 0.29787716 1.0213394 208.55109 205.03555 565.5652 5 0.09224971 180.14403 784.3055 388.6048 843.55927 5 0.09097428 1.5935211 771.39417 150.78162 1024.0 5 0.08711004 188.1382 738.93365 266.28296 770.06305 5 0.08567386 543.9167 583.828 578.0457 661.277 7 0.97011775 0.0 522.3256 200.51378 1024.0 7 0.57538724 138.63008 624.9906 459.86304 823.635 7 0.43343 203.48099 785.753 401.77835 866.11664 7 0.33402774 4.0943604 525.5807 203.38782 712.61926 7 0.32093465 336.7199 783.95496 398.69397 840.78296 7 0.1866267 166.05844 572.52936 331.60117 643.3223 7 0.09097837 166.65216 744.5574 381.27612 845.52295 7 0.06890869 98.22101 591.7262 541.53424 981.3176 7 0.06632468 155.83557 696.9437 487.11792 864.2915 7 0.06519827 326.84018 658.4726 410.11325 669.8405 7 0.063556 170.31042 568.5965 311.5022 613.3011 ,test/2115.jpg
0 0.7345769 538.6688 202.95349 756.5867 383.88013 0 0.33223653 60.021667 364.85373 881.1619 568.07245 0 0.061126385 47.558807 202.88545 866.39685 546.7404 1 0.55309606 538.43536 202.82704 756.09406 384.3064 1 0.13903087 60.021667 364.85373 881.1619 568.07245 7 0.93259186 69.27469 365.62225 883.2095 565.61615 ,test/2116.jpg
0 0.8239213 896.1633 674.53735 1008.8539 776.14246 0 0.80841845 6.7025757 1.4988556 411.67978 161.19566 0 0.60081095 515.31714 98.06761 575.28796 168.13756 0 0.1844673 816.8088 449.01068 929.3216 527.9274 0 0.13980435 615.6521 676.1011 657.6321 712.32104 0 0.052742917 364.55557 896.3904 411.12723 917.5791 0 0.051064264 548.3041 673.7201 714.4492 887.92615 1 0.9818294 422.35046 0.0 812.6632 345.2701 1 0.941273 817.1499 448.98535 929.2628 527.68726 1 0.90294963 607.1311 2.394516 1024.0 400.69348 1 0.77597517 0.0 7.01651 525.5956 808.68506 1 0.6467637 500.74435 243.2685 644.9354 337.2553 1 0.5471215 426.5335 7.7249603 622.0594 346.63568 1 0.46753395 427.13574 52.709732 584.39557 261.60162 1 0.4627959 566.07184 1.1969948 786.0556 81.72673 1 0.20401596 378.234 0.38734436 560.1125 288.7461 1 0.12211034 514.1381 82.74263 641.0894 342.39203 1 0.114394814 399.49283 1.603241 951.21533 504.0873 1 0.09443955 279.28522 0.0 797.55927 824.3142 1 0.08499149 429.84454 7.1005554 521.65955 276.30466 1 0.050223377 327.17383 0.0 531.2001 809.6579 5 0.99932384 691.3241 413.49146 752.6587 474.83673 5 0.9855601 548.32166 674.04755 713.95056 888.3132 5 0.58327717 603.06934 913.94635 649.73157 973.6678 5 0.26347142 896.0241 674.66473 1007.1871 774.50824 7 0.123045355 602.82416 914.0817 649.4118 973.43085 7 0.116179 896.4298 674.88574 1006.98267 772.04663 ,test/2117.jpg
0 0.1662886 256.649 35.433105 570.50745 906.86426 1 0.5708649 257.2129 34.07489 568.7661 898.38135 1 0.052695043 295.0534 47.615017 546.8118 143.16898 2 0.5110021 255.44048 31.785645 570.45654 907.7909 3 0.22940215 253.96826 32.885803 571.2382 904.8861 ,test/2118.jpg
3 0.9317048 486.9635 426.15778 621.56824 566.17944 3 0.15504783 417.42065 409.8654 599.59143 567.9144 5 0.15561703 502.99643 425.33832 622.13354 568.05304 ,test/2119.jpg
0 0.9187911 396.0621 106.114 431.67325 161.92967 0 0.08630537 172.41473 163.2337 571.13873 755.40216 2 0.22684784 175.5639 163.8512 571.0518 754.0147 3 0.7131333 176.25424 162.69116 568.8424 755.7309 5 0.7504334 169.32571 164.21219 574.7141 754.3583 5 0.2137311 167.76044 160.60777 586.7391 325.37677 ,test/2120.jpg
0 0.5878162 423.00476 463.50504 663.0504 549.68933 7 0.49380273 417.68616 460.53436 677.88635 550.03265 ,test/2121.jpg
0 0.722937 126.45941 328.06216 993.3841 674.6658 0 0.19440047 127.34174 324.31738 184.94186 622.7668 0 0.18199079 114.78259 536.1234 1001.17566 675.6979 0 0.076058805 154.50458 324.5415 204.54556 622.0675 3 0.06434211 130.7662 322.2354 993.03894 680.18933 5 0.43472368 113.57599 535.7769 1002.73956 676.4803 5 0.17620903 127.35477 327.74335 991.7145 673.8776 ,test/2122.jpg
0 0.933692 446.21176 231.98529 641.3113 338.39526 0 0.7289405 568.6792 230.82867 637.9873 355.75592 0 0.17131305 619.4689 146.95932 663.114 212.13278 0 0.089502536 444.95724 95.38196 763.947 337.34805 0 0.084754676 626.1691 94.8303 763.31793 162.50168 0 0.08351398 702.53564 431.69778 857.7633 556.9606 3 0.93256885 628.03986 95.264404 763.37885 161.71237 4 0.9927872 404.1307 393.7859 686.10803 753.1251 5 0.2528521 568.8045 230.72502 638.23004 353.76666 5 0.100548945 625.1934 94.22505 764.3006 161.68813 5 0.055104986 623.20514 75.86089 683.0903 109.15266 7 0.55025333 619.56165 146.56746 662.9475 212.1429 ,test/2123.jpg
0 0.21591449 203.40701 349.48267 735.25586 772.6897 0 0.059140395 454.38895 571.065 540.21234 635.7165 1 0.52507895 200.80276 347.08057 735.78894 773.42664 2 0.32269502 199.86148 348.9212 739.135 774.17535 5 0.053849466 454.38895 571.065 540.21234 635.7165 7 0.7258136 201.71738 347.7671 735.76196 773.8556 ,test/2124.jpg
0 0.6041314 657.48376 435.45032 942.22534 938.0377 0 0.19917192 248.14944 337.2611 330.13058 348.4073 0 0.10266645 270.97546 424.13855 419.01776 492.3838 0 0.060356554 94.142914 428.82718 131.18947 458.7957 0 0.05094759 541.6307 689.2661 564.7579 715.7706 1 0.99624217 65.328735 278.40674 270.83966 431.5343 1 0.9901722 665.5925 257.21454 865.2848 384.35138 1 0.9641605 271.99353 424.16452 418.44928 492.16873 1 0.7011812 592.2699 342.45694 852.38416 425.7061 1 0.43277004 670.38135 282.3756 708.797 372.0769 1 0.13530193 92.69243 427.33594 135.07237 464.59015 1 0.12305408 591.2728 363.0126 1021.1299 443.7291 1 0.10216873 676.29767 356.84537 850.9709 383.34354 1 0.09153944 632.726 357.4889 682.62555 386.41016 1 0.060224965 595.5787 257.21808 889.93744 431.38757 1 0.055508763 648.34033 433.45868 946.4126 939.31976 5 0.057818882 478.4355 686.68604 569.08954 755.40063 7 0.99984217 488.1035 703.1662 669.3307 891.1042 7 0.99945456 246.39714 736.8482 424.31726 919.90204 7 0.99862266 2.6215591 457.91064 136.33194 552.80615 7 0.9982097 29.052032 603.0757 156.78435 740.1212 7 0.9968919 413.8401 421.66568 613.4971 774.28467 7 0.99029154 381.60342 648.4744 486.1201 784.2541 7 0.97631717 390.95895 762.4698 499.29953 892.9654 7 0.96886975 252.81006 473.84027 437.20654 580.70306 7 0.9372929 254.97174 594.8932 414.04974 759.40466 7 0.88901955 307.1069 569.5012 446.16867 667.70337 7 0.5452227 379.57883 641.0995 498.7443 896.67883 7 0.22162893 268.04535 434.01575 439.82172 690.6848 7 0.14233711 476.66953 696.3822 571.6575 760.15027 7 0.124713086 335.7749 581.27625 492.0868 799.0248 7 0.09939318 249.51828 580.16516 441.91873 919.24133 7 0.082347564 93.126976 428.54675 135.23969 457.56903 7 0.06993014 381.91245 567.081 448.2385 664.9899 7 0.0698637 476.7343 753.4272 502.6623 876.6214 7 0.05863997 458.77652 754.97876 499.6564 786.3678 7 0.05083607 399.77426 557.3317 511.6412 783.5966 ,test/2125.jpg
0 0.094681434 395.10144 334.935 696.10254 576.9276 1 0.9883916 395.07083 334.50797 695.92444 577.912 ,test/2126.jpg
0 0.9951675 336.51843 374.71527 662.487 622.1075 ,test/2127.jpg
0 0.38007772 816.1725 632.99524 1022.2689 770.0663 0 0.15400201 316.5818 392.12146 805.2793 761.2401 0 0.05166215 537.14465 754.22736 776.26904 896.43805 1 0.9749527 316.80682 393.43457 802.8588 761.074 ,test/2128.jpg
2 0.99931896 246.59311 379.0863 677.93933 697.3103 6 0.9011633 0.0 22.53421 207.824 148.00557 6 0.18891005 216.9652 73.72399 256.78677 116.31005 ,test/2129.jpg
0 0.9999505 151.58127 313.6275 913.7572 795.8139 ,test/2130.jpg
0 0.9970415 207.1427 273.9571 726.12396 492.68335 ,test/2131.jpg
0 0.9156507 229.45004 236.15895 904.81934 607.62427 0 0.818661 288.03528 741.33984 750.2075 848.63904 0 0.05366136 249.18726 334.8168 432.0678 593.8811 1 0.32509565 286.95932 742.3429 754.11804 848.13184 1 0.310771 231.98517 233.19713 916.456 621.89136 7 0.12850313 286.37683 741.96826 755.0928 846.4136 ,test/2132.jpg
0 0.32509995 332.7145 525.5956 434.2482 659.25366 0 0.24365804 86.91493 149.02405 571.47833 511.45 0 0.08198574 4.0160027 309.2232 121.47015 432.71722 0 0.06043016 509.25934 191.48573 1013.5938 306.8396 3 0.827869 89.94684 150.86533 575.75824 513.04626 4 0.07931476 88.36661 150.73552 574.92126 512.79926 5 0.07943775 87.01907 149.91602 574.9723 512.7331 7 0.22569698 336.06445 529.86664 435.56445 658.8836 ,test/2133.jpg
0 0.11079871 240.1235 100.61325 711.96704 792.7533 1 0.076956645 241.1465 99.98703 713.48016 789.1019 7 0.9647047 239.4381 98.83377 714.7275 789.9248 ,test/2134.jpg
7 0.99959964 121.082245 214.89557 860.17053 749.7919 ,test/2135.jpg
0 0.24236645 315.68182 561.9552 364.17468 589.74866 0 0.13691415 801.82605 561.9162 991.4324 591.19867 0 0.073984064 145.64023 899.42865 711.43677 1018.9272 0 0.071967885 231.39038 974.165 608.4838 1022.3868 0 0.06538761 168.28601 1000.13666 255.10638 1024.0 0 0.053609494 168.11804 977.5245 258.79407 1024.0 1 0.51627356 315.72696 561.9471 358.91727 590.0329 5 0.47038242 233.42212 974.8205 610.31085 1022.3881 5 0.106634445 166.323 927.36316 719.96515 1017.76904 7 0.99971396 318.7171 130.57257 912.6976 606.22504 7 0.99961877 82.8537 528.04913 833.9709 1006.30536 7 0.5553656 318.39697 228.81808 353.82568 371.58664 7 0.245933 145.64023 899.42865 711.43677 1018.9272 7 0.08475897 170.01192 995.6436 257.90176 1024.0 9 0.0568642 145.64023 899.42865 711.43677 1018.9272 ,test/2136.jpg
0 0.19093119 224.77231 238.25043 913.52893 994.1474 1 0.90692437 121.80206 83.79709 914.54193 1001.5476 1 0.08003121 44.457855 22.29007 616.92725 445.0599 2 0.07466895 225.78146 200.2641 908.9617 996.3039 ,test/2137.jpg
0 0.066820994 809.02563 141.56265 1024.0 308.11044 0 0.06291973 359.16058 444.95837 513.7332 525.95715 1 0.9858812 0.0 399.51126 349.18732 996.7195 1 0.9817615 434.3188 199.41435 714.68195 458.12585 1 0.7619006 495.1931 421.09833 693.99817 867.3016 1 0.61808485 303.383 213.63162 472.5288 505.4056 1 0.44742516 0.0 213.41727 690.4266 1022.2422 1 0.4072388 4.8211517 299.85034 288.6029 424.55682 1 0.21898107 448.3884 67.11835 1024.0 976.95087 1 0.18963929 313.7129 216.66626 700.73285 933.5326 1 0.120519586 309.2879 292.47314 526.03613 471.8794 1 0.09120931 15.804718 757.27356 1005.93274 1016.5596 1 0.08415965 356.23978 195.60812 571.86206 521.9209 1 0.07011471 392.0366 45.238953 1024.0 444.7633 1 0.06887534 308.68573 236.32219 709.3615 539.16425 1 0.06726344 3.996109 285.30075 435.5058 524.7534 1 0.05460084 379.1911 309.75662 522.7675 531.9117 2 0.05387749 497.33682 423.3335 691.8506 865.1417 3 0.3998286 808.7454 141.97565 1024.0 308.61508 3 0.26350716 358.26886 446.23856 514.9806 526.3323 4 0.9978557 323.28424 449.6059 554.305 949.54034 4 0.14058347 493.1062 421.88617 700.7086 861.27277 5 0.46119076 808.5269 140.94386 1024.0 307.32855 5 0.303215 497.41983 423.49646 693.0861 864.865 5 0.076163426 359.16058 444.95837 513.7332 525.95715 5 0.06646681 326.68994 394.88498 555.37384 950.65796 ,test/2138.jpg
0 0.10901899 746.0693 795.2833 893.70184 822.7501 3 0.99979526 358.30585 355.95068 640.8262 693.76514 ,test/2139.jpg
0 0.82752895 464.6889 322.6073 741.76276 547.71643 0 0.4307852 471.61328 244.29253 895.95984 551.33905 0 0.15854041 17.770035 680.57745 319.49127 825.98004 1 0.28909406 469.84717 245.22203 898.0664 549.1964 1 0.26799262 18.335007 680.5445 319.57758 826.34467 1 0.21567002 464.56964 321.5968 741.4593 548.44336 2 0.74020356 468.85806 254.35406 892.5459 546.82874 2 0.2923764 464.56964 321.5968 741.4593 548.44336 2 0.20389356 17.985214 680.52277 319.49554 826.1961 5 0.14239243 18.324814 680.0498 319.7984 826.11255 6 0.6395488 18.509476 680.3894 319.18018 826.0043 ,test/2140.jpg
0 0.9404584 362.70047 839.6498 405.7065 919.7793 0 0.93944323 158.10324 333.56458 232.33624 402.06586 0 0.759841 968.0432 698.69324 1019.3999 752.6044 0 0.5403289 506.2809 248.9304 568.646 318.6053 0 0.228319 910.07825 711.96985 979.5266 779.1553 0 0.14754027 535.5848 497.4296 575.383 567.3095 0 0.14280261 982.7353 457.25455 1024.0 524.0897 0 0.12490928 594.2062 330.4567 614.6521 376.69186 0 0.12062286 427.9556 215.34444 460.7368 238.81697 0 0.10916634 534.3256 335.5753 616.8643 383.12967 0 0.09942124 551.5329 452.97903 667.92523 551.0937 0 0.0942678 502.0134 328.48947 640.95337 387.85733 0 0.08875744 296.0173 417.60278 344.51114 458.23584 0 0.084716074 567.5546 457.1352 662.0778 515.7896 0 0.08161722 128.34773 386.32648 524.77734 855.29913 0 0.074200496 505.41904 316.85434 564.3936 378.7524 0 0.06744843 659.1725 173.03299 853.47925 398.04172 0 0.06369587 515.74554 604.56226 542.0417 631.16675 0 0.06304814 697.35693 154.16216 845.172 198.2853 0 0.06155212 828.21674 180.8595 913.89935 337.9206 0 0.05835932 604.13556 7.557129 871.9985 393.52286 0 0.051558558 871.8581 725.159 939.5833 801.26324 1 0.96377367 380.00565 319.19226 463.39792 379.60535 1 0.96245104 422.64835 219.95451 487.67203 274.0854 1 0.94083744 982.5093 457.1043 1024.0 523.7022 1 0.9277551 909.8533 713.22815 979.6068 779.4498 1 0.8410512 287.0454 413.00394 389.34375 503.69284 1 0.8301762 214.7649 347.8432 388.9566 502.3598 1 0.64539844 479.4123 492.29755 541.02374 579.11847 1 0.4855249 435.73618 284.60706 483.70438 352.84222 1 0.47670984 379.94064 283.87 489.9789 379.0833 1 0.46129245 604.2812 1.9755554 876.232 395.6148 1 0.39668578 367.9266 497.5221 536.4375 572.2677 1 0.39021048 536.5435 497.38812 575.50836 565.8127 1 0.20702152 116.06696 633.95764 153.82666 717.4956 1 0.1926726 158.27518 333.4933 234.1004 401.80212 1 0.19202656 472.28793 498.20093 587.09033 573.63574 1 0.1812372 538.899 449.81097 667.52716 542.9102 1 0.14508243 506.7464 248.86444 568.7503 318.79633 1 0.14373848 159.24414 333.21344 374.43103 436.92102 1 0.13677827 296.0173 417.60278 344.51114 458.23584 1 0.1261338 593.998 329.90555 613.0767 374.91068 1 0.11898203 485.73978 303.107 517.6089 354.87903 1 0.11722002 567.88214 267.30585 599.6812 319.21545 1 0.116916664 534.3542 336.2015 620.2111 382.5811 1 0.10716249 445.61655 491.1604 528.23846 568.1063 1 0.10472096 128.34773 386.32648 524.77734 855.29913 1 0.091455966 566.9169 456.67178 666.6516 511.3337 1 0.084039584 636.87024 61.953796 913.0 561.5451 1 0.08383745 486.73804 457.74384 649.52185 573.0103 1 0.077052556 362.7094 839.4758 405.58887 919.8873 1 0.07433478 473.75266 298.04175 493.96207 342.17206 1 0.06666152 967.5556 699.1143 1019.7089 752.4997 1 0.05959738 487.95752 304.5911 563.61206 370.26535 1 0.057771053 565.7024 446.7773 667.4208 486.3508 2 0.1413275 537.53406 497.7436 576.3529 562.9644 2 0.10531852 479.4123 492.29755 541.02374 579.11847 2 0.0815643 561.12537 505.6305 584.44507 543.03906 2 0.053154595 472.28793 498.20093 587.09033 573.63574 5 0.6718622 476.7387 332.1572 675.955 512.24585 5 0.18537122 503.35785 329.40402 651.4516 392.89243 5 0.11263465 521.88574 335.12332 616.3712 383.54404 5 0.103046775 175.0499 765.56757 236.20468 852.592 5 0.07647451 504.51953 318.1695 564.73584 379.7196 5 0.060686115 537.0135 497.415 574.27435 565.1476 5 0.054034393 487.8846 306.384 614.4707 384.92813 5 0.051657163 567.88214 267.30585 599.6812 319.21545 6 0.96914816 781.57654 429.20294 970.4081 625.14276 6 0.948188 658.1846 191.35262 882.9414 494.75293 6 0.80296856 650.2122 459.88727 841.72797 596.6348 6 0.7897674 671.6087 203.45184 848.5538 377.63928 6 0.57925266 655.24316 427.7807 950.51514 584.82935 6 0.36858797 636.87024 61.953796 913.0 561.5451 6 0.3642277 435.9582 284.6261 483.0697 353.0144 6 0.2662111 603.67664 0.009185791 877.2805 394.38602 6 0.2496663 664.6245 327.80328 886.1681 482.9048 6 0.19769257 669.1321 415.972 897.50903 510.20715 6 0.18543337 803.7845 198.29976 965.6193 602.7295 6 0.172065 657.7595 299.65485 962.6836 618.5437 6 0.13051142 532.49854 452.2126 897.131 592.57074 6 0.12341614 560.8869 480.80847 811.8111 574.85754 6 0.101074375 476.69934 330.15054 677.43994 512.0749 6 0.09294833 793.87726 428.02914 922.7674 548.54504 6 0.060739152 718.6263 428.12424 861.8958 482.28757 6 0.0533276 788.0718 427.62296 858.77124 519.60504 6 0.050137065 775.66156 281.31564 841.7674 368.26675 7 0.9992945 549.3971 480.25888 803.68005 848.82324 7 0.9823647 126.53822 387.78918 524.39325 856.19434 7 0.95456976 174.58128 764.6855 236.71251 852.98334 7 0.52587795 431.62842 366.26456 508.18805 527.69604 7 0.4605883 506.38974 248.88646 568.66406 318.55164 7 0.4175136 506.3225 331.64813 620.15686 384.4532 7 0.3285835 505.41904 316.85434 564.3936 378.7524 7 0.2064636 439.98096 338.69427 674.92847 528.2289 7 0.19181721 116.06696 633.95764 153.82666 717.4956 7 0.16118716 967.401 699.4223 1019.51575 752.425 7 0.10829036 551.0698 455.363 667.2803 552.9189 7 0.05772648 404.8463 337.82974 548.3683 580.58606 7 0.050472416 515.74554 604.56226 542.0417 631.16675 ,test/2141.jpg
5 0.9996093 291.08466 84.59494 515.7571 548.77576 ,test/2142.jpg
0 0.33358696 246.1724 25.4976 326.07425 113.1279 1 0.2708294 246.5423 25.56591 326.1574 112.87089 2 0.6336227 246.61617 25.389355 326.1372 113.38501 7 0.99969053 183.73068 303.4048 691.58765 774.01 7 0.9984199 620.1847 665.93616 843.43604 869.5238 ,test/2143.jpg
0 0.99925214 180.76175 404.42114 574.4426 684.94434 ,test/2144.jpg
0 0.98254895 235.97588 130.3578 429.93976 305.1764 0 0.7833033 823.26996 351.54184 918.644 459.06168 0 0.6247504 544.7251 453.94733 620.73035 519.7002 0 0.38554332 244.5629 134.33386 507.90085 371.6386 0 0.21834208 332.25934 706.51886 411.57513 752.64813 0 0.08475861 641.79083 324.96088 781.97504 449.24957 0 0.051481877 457.79065 301.6295 625.0034 460.5242 1 0.9405922 640.0883 622.41833 985.4566 879.2887 1 0.23693056 526.46826 479.0619 993.2899 892.24634 1 0.051064696 823.63403 351.6621 916.7245 459.38458 5 0.9729802 352.07635 242.28082 987.5566 899.04877 5 0.78348935 375.97543 256.96027 676.01965 518.57196 5 0.50355834 492.02414 469.97925 852.0449 731.8551 5 0.328098 489.5298 475.6862 991.8308 888.95764 5 0.13279103 363.7209 253.99641 779.55756 637.7441 7 0.14121944 343.18378 309.48065 994.65094 893.2244 7 0.13856277 493.02887 469.30167 850.98114 733.3439 7 0.07483853 544.6479 453.78564 620.55206 519.1513 ,test/2145.jpg
0 0.5211517 157.0841 139.48624 716.31683 868.4874 1 0.12862895 154.23135 141.72745 711.6874 931.4354 5 0.10937482 153.12549 132.51254 724.455 876.7284 7 0.5724789 158.74081 139.86017 717.40576 867.7648 ,test/2146.jpg
0 0.998844 334.28015 333.85812 573.0185 598.4468 0 0.9546121 377.60406 481.336 572.98926 594.47406 0 0.7342352 656.4673 0.0 1024.0 619.1625 0 0.128305 166.95396 653.0035 365.93835 863.2535 2 0.061158855 691.9008 739.3605 731.6656 761.71094 3 0.7914973 691.7516 737.5059 732.1199 763.7878 5 0.12854247 693.3246 736.8027 732.7677 763.285 9 0.098439194 656.4673 0.0 1024.0 619.1625 ,test/2147.jpg
0 0.24312317 949.9423 572.1806 1022.5557 644.89606 0 0.19192848 668.86536 147.0368 821.07605 227.75201 0 0.11549037 513.52325 2.2448616 532.2664 94.74402 0 0.08966813 863.057 85.19379 917.1953 176.83255 0 0.08202716 38.9557 133.69496 109.487076 164.57048 1 0.99416614 15.877563 93.14618 630.56366 738.3736 1 0.9753194 540.43994 21.843193 910.86584 213.18207 1 0.969415 611.2872 283.68582 1004.61346 838.01575 1 0.87927383 578.8725 0.009479523 912.96893 69.160706 1 0.87562275 861.8315 83.628174 924.24066 178.5249 1 0.8622047 0.0 150.61978 105.24489 543.8889 1 0.8552695 0.0 437.3496 56.409164 550.93164 1 0.8332065 0.0 2.299839 84.02029 34.249886 1 0.8275989 82.713135 61.527527 378.38724 170.21465 1 0.81363344 664.7253 122.71945 913.21356 447.28 1 0.78798324 668.6301 146.32297 823.8253 226.0293 1 0.7395132 671.2882 325.0637 737.27783 420.86295 1 0.70260763 21.359833 361.85962 505.1962 706.03406 1 0.6835864 74.02361 3.105877 287.4686 94.497055 1 0.56115556 77.91948 111.30704 549.1648 408.15842 1 0.54513645 549.0683 64.995605 1014.2828 698.4805 1 0.5433495 441.01428 91.61514 691.2715 742.09546 1 0.53223443 536.77606 22.522995 924.02985 481.99628 1 0.5234595 70.39441 2.264038 299.22586 173.17557 1 0.5214952 699.75916 199.35515 1018.2141 587.3872 1 0.5193023 9.53241 674.11475 588.2561 1018.77515 1 0.45795274 38.491463 134.11215 112.44924 164.43481 1 0.45400023 949.62756 572.06494 1022.42615 644.64954 1 0.41229922 69.03775 0.0 527.3457 170.27518 1 0.31756333 841.575 192.9764 998.23895 308.33685 1 0.23220646 0.2339325 17.80569 78.07087 33.806824 1 0.22365159 670.7256 142.87485 840.1377 360.32742 1 0.2130371 79.91423 62.830597 164.93681 93.04799 1 0.19651203 77.68765 60.411564 175.71889 134.66393 1 0.19208652 320.56418 0.0 337.7122 68.675674 1 0.18048601 862.9606 131.2786 931.7333 180.75952 1 0.17161673 715.67847 381.95685 1022.07996 628.93097 1 0.1676685 679.15765 302.22427 767.55475 338.30893 1 0.15658993 847.2197 220.48082 1018.5465 539.1853 1 0.14081301 60.78012 5.3014374 935.1952 209.17941 1 0.13624814 689.51 286.55704 886.6914 427.8406 1 0.13489752 705.2105 146.40526 1003.9477 356.77985 1 0.12503585 226.18402 652.86365 408.0827 679.8441 1 0.11595144 847.6761 238.60555 1004.9128 349.40106 1 0.109362304 235.16156 666.86536 431.55316 705.94763 1 0.09986055 35.891663 664.16376 446.59128 710.62726 1 0.09968292 256.69418 148.15411 1024.0 835.50256 1 0.0985419 546.6936 91.7529 904.46387 270.96112 1 0.08653561 575.2742 0.0 748.7932 32.084263 1 0.08475396 18.551605 606.02545 591.8872 742.262 1 0.07865076 323.49084 0.5640564 534.0726 110.668884 1 0.07106544 6.930664 286.4386 502.7758 470.74768 1 0.07036165 865.8793 96.1277 910.11426 160.45808 1 0.06473248 65.22407 3.5659943 97.758125 138.13322 1 0.06238894 521.9036 727.1582 595.4666 1019.9381 5 0.19175996 949.68896 572.0951 1022.5137 644.89685 5 0.05190671 682.1512 302.88736 766.92096 338.17575 6 0.07503404 34.44023 365.24683 494.6584 693.49805 7 0.05351783 686.9972 302.04077 766.20105 336.38165 ,test/2148.jpg
0 0.12683041 178.9415 44.987152 681.84375 630.7162 0 0.09369716 86.85622 55.447205 527.7638 929.842 0 0.07489727 549.865 212.58429 1024.0 949.5422 0 0.06315442 242.59427 143.1826 351.44736 316.8048 0 0.06139168 158.21371 7.2890625 1024.0 893.79736 0 0.050753694 529.9657 62.407593 1022.776 633.18207 3 0.85586685 495.3704 711.5055 714.2422 943.2185 3 0.14556655 730.24347 518.95166 940.38324 946.4425 3 0.14075689 653.7277 503.3935 761.73114 625.2105 3 0.127844 242.62383 142.65997 354.9497 322.63675 3 0.11155839 687.028 597.0856 702.5776 662.1571 3 0.09061437 614.71155 422.45224 695.15344 568.67175 3 0.08093135 662.2482 383.1701 758.1656 618.4549 3 0.059519574 381.59372 110.6843 475.87064 296.85007 3 0.058930203 529.9657 62.407593 1022.776 633.18207 3 0.050442547 685.1379 431.22177 704.08 504.58524 4 0.9899511 532.0835 224.3833 647.41113 470.70654 4 0.9575902 55.062744 747.7585 376.38666 936.9434 4 0.90222746 128.4678 485.95856 394.178 809.6589 4 0.8828301 728.629 389.11508 907.49 954.0049 4 0.8147726 275.68546 735.93256 472.28 938.418 4 0.800523 205.58556 285.99237 370.09595 623.3961 4 0.73233336 602.55994 425.6642 693.0853 565.8192 4 0.72013307 374.47308 563.0276 533.24994 791.7002 4 0.7095833 518.42163 417.6532 705.81885 795.79285 4 0.6791611 79.232025 354.59048 426.77173 938.567 4 0.49064386 544.2366 64.459915 620.7833 254.45021 4 0.4899615 310.70477 443.7501 467.92322 663.7067 4 0.44161406 733.9317 376.14563 852.991 815.00183 4 0.4395752 617.19763 258.87973 687.3334 410.38425 4 0.40832832 492.6109 711.34814 715.3907 944.42126 4 0.38652343 353.2066 237.25273 545.4126 680.89795 4 0.3303698 332.4714 600.7949 392.58737 669.1925 4 0.32091594 86.85622 55.447205 527.7638 929.842 4 0.32019854 516.6288 418.5049 643.7103 685.3623 4 0.31476158 586.9331 556.8502 707.73816 795.82837 4 0.30805987 361.13687 250.91391 469.07578 467.39517 4 0.2938238 519.3593 406.1377 582.35675 720.6238 4 0.29084185 381.68396 109.48291 481.10114 313.3734 4 0.26629144 319.33447 431.8542 533.5601 792.9842 4 0.26436594 524.65845 534.47217 760.9136 886.1594 4 0.26177046 242.62383 142.65997 354.9497 322.63675 4 0.24346292 419.44086 419.4295 555.4156 693.3 4 0.23126784 419.24152 234.5824 545.67053 456.33826 4 0.22695091 508.327 197.33337 705.2361 947.8063 4 0.22073856 150.07474 281.50854 411.48532 714.13794 4 0.20041277 394.19064 119.17288 550.31274 513.0443 4 0.19997832 239.8624 138.27127 399.92673 547.69446 4 0.1913683 270.3667 448.62738 351.69403 611.12445 4 0.17387028 273.97998 257.8413 388.0805 506.0652 4 0.16646095 513.99915 364.3703 559.11597 442.3617 4 0.15597259 205.68832 254.07768 531.97034 623.7739 4 0.15057692 663.03015 572.20654 756.0586 845.75916 4 0.13280311 674.1944 514.5207 745.72955 766.94244 4 0.1202609 522.90967 216.73235 677.96655 663.5309 4 0.11949371 681.89496 594.8102 711.60004 775.83105 4 0.10597973 297.35916 250.01346 559.90173 481.1154 4 0.105726734 319.94183 242.1823 460.4107 620.5296 4 0.10499225 372.207 412.2506 421.05093 528.2224 4 0.098050684 385.12143 86.49292 598.2781 376.73596 4 0.08895109 476.0958 254.25974 554.06445 444.87747 4 0.080788106 283.03558 429.35062 663.5132 653.69305 4 0.07487672 661.064 581.1475 722.5158 786.37006 4 0.07218641 526.87683 430.27228 686.4187 573.58405 4 0.068339586 374.9199 426.26303 478.73325 636.3195 4 0.064597085 578.7445 672.3174 720.94995 853.94214 4 0.061634712 438.21115 808.2697 532.02185 936.0295 4 0.056892943 674.09406 416.4868 761.4981 705.34717 4 0.05583336 196.83716 310.4984 376.2124 483.51733 4 0.05531374 250.50208 359.9469 437.156 793.97534 4 0.053751454 568.6822 48.933975 718.9826 509.78723 4 0.0519755 717.90326 591.44507 790.5406 787.802 4 0.05043141 239.75926 72.93909 587.32324 756.7294 5 0.1460378 529.9657 62.407593 1022.776 633.18207 5 0.1146095 653.7277 503.3935 761.73114 625.2105 5 0.090183906 171.34811 6.843811 1024.0 669.4669 5 0.07573095 644.0932 556.12476 757.06036 610.999 5 0.07560599 86.85622 55.447205 527.7638 929.842 5 0.07257944 615.99194 260.60193 685.9127 409.87543 5 0.06829061 11.617432 932.9847 592.734 1019.52155 5 0.05554642 180.37938 40.331085 685.3685 591.3153 5 0.053716287 549.865 212.58429 1024.0 949.5422 ,test/2149.jpg
0 0.39945748 0.0 252.60394 132.91704 510.8498 7 0.73465097 0.0 250.52913 142.63412 510.87848 ,test/2150.jpg
7 0.99973184 284.1152 221.5986 815.18005 821.2876 7 0.9493204 190.64418 130.20383 459.3813 583.6769 7 0.32300282 303.2857 202.72517 567.8624 610.7165 7 0.20161687 192.9714 140.58449 465.63364 321.33032 7 0.16120844 198.23473 241.09312 351.6225 581.10693 7 0.109654814 184.33658 144.59 561.4491 408.60434 ,test/2151.jpg
0 0.56434584 791.6842 888.9443 962.0525 1022.12164 0 0.13641752 528.43713 897.8369 656.4822 1021.17566 0 0.13566035 0.09073639 507.77838 26.759846 651.1828 0 0.13086112 656.0644 777.9287 826.5186 941.0272 0 0.10402626 424.57825 765.74896 582.23114 942.89545 0 0.064415894 576.3899 270.5738 617.3424 384.35883 0 0.059091024 450.34723 664.3309 565.8578 843.3896 0 0.0556169 440.13245 239.08063 621.8242 389.7298 0 0.05518837 392.82935 590.40576 477.78705 681.0829 0 0.05500964 28.597984 695.7684 241.1669 965.3558 1 0.98284537 19.524673 691.86743 249.4785 986.99963 1 0.9705945 295.4354 760.5302 407.69577 903.1589 1 0.9541362 197.63829 682.5245 305.5797 855.3851 1 0.94603246 528.58905 898.94794 656.74005 1019.87384 1 0.9295412 724.25256 79.23239 965.32776 332.05447 1 0.9233879 425.9194 765.81836 580.74817 943.79407 1 0.84916943 652.6691 772.9948 827.5649 945.9915 1 0.7917084 505.9197 655.51514 571.3341 786.02734 1 0.70628434 791.5659 889.2677 962.3225 1022.1907 1 0.51699394 813.0538 768.74396 871.2863 875.6287 1 0.3792212 465.83646 261.1939 616.6736 385.49805 1 0.31190732 924.1863 352.57697 1019.5404 502.84045 1 0.23785718 461.25073 660.88995 569.9308 835.85187 1 0.20623523 432.33307 698.8121 843.89154 943.7138 1 0.20340133 61.672092 426.40753 170.58577 569.91394 1 0.18502317 743.2953 81.06653 1016.9341 561.69714 1 0.18483455 994.53143 199.28963 1024.0 505.47913 1 0.18348451 969.79156 219.1514 1019.37494 496.37497 1 0.14791149 914.4814 342.05878 1020.92755 615.88824 1 0.14129522 887.91223 261.02243 1024.0 518.2706 1 0.13711056 456.91486 759.4453 513.47736 840.506 1 0.12913573 0.0 508.7635 26.578644 650.71576 1 0.11162696 393.14322 245.68492 700.4512 680.3393 1 0.10740059 761.86316 761.83 869.9513 877.8139 1 0.08588482 531.8051 783.2854 852.89984 983.3247 1 0.07444814 392.82935 590.40576 477.78705 681.0829 1 0.06949159 590.34955 17.417007 985.85724 341.2696 1 0.06141301 296.624 793.9727 334.50943 899.13983 2 0.093039535 197.76707 682.2506 305.38824 855.16797 5 0.120029785 613.46606 695.9459 712.2988 731.8602 5 0.05364756 424.57825 765.74896 582.23114 942.89545 6 0.45876592 912.43097 386.15567 1022.3461 612.6452 7 0.99963367 131.10277 107.55069 448.94153 706.78894 7 0.9964557 673.8232 299.95575 936.283 725.0795 7 0.95960325 541.1423 692.1669 746.94293 917.8364 7 0.85458875 386.4748 239.03496 702.7359 695.02 7 0.37364602 0.09073639 507.77838 26.759846 651.1828 7 0.340498 430.70447 697.5898 820.0117 937.7879 7 0.247312 613.46606 695.9459 712.2988 731.8602 7 0.14510193 717.845 302.22946 815.71704 373.46976 7 0.12516135 634.5056 776.24554 830.10254 938.9627 7 0.11872506 388.4838 591.706 478.7031 734.8698 7 0.08585292 424.49603 765.954 580.36163 944.70483 7 0.071444735 387.95853 422.08392 641.93353 699.2657 7 0.06942633 674.1262 656.0931 892.13855 752.4632 7 0.062504 461.8167 241.65538 711.8669 466.5003 7 0.053270176 613.9065 258.09784 699.52136 549.9817 7 0.052116085 555.925 786.8363 768.1661 923.8345 ,test/2152.jpg
0 0.31834763 476.53336 807.0757 630.9435 882.31177 0 0.196015 413.5466 801.2788 640.68884 906.2715 0 0.059225306 313.7118 498.80966 462.96667 685.57886 1 0.9938955 116.037476 278.67245 999.02637 905.6638 1 0.96795994 127.19342 402.59875 671.26215 900.6847 1 0.5011183 312.95926 521.74603 544.59753 696.97687 1 0.42907554 447.22113 361.07123 1005.38116 849.6755 1 0.32336167 131.90596 463.47012 544.14716 703.54755 1 0.1757308 413.5466 801.2788 640.68884 906.2715 1 0.17087577 125.60103 407.7609 424.72113 594.6045 1 0.16244386 388.08777 407.07788 475.35132 529.1526 1 0.064624675 354.8907 387.35492 704.0678 736.179 1 0.060071073 273.12653 451.191 640.9231 814.5614 ,test/2153.jpg
0 0.0759035 263.89172 126.645905 747.00305 867.3872 2 0.11625175 262.2808 128.21097 748.1306 865.71594 3 0.96761894 262.20688 131.77405 745.7208 859.9125 5 0.053214382 263.89172 126.645905 747.00305 867.3872 ,test/2154.jpg
0 0.61335784 491.67056 511.02295 668.67096 597.59546 0 0.5005897 301.66382 383.3479 457.65167 542.009 0 0.36698878 612.0274 502.94427 663.5352 544.3228 0 0.13828735 454.63138 364.3317 525.81287 407.9731 0 0.13264322 227.41617 651.8851 324.97366 720.79083 0 0.122093014 305.9894 692.26843 376.60843 749.31836 0 0.107049316 2.3215942 398.85837 141.06335 473.14127 0 0.10173592 602.1314 701.3631 680.2879 742.95734 0 0.09846913 155.42648 610.9926 320.4589 729.6453 0 0.079131015 522.0029 399.1819 625.5978 455.352 0 0.066321276 258.58133 672.3515 318.93887 722.1807 1 0.9930829 464.64093 230.82562 692.4416 387.56818 1 0.9656213 643.6519 324.2907 913.11237 675.7793 1 0.9407071 482.8581 540.67096 669.10626 705.1933 1 0.9258383 4.98143 552.85803 163.39981 676.8832 1 0.8950752 364.45844 196.61903 536.6857 332.0511 1 0.8915733 392.43945 698.55273 688.3976 851.91943 1 0.88927335 378.3208 318.72382 480.44012 393.1858 1 0.8847632 967.82184 782.5625 1006.48895 820.06396 1 0.8666858 424.57968 612.12103 493.9058 660.6031 1 0.8441447 687.6077 799.7165 795.9825 892.44037 1 0.84056807 17.907135 368.1787 465.31754 680.43274 1 0.8276694 676.9626 627.53174 995.9941 876.1572 1 0.7922826 155.92734 609.5929 321.47983 729.0299 1 0.7680217 305.81537 692.1176 376.2685 749.346 1 0.7654785 477.438 407.68735 665.24194 605.46985 1 0.75503033 336.14456 805.26794 518.8887 881.3059 1 0.7546622 51.548065 668.07385 730.1881 894.3353 1 0.5926735 603.65735 702.8387 680.2357 742.60126 1 0.5540248 492.10095 856.39154 721.41284 924.3973 1 0.5458231 111.44028 340.99847 318.48898 526.82556 1 0.54276156 137.08875 474.83368 522.7786 714.74713 1 0.50856924 415.27188 699.6542 612.9751 812.7648 1 0.4451653 78.98682 735.0576 501.47546 890.251 1 0.44140896 67.27084 399.04355 573.2677 874.19934 1 0.43322435 491.57486 510.51166 668.6335 601.0655 1 0.42863464 668.37726 630.11383 728.92084 869.90204 1 0.40920568 94.70146 236.28839 244.28352 411.86194 1 0.4021489 554.28613 366.3747 625.1155 383.70654 1 0.39661536 666.81476 648.8185 820.17316 901.28674 1 0.36605674 63.286766 340.44952 312.41574 644.09454 1 0.33396053 450.98242 440.97253 493.412 548.1547 1 0.2995305 422.77353 606.22546 539.0237 714.63196 1 0.29066086 3.4531326 398.71008 132.91504 473.54236 1 0.27601728 463.0014 346.1507 684.7745 728.53375 1 0.26859048 447.21765 332.74033 737.8302 404.4207 1 0.25669426 688.83997 866.03613 905.57104 904.85376 1 0.24901304 488.6483 401.66653 634.7471 525.8469 1 0.23176867 132.55678 349.10852 460.76813 536.7461 1 0.22795907 433.3775 654.2169 544.75934 714.07996 1 0.22692387 98.34618 238.5932 172.06985 412.1233 1 0.22516285 690.82153 795.0651 890.3264 907.14264 1 0.22441792 301.4702 383.9225 457.66394 542.07385 1 0.2241904 151.73164 356.36725 182.46355 382.80322 1 0.21414378 453.107 323.58725 886.1364 697.9126 1 0.194697 358.28146 194.6011 600.0232 389.1467 1 0.19428553 590.09784 354.33984 713.529 388.79816 1 0.19362514 786.45013 525.4351 999.44025 854.0723 1 0.1811726 425.86453 642.0776 503.11984 658.75604 1 0.16677062 639.6378 385.71606 1012.19763 857.7582 1 0.14883661 163.06625 586.1927 516.66675 737.29767 1 0.14090227 208.82394 651.08344 322.55032 724.0373 1 0.13897766 451.9281 366.69168 625.00183 405.57224 1 0.1381845 493.19522 539.39484 590.09503 608.6739 1 0.13148822 50.578194 496.6065 95.73298 558.5776 1 0.12980872 11.438095 454.23096 124.65309 495.3269 1 0.11754042 482.95392 419.4747 552.98737 556.3447 1 0.116413794 364.84186 734.98834 613.92004 842.27716 1 0.113789804 329.28293 389.67606 532.4219 697.0863 1 0.111369796 550.8367 579.9844 639.16235 605.1229 1 0.110283814 391.67706 533.0975 504.31982 663.7785 1 0.107362315 501.27884 572.6079 615.1849 609.22925 1 0.096606486 583.22394 583.36084 617.09894 607.09094 1 0.09310454 969.42957 614.9615 1023.0652 827.1453 1 0.088166624 295.90747 373.83215 687.8367 856.07166 1 0.086736284 417.2731 325.94537 618.46466 410.8094 1 0.08585037 102.66138 239.23209 244.20895 323.58493 1 0.082561165 144.95773 303.19464 179.46857 399.28418 1 0.07820983 456.39322 393.3757 629.2171 457.52567 1 0.077134445 464.39218 341.56934 747.91724 546.10846 1 0.076085985 358.78006 384.0172 648.5919 532.81366 1 0.07527059 573.3582 581.1379 667.28265 609.331 1 0.069800735 963.8616 746.6333 1005.54346 821.81384 1 0.06955145 76.14392 765.4936 697.39484 925.92804 1 0.065833025 301.67792 807.9493 741.07697 896.76215 1 0.0628257 378.84943 208.74245 711.61005 495.0152 1 0.062118094 612.0274 502.94427 663.5352 544.3228 1 0.05984588 538.70825 581.3298 589.1952 606.16327 2 0.05783697 305.7801 691.8814 376.58154 749.3377 3 0.25402707 243.13727 346.46945 293.35193 376.55447 3 0.07442338 585.3329 585.6529 616.81824 607.95294 3 0.06625883 50.578194 496.6065 95.73298 558.5776 5 0.11462255 97.709625 240.77867 191.86072 406.0099 5 0.10215237 4.6172943 398.91156 127.34381 473.6914 6 0.58362275 155.77185 612.23724 295.23608 728.7413 7 0.90699637 527.773 399.26358 625.74066 455.30716 7 0.68855685 300.2645 385.9057 457.50754 541.13043 7 0.20982999 491.63977 510.81976 668.9802 597.8929 7 0.19327533 304.40668 691.6779 376.2965 749.53107 7 0.1766325 97.709625 240.77867 191.86072 406.0099 ,test/2155.jpg
0 0.06668537 572.95715 12.207062 683.19507 169.56813 0 0.053894386 17.292908 377.35773 532.3114 1005.9024 3 0.2930704 18.87558 372.4109 532.8616 1009.5902 3 0.26707324 373.21808 72.39833 645.00714 496.9226 3 0.2439075 506.70407 354.23715 1021.57776 1024.0 4 0.84687805 244.40997 441.98618 446.7185 679.0906 4 0.13691248 835.5313 398.4552 1022.9515 1017.8992 4 0.12008407 507.6364 356.68668 1021.06903 1023.5089 4 0.09260281 17.240784 380.13953 532.2061 1004.82056 5 0.90545815 509.19824 353.5674 1021.19727 1024.0 5 0.80013806 17.278748 379.87155 532.66113 1007.73096 5 0.7707628 373.16568 57.258514 653.21655 496.66953 5 0.28492132 572.6544 10.593277 683.26685 172.02803 5 0.19373842 602.5396 207.20422 1012.41644 430.5592 5 0.101594955 242.92192 437.70187 444.28235 682.86743 ,test/2156.jpg
5 0.99883705 347.68155 278.67526 631.4136 809.2009 ,test/2157.jpg
0 0.14479621 451.35278 315.86505 552.82263 529.3961 6 0.08008017 220.10887 173.01648 325.32828 337.92734 7 0.99931955 218.79535 188.77472 876.0986 937.6608 7 0.7040572 299.14368 175.3443 569.3652 281.87814 7 0.12291104 347.48615 169.44089 567.27106 238.23483 7 0.08894292 241.25723 180.22856 667.2897 346.23157 ,test/2158.jpg
0 0.14151151 200.07605 96.90091 883.48425 838.7644 1 0.959564 202.58423 94.58069 886.0172 836.19507 1 0.21529615 348.87402 72.25296 691.8994 796.7366 1 0.070951864 385.3548 71.119965 668.2961 494.772 ,test/2159.jpg
0 0.48886147 287.46027 547.5409 353.80353 654.5647 0 0.18606992 130.85211 919.6759 186.70483 965.6019 1 0.992572 65.27362 309.41162 944.33453 872.5294 1 0.93186295 260.42587 81.58017 850.3988 395.82642 1 0.82081246 259.76816 86.434296 410.91263 398.99652 1 0.736571 19.82988 163.12558 408.6872 413.78494 1 0.53422517 785.5534 222.06827 806.44183 256.7663 1 0.39240038 423.70972 381.29443 792.1865 431.69604 1 0.16791673 57.913086 203.39003 1008.86084 455.7757 1 0.16669315 15.67926 120.740845 956.4973 596.23706 1 0.109017126 262.60052 122.163376 332.3211 417.16315 1 0.08280438 369.6198 220.28262 863.12177 422.0712 1 0.06671323 444.06104 390.39386 503.4939 416.7177 1 0.06437957 286.02768 378.84995 842.1439 656.2118 1 0.059243925 125.84772 347.58838 832.42487 432.33917 1 0.05334695 130.85478 919.69104 186.73534 965.4984 7 0.9080366 618.1267 223.49506 989.75146 385.47314 7 0.11009165 318.3726 251.66205 994.97107 391.39948 ,test/2160.jpg
0 0.08199262 150.93393 260.13962 804.0781 777.1499 1 0.96743 148.49802 260.29962 805.9263 778.3005 1 0.11645554 395.358 362.08112 791.7865 776.241 2 0.09095638 150.00061 259.9894 804.0126 782.2925 ,test/2161.jpg
0 0.21751432 4.632599 307.46274 920.51746 1013.86536 0 0.13160479 0.0 530.1273 216.74388 1020.8367 0 0.053415738 1.0158997 524.58026 86.91642 874.0655 1 0.085695155 156.39062 298.0662 758.3087 606.1936 1 0.0618532 838.71875 0.8628311 964.9634 233.37756 3 0.5563918 0.43545532 530.6895 215.91634 1020.58966 4 0.8319592 96.04346 305.99408 791.88776 604.4897 4 0.5267053 698.79346 313.3251 806.2739 572.88086 4 0.20764759 0.0 526.6828 215.04861 1020.5081 4 0.1585536 3.269043 295.89734 904.61816 1018.0397 5 0.18859255 0.0 536.0383 215.55807 1020.7374 5 0.14367764 118.79071 295.17645 751.27637 606.7916 5 0.12024136 1.0158997 524.58026 86.91642 874.0655 5 0.104611546 3.269043 295.89734 904.61816 1018.0397 7 0.099450275 101.96677 308.57733 789.18054 604.3451 7 0.08284415 1.1470146 525.7611 87.25279 866.68726 7 0.052474573 4.632599 307.46274 920.51746 1013.86536 ,test/2162.jpg
0 0.18489996 231.51546 382.3775 689.74097 784.8923 0 0.1246693 4.3342667 731.3913 140.43872 753.5489 1 0.12161486 216.21722 376.72623 694.256 785.9918 7 0.93393356 229.40523 381.0274 688.9375 783.2663 ,test/2163.jpg
0 0.77058864 2.743393 784.46533 196.2934 972.2084 0 0.15024258 2.0060272 874.2652 201.09618 966.3199 0 0.069137216 746.9712 518.0445 1023.28906 870.9284 0 0.061970815 690.5569 789.4559 815.20483 966.0555 0 0.058045115 810.6906 716.08594 1022.80536 841.2637 1 0.88040954 729.68823 889.73706 879.80835 928.7678 1 0.7242661 731.64716 889.9343 1022.5749 939.63696 1 0.6779576 712.3857 509.1449 1022.7034 947.6564 1 0.63724107 707.7588 811.50433 1022.93005 940.8392 1 0.49369723 293.53098 649.21344 354.4603 670.4609 1 0.44024327 741.82025 801.36066 892.6082 928.2745 1 0.3055547 298.17798 614.94696 443.96747 671.5964 1 0.30139545 813.0827 821.93756 1019.3996 915.53107 1 0.19156292 702.55237 787.5883 816.04944 941.55316 1 0.17963824 740.3839 890.57544 873.4741 908.7522 1 0.098263115 300.7072 608.9973 368.63434 670.5697 1 0.08519537 807.82104 786.3186 1022.27344 845.3236 1 0.08129317 57.191437 384.69397 1024.0 884.3456 1 0.0803759 680.98926 789.23724 904.2649 961.9642 1 0.077257544 696.0797 733.4508 1019.9397 916.2477 1 0.07046412 395.45837 506.59955 1024.0 840.19904 1 0.06833914 810.6906 716.08594 1022.80536 841.2637 1 0.056249164 293.7239 637.1092 373.4246 670.89056 1 0.050130717 731.50256 911.67096 854.5586 928.9583 5 0.9382038 58.49617 241.9451 150.7517 308.2465 5 0.8930305 0.0 250.01727 162.21062 440.50763 5 0.8600978 90.67371 383.4322 164.4119 435.61932 5 0.446832 58.05121 242.43623 162.92828 360.24557 5 0.39372307 3.4570694 254.29001 152.27835 655.16394 5 0.38504353 212.5874 915.39905 314.3023 999.24414 5 0.10818245 212.29346 904.0 381.2682 1022.48535 5 0.102822706 82.65262 343.16064 332.66428 670.3436 5 0.08430106 195.86047 883.70264 257.29642 966.01953 5 0.06391363 32.303253 351.8628 238.87286 649.83136 5 0.05110434 211.63818 900.9824 279.03992 981.829 7 0.9856117 151.49185 314.71356 832.75024 668.0634 7 0.98541355 20.07959 765.78064 834.08453 1010.03345 7 0.86468 334.5097 476.99612 829.0524 677.3612 7 0.84422696 45.424774 307.32098 1024.0 1006.9089 7 0.7153594 85.257034 350.13272 334.84497 670.2766 7 0.6952887 0.0 406.28134 124.63892 656.1846 7 0.57913643 4.0367813 252.77269 150.54828 658.3343 7 0.24294642 0.0 266.87402 403.73236 673.69434 7 0.21916133 0.0 251.77124 162.73958 440.95996 7 0.18281694 205.66264 893.4254 415.3684 1022.9884 7 0.17635782 139.83743 330.67346 440.02597 641.8303 7 0.1361735 712.7341 572.24207 845.5888 683.83545 7 0.121567294 723.3076 282.15466 854.32544 679.7211 7 0.0991675 129.19658 774.708 544.7507 1022.20056 7 0.08736953 730.7968 523.02386 1024.0 836.23553 7 0.07738556 331.3888 479.4373 505.21112 652.7982 7 0.06838287 13.326965 777.93054 293.19003 984.621 7 0.05614555 59.133953 245.03128 160.68068 361.73685 7 0.055498857 707.8231 337.24982 793.2284 646.28564 ,test/2164.jpg
0 0.064797446 680.15326 595.94464 742.7974 711.8477 1 0.9970649 365.36377 169.90765 822.16125 864.2045 1 0.6121906 381.09952 474.01373 724.6627 856.3028 1 0.51189 586.50183 426.94073 721.9131 645.6309 1 0.4944552 358.96143 216.823 672.6842 720.6029 1 0.34564888 383.3764 531.943 670.1254 712.0337 1 0.16687961 442.0037 543.94446 558.3885 670.75073 1 0.07694594 440.49445 221.11461 638.9661 399.62427 1 0.06956362 680.15326 595.94464 742.7974 711.8477 1 0.05342871 428.6036 348.54114 813.52295 723.7534 ,test/2165.jpg
1 0.16020572 742.03644 352.04828 799.63873 490.91968 5 0.99890244 314.2396 156.44675 779.0399 738.9525 5 0.9425071 713.0245 127.40579 815.0101 492.17136 5 0.16242869 536.42303 158.27684 824.5391 491.56104 5 0.060481783 669.0009 147.61533 810.9301 664.2971 6 0.13306291 709.4756 130.95193 830.59204 229.14987 ,test/2166.jpg
0 0.23240808 522.16394 460.4734 717.88403 600.651 0 0.16558945 547.3051 645.31335 582.2475 695.81067 0 0.13451207 606.9225 889.91315 663.7352 912.3359 0 0.10211342 544.76404 662.1416 590.5148 688.46545 0 0.05068662 548.0868 671.8746 588.8728 694.62726 0 0.05038147 664.6725 665.42773 762.23706 719.35596 4 0.8204698 563.4612 660.1007 761.98804 722.7457 5 0.22466102 560.4422 656.53296 762.5079 727.89575 6 0.99902964 185.61133 207.19987 591.35565 492.90222 6 0.9979334 291.27332 468.49335 675.58813 738.7647 7 0.99893576 603.7667 689.52124 823.8789 913.6189 7 0.9748786 525.1798 460.4156 716.6404 599.2685 7 0.1580637 533.7209 459.98444 565.242 519.42535 7 0.064181946 561.70123 656.999 762.1617 727.24634 ,test/2167.jpg
0 0.6214074 387.8252 484.2074 575.7648 667.0465 1 0.48150912 388.05878 484.36163 575.58215 667.6965 7 0.16207321 385.30237 484.48563 575.62885 666.20703 ,test/2168.jpg
0 0.32504627 446.96246 375.69785 655.3984 564.9854 1 0.10313864 446.60236 375.21423 655.1546 565.0711 2 0.9547442 446.63382 374.40903 654.82623 564.6079 5 0.11587999 446.96246 375.69785 655.3984 564.9854 ,test/2169.jpg
0 0.8684906 495.6856 452.8595 664.34247 629.1377 0 0.15281919 489.15915 453.4887 553.21277 571.24664 0 0.084736735 493.65314 452.9635 607.642 576.7999 0 0.08205147 365.2728 402.66132 789.75806 674.3776 0 0.06928355 749.15497 619.5038 796.5771 685.8473 1 0.9878564 189.5426 362.91922 865.6266 773.19946 1 0.8477347 332.25626 415.75262 815.5187 699.0004 1 0.7944611 286.38898 465.8381 375.0429 554.8065 1 0.64836544 0.7704849 0.0 106.07295 196.61325 1 0.33204097 489.32803 454.34167 552.6079 569.7689 1 0.24876302 287.4899 428.45474 403.72043 565.86725 1 0.23814617 365.392 428.32263 553.94385 580.92944 1 0.2081806 493.37137 453.2546 663.9745 619.0949 1 0.20566332 362.1054 420.51578 676.9001 632.76996 1 0.20452641 385.47186 325.71198 838.06647 619.6162 1 0.10224523 316.80173 515.4183 365.24826 575.4117 1 0.07091605 146.51443 506.85645 787.037 706.9863 1 0.062099613 525.80853 450.3202 605.24164 615.1974 1 0.055690747 749.07446 619.6154 796.3013 685.56146 7 0.05578573 489.32803 454.34167 552.6079 569.7689 ,test/2170.jpg
0 0.99902797 42.53723 150.88522 823.6973 808.2781 ,test/2171.jpg
0 0.886694 74.79739 488.07675 886.015 828.6196 1 0.07835067 70.73941 480.3888 887.4779 830.04565 7 0.27143475 72.043945 485.61017 887.4406 828.73016 ,test/2172.jpg
0 0.24935666 920.7597 247.11185 990.27094 277.84836 0 0.058875263 0.0 545.16974 25.757084 596.9771 4 0.058902804 373.46246 353.75885 476.66425 513.26196 5 0.7473034 361.5236 585.7205 422.23495 649.1409 5 0.6269239 373.5862 353.71613 477.00272 513.80505 5 0.48171675 330.61032 321.54462 491.6719 614.22107 5 0.06353943 10.136902 293.7256 521.13916 888.59753 5 0.0632952 171.9064 278.6914 398.15488 357.62665 5 0.055933822 388.70056 612.2588 424.83118 651.0415 6 0.39458904 0.0 545.16974 25.757084 596.9771 6 0.27923515 87.15932 783.69855 210.54665 848.88873 6 0.1745754 299.75778 616.6001 355.28427 644.74817 6 0.16173197 460.2514 565.72 531.2459 604.6865 6 0.12541184 360.15298 944.89777 429.08865 1005.59406 6 0.07939639 178.68248 775.855 232.52187 805.5803 7 0.81846356 1.9553604 312.70364 217.16415 878.02576 7 0.09024985 10.662811 295.69696 523.43713 881.8642 ,test/2173.jpg
0 0.7237981 240.51514 371.61505 766.272 654.7736 0 0.12940192 370.5187 444.2606 767.58545 593.2453 0 0.069179595 565.3922 619.58136 611.4591 658.0832 0 0.060084444 252.17885 391.50317 523.4165 662.69885 6 0.99851066 226.0492 259.64386 788.9226 659.28723 6 0.08221012 238.61057 402.79034 782.7383 580.03723 ,test/2174.jpg
0 0.8142601 192.89957 592.82904 370.7584 809.04315 0 0.7331897 240.24213 593.12506 355.8932 670.15204 0 0.19850965 341.98373 629.61115 398.4384 665.4096 0 0.15523176 196.69586 598.7424 254.88028 806.59357 1 0.99984205 372.88977 256.18942 722.7936 740.29626 1 0.08197646 239.89027 592.91986 359.85638 669.9881 ,test/2175.jpg
0 0.41536745 178.90887 261.59552 903.91205 854.1805 1 0.68236935 177.00482 261.8027 904.2686 853.4691 7 0.24341325 164.10568 255.57849 908.1632 850.194 ,test/2176.jpg
0 0.83579683 444.07693 376.28452 469.65744 418.64334 0 0.40988237 728.5319 974.65784 759.6838 1022.0415 0 0.12281816 414.63193 286.118 609.96106 522.8182 0 0.10104182 442.74973 376.32004 494.05533 423.119 1 0.97956777 414.82373 286.78265 609.44434 521.88196 5 0.64972216 219.60016 412.22726 552.804 661.6779 6 0.86129797 219.60152 411.76038 553.9816 663.0674 ,test/2177.jpg
0 0.14938325 926.0407 73.27627 1022.0402 267.18787 0 0.08043415 909.8245 72.60318 1023.7347 586.8573 1 0.9961337 450.66046 186.16544 950.14557 808.48755 1 0.7087593 445.11807 243.52646 605.0869 478.05173 1 0.63734293 341.21097 476.37387 933.13354 1022.9608 1 0.6106916 298.6514 509.65918 556.89417 804.1626 1 0.5980152 354.00964 480.67218 546.62115 699.54865 1 0.55655634 482.49802 640.2863 994.2234 1019.38727 1 0.44126147 888.225 636.1562 1000.13416 775.4256 1 0.36328363 447.09186 227.69354 501.54187 474.62433 1 0.33273152 302.93106 531.95996 802.97473 858.9033 1 0.2742777 513.9097 542.55896 614.57965 677.1011 1 0.21443833 404.94022 313.2616 463.9739 491.61462 1 0.1961611 330.82068 578.37994 554.51483 706.4063 1 0.19434781 404.719 241.78532 494.2752 500.14832 1 0.16252786 485.71933 754.0151 843.7329 1023.02936 1 0.14913669 399.5127 269.77405 559.1549 726.33136 1 0.09924302 799.2971 661.10785 997.9027 1018.4095 1 0.09034322 298.1626 269.15857 611.28143 825.83923 1 0.07909767 453.24313 206.7189 542.23456 458.1252 1 0.056576815 388.34348 230.39014 687.47473 502.67633 1 0.056431487 312.08075 609.7914 550.8439 759.17334 1 0.054408964 442.23123 258.67566 664.1426 685.7299 1 0.05298636 455.13492 234.43857 601.547 359.65598 1 0.051817562 422.2364 574.7989 550.2457 690.75616 1 0.05149318 462.5166 321.38226 791.62573 764.09515 1 0.050265897 388.51544 857.29675 756.4555 1024.0 5 0.05660587 301.01465 575.62994 556.3192 803.3947 6 0.26155168 313.01743 541.36615 517.4966 806.63043 6 0.12804678 308.03098 475.84344 414.96298 625.7701 6 0.11968362 385.35648 661.92993 557.90735 807.7676 6 0.11691394 351.6165 629.42285 437.92856 809.24756 6 0.08495151 350.02438 480.43445 534.12366 698.54956 6 0.06992809 413.66913 745.2288 439.73438 811.18365 ,test/2178.jpg
0 0.08831638 498.7237 393.73343 713.3339 768.85706 1 0.6159373 497.32947 398.12897 713.5132 766.5621 2 0.8581375 495.52927 398.2266 713.83685 767.3312 3 0.070733294 498.35742 395.0365 713.1117 768.50867 ,test/2179.jpg
0 0.9690216 354.47644 436.20587 712.0366 719.25323 0 0.875546 624.04126 341.49176 811.6023 479.51025 0 0.7619757 529.83545 433.55612 718.2036 570.9485 0 0.7056278 716.30963 501.16708 826.33234 608.83453 0 0.49700975 322.2408 630.65283 386.5723 687.2699 0 0.3444344 521.93634 437.3095 745.0484 508.58368 0 0.34073007 61.15417 464.1863 105.50433 573.3751 0 0.21102476 514.21533 426.11746 822.3812 606.74976 0 0.18889597 657.9269 478.99286 719.9115 518.9485 0 0.18218374 86.56749 344.3734 393.2896 624.52216 0 0.17845774 638.09814 447.96143 722.41016 528.23615 0 0.11819009 168.2837 586.58734 222.63274 646.6368 0 0.092453405 577.74133 351.47116 797.5858 574.6063 0 0.091159634 568.26355 477.23236 715.213 559.87067 0 0.068484776 570.54297 484.51242 635.17676 511.05014 0 0.063394174 328.9792 362.4598 828.2663 649.08325 0 0.050916925 634.9426 443.84875 783.71423 481.83856 1 0.96191335 85.699356 344.7271 393.22125 623.8087 1 0.48967633 714.2252 500.8019 828.0303 608.7915 1 0.27635768 624.8889 341.15668 808.3147 480.4065 1 0.087171115 61.566017 464.24362 105.36155 572.7632 5 0.3067401 322.2876 630.80005 385.82764 687.27625 5 0.09229773 168.2783 586.2469 222.5472 646.51984 7 0.619941 61.13866 464.3492 105.95613 571.5355 ,test/2180.jpg
0 0.3365506 362.7296 359.88992 390.48126 423.94907 0 0.117466375 1.7582779 304.06314 70.36245 361.63522 0 0.06492011 355.86816 357.53162 397.76904 443.4192 0 0.06235184 263.7691 517.0969 327.5821 551.8241 0 0.052736793 296.32587 558.0731 456.79852 662.1576 1 0.97472614 387.799 279.77417 771.1308 575.3509 1 0.93537945 226.85428 200.13367 533.7125 509.8672 1 0.8594637 177.6679 540.17456 603.4203 785.8262 1 0.84919834 301.02405 563.8623 448.0335 652.3401 1 0.8246926 206.43604 229.98587 794.2529 754.7982 1 0.7100236 280.72046 451.04507 753.70667 694.9392 1 0.3790143 269.13916 504.8592 465.94354 667.7531 1 0.36191365 228.66061 401.05676 421.29318 523.99023 1 0.3590766 249.32018 346.96356 425.0227 468.55792 1 0.29744294 367.5149 196.71957 529.7945 486.7255 1 0.28227374 354.06842 252.97266 631.2698 684.4947 1 0.2781176 284.27484 566.12213 555.913 680.0031 1 0.25824597 288.57 191.70424 537.7499 395.77002 1 0.25578004 300.6841 563.05176 764.2163 746.6295 1 0.15607587 349.70227 422.13397 414.3966 462.16907 1 0.110270925 517.3521 575.8797 771.7934 717.8359 1 0.09971806 216.10904 462.86893 407.44107 570.85333 1 0.07822748 198.8342 413.9986 430.81973 596.0684 1 0.0777854 395.14734 191.84265 537.691 329.68036 1 0.07640642 339.84103 594.42035 446.72324 651.5258 1 0.07436797 260.25848 415.06738 513.1278 690.3042 1 0.073079325 443.43274 204.60089 534.0577 305.5666 1 0.07017755 193.78378 341.57028 440.60574 534.8441 1 0.06253712 441.88824 624.5054 517.5333 700.9076 1 0.05749578 273.93356 354.98346 318.92087 386.14935 5 0.24117713 0.7237129 304.21896 71.12059 361.78592 7 0.9364684 44.089417 90.41023 376.30835 459.33948 7 0.8566784 3.2579422 293.97485 245.52097 640.85614 7 0.7090605 1.7709122 333.74365 147.06693 518.6532 7 0.6544688 3.2825623 19.929413 216.58305 323.96548 7 0.6147246 0.0 70.81941 105.665375 334.73212 7 0.5881421 1.878067 0.0 227.62866 154.75159 7 0.5757807 7.6410675 16.428741 342.44135 645.0707 7 0.33031186 2.2973557 41.24759 154.10986 533.541 7 0.29374886 0.7237129 304.21896 71.12059 361.78592 7 0.1850552 0.82717896 222.3464 136.88321 366.2894 7 0.08677078 0.18957901 352.4819 118.61607 462.39566 7 0.07595287 34.577896 400.09036 205.4107 630.0962 ,test/2181.jpg
0 0.1369115 118.18115 298.06866 900.34015 762.1707 0 0.08377873 516.9757 314.28918 854.96423 746.55566 3 0.14986451 118.986755 297.93958 899.73755 763.99915 5 0.94446915 112.3634 303.0191 939.4822 756.8116 5 0.07963547 516.9757 314.28918 854.96423 746.55566 7 0.089097545 118.396545 297.79675 921.09076 763.3307 ,test/2182.jpg
7 0.9909537 222.4272 309.77002 726.8224 582.9334 ,test/2183.jpg
0 0.99984086 372.29837 670.3671 442.27505 721.0085 0 0.95157874 717.7125 900.2393 752.77747 950.1088 0 0.5913098 501.97867 222.17938 551.3771 264.43692 0 0.16273494 224.76399 24.821106 274.10605 184.53331 0 0.104054086 260.33347 33.74691 294.14554 202.51086 0 0.05505716 234.17119 26.092018 296.18787 213.36685 0 0.052730113 508.58463 510.58545 678.81464 561.2765 1 0.21594283 353.51828 335.21103 393.8123 382.13675 3 0.8166338 140.2001 578.63477 315.68478 734.443 5 0.99618226 579.79974 739.7408 799.6601 927.3874 5 0.4072596 139.6283 578.12946 315.62027 734.5512 5 0.3320151 343.49097 218.0847 382.8147 243.2111 7 0.99963915 444.6342 491.6507 708.3611 812.09894 7 0.99962413 0.93000793 285.7797 280.65234 462.94907 7 0.9990727 431.32178 239.24527 691.25916 529.7572 7 0.9858496 228.15366 230.3734 480.9424 637.45654 7 0.9701886 353.6804 445.4274 517.1776 657.7599 7 0.9618868 215.55533 195.22679 444.46158 417.94965 7 0.35075414 648.503 477.80176 687.79706 539.04956 7 0.3068423 372.0659 278.3191 453.05557 319.4701 7 0.20054956 276.09323 190.85675 368.28262 244.71506 7 0.18584003 353.9335 273.44012 452.6177 382.09686 7 0.14404854 340.36316 217.98969 380.78656 243.82968 7 0.12998547 504.97552 515.0759 679.0977 563.00525 7 0.10447652 315.35315 197.22913 369.953 241.75479 7 0.07778234 635.8779 558.37244 661.754 608.32153 7 0.07699801 355.17026 280.15973 689.29297 719.1903 7 0.06352269 613.5004 477.5345 690.8736 540.056 7 0.0515196 717.7993 900.2471 753.09436 950.24756 7 0.05088625 354.12158 336.20966 395.099 381.90228 9 0.81062675 43.976715 82.68417 273.0271 252.91821 ,test/2184.jpg
3 0.9458923 264.07935 276.081 572.459 632.8157 5 0.1827325 263.89883 276.09296 571.3495 631.9335 ,test/2185.jpg
0 0.25128874 855.9425 885.1173 1022.15906 1021.80066 0 0.08625334 1.4013729 637.7438 13.721206 740.6472 0 0.07179088 482.5149 578.90533 507.2389 606.6026 1 0.443975 856.91266 931.2586 895.6801 1021.3317 1 0.40453866 129.79037 249.34882 391.7913 407.88007 1 0.39084342 124.797775 253.4797 268.89526 351.1312 1 0.2566134 382.53082 321.8524 427.12714 352.37546 1 0.14575662 159.83725 256.39484 259.30234 305.00885 1 0.14158237 381.7656 322.9245 478.84793 353.24628 1 0.14109854 0.0 515.3549 43.52445 562.74884 1 0.12707147 0.0 514.5667 38.004078 537.1839 1 0.119646095 120.82146 318.2849 142.41304 466.98218 1 0.09195137 123.35533 291.67264 195.60893 354.24783 1 0.082468696 0.0 510.3699 42.626785 528.1757 1 0.075417355 0.0 533.2599 38.263493 555.2743 1 0.050727196 854.9433 876.47595 913.8078 942.33435 3 0.05740164 711.6493 857.02985 742.5608 900.6503 5 0.8500789 0.0 624.5084 98.19987 750.3126 5 0.26807538 476.04395 450.33597 509.38586 586.03644 5 0.182462 474.51636 448.5894 542.055 578.79126 5 0.16170095 685.2145 869.7744 861.8428 1023.17554 5 0.11167377 471.34656 428.73627 589.95825 580.41846 5 0.106563665 449.2851 368.84473 617.3615 604.4537 5 0.086804114 0.0 756.89417 40.27654 1024.0 5 0.08072514 493.84055 573.7417 649.411 776.1345 6 0.99685055 34.10663 331.07733 510.7912 774.3593 6 0.21423593 370.08887 326.42596 529.88586 692.518 6 0.1578793 140.4652 312.78265 490.56848 521.4639 6 0.100793466 330.5865 326.16913 602.5614 596.4934 6 0.060799055 399.94287 340.84106 499.9494 623.2045 6 0.056266338 468.3478 482.97852 503.63126 613.11084 7 0.99520516 235.58461 568.85 738.4508 1007.9193 7 0.9921038 5.0181885 732.2657 296.95193 1019.2332 7 0.98965 566.4568 0.0 1020.9076 913.0276 7 0.9465034 404.68665 330.33865 607.4068 595.73816 7 0.9361574 0.2208786 567.51746 93.53583 749.3446 7 0.9293575 969.8148 649.17053 1022.8251 1014.7484 7 0.9175255 129.42197 247.54855 384.54642 450.04953 7 0.86796445 855.2719 885.0012 1022.9233 1021.70776 7 0.71908116 512.9752 847.6321 862.54504 1020.10974 7 0.6541615 534.9837 496.44742 620.24066 608.0135 7 0.58813095 886.07574 655.62244 1023.5275 1024.0 7 0.57363135 684.24457 869.0062 861.436 1023.53125 7 0.48364645 1.371747 626.3874 13.145173 740.6994 7 0.43049005 130.02464 303.2781 253.88707 454.97147 7 0.4201754 330.39642 328.1811 724.22784 621.0168 7 0.41279945 508.30255 739.7636 741.2176 1015.3608 7 0.32893762 623.11 387.68146 885.46265 640.21515 7 0.31837857 550.11957 417.67798 720.6523 624.2379 7 0.2573177 937.7285 832.5745 986.2208 879.7734 7 0.24398468 953.6312 806.2174 1022.0757 1010.84705 7 0.20468922 861.84814 809.73535 1021.6533 939.213 7 0.20306328 508.8994 857.1315 692.10034 1022.6233 7 0.18411882 220.11905 362.6554 250.03119 407.80322 7 0.17450215 464.5772 419.31726 614.8122 598.6598 7 0.14731112 545.07983 4.154602 868.5084 613.4251 7 0.13182421 942.9498 657.02765 1011.79236 904.1619 7 0.13007766 931.9227 812.99695 982.82764 910.5891 7 0.11782495 967.3532 689.7481 1024.0 877.3295 7 0.10698176 331.14413 330.69016 1007.5669 921.0337 7 0.10651243 2.6873665 742.463 45.480194 1024.0 7 0.10510749 502.31387 594.50946 894.2855 1023.8953 7 0.086081594 17.537323 716.7477 639.5032 1022.49927 7 0.081925556 856.1682 932.962 895.8728 1020.4328 7 0.07869902 896.12006 836.3816 984.73285 909.83655 7 0.073319495 418.73312 334.8032 483.6871 351.0128 7 0.072418034 914.5913 874.2226 975.15076 903.39886 7 0.06854805 540.7621 137.65852 716.2633 618.8815 7 0.06529923 636.2373 348.53665 1024.0 826.1892 7 0.064860076 493.84055 573.7417 649.411 776.1345 7 0.054382317 906.9573 783.27594 990.4783 927.63165 9 0.06637771 856.1682 932.962 895.8728 1020.4328 ,test/2186.jpg
0 0.7831522 590.61115 556.04565 657.04584 665.307 0 0.096174575 213.11871 201.73575 505.00464 291.04767 0 0.08457614 143.26154 333.68048 762.9806 504.22797 0 0.08111682 803.0312 406.6587 846.33453 440.70447 0 0.05331929 266.8537 345.20697 865.81976 565.1618 1 0.88610154 257.5163 526.2248 645.25476 698.3277 1 0.8098718 510.3509 341.23096 846.70575 442.0728 1 0.8001462 274.34503 443.6355 998.9924 711.77185 1 0.7411286 364.56946 687.33 779.3274 819.3309 1 0.7298063 239.36417 498.2793 846.7682 799.4984 1 0.7079714 255.22815 494.48703 410.90314 808.13416 1 0.69360274 263.86896 449.5191 684.89685 652.07684 1 0.68913865 363.27747 562.7276 642.64453 678.0699 1 0.60835826 640.04395 504.0687 974.5834 644.18494 1 0.59338784 260.92676 336.073 986.9606 627.95294 1 0.5345843 334.9431 640.3698 794.7268 778.16376 1 0.4946409 537.886 338.13837 884.14905 574.66693 1 0.47244233 596.52673 432.93158 861.3911 545.19617 1 0.4163339 300.17917 565.93976 826.96375 703.03827 1 0.36164102 614.4843 471.158 902.27216 584.0721 1 0.33606994 783.29694 567.5013 986.6799 680.0456 1 0.32413042 424.0851 657.4115 625.82043 771.53015 1 0.31524995 606.16125 418.79297 980.68225 672.49243 1 0.31371948 528.91974 345.80856 740.0922 398.91818 1 0.25949726 8.297699 39.35788 809.9896 540.6398 1 0.25625053 471.53622 472.1406 960.4369 613.1026 1 0.2434549 391.58478 478.45572 675.9909 751.28284 1 0.23866825 413.13403 686.01544 742.426 760.3284 1 0.22787207 343.096 516.04663 899.54083 661.7793 1 0.22616951 265.90436 586.6321 702.70746 792.2411 1 0.21420759 480.06213 431.6173 834.08057 727.254 1 0.20363875 785.1372 302.16998 1023.286 505.9287 1 0.18298072 624.771 572.08594 996.0242 692.84424 1 0.17001334 373.51343 628.3423 624.9833 723.42175 1 0.1550303 634.33264 311.30496 989.59766 540.9175 1 0.14501534 96.05487 279.55875 918.35547 544.71936 1 0.1420265 602.494 529.79504 933.3513 615.0604 1 0.12867418 321.4862 340.87244 861.2654 475.71594 1 0.12684347 568.11926 563.76886 823.1384 663.61786 1 0.10685092 177.49103 223.08559 864.9733 711.3465 1 0.09063622 430.92963 646.9345 779.7828 727.77765 1 0.07921928 507.53842 616.31976 806.2565 702.7177 1 0.07686821 735.14343 511.6869 974.2727 594.9358 1 0.07264916 642.431 597.4752 812.0956 693.0338 1 0.065946676 587.1942 558.39606 657.6891 664.30084 1 0.06285967 517.89954 639.7785 615.9126 688.9898 1 0.060746998 338.15228 704.62994 684.704 791.1706 1 0.058795393 435.84656 671.0565 597.91724 720.8036 1 0.05817669 265.67603 391.58414 738.8187 592.89435 5 0.062176473 822.51935 216.78325 886.5142 297.9698 7 0.10190804 590.68384 555.9504 656.94104 665.3046 ,test/2187.jpg
0 0.5294113 328.9834 370.37558 810.6588 766.702 1 0.40116718 328.08313 370.25452 816.89526 766.9889 7 0.6010174 329.78934 370.01898 810.32214 767.9079 ,test/2188.jpg
0 0.32528168 454.83542 32.392433 488.72025 226.87009 0 0.2870109 443.38 33.675667 498.0741 277.55847 0 0.21525691 453.2646 702.7511 700.1611 1005.1371 0 0.15507723 166.02727 158.9802 567.8945 560.47656 0 0.073343515 505.63477 424.17123 552.45264 458.2643 0 0.0686701 211.76958 432.1787 552.8738 558.47375 0 0.06405926 193.68008 154.89767 719.75 316.1967 0 0.06242981 539.0209 299.4461 864.4175 732.0595 0 0.059355192 229.753 8.477783 718.1676 304.47485 0 0.050230876 179.83945 154.05635 472.20078 365.8261 0 0.050037883 180.70573 710.25476 438.02832 1008.0011 1 0.32365128 506.0649 424.757 552.00385 458.12772 3 0.5723788 181.57538 710.6891 438.10657 1008.4181 3 0.06272923 453.2646 702.7511 700.1611 1005.1371 4 0.2930371 693.7836 718.98773 966.8454 1002.19574 5 0.9841478 535.61523 300.56268 860.63586 732.89777 5 0.98370326 451.13248 705.2016 703.1489 1003.8674 5 0.9527119 479.3187 164.32312 714.9475 298.83566 5 0.9093492 691.4285 716.4219 966.7193 1001.0499 5 0.89628565 182.01031 710.82556 439.29492 1010.0393 5 0.7071541 548.54425 302.48193 827.9172 362.9881 5 0.6030076 482.64175 228.41742 736.58325 299.10205 5 0.10676144 385.47293 165.58978 695.4911 252.01569 5 0.1020309 201.11276 159.6771 704.01184 294.01468 5 0.091134794 173.92442 164.9199 673.72064 533.85 5 0.061593033 688.6745 712.296 973.7181 831.14136 6 0.95132434 169.17198 159.8539 567.246 561.4689 6 0.93597555 202.15411 447.8043 552.94525 742.51855 6 0.12615944 540.6243 299.2326 864.35114 731.8283 ,test/2189.jpg
0 0.059264686 142.11328 419.46082 823.3464 699.9475 7 0.98415434 143.31906 419.73193 823.15295 700.1216 ,test/2190.jpg
0 0.66558844 262.19617 356.5575 527.8032 508.9239 0 0.47389004 424.71616 435.77164 694.1968 617.51245 0 0.07036531 269.10742 362.45972 693.08685 607.65985 5 0.08733613 264.30984 355.2779 493.5325 504.7682 9 0.75208145 423.67276 435.36603 693.15625 618.35236 9 0.70165795 262.04382 355.53497 528.5743 508.89685 9 0.31438875 269.10742 362.45972 693.08685 607.65985 ,test/2191.jpg
9 0.9831449 97.46652 480.80927 798.6438 872.1055 9 0.5004346 88.87866 172.60571 892.4687 934.62256 9 0.22314404 0.04009247 126.47937 185.75067 846.4019 9 0.06684075 58.386124 198.35715 416.84564 861.29944 ,test/2192.jpg
0 0.99891925 195.00998 165.9412 315.60898 253.89581 0 0.99803835 506.15604 698.1229 637.0707 869.92773 ,test/2193.jpg
0 0.28044403 395.84372 303.11673 692.94995 617.9756 0 0.22432409 0.0 17.739685 356.65814 600.9901 0 0.21981844 194.6388 241.7659 322.18274 321.41953 0 0.17717633 99.79295 315.7945 559.6854 622.457 0 0.16685668 24.657257 142.24916 808.6393 602.91187 0 0.13631155 68.933655 192.53967 977.34015 893.77405 0 0.1238929 228.2253 198.87018 729.17993 398.56226 0 0.11499191 399.15714 367.52438 866.3961 665.34204 0 0.09142373 536.40106 306.7011 855.36395 614.41516 0 0.07140735 381.893 327.33203 851.27704 533.25415 0 0.06631725 205.73647 231.80173 565.6543 541.4404 0 0.06445644 272.19702 358.19324 754.1233 750.8147 0 0.052203342 233.26779 196.51357 953.73267 478.86926 1 0.56623656 0.0 14.764465 356.30554 599.9143 1 0.115491904 75.60571 196.31863 980.1846 894.4574 1 0.09345311 24.657257 142.24916 808.6393 602.91187 1 0.07551724 146.26643 331.82727 481.35175 623.66595 1 0.058284722 91.70184 0.0 360.3213 204.15054 1 0.052350655 228.2253 198.87018 729.17993 398.56226 5 0.2501552 155.71158 362.37085 468.7581 619.18915 5 0.102520704 92.13333 200.61728 983.57166 899.7035 6 0.2989653 392.94818 322.7105 685.758 614.40247 6 0.10382111 564.47485 217.81686 953.27185 493.82645 6 0.07583047 138.05992 335.25696 589.26965 625.70154 6 0.06418775 398.9726 378.90195 564.357 618.61206 6 0.060549546 443.33575 308.3176 706.4611 408.25662 6 0.0586943 202.35834 211.21495 965.6314 473.6316 7 0.89265835 80.88327 200.14151 978.5288 895.76294 7 0.09185212 88.39911 238.21939 752.3802 618.7081 7 0.08913071 155.71158 362.37085 468.7581 619.18915 ,test/2194.jpg
3 0.9998129 306.92474 416.93988 569.1205 787.78046 3 0.9978089 491.90253 71.9715 648.72894 331.07672 5 0.21124464 1.5323067 188.87439 61.220695 443.12634 ,test/2195.jpg
0 0.1883778 757.1039 411.21487 1023.2085 644.0937 0 0.15563773 496.67902 198.34412 996.51227 651.8723 0 0.1466412 353.09293 452.65292 417.1038 499.43228 0 0.069155775 336.52872 467.77087 617.6188 640.9004 0 0.06781537 11.586418 508.24918 182.61456 534.45605 1 0.09735707 497.58215 200.66495 988.2223 636.4281 5 0.058421306 507.4229 409.62927 683.727 514.0251 6 0.10391677 353.11243 452.8813 417.3379 498.69855 7 0.9840934 436.28043 195.58482 1015.50964 655.4599 7 0.9828699 642.24176 614.6196 841.9799 955.1876 7 0.47272334 339.6136 458.47736 639.89 642.2198 7 0.45059696 330.72223 397.0501 1024.0 650.2071 7 0.14832559 505.44556 411.34872 695.21704 514.5965 7 0.13027695 507.84872 410.6066 853.3843 636.28784 7 0.12687479 668.3047 602.9484 998.31055 949.98944 7 0.07886708 316.57874 403.92865 1017.4968 927.5461 7 0.07037986 757.1039 411.21487 1023.2085 644.0937 ,test/2196.jpg
5 0.06274158 82.3328 859.18494 179.04584 1005.827 7 0.9985927 171.70316 305.87677 838.7527 809.2447 7 0.08182366 81.0963 859.00134 178.00331 1005.5111 ,test/2197.jpg
0 0.31153348 373.66327 470.28015 469.9939 599.5663 0 0.09980821 150.98535 91.34247 868.5377 943.10114 1 0.9852653 146.32275 94.37625 872.1404 940.50525 1 0.10933359 679.14734 0.4719696 1022.7814 326.80194 1 0.078476004 680.1765 0.0 742.8076 29.159138 ,test/2198.jpg
4 0.9952526 397.0517 362.04584 843.3481 546.16956 ,test/2199.jpg
0 0.17202275 53.905975 221.38406 727.598 899.16785 0 0.15588823 667.80084 201.85818 1014.00885 790.71814 0 0.07933973 388.802 223.46844 716.5747 806.21857 1 0.9153619 26.689667 205.20111 1018.82275 847.08453 1 0.8961084 647.6281 205.58646 1006.2767 795.99976 1 0.17369767 212.39812 214.68118 719.61523 815.20764 1 0.08380119 71.02817 245.99573 577.0498 947.93286 ,test/2200.jpg
0 0.54954404 361.89108 789.8758 514.8791 919.7154 0 0.39046878 582.1335 570.8825 690.08734 606.252 0 0.18699116 352.62958 549.1021 441.6092 573.7083 0 0.1598211 804.73016 27.65126 1024.0 486.1056 0 0.09083647 323.85596 537.82996 446.39966 576.64026 0 0.05687739 31.242249 22.103699 422.49213 808.8339 3 0.090979755 362.02707 786.89606 514.2396 920.0485 4 0.98689526 244.27168 555.8905 691.33966 840.2754 4 0.9844759 585.4664 4.214981 911.17267 332.02295 4 0.97631264 350.11984 440.24564 936.3439 586.5087 4 0.8743179 451.5586 117.37547 750.15405 318.97943 4 0.8417937 570.8701 252.86345 861.81604 450.278 4 0.7992707 197.99625 622.82074 310.6459 733.42523 4 0.69910645 409.20142 198.00217 881.5465 446.30008 4 0.6795161 380.09634 107.51059 924.35913 586.7991 4 0.6741019 910.4592 25.829617 1004.83936 124.177414 4 0.65693974 373.3615 298.0948 637.2034 493.0763 4 0.63379675 437.20892 174.4158 629.4788 418.98343 4 0.5236643 391.00793 273.42505 680.3385 615.95685 4 0.43731737 373.81183 140.87137 644.31793 545.8092 4 0.30208915 348.5141 252.01749 882.34576 830.9155 4 0.25489426 794.46564 15.296539 1024.0 561.41064 4 0.23642384 59.331207 166.21246 932.8104 900.4295 4 0.2175281 808.3757 90.39743 918.48895 352.6619 4 0.21238261 68.98692 462.81146 346.2685 744.85565 4 0.21113244 615.46936 651.0771 665.4059 677.7049 4 0.15655388 58.330765 478.5482 230.21959 824.3147 4 0.14972624 364.0834 406.15326 673.85486 809.5008 4 0.117141195 466.64584 276.64734 659.0014 430.96332 4 0.10940624 64.210205 461.35886 749.2722 858.0906 4 0.09896169 543.31836 570.7367 683.2947 663.3082 4 0.092860416 434.1843 255.89508 485.69376 322.1358 4 0.08595982 638.5375 95.95703 1024.0 441.66296 4 0.074111775 449.14508 543.5472 699.78754 604.70953 4 0.07336081 600.5239 618.52814 683.97864 660.4997 4 0.07332096 380.76843 558.1729 667.151 674.43 4 0.071488574 244.71162 621.4939 311.3209 706.35535 4 0.059595782 31.242249 22.103699 422.49213 808.8339 4 0.059436515 251.00974 554.16595 409.8107 708.9611 5 0.6231002 67.27918 519.9616 106.00411 589.5374 5 0.48069882 37.20276 17.024261 439.99988 809.97144 5 0.35893214 349.6816 440.26172 472.21866 555.6295 5 0.3292778 362.01855 788.3582 514.5185 919.92645 5 0.19001655 64.575 479.76947 106.76239 610.6978 5 0.11674728 0.91620255 554.5279 111.24794 828.47565 5 0.10744902 28.61612 706.9683 694.9696 1024.0 5 0.10345861 59.331207 166.21246 932.8104 900.4295 5 0.084738 793.95917 29.472809 1024.0 484.26913 5 0.06458941 4.314728 449.96158 1004.479 1024.0 5 0.06416898 351.2177 56.118652 958.5932 518.92944 7 0.6701386 39.156967 22.019989 454.19727 768.61304 7 0.49197012 67.33925 519.83105 105.56172 589.4641 7 0.15969156 0.077503204 559.5755 105.37123 811.35614 7 0.098425664 64.575 479.76947 106.76239 610.6978 7 0.054018732 793.888 41.445908 1024.0 484.9041 ,test/2201.jpg
0 0.999826 121.95438 336.90997 844.2377 592.8616 ,test/2202.jpg
0 0.5950911 347.5428 387.23206 820.96454 558.25073 0 0.19342554 350.43967 430.22064 825.68286 506.78442 0 0.09313046 848.3889 948.11676 1024.0 1022.9755 0 0.0805463 340.15778 363.18323 811.28656 938.9064 1 0.99201876 826.00946 662.3329 1023.33026 962.2241 1 0.88844883 799.35693 921.72095 1024.0 1023.7875 1 0.06589249 785.3915 790.08 1020.3541 1019.6042 6 0.9804385 341.05896 323.2925 819.70325 945.2001 6 0.7256293 353.5121 318.8872 823.60974 575.84094 6 0.6172285 182.12415 694.4216 801.08636 1021.4683 6 0.2846225 187.67773 854.33606 799.26874 1019.067 6 0.20104866 190.77956 686.7843 367.99176 1015.5875 7 0.25539437 68.042336 891.4338 228.73798 1024.0 ,test/2203.jpg
0 0.3141757 440.8049 567.7099 584.30334 625.47076 0 0.30876562 403.9017 516.8907 729.88745 664.8116 0 0.24729212 416.45624 533.808 601.9425 660.54114 0 0.10290713 348.39148 486.2723 780.5283 732.86475 0 0.06683622 17.868359 422.20016 126.3949 497.0364 0 0.059741803 0.29141235 7.655945 553.10815 824.0436 5 0.95085204 347.19025 483.70917 786.0214 733.0723 5 0.29597598 5.071827 418.98434 126.82672 499.69595 7 0.36091262 5.631012 187.1326 503.97784 822.853 7 0.29007965 348.39148 486.2723 780.5283 732.86475 7 0.1207888 0.0 0.0 798.93225 818.6532 7 0.07015883 6.6085396 417.2324 127.350174 502.87283 ,test/2204.jpg
0 0.055263747 277.08276 407.5255 703.0191 635.4155 1 0.31911469 276.83365 408.77744 703.94275 635.7843 7 0.8728378 278.50824 409.71835 705.6114 636.22424 ,test/2205.jpg
0 0.13573815 432.9847 411.23645 596.48926 446.30078 0 0.09867141 389.53033 224.5202 694.13275 694.25665 0 0.098140895 614.4879 258.7146 807.71094 517.00995 0 0.06867384 277.6499 862.09955 346.34888 928.0157 0 0.06740701 403.8791 408.7676 621.98566 577.75903 1 0.94483227 388.86914 225.62158 692.3563 695.00977 1 0.8628576 433.37442 411.76492 595.1359 446.03647 1 0.2562053 438.12903 411.99933 508.7907 445.40765 1 0.12105658 402.93008 408.7311 620.1482 577.33093 1 0.10844699 500.29547 414.7032 586.0075 443.01886 1 0.058962956 411.99457 417.5403 634.01715 500.69662 5 0.053018294 405.18646 397.5705 662.175 689.03937 7 0.95492494 277.68896 862.2516 347.2845 928.8928 ,test/2206.jpg
0 0.84308845 172.814 462.99036 292.79376 592.3058 0 0.83852947 0.0 538.5791 142.48978 616.90784 0 0.29599422 88.51807 154.43707 954.3247 876.8354 0 0.111890696 0.0 695.29626 244.05797 881.6743 0 0.061632432 314.91177 497.25693 920.53455 875.09924 1 0.9985141 689.8786 0.0 1021.3941 230.55635 1 0.9216953 0.0 701.26294 241.66745 881.6083 1 0.8759073 77.094666 158.88031 955.6683 875.49176 1 0.059736826 662.65173 1.1109581 717.02905 50.689354 7 0.36989996 0.0 538.51984 142.56296 615.90924 ,test/2207.jpg
0 0.28726196 280.81448 350.4804 846.46606 1012.4345 0 0.21840458 3.5437317 0.0 840.0985 649.93713 0 0.060495302 946.98096 396.2841 983.8828 450.62595 1 0.7391594 940.4189 210.58017 1021.5374 1016.46265 1 0.20591922 968.07416 439.79047 1022.3697 1024.0 1 0.19040057 949.3513 464.91864 1021.85095 792.3713 1 0.08995994 977.4563 732.5727 1021.6957 1015.21954 1 0.075073406 940.4144 245.2672 1024.0 619.44116 1 0.06084662 829.712 330.7983 1013.79803 1024.0 3 0.89986163 267.37866 364.1396 840.9989 663.7668 3 0.09100059 363.39243 405.0191 603.40344 638.15045 9 0.21763006 3.315216 0.0 838.9662 638.54645 9 0.086873695 151.94077 342.7872 854.9376 1024.0 ,test/2208.jpg
0 0.7775459 102.193665 511.30048 985.0004 1009.77997 0 0.34451073 1.7834702 261.4183 205.87048 925.2616 0 0.29414466 833.5215 72.08177 1014.76953 455.26172 0 0.2862445 120.19676 56.72001 399.47345 237.16614 0 0.20074145 250.63483 2.287609 477.33527 72.291 0 0.09266907 17.581177 81.60275 1018.73645 1015.625 0 0.054369926 119.76607 586.4221 618.7569 671.454 1 0.05344604 132.3213 55.039436 421.53107 235.63565 2 0.08474278 120.19676 56.72001 399.47345 237.16614 3 0.112227015 119.94705 56.668846 399.72043 236.53531 4 0.17395836 668.4476 59.89322 781.3453 210.49332 4 0.1666639 572.12854 56.030396 794.26965 322.3061 4 0.15423197 703.65643 235.77966 770.1867 316.0769 5 0.9755736 326.88144 8.4809265 581.9543 390.92245 5 0.9174682 349.4836 172.7959 969.52954 610.10114 5 0.8806137 351.0309 309.81586 771.0137 602.21075 5 0.63938427 35.248566 49.148987 1000.875 654.339 5 0.6196527 132.87785 54.399864 424.78864 235.56818 5 0.4282413 575.1769 54.95755 793.82324 336.27975 5 0.36852437 306.01483 50.817566 790.939 478.02368 5 0.3425274 592.80286 47.413376 793.3734 204.42911 5 0.33510545 297.73233 143.95772 352.59976 226.70357 5 0.26825407 637.4342 178.22209 931.8336 604.7328 5 0.26547828 254.53145 382.9456 369.1484 578.20734 5 0.21169953 131.1005 10.521027 546.30554 293.1822 5 0.20580183 820.6053 185.59999 987.5445 535.8956 5 0.17218827 780.5849 57.293427 1019.09015 548.4032 5 0.13831556 275.75653 8.857834 462.33832 377.72052 5 0.13147216 57.07013 373.90152 1002.1811 1008.6592 5 0.12006781 148.34482 202.6868 283.69824 333.20633 5 0.11929714 452.04004 13.984879 579.07886 336.1433 5 0.11820303 275.44818 143.26315 393.47766 348.84613 5 0.114842705 767.47266 461.35605 807.1776 533.9078 5 0.09549761 733.34406 177.0286 924.97015 262.90668 5 0.09544312 680.42053 67.9273 788.391 200.44803 5 0.09157592 82.037506 172.89389 588.9436 659.7416 5 0.08308227 291.97595 85.89969 398.64563 242.50885 5 0.08023338 123.98781 189.16995 421.82275 440.1749 5 0.060680572 532.3469 0.0 843.978 151.85492 5 0.05242977 15.957733 0.0 587.609 921.0012 5 0.052361622 274.81467 132.64024 370.30856 271.97272 5 0.051212538 268.7424 162.17728 300.09708 237.15424 7 0.82052994 7.2554626 35.786224 1021.62463 1018.62854 7 0.64387244 0.0 141.6912 218.1265 930.8275 7 0.556558 250.63483 2.287609 477.33527 72.291 7 0.27186188 1.154892 224.99548 84.75838 614.4975 7 0.24393909 15.957733 0.0 587.609 921.0012 7 0.19684803 131.46873 56.103348 416.4311 236.49294 7 0.17719512 114.5405 500.42468 985.303 1009.39514 7 0.16922845 310.56308 70.92758 995.1017 628.14453 7 0.12321604 130.46783 26.239273 487.2379 326.0644 7 0.10544292 797.5941 43.550873 1015.70374 568.073 7 0.09565576 4.821556 225.94353 169.43927 610.20245 7 0.08782003 538.2536 0.3979187 763.9036 67.64024 7 0.074148566 288.71454 2.1461334 576.6133 370.98633 7 0.06390711 78.505554 180.33788 510.04028 683.35846 7 0.054593097 812.25024 0.0 964.75354 99.86445 7 0.050351378 528.8273 0.0 843.2919 106.514496 ,test/2209.jpg
0 0.9927006 414.55667 591.8334 1017.8967 1017.5947 0 0.9005698 579.93604 0.0 1024.0 572.2854 0 0.89598054 31.329498 0.0 1022.08887 994.4332 0 0.6211272 14.284348 702.14435 467.64417 955.4952 0 0.21891966 626.60785 219.39133 1010.445 623.07654 0 0.14636983 52.30414 212.19388 708.4488 961.8883 0 0.117366284 955.20917 327.08865 1022.1475 520.621 0 0.08792361 225.3728 190.70752 998.4247 763.1623 0 0.083244406 450.20267 213.47871 521.8657 332.5642 0 0.0819071 944.84247 523.6426 989.12555 562.556 0 0.07645489 393.08823 1.9482117 1024.0 350.6786 0 0.07083357 145.32089 484.06122 896.31824 957.50323 0 0.054744635 839.1979 0.38889313 1018.7655 215.58353 1 0.15097253 612.24835 230.87912 1016.93207 591.9215 5 0.19740003 450.61768 214.47227 519.57306 332.58667 7 0.16087778 469.6908 4.832123 1024.0 659.76 7 0.07366467 614.3577 232.5255 1017.44855 594.59106 7 0.05845609 46.845154 3.820221 1024.0 757.7667 7 0.052694276 299.1181 323.33023 355.7788 359.4432 ,test/2210.jpg
0 0.99772185 150.69263 436.3745 725.9023 710.5001 ,test/2211.jpg
0 0.8625674 0.0 226.79434 443.6927 969.97156 0 0.17149603 146.19339 335.51144 277.99786 515.2731 0 0.055590123 405.16495 423.82687 643.08777 693.4772 0 0.053614683 58.157578 569.84515 449.02264 995.8155 3 0.42131105 405.73285 419.88647 642.24225 691.97595 5 0.74395454 405.9129 419.60324 642.43463 691.8701 6 0.060670137 4.1701393 161.49962 93.41362 308.1903 8 0.49678087 405.95087 419.31494 640.9721 693.87756 ,test/2212.jpg
0 0.9757735 639.172 386.96582 940.11487 810.79614 0 0.7919935 622.016 387.92554 983.7219 463.44916 0 0.6506241 959.23846 296.71283 1024.0 463.03625 0 0.61857 937.08295 449.67474 1024.0 565.5302 0 0.422808 956.09564 112.12903 1022.45636 302.17276 0 0.41243935 916.643 453.32187 1024.0 702.46497 0 0.33130726 973.67145 401.37503 1024.0 475.39438 0 0.25540373 857.77704 801.5211 897.1347 856.69946 0 0.1957426 2.463379 489.77026 62.10987 773.34546 0 0.184083 634.4209 392.39084 957.38306 574.9551 0 0.14239153 794.301 392.1766 973.00525 461.3206 0 0.14115967 834.6187 679.78796 1015.1165 923.3253 0 0.12576577 974.535 115.2187 1022.0031 193.23447 0 0.1205157 945.1393 281.91208 1022.4514 564.71716 0 0.09895209 961.1189 386.2147 981.27686 463.03348 0 0.08044437 1011.79987 456.63574 1023.8653 530.34033 0 0.07773176 950.01807 111.16757 1021.8025 476.72995 0 0.07309124 951.9612 182.64313 1017.93713 282.74463 0 0.07259656 861.2609 336.2754 1021.6297 718.67334 0 0.06801678 116.37078 387.66827 351.26257 451.09796 0 0.066285685 323.27856 396.75116 624.4422 479.48865 0 0.06600782 993.6481 262.74976 1022.70056 301.17694 0 0.06443821 817.8603 279.0723 1021.356 994.45056 0 0.06423004 603.3076 453.9523 732.448 914.0521 0 0.06263683 995.79517 404.57532 1023.8915 458.2915 0 0.060792573 611.0902 405.22482 673.8988 460.90012 0 0.060307723 973.6702 407.98035 997.7321 467.05743 0 0.0527142 922.91064 590.7738 975.6666 696.1577 0 0.052007176 886.1767 425.95508 1021.154 856.7145 0 0.050747033 954.17426 397.0217 999.22955 466.2241 0 0.05072407 773.1532 323.5108 1024.0 464.0877 1 0.26228097 116.98728 385.0056 350.43964 449.5008 1 0.14314364 935.8137 449.63644 1024.0 564.5564 1 0.12601078 974.535 115.2187 1022.0031 193.23447 1 0.05379873 955.2886 112.18277 1022.9011 300.6475 2 0.15612657 857.98975 801.22144 896.92456 854.7483 3 0.08646689 620.38525 386.75955 974.5034 467.4617 7 0.9931339 715.7627 672.2105 1013.99146 958.8553 7 0.9923436 76.29242 376.25064 727.79395 912.869 7 0.89678705 951.93005 177.78459 1022.0156 299.23965 7 0.5080535 961.26575 303.34772 1024.0 418.41522 7 0.4735576 40.43004 474.95532 421.4461 810.677 7 0.3364496 114.15548 385.13196 355.41708 450.45782 7 0.16998568 323.27856 396.75116 624.4422 479.48865 7 0.11940225 968.1606 111.99804 1024.0 290.40054 7 0.11843968 974.05023 115.317795 1021.87555 191.51799 7 0.11773969 563.82684 381.90427 947.34674 864.5344 7 0.114335276 950.01807 111.16757 1021.8025 476.72995 7 0.10771729 600.78284 466.777 733.52515 907.76953 7 0.09583557 833.1052 677.52167 1014.70654 913.94086 7 0.089399174 118.815506 392.0296 229.38786 453.422 7 0.065076075 251.63268 424.5925 345.1139 458.387 ,test/2213.jpg
0 0.44130483 106.68854 184.03452 852.20715 661.1024 1 0.658819 98.835266 183.86447 861.48944 662.1786 2 0.1365917 86.07132 179.71326 856.4708 660.39545 6 0.050607942 76.43277 181.63814 858.432 661.7069 ,test/2214.jpg
0 0.054877173 315.9969 310.83145 671.07886 659.21606 6 0.98832756 246.94199 162.24957 914.3561 911.60126 6 0.42334777 333.60303 156.18541 932.50586 505.04498 6 0.40444833 385.33713 163.66263 922.0464 331.11328 6 0.29905546 285.51175 296.32465 915.2012 661.3292 6 0.17435941 241.47192 453.1592 829.07117 865.7687 6 0.14514393 312.93915 347.72125 676.40076 659.38367 6 0.12213834 346.48273 145.67728 731.93475 668.6361 6 0.10501267 256.00525 447.49762 657.4421 745.24176 ,test/2215.jpg
0 0.9925368 340.68457 211.11765 806.255 844.542 0 0.45869756 161.36847 207.11627 712.87085 978.71075 0 0.30719417 167.10045 699.36017 491.17426 962.7829 0 0.13873418 621.62506 901.74066 833.4185 1024.0 0 0.05620904 166.1795 806.026 420.96094 966.3783 1 0.44149208 617.6537 903.51666 841.14075 1024.0 7 0.0793859 167.10045 699.36017 491.17426 962.7829 ,test/2216.jpg
0 0.7124317 510.98978 281.53107 548.75134 511.76855 0 0.19332427 510.31726 0.0 659.5232 247.73862 0 0.053597502 447.95056 282.17538 551.89294 513.937 1 0.99672157 534.75464 323.76508 929.2965 697.2441 1 0.9136287 406.86694 253.04395 747.7632 505.8969 1 0.5811835 510.465 0.0 659.9864 251.86853 1 0.54536164 738.42474 301.5743 810.8028 332.54697 1 0.5226718 671.3012 258.36023 743.25824 333.61713 1 0.5135131 420.01404 296.0518 598.0277 514.6359 1 0.44595155 388.0943 240.44093 509.25323 280.66812 1 0.27021447 389.9928 238.73749 508.92804 354.84644 1 0.21785372 382.5758 247.29358 754.5613 365.7423 1 0.15668815 586.99347 322.05792 889.42316 454.60406 1 0.11007579 397.81128 244.39896 903.5453 619.13367 1 0.1043031 412.382 126.06737 470.5096 242.8987 1 0.052863177 395.2838 268.65262 884.97473 412.8419 1 0.050980452 389.49997 254.8459 514.03564 306.83588 3 0.08153827 412.38147 126.018295 470.5337 242.85683 5 0.17923662 549.47034 219.40929 642.9778 257.33493 7 0.112435944 510.4162 0.0 660.1202 252.07358 9 0.08537092 510.5069 0.0 659.892 251.68991 ,test/2217.jpg
4 0.07391455 83.79553 394.22733 653.33105 964.92395 5 0.98560554 84.507355 388.59235 647.9043 967.36896 ,test/2218.jpg
0 0.053262062 495.27753 0.0 1024.0 455.60468 1 0.09689248 495.27753 0.0 1024.0 455.60468 7 0.9997886 72.28879 137.92065 889.1885 720.6608 7 0.15026926 573.9297 0.0 1024.0 462.29407 ,test/2219.jpg
0 0.98113674 505.32257 652.9852 580.35736 726.8568 0 0.32210925 0.0 399.07715 479.201 523.9952 0 0.2021676 285.6863 265.92648 481.6558 349.41946 1 0.1380102 285.96008 265.84442 480.97797 349.41858 3 0.99895823 233.3381 537.67957 525.4901 773.87744 5 0.13335985 0.0 398.9036 447.33997 504.01627 7 0.35451195 0.0 399.07715 479.201 523.9952 7 0.11178499 285.6863 265.92648 481.6558 349.41946 7 0.059794426 0.0 260.81342 495.43463 543.8356 ,test/2220.jpg
0 0.12498601 740.3031 529.5321 1020.26904 728.08826 0 0.083132744 336.7954 255.63876 696.1128 782.5122 0 0.05061098 458.4522 497.544 599.2773 714.7596 3 0.1997096 740.7014 526.3292 1023.23706 728.3657 4 0.1054713 740.517 526.17633 1022.882 727.75665 5 0.26158932 740.517 526.17633 1022.882 727.75665 7 0.9957912 840.512 836.5491 1024.0 1024.0 7 0.9916413 867.755 188.05713 1023.9126 397.69684 7 0.9776839 336.85217 244.52722 698.8176 811.6913 7 0.48811105 426.10895 498.4588 603.2824 711.8361 ,test/2221.jpg
7 0.9999131 10.146881 205.57722 881.09033 683.9151 ,test/2222.jpg
0 0.2517759 229.37703 392.1728 272.4045 479.67883 0 0.21123295 213.59564 333.72617 272.26044 441.68076 0 0.075912505 258.4665 448.7113 294.71198 516.15765 0 0.06624 229.55252 430.7456 268.3565 475.44214 0 0.05799777 215.6979 338.18768 284.57327 506.7917 1 0.98729604 95.45474 581.8721 563.9553 987.13 1 0.9810704 367.7361 435.6093 472.33945 631.11334 1 0.93874687 72.65096 619.8994 323.11707 969.40027 1 0.9312315 248.64728 361.64886 380.213 543.6202 1 0.7070426 197.2636 321.05402 476.43915 630.4996 1 0.64106506 701.41626 141.21954 1024.0 652.3642 1 0.5950436 256.7194 464.14615 292.2662 511.8582 1 0.572836 187.51645 256.6621 388.79373 562.0911 1 0.47654778 113.92926 265.57306 473.69617 747.6011 1 0.43370694 335.39725 608.1852 420.26926 668.4591 1 0.41366088 107.20782 641.43097 261.61884 855.3476 1 0.39595002 319.74738 401.21063 403.83972 477.79565 1 0.34832463 247.67648 242.71129 410.38785 470.1712 1 0.3158872 252.76534 456.31506 314.76587 532.8466 1 0.20719016 199.96243 245.6805 301.467 454.1156 1 0.19739088 307.94165 398.59277 396.06476 538.93054 1 0.16280092 285.24265 472.64252 310.71542 533.12646 1 0.16195402 991.2733 148.95595 1023.9857 315.6671 1 0.14531316 235.21481 867.6648 328.4601 975.04333 1 0.13944507 327.18512 493.2294 380.27557 647.14014 1 0.13052703 251.19012 437.30884 298.86383 518.3637 1 0.12737267 229.32642 396.84238 271.42532 479.29898 1 0.12679881 335.46512 409.35333 384.6998 501.04492 1 0.11785922 230.70546 441.89496 269.09256 475.78992 1 0.11462454 222.92685 386.60126 330.59573 548.14044 1 0.113639966 74.73959 435.19904 266.80154 926.2011 1 0.09181558 344.59525 434.24774 378.2278 492.54553 1 0.08663853 278.53876 377.5885 410.3775 497.5465 1 0.08052035 212.96095 332.35873 277.44653 446.2267 1 0.07916364 335.60358 569.7814 374.97156 637.95264 1 0.0701683 276.29984 387.5395 469.42624 679.6413 1 0.07001629 123.09151 502.69193 485.17657 753.332 1 0.06828141 324.08755 390.71536 398.0668 640.39856 1 0.06817666 214.23717 341.2671 294.25598 527.30884 1 0.066910915 259.11496 450.68094 292.8044 492.50217 1 0.058702797 190.08511 765.54443 324.70755 975.291 1 0.05621786 305.0436 260.36615 381.1387 332.98016 1 0.054805927 332.0318 575.67676 472.39917 728.0831 2 0.2763253 700.1339 143.5826 1024.0 653.24915 2 0.18564507 345.45108 436.0568 378.97995 495.2997 2 0.1674787 229.32642 396.84238 271.42532 479.29898 2 0.11689472 319.2196 400.2156 401.4129 482.3503 2 0.104028314 343.7817 425.8536 403.69748 495.2892 2 0.09201112 335.46512 409.35333 384.6998 501.04492 5 0.08738518 753.15094 570.59985 797.0297 636.72314 6 0.08612094 700.1339 143.5826 1024.0 653.24915 7 0.9990357 550.9574 0.0 848.0238 391.06302 7 0.992762 341.65338 197.10748 683.3743 531.24493 7 0.98153484 456.3065 383.7124 808.20325 804.86646 7 0.5809967 342.94318 209.39178 803.90424 764.2537 7 0.25789624 700.77734 142.07735 1024.0 652.28546 7 0.16818808 619.2909 402.04123 815.9596 655.99414 7 0.10938209 316.33936 262.4545 382.7155 325.46335 7 0.07364354 519.24133 55.567474 981.3622 769.5868 ,test/2223.jpg
0 0.13478686 0.0 296.0912 75.55753 447.5418 4 0.32388338 51.95784 220.91043 551.6382 457.61276 5 0.99803406 328.2862 531.6448 982.304 886.6937 5 0.9656087 633.93085 128.44489 856.7763 599.7293 5 0.85349524 50.18802 221.32668 578.0459 458.1526 5 0.71372557 0.0 186.58203 981.58594 908.9364 5 0.45584908 3.947403 417.11243 373.78894 684.1465 5 0.25485763 0.0 298.02893 72.73245 447.78723 5 0.23651795 41.39029 214.11115 654.83923 701.3141 7 0.050852392 74.12569 226.12976 551.76996 457.07574 ,test/2224.jpg
0 0.9540203 377.0199 408.28915 763.6542 705.2865 0 0.72733325 260.30353 435.49982 462.32855 722.8831 1 0.4058999 260.65405 434.4917 462.73608 722.192 1 0.22161418 260.90588 408.63953 769.8583 717.0122 ,test/2225.jpg
0 0.16896789 278.71173 402.0234 722.2579 936.4536 0 0.15934803 268.7467 395.8293 729.305 581.06116 5 0.16885445 267.1317 395.62445 726.79297 582.86975 5 0.06732461 276.59036 398.43597 727.1127 937.21515 7 0.8101277 267.5515 394.99814 727.0553 582.8467 7 0.09947593 276.59036 398.43597 727.1127 937.21515 ,test/2226.jpg
0 0.13137372 365.6793 588.5298 416.4216 661.60095 7 0.99655247 401.7987 301.55405 614.2092 844.709 7 0.06732977 365.6793 588.5298 416.4216 661.60095 ,test/2227.jpg
0 0.9989806 155.5672 455.5942 969.26984 853.45715 ,test/2228.jpg
0 0.2528118 435.0982 203.98868 920.523 967.69495 0 0.16941322 172.76231 225.05304 529.4519 846.76276 0 0.09299706 140.32996 58.847473 856.3094 849.3262 0 0.058260106 630.2754 221.15466 797.5144 610.499 1 0.064414434 435.0982 203.98868 920.523 967.69495 5 0.37781015 663.24146 328.35556 777.37 512.16907 6 0.09214959 436.18488 199.50293 919.2137 967.714 9 0.9545163 246.58118 48.571747 787.1748 592.38916 9 0.65992314 153.23425 47.32019 925.52637 964.3753 9 0.5275162 162.386 403.79358 581.4133 846.0906 9 0.11558729 329.372 481.38162 659.33594 839.2252 9 0.074540645 662.31506 323.7982 775.5127 511.11044 9 0.060796432 174.98369 217.73213 642.39685 700.48096 9 0.056277934 202.25911 399.90274 686.83 662.3601 ,test/2229.jpg
0 0.9718755 380.55142 540.9754 1012.28455 1018.023 0 0.7985926 326.06604 537.79315 432.0158 577.935 0 0.22098811 290.17694 531.2979 430.7478 593.15375 0 0.17797445 268.51624 572.74603 412.49304 649.79144 0 0.1563852 296.46396 502.43192 328.2667 587.96674 0 0.10018043 468.3796 536.20905 1016.9055 782.3299 0 0.091699205 634.22473 535.83264 743.4586 598.76904 0 0.068565786 324.73816 508.46332 677.2391 791.8044 0 0.061170906 274.20105 538.1136 432.17627 635.2453 1 0.993399 288.16943 353.14896 664.54224 789.8927 1 0.9932933 615.1833 356.33313 881.7452 573.19995 1 0.86168486 295.34985 344.7885 475.32837 594.40924 1 0.6535336 396.78918 472.9766 670.21643 811.89905 1 0.4082281 406.24377 619.47906 567.36926 791.26227 1 0.19609813 629.91125 506.34827 744.6996 601.97 1 0.14629693 335.16742 501.4299 1010.64276 1018.69653 1 0.110417046 290.8192 520.67267 546.95746 779.84015 1 0.105140015 616.84845 380.03094 740.3509 603.0921 1 0.060058724 337.5813 688.36487 416.60608 756.52893 1 0.055360027 496.69733 485.88763 667.50714 699.77545 3 0.14768417 264.48093 593.89075 300.3998 628.0083 ,test/2230.jpg
0 0.9983417 106.49484 343.58472 785.37476 709.72876 6 0.16657674 89.22424 416.04794 127.199356 445.25125 ,test/2231.jpg
5 0.9781033 70.41037 598.534 600.0447 813.19586 5 0.88291794 454.77618 439.7344 500.49463 474.50156 ,test/2232.jpg
0 0.9680719 1.4883881 181.08124 196.02336 480.19348 0 0.50294465 344.04178 427.46567 466.00723 590.6969 0 0.38818213 4.0277863 159.28607 351.774 491.78442 0 0.3160712 3.4797325 20.334862 71.8141 67.0869 0 0.26263395 0.0 58.890137 222.94305 600.69336 0 0.15018988 2.981865 1.1533203 203.76746 69.103294 0 0.09808019 4.1041718 54.335693 413.90918 646.2428 0 0.06741775 340.6757 426.2356 463.73703 508.86066 0 0.06015479 325.4795 1.2156029 560.3137 98.24403 0 0.054812387 153.49861 246.71335 259.24792 372.57443 0 0.052371718 352.54593 7.2803593 468.67374 41.78431 1 0.9628145 150.09334 183.36633 352.7295 374.87335 1 0.32421282 3.146202 0.41575623 215.57245 70.83301 1 0.09006745 342.3181 428.06268 468.32727 584.8495 1 0.0842098 19.816528 3.0982513 461.38672 245.96646 1 0.05394207 153.49861 246.71335 259.24792 372.57443 3 0.9764653 147.64186 241.68402 256.06494 383.2923 3 0.0843826 181.44238 325.86575 252.98502 391.9625 4 0.9942697 549.51746 320.33493 822.88416 395.01608 4 0.95665616 152.31168 457.70795 449.80405 603.0174 5 0.9982481 0.0 740.8518 315.79523 1024.0 5 0.9621131 6.1913605 479.6583 270.41003 619.49475 5 0.91341174 1.8462982 551.3191 140.492 716.65576 5 0.44419387 9.156677 440.19504 461.82288 614.1752 5 0.18282275 1.2706604 466.20203 302.50528 713.23254 5 0.18206117 341.95166 428.48938 467.52374 583.71643 5 0.09527561 153.49861 246.71335 259.24792 372.57443 5 0.058405846 156.77643 463.9498 448.51526 598.5678 6 0.9448814 362.30707 0.95586395 547.33124 98.26651 6 0.60761106 2.7597961 0.4834633 199.02193 69.08229 6 0.3698638 180.14479 0.36711884 562.19763 97.57101 6 0.26379532 1.1198502 17.820278 71.558395 68.90665 6 0.18849885 351.04462 2.5414467 493.94434 40.193817 7 0.9886035 6.282791 1.0127411 465.17883 255.74788 7 0.75216514 342.17474 428.58392 467.82166 584.764 7 0.22467747 7.2858734 51.014282 375.77997 667.51984 7 0.06880873 0.0 117.35812 193.44029 481.6962 ,test/2233.jpg
0 0.60221696 475.45062 425.80383 561.0761 467.2613 0 0.2553409 722.3548 443.4921 798.28864 541.79266 0 0.09231445 318.39075 351.58575 454.8003 486.7044 0 0.082901485 416.65295 473.04398 470.86084 577.9364 0 0.079559416 585.5454 77.157486 662.7936 126.29526 0 0.06200093 718.9141 439.81937 798.7587 490.36124 0 0.05530917 535.78925 122.13567 611.0191 224.46149 0 0.051323984 798.5341 682.6223 822.20795 740.94006 1 0.9961671 293.96103 379.6828 871.6677 993.93207 1 0.9887461 434.12106 45.98741 697.63025 411.2093 1 0.9858532 62.127647 480.0025 241.76901 750.1922 1 0.97188854 334.76526 347.08636 688.81415 650.69025 1 0.94967014 120.79223 589.94934 331.89676 975.796 1 0.92178434 454.3046 2.0108566 601.70703 175.04886 1 0.83111787 284.20624 474.05597 567.62823 765.987 1 0.59072393 611.21844 344.3699 692.8414 546.4312 1 0.5254186 612.7562 328.00705 838.4186 542.5586 1 0.51353276 722.2208 443.9395 798.5482 541.6732 1 0.4412517 255.52185 594.3992 414.07507 815.36316 1 0.3737472 638.029 391.77344 781.009 514.0003 1 0.351527 318.2978 356.7001 452.43365 488.48123 1 0.3062163 55.572647 484.1968 346.58362 844.1969 1 0.3019773 139.77478 611.1073 304.97003 845.46497 1 0.24846429 534.71655 359.03833 690.5453 564.84576 1 0.24180926 577.6572 38.337948 654.9092 108.1879 1 0.20973428 116.8501 721.4412 158.20096 835.80084 1 0.20735528 664.28625 409.09644 746.4269 517.21576 1 0.18926506 117.57762 672.4719 257.94812 834.3977 1 0.18822236 645.71936 412.58292 686.35754 540.5882 1 0.18780583 611.0224 358.14478 689.26447 440.10858 1 0.18705086 668.0329 419.2989 800.1298 535.1945 1 0.18383715 417.71292 350.54675 581.03064 506.35492 1 0.17839558 715.94977 438.15387 796.25836 495.865 1 0.16390924 524.6848 668.4634 546.8268 728.9103 1 0.16332473 561.2827 370.5242 867.6116 613.0738 1 0.14905062 413.06885 701.0177 534.2235 764.4396 1 0.14559105 223.93593 555.7628 263.60547 622.9331 1 0.13936909 390.1859 526.49884 545.9005 754.363 1 0.1354187 419.78052 326.61792 700.813 552.7946 1 0.12361081 535.78925 122.13567 611.0191 224.46149 1 0.11277967 381.3482 351.61316 825.3415 780.32056 1 0.11109578 581.398 79.080086 664.73834 125.29458 1 0.10531201 649.9019 304.40002 769.36993 534.4124 1 0.10522854 402.36313 16.442932 588.6264 392.6886 1 0.1029515 729.49396 451.68808 797.1341 483.53464 1 0.10122876 604.04504 341.57608 776.13965 488.4672 1 0.100146614 718.85406 435.74377 744.1348 497.10345 1 0.094814755 521.6703 70.69189 657.1106 231.99399 1 0.09440772 463.79236 30.27623 647.1587 246.01991 1 0.0827972 224.43518 554.1046 498.2218 805.5902 1 0.08258247 206.7794 478.04886 261.03323 626.36865 1 0.0754471 399.26385 397.6852 587.091 648.95465 1 0.072184406 229.63358 595.6873 325.37228 833.3676 1 0.07070631 660.5017 334.01178 691.6974 379.68298 1 0.050589416 452.31335 44.78782 563.42377 207.50403 1 0.05009468 664.39185 498.31384 689.90625 533.6627 ,test/2234.jpg
0 0.23816814 272.09485 279.94705 583.5872 732.499 0 0.123944275 528.5842 731.943 643.90576 936.22144 0 0.11665889 537.9091 658.73425 570.0328 710.54834 0 0.10728325 0.0 261.1296 104.206955 683.8721 0 0.08113425 495.1437 721.4348 554.50073 735.499 0 0.07962748 320.63113 283.81082 591.7577 332.3055 0 0.072899945 0.0 317.34412 59.677223 669.5205 0 0.06916444 589.09503 828.87396 644.88336 853.20734 0 0.051026843 832.0106 110.173096 1024.0 408.43353 1 0.7537219 642.33813 793.51276 750.8002 849.8858 1 0.70284873 526.8507 731.6357 790.51196 1020.06915 1 0.5697485 702.8967 125.7181 862.57117 260.25366 1 0.48693645 705.40674 797.5612 748.3159 826.1568 1 0.4091539 571.2982 721.32886 646.59033 851.9623 1 0.39939198 622.5494 739.9065 789.2176 899.42236 1 0.3266688 532.105 730.3502 651.07947 912.7114 1 0.3258166 656.3087 408.02255 792.0198 529.8496 1 0.3095539 638.5964 751.3822 724.3088 844.9341 1 0.24089132 713.17834 742.1858 792.4341 863.77014 1 0.23042613 694.5617 797.4304 748.4471 848.42126 1 0.22229944 650.5672 130.46196 877.05304 501.51923 1 0.15188034 277.1529 277.67487 583.1358 727.47754 1 0.11874662 317.98022 280.83432 583.50916 332.2543 1 0.117724836 716.3196 745.7364 790.07837 803.10223 1 0.11401536 713.58746 778.6523 785.6696 825.9008 1 0.11252287 700.3194 120.695724 1022.6978 442.58423 1 0.11170733 568.6096 729.91656 756.2865 861.1385 1 0.11115559 494.44965 722.6835 580.58453 764.42993 1 0.1093875 537.9091 658.73425 570.0328 710.54834 1 0.10703273 533.2301 803.44763 733.7792 898.2572 1 0.10554076 640.79974 745.7993 726.3726 801.907 1 0.10350092 746.41284 794.9856 781.0117 845.8008 1 0.09846668 693.77264 794.78455 752.86835 894.0519 1 0.09499431 722.3373 758.25555 792.74243 949.7951 1 0.09336771 486.40283 749.2841 742.2716 897.4545 1 0.084774494 495.1437 721.4348 554.50073 735.499 1 0.08304333 714.1407 754.55273 731.57135 798.92834 1 0.06786308 736.52826 785.7323 789.65216 898.3224 1 0.0606402 607.31476 736.2879 790.18744 810.061 1 0.05351133 736.41437 787.34534 797.5252 844.3225 2 0.3319342 276.27216 281.22064 583.47723 723.5277 2 0.093860164 537.711 658.5341 570.64374 708.92706 2 0.063456096 705.7684 797.0036 747.86066 825.6324 3 0.18801686 274.34393 279.3927 583.2069 731.91077 5 0.58516204 650.48505 179.16412 874.5086 520.9988 5 0.10659024 655.862 408.2135 792.0976 529.839 5 0.05607172 527.329 771.96313 771.9004 1019.3922 5 0.05391159 537.711 658.5341 570.64374 708.92706 5 0.050495505 644.69244 119.39194 1024.0 545.27405 7 0.77637595 525.90454 735.5731 781.89734 1018.2339 7 0.7604182 275.02042 280.3434 583.34595 732.80066 9 0.72571665 0.0 260.7371 91.64551 682.31714 9 0.29770568 832.0106 110.173096 1024.0 408.43353 9 0.07399101 0.011419296 361.92303 58.257248 667.3317 ,test/2235.jpg
0 0.23058398 263.7541 398.3341 323.29443 704.14185 0 0.08316414 14.199432 391.78424 295.7193 729.4008 1 0.15707768 263.1908 399.1597 324.8225 704.625 1 0.1503863 14.923676 391.8252 290.23364 732.3251 1 0.089222364 0.0 436.38297 44.82001 671.5552 2 0.90409386 14.954269 391.7871 291.56085 732.2761 2 0.19217832 263.7541 398.3341 323.29443 704.14185 3 0.05766986 8.198776 391.05286 332.5515 780.16895 4 0.9182011 373.0512 215.37872 700.9975 741.8809 4 0.66635156 678.4574 299.35205 981.1637 815.3097 4 0.14450394 0.0 660.71094 293.4411 782.41064 4 0.061573073 8.198776 391.05286 332.5515 780.16895 5 0.73396003 678.9835 303.9344 984.7125 777.81256 5 0.4201019 374.06744 214.83862 700.9566 740.90845 5 0.3986255 14.224213 383.9629 306.30246 757.26196 5 0.33029518 263.1908 399.1597 324.8225 704.625 6 0.08370894 939.41864 612.15564 1024.0 709.22266 ,test/2236.jpg
5 0.9996871 130.06006 462.1869 898.0597 801.7976 ,test/2237.jpg
1 0.92851585 287.51843 517.8867 745.2223 820.98193 1 0.4483508 293.006 546.3112 733.6072 687.69147 1 0.06658591 303.16187 521.997 733.2571 620.31305 2 0.79337996 285.40485 498.351 747.8465 821.64703 2 0.38455322 290.31525 492.17438 730.1025 648.16876 2 0.23434335 273.13016 479.86304 761.49963 534.03674 2 0.16776316 270.92282 382.5994 756.5635 630.4703 2 0.110635586 261.0949 412.17957 770.72797 531.9849 2 0.07940173 246.07242 296.43695 774.19775 527.3997 2 0.07246726 295.12708 498.0681 745.94885 571.63855 5 0.999119 255.91919 299.48123 775.3552 538.0436 ,test/2238.jpg
0 0.15231323 855.6692 0.0 1023.7356 680.93066 5 0.14718223 856.68475 0.0 1023.4296 675.7809 6 0.9988582 245.5209 351.02 856.6886 630.47107 6 0.9966884 358.29633 181.71835 803.33966 441.34238 6 0.30203637 727.57874 360.8703 860.4531 631.04144 6 0.1386203 599.7066 370.2685 860.30194 635.43555 ,test/2239.jpg
1 0.41820094 164.77753 0.0 350.3056 98.86713 5 0.7564418 0.0 0.0 120.46414 308.35034 5 0.58758545 920.0244 0.0 1024.0 387.734 5 0.11747411 0.03234291 107.49469 60.03163 301.99716 5 0.053958207 164.03543 0.0 349.94418 98.99732 7 0.99519086 93.58754 0.7336731 208.6746 163.09833 7 0.06311629 0.0 0.0 119.59567 272.76562 9 0.9964108 24.34024 176.67776 906.819 830.43835 9 0.08685286 439.2246 117.914 895.47974 815.4528 ,test/2240.jpg
0 0.8326369 277.60205 796.3973 378.55133 1021.7786 0 0.4671294 60.95166 127.4841 820.77045 928.6006 0 0.3892762 0.7519188 967.18146 83.60072 1023.48236 0 0.13392852 0.0 816.58887 141.2207 1024.0 0 0.120086744 556.08984 0.0 890.36365 153.69055 0 0.08678416 0.0 811.5111 472.24796 1022.1813 1 0.4355071 558.75085 0.0 891.3157 147.53915 1 0.11876377 62.3266 127.73648 820.22723 928.88684 2 0.2957768 60.797638 123.122925 822.1067 931.4049 3 0.96784806 0.0 816.1648 139.29245 1024.0 3 0.12998158 60.710144 125.68875 821.22797 930.0486 7 0.3309467 60.247864 124.50058 823.75287 928.84546 7 0.19286843 0.5273781 967.58997 83.20593 1023.39734 9 0.0586964 0.55630493 967.1136 83.410866 1023.491 ,test/2241.jpg
0 0.9577134 624.53015 725.62634 719.99146 796.2311 0 0.62459713 330.59552 146.2394 537.3554 214.83162 0 0.26975754 363.85287 0.75512314 453.5469 73.65062 0 0.084388 798.35455 0.48220062 1024.0 181.68805 0 0.0795579 447.2105 209.69289 590.38226 321.2553 3 0.058975115 315.31894 730.1408 430.5128 817.09125 5 0.85700625 315.1711 730.20325 430.2841 816.9702 5 0.54947495 319.48154 145.21088 538.479 215.4176 7 0.9651383 220.41965 458.556 395.25272 533.9586 7 0.78025115 446.4598 209.83435 593.12195 321.9555 ,test/2242.jpg
3 0.9999702 362.8344 344.44867 728.98456 732.983 ,test/2243.jpg
0 0.27813405 522.5868 735.01685 566.1727 801.995 0 0.20986815 418.46698 505.35886 486.79547 533.8954 0 0.056020822 407.97067 406.28693 522.6427 448.851 0 0.05185564 530.27057 589.3815 594.50494 665.0288 1 0.97412044 306.70886 514.9015 628.68427 664.7041 1 0.90885824 294.6928 350.65817 602.7755 521.2942 1 0.617723 298.15106 372.6634 630.37836 663.08246 1 0.35487872 347.8325 460.7143 620.77515 539.0972 1 0.3428052 628.09015 525.2395 805.4084 622.43176 1 0.31395617 501.76886 395.91464 747.18304 592.8629 1 0.23989443 314.62704 479.4003 368.74838 525.565 1 0.14345206 312.3574 573.6854 555.6842 661.62744 1 0.13046303 652.08777 545.49207 753.3954 614.9469 1 0.117329076 417.55463 505.22348 486.61493 533.0619 1 0.115948364 522.9824 735.1891 566.54016 800.53345 1 0.09355833 519.45557 567.8185 619.4823 825.1835 1 0.08733621 481.9697 468.5226 616.6198 529.7612 1 0.07280649 544.4844 527.53815 622.1786 602.41473 1 0.06948335 340.60834 454.7287 625.91034 608.28204 1 0.061566975 578.7739 491.67694 765.00574 615.9003 1 0.0543359 497.05118 459.96524 1022.0637 972.4176 5 0.5797396 523.2385 735.8772 565.7092 799.51465 7 0.99866414 526.1414 486.5406 1022.1269 963.01825 7 0.9298241 524.25916 396.7264 747.781 551.20026 7 0.70596284 304.77414 345.0265 589.5094 527.603 7 0.60343593 336.55396 349.20865 561.13684 463.6851 7 0.43090189 503.24185 345.39313 578.9443 401.87134 7 0.17143138 401.1213 398.63147 533.79144 447.81708 7 0.12907095 417.58643 414.87955 494.07922 444.85587 7 0.096999116 522.94684 734.8719 566.73785 802.279 7 0.084417485 418.46698 505.35886 486.79547 533.8954 7 0.0741527 535.4883 587.77454 593.3668 666.6825 7 0.060046513 721.7474 435.90958 756.51044 463.60068 ,test/2244.jpg
0 0.9175172 332.37793 0.0 493.71814 341.92917 0 0.50473356 450.8595 412.47284 545.6075 592.51373 0 0.071114786 403.48325 237.25809 505.10544 357.49643 4 0.09978604 276.71497 248.41794 962.6338 938.178 5 0.97584164 275.7823 248.9162 967.2745 939.54156 5 0.6822939 352.5587 247.11685 959.2334 425.24808 ,test/2245.jpg
0 0.8882844 215.86823 276.00696 259.76764 318.69666 1 0.9991935 269.69214 437.928 1004.5574 866.23145 1 0.08856952 279.62207 477.7487 567.6163 804.14185 5 0.40065074 3.3939896 0.0 171.85944 537.69324 5 0.18761466 153.53406 155.37274 196.08844 215.40399 7 0.99916196 124.82753 262.81558 392.5204 539.4215 7 0.97915065 369.87772 229.40413 907.4486 520.89844 7 0.26935935 432.31906 296.78232 508.88657 342.4819 7 0.23930076 215.47845 276.50763 259.5452 318.49188 ,test/2246.jpg
0 0.6863486 898.25635 167.42848 946.66675 191.7817 0 0.4726444 67.41722 106.226776 159.16841 396.2403 0 0.30696514 468.49118 298.01932 499.66104 361.30972 0 0.12137211 566.6939 195.35631 654.3554 338.92517 0 0.093426965 609.3855 109.1875 784.3519 371.06726 0 0.059257753 580.9106 406.46237 705.1042 444.29453 1 0.93028283 570.775 192.48148 655.6841 343.56717 1 0.9234655 699.4521 350.0753 816.35626 446.30862 1 0.9135019 574.8592 320.62375 709.4145 534.43396 1 0.35916346 637.67957 335.4882 678.49695 358.3511 1 0.24288432 638.75946 323.1765 701.93097 359.79303 1 0.22690776 669.9911 320.04987 702.35913 362.21014 1 0.16863824 651.7198 320.5855 703.58014 404.0727 1 0.14413454 580.9106 406.46237 705.1042 444.29453 1 0.10600118 639.48413 319.4821 820.8563 460.87222 1 0.094670124 587.4231 114.69694 713.5984 327.49744 1 0.07983758 467.1216 297.95673 500.07364 361.57092 1 0.0737461 642.2796 212.89856 655.0004 356.19794 1 0.05577098 529.5332 153.55594 645.2538 182.26639 1 0.0528873 575.8346 356.8369 702.4203 411.932 2 0.06453492 572.91797 320.14493 709.0648 533.66223 5 0.99764 841.0032 158.67584 1022.1178 314.05414 5 0.36963737 573.7268 321.35446 638.52515 360.95297 5 0.15736315 733.23236 125.99835 781.6828 214.50998 5 0.08765811 67.41722 106.226776 159.16841 396.2403 5 0.07674228 573.507 322.261 708.5234 533.2112 5 0.051363274 529.8911 155.81459 644.4441 189.2369 7 0.999754 353.83966 521.80316 717.95026 856.52045 7 0.8710131 458.8283 98.83046 790.9963 432.77985 7 0.6722364 583.3844 110.439255 785.4772 371.60962 7 0.5874628 68.32989 103.921036 159.7952 397.18384 7 0.40417194 466.72815 298.11777 499.9818 361.09702 7 0.23559451 456.1914 68.71271 518.10547 340.5321 7 0.15980671 734.12177 125.09819 780.8731 215.83272 7 0.08299115 463.9909 100.89952 653.413 392.50464 7 0.057141695 643.07043 115.947044 783.19104 228.47107 7 0.05575991 736.2787 114.148544 863.4696 291.9154 ,test/2247.jpg
0 0.1421521 0.0 55.056396 1016.0167 992.67065 0 0.09301607 29.269588 91.05026 95.56622 373.8425 0 0.07728619 723.2007 965.11346 1018.2212 1021.1254 0 0.051006462 10.873653 10.324005 105.66148 830.19385 1 0.9372158 2.6071777 47.211304 1019.06335 1007.1472 1 0.24752682 737.0272 882.5479 1023.4636 987.3354 1 0.24733405 725.88367 218.4393 1020.8397 992.5133 1 0.15034282 513.7655 83.65347 1024.0 1021.79834 1 0.10806407 31.953735 106.578766 552.67224 936.00244 1 0.06812876 3.5415974 3.8217163 66.47289 380.81564 3 0.07307259 209.95801 305.8389 357.73236 605.94934 5 0.09238174 0.0 55.056396 1016.0167 992.67065 5 0.05585486 132.07793 59.48114 481.424 665.4663 7 0.3681028 763.01184 967.9061 1017.79236 1021.4016 8 0.9725887 206.42395 303.68756 360.8329 618.4561 ,test/2248.jpg
0 0.3658851 46.84175 64.46347 411.80066 622.78455 0 0.17263083 895.4645 260.85767 1021.6638 427.7423 0 0.1351529 353.0318 3.5777435 735.5706 379.71692 1 0.78911835 895.2908 260.0894 1022.33875 428.04922 1 0.18825755 40.734222 66.85101 448.5147 615.99115 1 0.08878292 350.84973 2.5458984 734.7643 377.4642 1 0.05645877 6.3767776 69.334335 159.11389 425.661 3 0.99955505 412.989 357.62878 769.39844 615.0254 6 0.24458477 43.374634 60.96808 410.6712 622.27136 ,test/2249.jpg
0 0.064865574 629.54016 321.53912 785.1221 438.781 1 0.11241691 249.44934 45.475647 387.65198 246.14539 1 0.05005429 629.54016 321.53912 785.1221 438.781 5 0.70121485 647.7242 648.07214 771.815 769.7455 5 0.62298083 392.48627 147.95914 567.53015 283.17572 5 0.06921911 412.92203 178.3476 510.7733 285.043 5 0.063734144 629.54016 321.53912 785.1221 438.781 5 0.056542903 558.3275 212.39923 601.18445 251.53574 7 0.9996289 480.6881 71.485016 946.0039 630.85925 7 0.9974261 53.6951 12.526611 609.7318 1024.0 7 0.9967224 465.0993 555.5907 870.3182 914.911 7 0.44898945 629.69165 321.7921 785.5238 438.23474 7 0.3111361 561.39886 62.958076 687.41315 276.87418 7 0.27023005 246.67996 36.56398 387.20938 247.01216 7 0.15291141 494.00778 46.756714 689.28485 581.942 7 0.110711 337.77634 123.85274 589.0958 576.87103 7 0.058297243 593.7 222.37865 633.0267 260.99088 7 0.053828627 548.0637 52.973648 696.87415 433.12665 7 0.05168633 546.3912 176.31339 575.2203 223.0542 ,test/2250.jpg
0 0.9177354 714.2597 620.27136 798.0601 744.3292 0 0.9102367 415.13086 494.4382 467.08087 558.2391 0 0.4429981 907.19336 835.87885 958.8274 860.6783 0 0.19801691 81.27064 624.29443 279.42468 660.4249 0 0.07359056 569.99524 779.3998 747.5537 905.5281 1 0.9494083 570.4086 779.4619 748.42584 905.871 1 0.11186902 321.82385 949.9755 356.11932 976.4395 2 0.05005428 714.6692 620.4385 798.1704 744.6571 5 0.38263762 907.19763 835.7573 958.7698 860.6339 7 0.99983776 241.49313 491.1173 550.85767 793.23694 7 0.99887353 500.31323 614.60815 724.6244 828.86035 7 0.31611133 573.12213 759.3396 750.1099 908.85205 7 0.098726265 577.49005 671.5138 728.7553 879.1876 7 0.05533301 330.51862 506.29474 385.42865 530.9014 ,test/2251.jpg
4 0.99865097 373.91254 214.96658 662.9837 770.37305 ,test/2252.jpg
0 0.14644825 136.09836 924.9477 266.47253 1023.8073 0 0.08038235 23.86972 41.21402 542.224 673.1892 0 0.057495262 0.0 2.581787 1017.4956 685.54767 0 0.050955832 904.543 207.35034 1024.0 777.0363 0 0.050792415 699.9354 125.138306 750.3568 654.824 1 0.47361842 905.0147 201.45624 1024.0 780.3875 1 0.43942824 707.78796 127.643616 949.5139 670.8663 1 0.16802368 907.5872 500.55353 1023.1934 802.0993 3 0.5443189 702.9814 124.279205 751.1257 663.82166 4 0.79306257 371.90378 244.21481 704.3037 931.6493 4 0.54352933 709.4343 151.18832 947.9125 666.50476 4 0.19243638 770.9032 201.17229 939.4044 440.20178 4 0.050650824 0.7162628 844.0985 277.93573 1022.8552 5 0.93654186 70.15314 842.04974 173.52077 1022.00885 5 0.8763491 1.3755951 843.7124 276.74976 1023.147 5 0.6010461 371.91882 243.49744 701.5143 936.1283 5 0.4732334 24.189423 50.708923 584.08936 675.02045 5 0.30383098 4.1728554 841.2397 90.89015 1021.7126 5 0.28803048 707.0319 138.66293 949.805 668.65125 5 0.16636474 904.543 207.35034 1024.0 777.0363 5 0.09194175 770.8206 200.27182 939.79083 441.06088 5 0.073384665 1.114315 164.85144 72.95322 680.25073 5 0.05186283 706.688 123.036804 752.69836 669.2772 7 0.3102656 904.543 207.35034 1024.0 777.0363 7 0.11173539 113.60341 906.5793 265.3183 1022.2409 8 0.08158481 702.9814 124.279205 751.1257 663.82166 ,test/2253.jpg
0 0.13059443 521.1766 159.94804 652.2155 219.86809 1 0.98873 26.331848 37.560608 995.5088 717.52374 1 0.4015164 299.19177 220.27661 981.50696 698.2196 1 0.40023154 48.55902 49.14926 646.05756 531.319 1 0.21119165 642.3379 666.317 901.4392 710.61206 1 0.172666 522.3646 160.93808 651.4419 220.07935 1 0.14528352 873.01465 673.2965 966.38464 688.34204 ,test/2254.jpg
0 0.12902734 683.7926 523.1102 841.82666 609.567 0 0.05435552 459.56076 448.15393 509.32895 461.4203 1 0.15991215 673.34247 523.4355 840.9086 566.81146 1 0.104685634 459.56076 448.15393 509.32895 461.4203 1 0.057937015 677.6671 521.4387 841.9448 607.6439 1 0.055788692 743.1128 524.4334 837.74255 589.0927 5 0.6946668 849.501 376.18655 950.1864 413.14157 5 0.073194616 323.86658 542.30786 425.94397 677.5614 7 0.9997696 176.54272 438.2968 827.6479 769.5372 7 0.99966156 402.84802 121.919785 739.6218 439.5468 7 0.24457756 396.2422 456.47897 527.6972 553.67584 7 0.15822038 471.48352 447.9086 794.3535 527.3275 7 0.1093618 459.56076 448.15393 509.32895 461.4203 7 0.095683426 499.00177 130.27284 537.3553 168.77861 7 0.08022419 446.98453 453.90826 819.04834 583.65765 ,test/2255.jpg
5 0.9959221 385.50183 283.819 794.67786 844.1786 ,test/2256.jpg
0 0.49556148 112.765015 403.96625 790.7047 806.9858 5 0.5831537 118.614655 406.31677 788.7969 805.11255 7 0.30958715 119.7272 406.64136 786.3706 805.7759 ,test/2257.jpg
0 0.73432606 336.01324 391.1513 654.6042 645.32635 0 0.6814886 175.35025 567.0356 380.91495 707.75824 1 0.116410375 336.24777 393.34634 653.9054 645.4303 2 0.7479693 336.36313 391.32077 654.2699 645.4184 7 0.19029596 175.36377 567.47906 381.055 707.84735 ,test/2258.jpg
0 0.09257931 878.68335 426.68164 993.5863 665.9888 7 0.9985896 235.77017 250.09955 859.55164 763.8526 ,test/2259.jpg
0 0.7871897 15.367447 152.13959 506.9065 669.1187 0 0.05646519 6.159485 391.3445 473.41336 693.63696 2 0.14309888 517.787 511.7735 911.027 738.0141 5 0.9093495 486.21494 268.1682 1019.0637 623.4226 5 0.569858 18.62674 149.46442 511.19186 686.6214 5 0.16409296 508.6576 497.83188 911.7694 737.408 5 0.053175855 6.159485 391.3445 473.41336 693.63696 9 0.120988674 17.047577 150.44476 508.63498 681.114 ,test/2260.jpg
3 0.05328457 411.12375 392.66476 631.7491 651.57434 4 0.23038556 410.61578 394.04205 633.19696 650.7613 5 0.95135546 410.8272 394.617 632.85333 648.47955 5 0.41193128 410.11896 601.0395 481.6328 646.8902 ,test/2261.jpg
0 0.8985989 434.0739 395.42316 518.221 541.4794 0 0.68666655 402.47757 395.48157 513.6692 609.2718 0 0.12811525 313.51852 388.69138 522.93115 634.02734 1 0.5243784 748.6147 249.04446 849.8094 475.97482 1 0.33755407 595.3988 631.1207 866.47217 1022.095 1 0.25750077 2.092678 604.8542 87.874695 785.5975 1 0.061581217 736.86005 248.62366 800.15753 485.29242 5 0.99627835 199.56078 477.8788 553.9604 645.04803 5 0.06584806 754.0278 249.92546 849.2304 473.62048 ,test/2262.jpg
0 0.6227771 175.5134 145.24455 482.75485 425.76514 0 0.18804374 546.2665 64.49432 638.74097 164.70607 0 0.18330835 707.3635 364.6908 758.7141 432.81378 0 0.16314115 706.7577 643.6851 759.2777 684.96234 0 0.08771615 310.98395 681.6042 497.771 1006.1619 0 0.08491477 203.55551 168.8176 373.12997 268.74823 0 0.06691012 338.69714 148.85287 488.44965 302.44052 0 0.05737341 820.097 417.25046 888.19745 477.6583 1 0.22929414 830.67053 670.57715 912.4263 781.261 1 0.122115165 545.55914 64.293655 639.76447 164.5906 1 0.10381392 204.06534 168.93463 372.5151 268.68027 3 0.2208317 707.71594 364.9214 758.86975 432.66248 4 0.4663802 718.0227 251.59421 972.7556 421.42538 4 0.18089147 798.58026 251.39465 876.1501 316.64447 4 0.13817121 735.19495 269.03375 877.9801 417.2575 4 0.107416146 683.1146 289.12646 771.7378 378.7804 4 0.10598315 739.89856 272.69855 781.57214 354.1488 4 0.07767706 885.1104 305.14917 950.8403 414.95758 4 0.07203335 704.7286 271.69135 840.9661 370.3512 5 0.94783896 814.0479 139.57834 955.62103 257.7768 5 0.7230823 594.2035 184.89182 653.23987 277.10522 5 0.6683104 869.9092 190.96649 1007.88257 336.87878 5 0.57657677 678.13 187.01895 757.6327 311.70764 5 0.5592147 593.7941 249.73927 668.15204 333.0894 5 0.44451138 830.0106 670.1578 912.26526 781.2978 5 0.4438431 546.2299 63.352444 641.9305 165.04713 5 0.42954355 646.0164 279.17484 704.4007 344.97617 5 0.4245634 684.509 293.1876 771.22504 376.05618 5 0.38000935 751.55524 172.98398 807.7548 286.75253 5 0.35220274 729.9632 136.12794 982.73956 276.8048 5 0.34580815 707.8385 161.36671 744.05835 197.55907 5 0.33026305 571.43994 101.101006 668.5989 180.96759 5 0.29861063 717.73224 149.12172 1003.7924 420.72833 5 0.2872118 657.25684 66.49531 723.0934 158.74338 5 0.25426647 689.39844 227.46695 775.7798 308.50858 5 0.25260347 746.7055 168.37027 858.7723 278.62265 5 0.24932599 660.49115 195.80287 696.49945 228.59746 5 0.22957693 656.7283 192.38916 698.49207 282.388 5 0.21424901 816.48456 0.9843445 924.071 149.93338 5 0.21099833 682.80054 157.76329 746.58704 201.0908 5 0.18925251 580.15704 168.28966 665.63434 332.78894 5 0.17403427 512.64813 160.81339 655.54364 333.11877 5 0.17209588 732.44635 167.84825 790.7939 226.44319 5 0.15112016 798.58026 251.39465 876.1501 316.64447 5 0.14605778 728.4322 258.74182 967.73065 419.45068 5 0.14470999 592.53186 296.21375 648.9761 338.08655 5 0.1272825 799.87946 268.3568 843.143 319.06256 5 0.11593115 791.72797 173.1653 828.52924 273.5417 5 0.11329598 424.45895 366.39066 507.47574 593.99585 5 0.10952256 570.7012 102.83107 670.72046 294.04047 5 0.10642597 883.8921 292.64774 963.6902 416.9974 5 0.10406865 683.3663 193.20766 742.1075 276.9315 5 0.10270519 706.11115 160.61806 761.12494 220.93684 5 0.09975463 672.4462 82.90158 860.2343 189.12268 5 0.09222642 559.1328 67.41971 711.23694 186.56346 5 0.09004364 530.184 86.01658 697.4257 336.47424 5 0.08796126 668.67224 152.56995 729.2212 210.82553 5 0.08065672 791.23724 242.80028 944.0876 329.2254 5 0.078696266 717.99335 0.83073425 927.52057 159.4386 5 0.07481704 385.776 379.2629 510.07843 705.4243 5 0.07019585 799.9981 185.26373 821.4091 264.59735 5 0.06484425 663.09906 175.62079 797.85443 275.7965 5 0.06456827 627.0914 252.68755 661.0264 287.84775 5 0.061201997 637.38617 60.827415 725.1966 207.09338 5 0.057055153 745.42664 279.11496 840.1699 363.58835 5 0.053644616 648.8994 70.593666 889.6222 277.1975 5 0.053423196 439.47424 377.26874 476.38043 488.06653 5 0.051444493 729.7937 179.449 768.22876 311.5979 5 0.051364936 609.38416 268.95673 687.5033 341.92413 6 0.99855477 295.72592 656.8523 524.9834 1003.6062 6 0.9899753 900.5928 0.0 1022.1896 189.65892 6 0.06818115 305.18088 693.2365 508.58218 885.2043 7 0.99959284 517.59064 632.1445 835.6668 988.41437 7 0.9894922 501.62643 331.32697 865.5703 715.2493 7 0.9743638 757.5755 398.60242 965.54694 693.83923 7 0.83236617 175.33167 144.45988 482.60168 425.9956 7 0.73530686 333.60925 212.1194 577.463 717.06396 7 0.73392403 328.35318 277.79306 955.19653 702.9585 7 0.51363814 725.86816 1.133606 930.24475 157.6689 7 0.4654729 543.7019 45.294388 984.9198 431.966 7 0.364446 338.69714 148.85287 488.44965 302.44052 7 0.30142105 315.8013 102.987366 725.02844 702.99713 7 0.26537722 817.763 1.5951004 923.888 149.93854 7 0.22851229 225.37314 68.05501 886.5753 430.425 7 0.22383136 203.55551 168.8176 373.12997 268.74823 7 0.18482137 546.2299 63.352444 641.9305 165.04713 7 0.1396618 356.83087 128.40868 720.26654 455.6609 7 0.11993824 522.6409 76.77565 680.08514 343.69397 7 0.10164862 578.6299 682.5726 683.82556 827.35565 7 0.09486889 919.07574 294.7875 973.9692 419.82944 7 0.08880051 759.02844 639.5274 827.04114 695.9565 7 0.08316236 706.2223 642.6789 759.60376 685.17755 7 0.07172814 693.8435 35.950516 876.8965 298.4505 7 0.06854336 724.3148 175.0473 1000.2352 417.351 7 0.062527336 936.3278 190.95398 1003.65753 458.86432 7 0.05837961 574.70233 71.49129 753.28314 372.24976 ,test/2263.jpg
2 0.99638903 490.32544 315.34534 592.1687 475.67865 2 0.10510981 496.49588 380.30524 586.99493 461.80884 4 0.06827462 482.9504 450.73428 572.1968 556.29694 ,test/2264.jpg
0 0.1645124 264.4939 210.02582 745.15045 676.8267 0 0.16367695 616.949 207.6593 757.5322 565.42957 0 0.059615746 153.26953 564.3695 696.1399 934.87964 3 0.070953004 264.4939 210.02582 745.15045 676.8267 5 0.1692613 264.94904 210.94534 745.85535 670.49475 7 0.98995775 257.50504 319.47083 612.6752 668.4953 ,test/2265.jpg
0 0.2536884 311.90192 355.52045 629.37915 613.3553 3 0.4469619 313.37332 354.6622 628.4364 612.0891 5 0.67921007 312.63562 354.86853 629.3101 612.4571 ,test/2266.jpg
0 0.46859926 55.78273 837.49475 156.93669 959.66235 0 0.3595069 793.8253 506.34277 826.4635 534.44653 0 0.05150497 106.346466 441.08514 547.17786 640.5506 1 0.1969861 55.78729 837.66815 156.63582 959.52655 2 0.089852445 55.761627 840.04645 148.69615 957.184 5 0.9899275 523.10364 424.40707 820.2423 542.2888 5 0.8966387 53.10428 833.77893 156.30264 962.44666 5 0.16954337 337.25244 434.39914 830.03235 629.06177 5 0.0853386 615.3274 451.79248 805.121 539.4582 6 0.18946643 536.54236 127.57117 974.0073 556.8711 7 0.987812 104.20801 440.8049 551.7904 639.91974 7 0.42436105 793.37115 506.21405 826.3282 534.7587 7 0.14382102 53.930817 833.7112 157.19872 962.61707 7 0.08881157 337.25244 434.39914 830.03235 629.06177 7 0.067716174 151.74265 503.85303 451.94565 639.1012 7 0.050212007 366.14795 453.82666 521.74664 627.50085 ,test/2267.jpg
0 0.14314958 555.5001 480.76648 628.7964 550.81323 0 0.067330584 246.36087 472.063 283.8724 532.5905 0 0.060447622 194.33247 485.87872 235.48964 536.63995 0 0.05869199 324.38287 820.8559 338.68335 897.8647 1 0.98080474 675.0162 15.052063 883.78973 691.043 1 0.92182577 109.1344 370.46805 368.6035 968.7063 1 0.91751766 553.84827 480.85794 627.88965 555.46136 1 0.89738053 191.0221 488.74094 287.06842 614.7351 1 0.8432054 297.782 410.05792 386.04837 598.9729 1 0.6996651 282.9842 212.7556 414.65857 261.68494 1 0.693722 174.54164 408.1327 382.01306 611.9322 1 0.6510656 764.16675 42.312355 847.0947 263.02795 1 0.5954256 307.18796 414.36456 344.21848 453.1225 1 0.55828446 120.88397 503.439 207.21255 614.52026 1 0.50836754 168.10173 456.26172 208.85976 614.26086 1 0.5008852 192.82301 486.0432 235.81874 584.6251 1 0.4535995 98.34558 356.8683 218.61343 615.8645 1 0.40647557 674.26465 269.4179 766.4966 662.1556 1 0.39250508 272.02356 526.64996 321.72833 606.92816 1 0.38236564 749.1375 631.38776 797.0627 677.2137 1 0.3705444 164.315 462.89728 222.30807 545.6548 1 0.36007932 670.5101 204.29797 823.48724 683.34064 1 0.3559466 233.41728 413.6883 342.18915 596.77844 1 0.3455118 714.7143 361.70526 804.7005 682.2885 1 0.3426351 271.35358 494.01294 350.25806 606.02185 1 0.335098 125.760704 448.3875 173.60703 532.9457 1 0.3172945 98.570465 396.9431 174.49118 547.6334 1 0.27408484 178.5107 469.22345 246.45625 603.1148 1 0.24889046 279.38406 495.00113 308.76828 536.6255 1 0.24733478 145.03145 460.09384 231.87675 606.48114 1 0.23195475 168.26822 461.74152 193.02747 543.5444 1 0.22380239 590.27997 485.01413 625.0981 557.02423 1 0.21172082 246.36087 472.063 283.8724 532.5905 1 0.18936168 230.51129 515.14355 325.07642 606.3961 1 0.18385817 233.43266 489.9936 284.65536 595.55096 1 0.17897627 310.7964 413.16437 387.74243 522.45715 1 0.1549272 107.771706 403.03754 150.9014 528.80524 1 0.15378761 236.22992 410.03995 279.6574 537.84015 1 0.14424479 193.34317 499.38934 258.70438 566.46906 1 0.13679986 602.8675 261.64636 777.96136 677.838 1 0.13668028 602.43384 315.39734 692.4939 674.95905 1 0.13596205 98.49004 409.9793 119.82079 502.89722 1 0.13481522 277.68344 467.11258 333.69846 539.17413 1 0.13399312 301.98117 411.0611 342.56497 540.2323 1 0.13149941 98.25105 404.5317 131.85509 560.1444 1 0.11925814 143.5418 464.79276 173.15004 528.6766 1 0.11674242 123.046486 447.63934 142.02557 516.47815 1 0.115796715 163.6546 461.56046 182.83911 534.5755 1 0.10854214 111.68063 412.68274 136.09319 506.10657 1 0.100022756 263.7566 240.88951 298.74188 267.00327 1 0.099482544 194.33247 485.87872 235.48964 536.63995 1 0.098044984 747.87555 465.92938 793.7764 682.2613 1 0.09619552 233.86937 408.94867 259.41312 527.4786 1 0.0933933 170.5745 490.36676 199.18018 559.2685 1 0.09081822 132.28166 445.94556 154.94478 526.8663 1 0.08875138 295.04178 439.5304 365.10147 552.8663 1 0.087540835 156.06897 461.80286 192.15356 592.38513 1 0.08674858 153.0367 460.98172 202.44588 530.3335 1 0.07154423 188.30655 502.0805 210.29776 588.97723 1 0.062632665 268.25403 412.9834 334.58624 539.72144 1 0.057618674 301.11227 526.10767 349.89487 603.0121 1 0.05650119 314.04376 533.00085 332.48877 601.6251 1 0.056314185 106.85013 214.87292 273.38483 568.7307 1 0.055500675 776.78345 122.82691 836.8711 252.28604 1 0.05367904 274.38205 482.4202 322.6296 575.3593 1 0.05102404 605.84607 492.53122 626.6621 555.8804 1 0.050397046 206.95667 211.3577 414.50696 320.08902 2 0.113716856 307.18796 414.36456 344.21848 453.1225 7 0.9996406 330.73492 468.65906 544.8879 879.1742 7 0.9713249 70.52641 173.7193 283.73755 497.84174 7 0.96073407 244.55914 216.4549 412.87292 450.30817 7 0.9372785 345.92603 282.15118 539.3282 584.5268 7 0.31534636 372.9127 470.45044 415.22092 510.2541 7 0.22500801 208.65225 225.16391 407.8043 330.86136 7 0.22386587 210.55725 241.08179 297.8728 320.22906 7 0.11606841 343.3427 318.1299 398.62384 427.20718 7 0.09364396 68.66536 197.55566 104.78726 294.63626 7 0.07044723 193.61157 484.98544 237.12964 532.2511 7 0.06100953 236.41362 225.56854 526.8025 550.0385 7 0.05624426 71.3177 174.3763 143.30215 310.66998 7 0.056143645 309.9984 243.94588 470.2384 480.63202 7 0.054132655 73.40115 175.14742 194.9389 380.95074 ,test/2268.jpg
0 0.09878851 373.53067 527.79395 629.3795 704.8927 7 0.9798197 373.36316 527.6636 629.42535 707.43604 ,test/2269.jpg
0 0.07269378 945.4916 401.7921 1023.7269 697.0609 1 0.09228933 959.2824 559.1614 1023.5566 697.2919 4 0.97848654 671.85657 366.1768 955.22986 905.86536 4 0.816822 126.06381 79.91223 465.50607 929.19073 4 0.6692049 450.74814 455.49527 640.1664 918.777 5 0.9714527 451.56775 452.93182 639.98206 917.47626 5 0.7234651 117.79042 96.13681 469.62744 940.2103 5 0.24150501 945.44836 401.3958 1023.51733 697.7409 5 0.104858145 114.85188 85.632706 378.75623 349.73334 5 0.08282966 671.76746 364.7776 955.26196 905.9601 9 0.8443565 928.6812 4.5727386 1024.0 418.5501 9 0.4352891 945.4916 401.7921 1023.7269 697.0609 9 0.20161235 959.2824 559.1614 1023.5566 697.2919 ,test/2270.jpg
0 0.08558764 206.0499 209.65964 814.96265 777.23804 7 0.99042916 208.99738 212.51733 816.769 775.818 7 0.062325705 858.44055 98.8093 1021.44946 175.08707 ,test/2271.jpg
0 0.07675371 517.41705 26.39148 1005.6407 616.6581 0 0.068709284 0.6844864 36.354553 81.51009 435.78885 3 0.99996424 153.31638 313.26462 435.26852 533.7179 5 0.07384998 0.43075943 58.480957 82.05568 440.5936 6 0.85139155 0.31664658 52.58255 81.99072 438.09268 7 0.08244633 0.88698196 38.820206 80.38782 434.3537 7 0.07854621 0.14189243 20.750816 15.619689 150.89383 ,test/2272.jpg
0 0.86912334 441.8118 553.37854 587.26575 634.6919 0 0.82640696 362.33337 503.5253 529.0186 601.44037 0 0.76067567 365.04742 442.78308 583.7186 625.27405 0 0.6986482 354.13513 527.0292 403.62964 586.1079 0 0.60009605 360.6617 552.60223 403.86453 585.358 0 0.39616027 379.06937 469.76572 433.51688 515.7687 0 0.3776295 450.4728 426.3372 498.9962 446.58054 0 0.27093482 443.77063 588.275 561.4936 635.8535 0 0.252405 518.2398 545.72076 592.5175 565.70685 0 0.2404981 394.7797 479.01605 443.04318 513.4845 0 0.16517858 392.99463 441.90924 582.5167 533.51355 0 0.14304553 398.92523 483.593 489.3271 605.9884 0 0.11246676 451.22348 511.08206 522.6126 581.8891 0 0.110968165 514.074 542.2469 611.4503 573.55804 0 0.090053506 568.6277 560.7862 614.4783 590.5848 0 0.08087694 521.8212 552.76306 598.51324 569.2135 0 0.07133628 515.73206 525.1984 611.9436 594.4902 0 0.06894541 445.78912 602.73944 527.6174 636.0672 0 0.06610615 503.57556 562.6355 575.8207 628.62976 0 0.061590645 411.17047 479.30756 523.69165 576.23737 0 0.05621771 479.16748 555.7128 578.8544 608.19635 1 0.09077976 361.5415 505.57953 523.79944 603.9959 1 0.08234346 442.1994 553.23975 587.35455 634.595 1 0.069960125 354.11423 526.577 405.51645 587.2167 2 0.1029056 405.53592 435.81317 581.6644 528.897 3 0.3365137 416.60034 438.0566 576.2267 527.95544 3 0.18072657 399.52008 439.48932 458.3736 480.9411 3 0.08668871 243.63947 314.20337 746.0878 649.0109 5 0.7684406 418.82236 435.0307 580.568 529.24976 5 0.33025187 384.2186 997.96814 479.42502 1024.0 5 0.22925386 243.63947 314.20337 746.0878 649.0109 5 0.08203193 399.52008 439.48932 458.3736 480.9411 ,test/2273.jpg
0 0.9499008 794.3645 131.22954 896.7411 193.96397 0 0.16507201 691.03687 139.69598 1009.2085 773.1957 0 0.11352692 324.38318 701.68335 791.6898 1022.452 0 0.09798046 725.95844 907.4139 781.1259 965.21295 0 0.05938364 739.94946 798.8301 918.45215 970.469 1 0.08137941 688.64355 138.98904 1009.303 768.81226 5 0.26182765 346.10114 851.94904 737.20233 1017.6202 7 0.9980804 219.40668 389.8872 891.61615 839.9263 7 0.9531419 483.87567 299.08856 624.14435 516.17267 7 0.07014013 345.6097 852.1604 742.42957 1017.98364 7 0.066342056 319.22455 696.0519 819.81464 1023.3052 7 0.050439224 223.33861 415.1427 514.0258 743.77 ,test/2274.jpg
0 0.9996587 347.8662 284.30026 854.6499 693.8633 0 0.6545357 591.55676 93.75287 677.5759 149.90585 0 0.26798466 653.83044 280.92932 854.6865 462.9881 0 0.096857004 643.0788 289.2615 720.9616 342.85403 3 0.07990425 303.93408 588.4567 349.27863 639.84125 5 0.09814589 591.6469 93.83967 677.5168 149.94315 5 0.075803764 302.06677 588.18066 349.14343 638.42065 ,test/2275.jpg
0 0.8857114 678.46344 410.73785 764.4605 625.2753 0 0.86729956 741.44293 827.8944 792.08234 880.6659 0 0.36836678 617.8503 561.20496 692.8492 706.176 5 0.99966896 351.95258 636.1855 634.6494 888.2537 5 0.9924936 745.30035 495.8042 921.7005 659.3634 5 0.16979706 724.3091 492.97845 918.4098 799.7779 5 0.121292025 688.1158 415.6079 916.2829 661.97754 5 0.10473395 582.6999 822.5448 658.5992 892.3114 5 0.078092925 773.3684 493.50162 923.8937 594.901 7 0.8783087 825.7505 507.9776 1023.0991 1015.4992 7 0.8575011 837.9013 75.860504 1022.01117 582.3425 7 0.5243479 426.35144 308.67017 792.6637 632.6686 7 0.29540092 299.95584 201.88518 932.86804 661.51526 7 0.2893305 758.24207 71.99512 1024.0 985.0176 7 0.20845717 678.7873 409.22278 766.86237 627.7822 7 0.09308791 535.1546 81.43472 1013.56 721.5493 7 0.06287684 484.5672 374.3746 696.41034 517.97345 7 0.053098124 534.11487 377.59515 929.41724 647.65753 ,test/2276.jpg
0 0.3141896 402.36194 402.2407 688.43567 656.0519 7 0.89382535 401.31085 401.60718 687.1923 658.55566 ,test/2277.jpg
0 0.6262938 114.22894 530.712 239.42929 636.5218 0 0.08393211 116.90123 588.54913 181.69734 635.0307 1 0.66974723 114.14169 530.58716 239.20499 635.8058 1 0.05288241 703.3938 367.11017 755.11316 390.48877 7 0.99996805 704.90704 453.64313 920.9017 834.86334 7 0.9998851 62.731583 370.6602 197.261 578.1726 7 0.9995943 387.99146 205.04578 672.0791 773.7117 7 0.99718803 642.8008 356.22958 780.2427 680.5261 7 0.40339676 114.758026 531.7505 239.70316 633.56177 7 0.14066403 665.6172 364.32608 782.7998 517.85657 7 0.13793492 654.4929 608.9047 715.94214 674.6342 7 0.11473299 731.49396 454.6708 789.9821 501.85678 7 0.07797038 745.1526 470.89685 783.681 498.60284 7 0.07521937 450.68512 210.08821 626.05817 327.75504 7 0.06405409 739.205 374.06656 780.12994 467.3411 ,test/2278.jpg
0 0.9306791 136.36658 130.90948 967.76135 873.65826 0 0.06429182 272.36966 482.55902 867.48706 860.23444 1 0.18430011 168.58267 126.63904 961.9369 874.6469 7 0.07326307 163.64493 127.138336 963.6588 872.5359 ,test/2279.jpg
0 0.47641513 547.7308 881.22296 629.3792 957.14056 3 0.2567993 540.3565 877.8716 632.58734 957.2357 9 0.99441874 182.65631 19.431732 843.9559 879.5316 ,test/2280.jpg
0 0.9061136 1.7509155 26.768799 273.96588 515.9668 0 0.5419821 1.1884308 468.74078 150.39423 1024.0 1 0.9954195 358.10223 486.41278 609.6904 679.5257 7 0.40967265 0.73046875 22.350235 276.30893 515.03644 7 0.12822962 1.7203445 462.0206 149.84909 1022.49426 ,test/2281.jpg
0 0.72533 333.97656 311.08704 812.65515 608.7921 1 0.5103027 333.17047 311.2779 812.0063 609.0097 7 0.25869015 454.12036 350.6034 509.3288 394.8186 ,test/2282.jpg
0 0.06457288 374.40594 35.80635 647.98773 325.74524 0 0.057745665 344.9538 46.23529 1023.08746 624.4016 3 0.2452952 358.80966 393.90704 734.8756 637.18805 4 0.23746432 358.93063 392.6283 734.7871 637.1278 5 0.7236938 358.79608 393.1612 734.3515 637.3079 ,test/2283.jpg
0 0.07515523 971.59467 0.0 1019.66754 288.87912 5 0.06611563 338.11313 429.0267 743.17896 682.28595 7 0.9734003 317.59857 243.44824 762.9222 696.3548 7 0.9366446 366.96384 305.11383 755.6411 561.4272 7 0.48839563 348.81073 196.00787 711.17145 342.2265 7 0.3076356 341.59998 436.3982 744.765 681.7258 7 0.26633453 339.93494 203.22736 733.5609 476.07916 ,test/2284.jpg
0 0.94386715 395.2774 521.7315 623.55426 680.8448 ,test/2285.jpg
0 0.05913733 350.79034 226.0089 700.9715 631.61646 5 0.9833408 350.108 224.00554 701.54956 631.4623 ,test/2286.jpg
0 0.55759585 278.50507 236.18272 338.69482 292.43094 0 0.3078382 307.57278 456.79276 375.5132 486.87466 0 0.24212751 263.45056 393.93335 295.35626 440.109 0 0.08644962 474.13187 366.82678 540.8032 432.14618 0 0.055007894 403.0326 390.36545 482.05298 500.10025 0 0.05389512 407.45935 276.66113 494.9851 519.85187 1 0.96399826 395.44836 266.54562 660.09375 665.2644 1 0.7270229 402.83072 456.71866 470.68607 520.97675 1 0.66615903 263.69138 393.245 295.17868 440.14917 1 0.65175295 306.0463 454.17426 386.4039 490.5855 1 0.6181621 404.83612 281.981 520.70514 519.8369 1 0.28604248 402.66187 387.2853 478.52686 525.1404 1 0.27954113 457.3128 278.05444 544.70514 462.19037 1 0.22332457 403.30554 360.2831 550.26495 496.49637 1 0.219743 250.70593 204.1652 490.05194 502.15735 1 0.21631071 308.30267 455.73138 407.03363 515.25525 1 0.16105215 445.19177 487.36838 476.13806 529.4275 1 0.1594349 409.08844 488.961 463.18756 522.87756 1 0.13865206 518.5302 265.01315 617.77216 465.01736 1 0.106387265 322.98254 272.31586 541.3674 506.9552 1 0.0906264 406.7786 454.39056 465.03525 492.69373 1 0.07417573 428.00256 469.55167 468.90546 523.75507 1 0.0706183 473.86172 366.49902 540.9214 433.31824 1 0.07060807 279.7022 236.18231 336.15265 291.64093 1 0.07007585 439.44727 264.3402 632.13574 496.92096 1 0.06732557 311.1753 472.26266 386.87677 496.57315 1 0.06730054 304.72485 475.40866 332.09595 509.43698 1 0.0671235 315.53702 322.7377 561.1686 644.7118 1 0.058147762 313.885 476.40372 491.39728 575.8314 2 0.058143564 263.43256 392.847 294.9198 440.08502 4 0.09077496 593.5248 361.96527 607.9878 414.10278 5 0.75938433 229.54114 355.29816 311.03333 481.7163 5 0.5153716 234.9056 363.44595 296.37015 445.29996 5 0.15046157 227.46011 351.65033 275.12308 460.40002 5 0.14310992 221.86824 305.57935 288.87958 468.06415 5 0.12617275 261.928 391.4602 295.34433 441.71228 5 0.109745234 220.82156 307.34442 252.36478 406.78595 5 0.09339825 593.5248 361.96527 607.9878 414.10278 5 0.079902805 247.83055 363.25427 279.32443 415.5968 6 0.9874915 236.67331 207.44841 489.83487 498.87024 6 0.055332188 365.82965 247.71739 481.53162 506.90784 7 0.9998332 152.19308 467.28494 351.7592 786.251 7 0.99967885 636.7274 318.19333 988.2544 893.5244 7 0.69854224 113.05079 468.96957 190.68997 637.77856 7 0.5869979 244.6843 431.1231 313.3444 479.9217 7 0.21126753 115.65511 455.0504 278.80127 640.9923 7 0.21005607 221.01831 319.02042 312.8412 478.84988 7 0.083604395 279.7022 236.18231 336.15265 291.64093 7 0.078233555 316.76596 899.52826 395.30667 1022.035 7 0.06800015 259.252 388.52707 312.239 482.48007 9 0.087386645 349.9585 0.0 911.87366 248.49957 ,test/2287.jpg
1 0.16354421 521.60406 233.75815 544.43585 292.6918 7 0.9993303 116.16252 316.7428 406.14056 760.9597 7 0.9932761 425.27917 232.35147 812.44824 894.22144 7 0.9786034 517.63086 88.92674 664.7892 332.94104 7 0.9159946 570.6909 181.22513 868.50696 708.39087 7 0.87003803 220.17255 36.74547 378.6068 359.22577 7 0.6934705 569.2422 201.82416 745.5503 362.38007 7 0.074725 724.23956 186.87991 858.05194 705.6609 ,test/2288.jpg
0 0.23940605 146.29338 204.34961 242.68086 318.5714 0 0.100673586 431.3098 256.32858 813.8114 422.36655 2 0.061492767 146.29338 204.34961 242.68086 318.5714 5 0.774127 94.441505 193.65988 218.59763 236.46274 5 0.16864252 146.08636 203.9302 242.16559 317.65237 7 0.9964191 49.40143 184.73611 966.42914 757.5748 7 0.8601959 146.67673 203.37637 243.96762 317.54782 7 0.13388285 431.3098 256.32858 813.8114 422.36655 ,test/2289.jpg
0 0.97848606 301.70343 646.11395 637.9945 798.7779 0 0.88236177 746.5808 619.27295 908.0012 700.2064 0 0.7878463 94.649216 460.71097 374.80194 599.2356 0 0.5100104 454.3423 2.6745338 700.9474 89.81029 0 0.5004662 302.58508 605.94495 391.49188 674.02527 0 0.4230734 82.7737 489.41962 174.98631 540.2006 0 0.41193426 102.41666 641.2365 641.18933 850.88226 0 0.29976964 190.34993 545.01654 292.65454 595.24774 0 0.29229897 624.6893 613.14215 753.8426 697.6694 0 0.24154058 154.19002 459.64166 280.1555 515.18 0 0.23334602 636.4855 212.1575 852.19556 338.57016 0 0.17706217 114.69002 669.89233 327.3905 855.29126 0 0.16781741 140.03212 497.59515 298.61816 592.4395 0 0.16758381 125.576164 795.7136 257.54556 835.9717 0 0.15146118 80.2529 458.28827 281.65616 535.53357 0 0.1270088 153.30125 850.4188 174.75554 907.94226 0 0.07784979 505.48148 357.06097 534.26086 405.2298 0 0.05650794 156.86073 498.01166 206.23854 524.03937 1 0.99629587 512.55237 154.5858 973.048 524.6487 1 0.9816025 456.80176 144.81207 718.7705 221.17865 1 0.9776148 479.27814 397.13806 716.0761 639.90967 1 0.6463342 454.48877 2.588375 701.00635 89.68701 1 0.33548954 107.144806 640.52673 641.58716 852.9414 1 0.30022728 114.41903 670.25134 325.90656 856.55005 1 0.23528378 188.02815 544.6024 294.1375 595.2529 1 0.23480186 578.32385 522.8308 713.04517 639.0315 1 0.15795758 746.5554 619.2365 907.96204 700.1774 1 0.1427982 128.6159 459.07428 368.3246 596.6495 1 0.12810239 455.56314 113.31256 887.7489 221.51251 1 0.098000295 456.92175 5.245117 700.8561 217.35439 1 0.076498404 80.2529 458.28827 281.65616 535.53357 1 0.071529165 154.90579 458.90268 279.81436 514.69965 1 0.06948747 82.7737 489.41962 174.98631 540.2006 1 0.052756075 482.6985 275.727 826.82666 672.14197 2 0.552914 114.46005 670.3097 328.37485 856.8031 3 0.32173052 114.75353 670.3113 328.06503 856.31946 3 0.09704346 403.61118 395.85544 443.8154 414.87503 5 0.99901986 356.6699 390.6137 502.2222 662.3775 5 0.99574405 111.62602 555.04504 196.51738 619.2649 5 0.85099995 0.0 560.78845 55.18593 637.92834 5 0.8010748 624.50726 613.1914 754.2536 697.57556 5 0.6547312 940.0626 49.912083 1020.26086 150.57913 5 0.5956985 473.2542 57.69178 914.7973 213.82547 5 0.5384977 545.2406 51.42478 701.5979 152.90753 5 0.441665 943.4715 71.082886 1004.1833 137.01065 5 0.28085464 403.61118 395.85544 443.8154 414.87503 5 0.14758156 455.9707 2.403141 696.7239 89.382 5 0.07561952 508.9799 294.17294 528.149 384.11496 5 0.06553431 782.24506 50.487328 1024.0 216.67792 5 0.0566548 538.9251 58.336784 691.6246 107.90345 5 0.055159878 940.86456 119.049416 1009.15765 148.94234 5 0.052602455 140.03212 497.59515 298.61816 592.4395 6 0.47577554 302.57474 605.9701 391.54245 673.7954 6 0.09275896 318.5865 380.79053 406.66357 459.44037 7 0.80661225 849.4893 89.84831 1021.1956 311.328 7 0.4938077 927.20123 142.16583 1022.1799 309.77863 7 0.4365595 154.90579 458.90268 279.81436 514.69965 7 0.2872887 451.3309 36.730362 1009.72363 235.59828 7 0.22090171 845.4749 135.49854 886.23004 218.62662 7 0.22079735 826.6273 47.14682 1022.9 225.28339 7 0.21305394 939.69403 43.118202 1023.5157 152.15796 7 0.15390277 732.61707 147.10811 887.89185 204.58357 7 0.1498802 508.3085 294.33356 527.39404 388.4234 7 0.13376237 77.53798 460.71124 289.97546 536.34973 7 0.12488369 891.45605 47.02099 1020.6605 181.8071 7 0.08049725 689.7172 47.63742 1020.5485 304.34308 7 0.07976324 99.0735 459.19174 373.59747 605.0924 7 0.07737225 943.28436 73.35921 1001.4841 133.45354 7 0.06754478 742.8274 619.5954 913.3865 700.56464 7 0.056088418 140.03212 497.59515 298.61816 592.4395 ,test/2290.jpg
7 0.99831885 271.7064 244.94336 805.91907 630.7826 ,test/2291.jpg
0 0.33991888 603.6381 1.0213928 670.0009 117.32934 0 0.057035927 488.3178 290.0482 587.5938 492.50015 7 0.99947137 286.91907 263.0943 773.5421 761.35785 7 0.061596043 387.11298 275.80267 570.7948 416.19788 ,test/2292.jpg
0 0.5244528 395.00064 534.7788 909.1522 598.0808 0 0.27410883 537.82245 338.2479 682.565 554.6914 0 0.2216889 403.06833 538.6119 703.3745 610.7746 3 0.9607796 181.28241 520.09296 309.89957 603.37823 5 0.98516107 813.83685 529.21545 899.94366 589.683 5 0.57470876 394.08438 533.7943 908.12036 600.37354 5 0.36034396 538.0998 339.4313 682.3647 554.7403 5 0.1862801 181.5581 520.2718 310.0613 603.3454 5 0.07291865 404.06335 333.8568 693.24304 622.5207 5 0.06428903 403.06833 538.6119 703.3745 610.7746 7 0.5158122 534.5761 335.48865 688.2647 617.3665 ,test/2293.jpg
0 0.33500192 393.28702 260.14313 595.95355 294.9889 0 0.21900272 503.3623 524.7438 599.3441 583.7444 0 0.07542562 318.95508 257.123 730.0104 621.75793 1 0.97262585 319.53357 257.65552 730.973 619.4369 1 0.09492563 393.4594 261.97833 597.89453 295.02966 5 0.076792665 401.4171 0.0 533.2685 268.15976 ,test/2294.jpg
3 0.99982244 173.84497 230.7196 898.96826 944.0703 ,test/2295.jpg
0 0.17181091 192.05774 225.27872 810.43414 821.5244 2 0.98128086 193.3548 225.63425 815.17975 820.53357 ,test/2296.jpg
0 0.97930306 153.37231 118.62067 890.2848 865.57245 0 0.76414293 405.3514 597.54266 964.09546 998.5787 0 0.32026094 0.0 344.7343 137.7471 618.419 0 0.19223313 630.868 561.4259 907.0435 799.271 0 0.18840086 0.0 815.02313 222.80556 1024.0 0 0.15942116 413.43774 610.9943 678.2821 881.2502 0 0.10875552 329.6466 275.71255 939.2428 1001.5631 0 0.08235472 352.19638 125.51233 752.02405 761.9573 0 0.05223964 839.98303 725.04065 1024.0 970.35645 1 0.7786687 0.0 817.9446 270.00446 1021.2179 1 0.11345014 692.96265 208.3066 803.0189 284.42838 1 0.05934837 630.868 561.4259 907.0435 799.271 3 0.41542736 692.7659 207.41745 802.0352 286.1361 3 0.078339495 2.0494995 494.69092 117.15027 610.7947 4 0.16277133 842.6631 736.55414 1024.0 934.16864 5 0.06304595 0.0 347.88876 137.21518 618.3142 5 0.05000009 413.43774 610.9943 678.2821 881.2502 7 0.15407446 936.37836 306.49097 1023.4299 416.56714 8 0.2955733 692.3218 208.24188 802.4509 285.35132 9 0.5766341 0.0 349.75385 137.24048 616.43225 9 0.066044554 328.8388 136.91714 837.6735 712.4293 ,test/2297.jpg
0 0.33851308 584.92755 656.329 635.99493 727.208 0 0.23937029 366.4596 658.88464 495.6034 809.2477 0 0.13772216 732.8673 834.10394 780.3972 951.67255 0 0.08223759 592.3961 697.17755 628.8606 725.01105 0 0.056671273 178.50839 161.32721 263.0077 175.53525 0 0.050786678 618.50464 401.72955 981.39087 708.5455 1 0.99439394 156.21332 103.00882 670.90546 683.8434 1 0.99071115 710.2561 654.8146 1018.26855 961.3988 1 0.9782089 607.8959 275.37775 985.6382 715.7634 1 0.9523108 211.80783 691.2193 389.3809 817.93207 1 0.9367783 360.79898 647.059 649.8904 868.08563 1 0.8968441 237.8339 631.94336 383.99442 728.89624 1 0.7743166 172.83997 82.56847 645.90186 175.56047 1 0.6858292 215.65607 579.7407 645.659 876.8529 1 0.5126089 248.67014 535.0564 620.7986 682.85376 1 0.43817258 220.59973 586.22015 406.14642 820.1016 1 0.23063734 639.1551 473.5622 967.11395 714.6713 1 0.22500555 507.81036 676.0109 556.79156 700.1495 1 0.16907051 194.83655 347.06516 662.05975 855.3037 1 0.16662672 169.49059 101.253624 650.8234 277.81955 1 0.13805592 370.86172 663.3651 564.6613 806.93604 1 0.13744536 645.9862 649.7789 765.4442 690.3261 1 0.1373489 968.886 466.28055 1024.0 605.0471 1 0.12180542 404.40335 0.0 540.2282 19.83191 1 0.10430332 166.0518 127.226685 618.2482 399.97394 1 0.10310706 230.08963 606.874 536.286 757.47217 1 0.10297405 164.04906 162.90445 529.92706 259.7028 1 0.08492092 952.9352 313.90405 1023.17505 695.4417 1 0.07431159 251.8795 592.19165 550.55756 688.00183 1 0.058488864 347.8736 686.553 387.67212 807.7185 1 0.05383618 243.37723 414.7484 634.0504 701.9768 5 0.18035667 957.9178 561.46326 1024.0 697.2506 5 0.07967361 1002.43616 313.32632 1024.0 391.3243 5 0.05664211 956.6444 450.34857 1022.97107 684.7138 6 0.22584243 617.8358 303.2286 975.5193 555.7438 7 0.99946517 0.0 396.33948 140.94073 700.3513 7 0.9984987 115.6221 363.70758 246.13132 720.14606 7 0.7233473 585.1579 656.4208 634.7463 724.443 7 0.50677884 366.44556 657.4376 496.74988 809.3959 7 0.46448925 921.57825 332.14502 970.96313 381.86328 7 0.4531008 1004.16833 313.16486 1024.0 391.98987 7 0.22461836 125.71934 363.03223 208.85477 468.29626 7 0.08651602 586.22186 663.798 614.53754 723.2272 7 0.07623674 592.3961 697.17755 628.8606 725.01105 7 0.06359117 952.9352 313.90405 1023.17505 695.4417 9 0.11727289 957.47296 558.33344 1024.0 697.6468 ,test/2298.jpg
0 0.110319555 706.8201 337.43295 810.1855 405.90244 5 0.9997129 88.53427 193.03394 528.85205 745.403 5 0.9993389 708.14795 329.5018 1024.0 960.80884 5 0.14542343 706.8201 337.43295 810.1855 405.90244 5 0.07078023 705.47406 340.90704 972.1762 593.3556 7 0.4902917 977.27826 863.50726 1023.6789 947.79156 ,test/2299.jpg
0 0.10235651 389.1278 62.996254 437.9546 88.739586 0 0.0941668 5.9855347 793.8898 473.5968 1024.0 0 0.08423983 1005.8775 494.72778 1023.9228 535.1118 0 0.057613082 0.0 574.88025 125.363495 719.73315 0 0.05736541 167.26039 1.6020775 440.80438 125.95775 0 0.05033831 199.71396 1.1707802 346.07156 99.073 1 0.8630024 170.653 1.4211197 425.73676 127.596245 1 0.20540082 199.71396 1.1707802 346.07156 99.073 1 0.13498773 5.982071 788.9526 477.50977 1024.0 1 0.0679314 221.19937 22.374794 358.4257 80.9863 5 0.20491564 5.72995 793.88824 472.31213 1024.0 5 0.13002267 537.04926 430.61383 711.03766 569.62756 6 0.055992927 1001.9088 238.26184 1024.0 328.2395 7 0.9984842 14.545715 39.816956 1024.0 849.40594 7 0.9708926 0.0 0.0 283.1927 126.27215 7 0.9162164 387.99783 3.0589294 1023.8096 409.66245 7 0.80430496 0.0 654.567 92.53483 819.803 7 0.79616374 0.0 571.7669 342.75024 818.7835 7 0.7493755 5.848297 793.1258 473.55878 1024.0 7 0.67105055 310.9579 0.0 969.9204 232.4488 7 0.57962 614.7313 0.10381317 838.3242 52.202972 7 0.5236984 0.0 4.0264893 497.62982 144.61646 7 0.27504668 841.26263 317.66907 1014.68976 466.23486 7 0.13844092 386.1802 1.5289917 671.87 77.654655 7 0.1256557 157.17036 1.7111244 449.62762 123.47336 7 0.12167465 9.123032 35.842377 394.41974 854.28296 7 0.10831419 388.70242 63.257145 437.73526 88.7577 7 0.102015495 629.49976 92.58847 1024.0 451.30655 7 0.063139364 0.0 366.45532 328.3584 881.6095 7 0.058135685 354.44305 59.367584 442.89514 95.99547 7 0.056644544 0.0 574.88025 125.363495 719.73315 ,test/2300.jpg
0 0.47250557 542.4205 389.1426 599.2099 452.50772 0 0.45822367 542.25323 390.73282 628.79486 531.4568 0 0.3219779 614.7582 932.3874 801.17554 1024.0 0 0.0683735 234.92014 844.82806 411.55685 1024.0 0 0.06522728 578.6479 397.67255 613.2973 444.33063 0 0.05706631 435.08298 392.466 453.52078 430.63123 0 0.056376748 357.39392 500.70108 482.8462 621.6127 1 0.056769703 357.0169 501.348 483.0251 621.68854 2 0.93025726 356.65634 499.79517 483.00888 620.4098 2 0.46747583 358.8247 565.3768 483.86682 624.9545 5 0.71578497 349.21637 413.03244 629.71124 609.2195 5 0.6944836 614.9611 931.90576 801.16 1024.0 5 0.43408445 354.61514 471.7062 480.26376 626.5659 5 0.15029319 542.8888 391.9342 631.3961 531.05554 5 0.12615044 149.81308 218.12527 841.444 707.4774 5 0.10689377 418.97464 407.11804 630.3046 537.49445 5 0.053772233 347.10974 410.45538 493.91235 559.85864 5 0.052844558 460.643 481.41028 623.6523 582.89294 7 0.49795738 348.29102 412.76416 627.14044 605.70996 7 0.07904888 418.97464 407.11804 630.3046 537.49445 7 0.061784204 541.4874 387.45758 630.09045 536.7639 7 0.05352387 352.68195 444.87982 480.9107 627.0181 9 0.6803727 234.92427 844.9181 411.65082 1024.0 9 0.09902734 615.0199 931.9444 800.8638 1024.0 ,test/2301.jpg
3 0.7706207 716.3122 76.09187 862.47174 118.26161 7 0.99249953 337.15625 421.76007 849.0322 762.4018 ,test/2302.jpg
9 0.79806095 501.58966 62.16693 834.1109 836.61884 9 0.76602983 146.41702 84.60957 631.5493 579.8756 9 0.626785 129.26193 37.14276 822.8612 837.5942 9 0.056204464 494.04498 327.15845 745.0544 818.06665 ,test/2303.jpg
0 0.9175222 690.7883 0.0 1021.2134 1024.0 0 0.236354 777.3953 690.6565 1021.91327 1011.7479 1 0.5737707 594.0102 443.16394 661.1171 509.42303 1 0.13564183 605.6189 446.85092 655.2461 488.05496 7 0.9992028 336.02466 487.44348 728.1952 762.7435 7 0.9970306 304.9248 286.7329 645.7781 595.536 7 0.21489346 325.96808 485.43216 696.40967 599.5644 7 0.06816136 502.41675 741.85657 560.5106 794.82324 ,test/2304.jpg
0 0.078172185 311.23352 62.91536 622.7328 357.12048 4 0.065098345 311.4098 65.978424 625.14734 355.5363 5 0.11690909 311.4098 65.978424 625.14734 355.5363 5 0.09023581 551.71155 119.93166 649.7921 342.89355 9 0.9919783 428.32062 264.7932 970.4489 954.03625 9 0.9775006 185.64305 47.77835 582.05927 728.0364 9 0.48111197 311.23352 62.91536 622.7328 357.12048 9 0.06631071 330.28723 21.842834 1001.4435 424.13693 9 0.057237055 267.19064 39.525146 987.1543 749.94653 ,test/2305.jpg
0 0.09816038 474.1096 567.5631 653.15125 1011.97437 0 0.080552064 463.2261 337.11176 519.47437 446.6601 5 0.29678938 462.94922 336.7813 519.4119 446.5569 7 0.35042515 463.2578 337.3999 518.87897 446.11224 9 0.9529711 192.3702 453.24625 412.54218 1024.0 9 0.94875544 396.31558 360.17087 531.8314 1018.1543 9 0.9471998 438.74426 0.0 869.3982 371.76254 9 0.8691528 492.3059 279.10663 809.38354 449.04108 9 0.8595048 476.07965 567.3165 653.4854 1008.604 9 0.8194548 137.22162 30.73285 525.5717 1022.0141 9 0.7421583 539.5381 272.81943 866.5851 663.099 9 0.69671094 177.72292 419.05396 611.56995 1019.32996 9 0.6949533 163.56126 17.106842 500.66687 567.38477 9 0.6602104 76.80878 337.1998 211.22293 978.1975 9 0.4996071 447.1615 55.02664 868.7761 649.78406 9 0.35807148 449.6458 128.10431 819.81525 453.01355 9 0.27920935 82.91771 438.1976 364.99426 998.8413 9 0.18465076 616.774 582.0013 792.60895 990.993 9 0.14967038 394.95508 365.81567 670.55945 1024.0 9 0.117986396 205.75476 0.0 477.51947 285.59888 9 0.117483094 83.13926 896.86487 274.14746 1021.9746 9 0.10954418 408.1076 114.38037 910.866 1012.34045 9 0.10176283 269.82263 0.4418335 468.86902 179.6148 9 0.05345647 481.6378 311.03986 659.1771 624.80164 9 0.05276966 755.6833 0.020614624 870.5726 266.39087 ,test/2306.jpg
0 0.5913862 692.29926 332.8691 813.4007 405.0668 0 0.36779067 907.01764 726.94604 951.4733 810.6034 0 0.16204648 686.36945 868.5735 704.2503 899.5376 0 0.1586642 372.20477 302.03766 452.10376 454.549 0 0.06971008 683.1757 500.70618 716.1501 526.1028 0 0.051335413 339.4038 434.17142 409.8247 450.97275 1 0.99086505 183.00299 319.78052 501.48596 643.0745 1 0.86930066 233.86119 317.64838 481.9076 522.83954 1 0.763784 906.9084 727.0604 951.3261 810.1499 1 0.43118605 370.54944 302.09406 451.98663 451.2821 1 0.38451907 190.65569 449.2966 462.23242 596.8833 1 0.31946677 692.0795 332.87772 813.2789 404.78348 1 0.24832043 242.32355 414.59558 477.92548 527.2458 1 0.1759255 237.49542 328.76736 411.44727 467.9102 1 0.11001611 344.20966 313.32224 498.693 536.1345 1 0.109885894 223.82054 391.43918 251.0963 455.5845 1 0.097264 313.236 374.55643 384.90286 441.50906 1 0.08516232 264.6094 336.90927 345.65182 431.1694 1 0.079180025 683.1757 500.70618 716.1501 526.1028 1 0.07116786 686.36945 868.5735 704.2503 899.5376 1 0.06814852 409.9484 366.36884 497.08694 472.84375 2 0.07622802 371.54614 301.89087 451.70905 450.15686 3 0.0848336 683.1757 500.70618 716.1501 526.1028 5 0.41505045 371.8175 302.30286 451.66827 450.35297 5 0.05384403 410.8712 368.9533 501.70236 475.71747 6 0.20582934 692.04297 332.84366 813.1616 404.54037 6 0.06297184 263.16736 325.63483 349.85822 432.34906 7 0.99990463 619.3104 394.927 923.34265 878.58374 7 0.7969619 773.6904 426.71774 823.9485 455.1476 7 0.3575244 703.689 403.6363 743.1081 443.68994 7 0.09791137 774.1007 472.28912 839.2759 505.01038 8 0.056220092 683.1757 500.70618 716.1501 526.1028 ,test/2307.jpg
5 0.98898447 231.57962 262.79025 799.0648 641.06287 5 0.08646358 278.83752 482.71393 735.9304 656.6602 ,test/2308.jpg
0 0.30559042 147.30807 617.7084 238.74948 662.80347 0 0.25198454 0.47802353 900.91345 46.79027 964.23413 0 0.24978618 448.58423 718.63824 656.01306 831.889 0 0.1988286 601.9969 691.2647 673.0766 740.4266 0 0.14199647 491.3587 518.5684 651.3924 668.0986 0 0.08894233 201.62927 659.8715 239.53156 689.42523 0 0.08003069 592.60425 581.43317 752.3878 748.21124 0 0.07998682 130.24077 994.29956 219.11177 1024.0 0 0.07683233 55.000446 912.4713 167.35141 963.8154 0 0.07203353 563.56085 514.16376 640.3526 581.25494 0 0.067757115 623.942 616.9562 723.1389 670.3474 0 0.055574622 145.96703 620.8194 201.45335 684.30585 0 0.054102972 0.23330688 903.19434 175.59784 972.2062 1 0.9863448 0.0 905.1497 207.49924 1024.0 1 0.97855264 244.63791 364.572 680.9927 737.87634 1 0.9283082 256.15344 371.79562 610.0092 596.1319 1 0.79972976 589.331 581.58203 755.7343 749.8043 1 0.67987394 498.96603 514.42 651.74255 672.18414 1 0.43166307 473.64532 514.58734 748.0435 742.9372 1 0.34344023 147.30807 617.7084 238.74948 662.80347 1 0.2577571 238.21544 565.8633 619.51276 748.83545 1 0.24978945 1.2930298 903.763 177.05495 971.8333 1 0.21477528 201.33966 659.6848 241.29025 689.7678 1 0.15248296 611.504 618.9525 730.2919 672.5298 1 0.12555657 492.36176 581.82184 556.51373 630.15656 1 0.091064535 130.24077 994.29956 219.11177 1024.0 1 0.06524374 0.14260483 904.83813 46.546352 963.8021 1 0.062185593 642.4468 730.4157 697.4365 749.5583 1 0.058871746 46.76598 917.87463 168.8188 962.57605 1 0.058216956 420.07614 370.90344 677.46606 535.6138 1 0.053140838 507.07916 597.8373 777.1408 799.84314 1 0.050011437 600.3501 670.2164 676.0283 741.72675 7 0.99965024 73.86752 610.3838 539.6946 964.6992 7 0.25754017 449.68967 717.09247 654.04846 830.12225 7 0.21425068 590.4154 587.85175 781.23694 767.54816 7 0.19524154 201.33966 659.6848 241.29025 689.7678 7 0.19036736 488.13266 526.4876 647.6522 666.2796 7 0.13081151 470.8958 366.43665 559.9368 388.10742 7 0.11126222 604.3854 619.7508 742.76245 739.30536 7 0.058929376 456.89618 369.71582 630.3298 390.41144 9 0.06856825 0.51786613 902.8932 46.625183 963.0718 ,test/2309.jpg
5 0.9938723 219.60553 180.5292 870.42316 905.8678 7 0.09095405 220.10944 184.60953 870.983 903.6388 7 0.06916404 83.14051 659.0855 326.71356 949.99884 ,test/2310.jpg
6 0.9984125 4.2022095 235.5065 780.77264 819.23987 ,test/2311.jpg
0 0.10212959 699.0279 574.78564 743.93805 644.14954 1 0.9954946 434.5918 242.96541 759.4595 714.04004 1 0.9661932 254.85666 201.74728 475.32858 759.38367 1 0.65730447 447.05396 247.53687 565.5943 681.50903 1 0.6561401 652.78217 254.87218 766.1927 336.37488 1 0.49807253 811.72565 544.53503 1018.35724 588.4535 1 0.48022577 545.72974 254.67212 754.83984 581.0166 1 0.4435166 832.01447 450.88562 1024.0 495.16565 1 0.38745484 815.74976 514.55853 1021.3716 559.16364 1 0.31460646 818.424 461.20792 1019.25543 574.194 1 0.31342852 862.68976 322.22726 1024.0 385.59702 1 0.30363014 823.0364 483.1076 1024.0 529.8232 1 0.28051975 826.6465 426.94226 1023.5215 523.39355 1 0.22904812 841.46246 411.86166 1023.9736 461.65097 1 0.2173192 836.10547 337.0479 1020.3749 477.81805 1 0.20137662 377.64252 146.1727 471.3813 755.1548 1 0.16786157 851.1378 370.408 1022.8944 428.11008 1 0.12344967 723.29156 262.85165 1019.34576 722.34375 1 0.1015995 452.8565 249.54361 545.44037 469.0095 1 0.08978913 540.2973 470.47925 758.394 721.6216 2 0.12740023 815.14404 490.2261 1016.5907 589.8646 ,test/2312.jpg
0 0.08353471 293.54968 403.20242 345.0802 431.82352 4 0.9985423 338.98676 205.63171 648.60846 877.9503 ,test/2313.jpg
3 0.9997403 416.05493 415.6875 782.7274 631.91504 ,test/2314.jpg
0 0.834482 780.6902 191.48654 1018.66174 475.89542 0 0.64720225 138.89256 868.9372 438.54877 954.493 0 0.54252553 194.80829 827.2629 413.24323 935.8726 0 0.47413376 414.1118 592.9085 912.0022 897.4488 0 0.39857697 143.22923 775.37177 457.98438 947.7155 0 0.35696235 415.19916 208.18883 1013.98553 612.98627 0 0.29799286 485.5549 589.04956 1006.89087 790.6697 0 0.2581415 2.8446655 887.43646 536.5872 1019.128 0 0.24142522 824.6537 602.7834 1024.0 760.21686 0 0.18101095 39.156113 762.23096 494.44177 1024.0 0 0.13513829 122.68329 592.1815 967.40485 957.26697 0 0.12435734 876.7893 185.3458 1022.18945 343.68448 0 0.12415603 619.7532 594.2982 847.37646 681.2135 0 0.119569 92.68982 754.9375 930.2594 993.7313 0 0.11564815 337.82806 535.03894 799.9229 779.6455 0 0.1072218 883.1091 246.5154 1023.45197 484.55585 0 0.10366253 325.05978 785.5299 397.59396 849.81067 0 0.09320894 796.1252 483.0536 1023.5712 761.1366 0 0.08526128 784.9278 601.58026 993.2413 685.41534 0 0.07637858 615.06494 507.40964 854.7921 873.4657 0 0.07394252 313.93567 444.57465 1024.0 911.99725 0 0.0725083 484.51212 652.62933 741.85706 750.6503 0 0.070867635 344.68073 749.53015 673.04474 927.9043 0 0.06519804 137.5544 804.9978 410.12225 872.62427 0 0.054574374 973.65076 267.72665 1024.0 381.59598 0 0.05080096 137.48547 904.3267 490.11206 972.0433 0 0.05053641 713.1881 179.15671 1017.5393 710.4304 0 0.05014558 544.27106 396.82098 785.85834 854.94806 1 0.48944965 87.978424 614.6505 379.3531 667.9176 2 0.21773566 466.1748 591.1154 644.0311 667.2464 5 0.98994654 49.18303 645.64545 385.27838 843.43744 5 0.985157 429.84668 299.24768 876.79285 605.55054 5 0.90401816 93.022766 489.86493 393.1708 656.8123 5 0.574715 344.2667 521.0729 1007.1769 906.8313 5 0.3537874 70.544846 467.50446 424.24115 874.372 5 0.2613184 784.18744 595.0002 1024.0 758.663 5 0.22484642 438.06738 452.31192 870.4652 639.4485 5 0.20255297 441.39548 491.86078 473.17618 536.45294 5 0.1960644 869.07404 485.9445 907.7166 548.33997 5 0.19588743 293.60767 225.5299 1024.0 602.5098 5 0.16033939 373.01657 303.78308 975.20715 802.71814 5 0.15486778 389.68298 630.985 832.29175 916.22253 5 0.14993647 86.246796 617.93774 382.55423 685.0773 5 0.12741451 485.5549 589.04956 1006.89087 790.6697 5 0.09584844 243.0144 341.35077 480.9427 548.7124 5 0.09330656 112.10547 490.65332 808.6185 953.05774 5 0.09174767 84.7769 549.80316 383.52283 712.8708 5 0.09050256 458.67712 512.6663 892.083 698.38104 5 0.088629626 2.8446655 887.43646 536.5872 1019.128 5 0.08544529 377.52472 664.0915 548.75006 775.861 5 0.07849818 333.9469 840.9473 400.62872 864.7065 5 0.07567343 440.1725 487.62518 489.57544 570.23395 5 0.07230169 619.534 593.01416 854.53143 679.63306 5 0.06371436 843.44464 441.47552 1021.992 770.33466 5 0.06338423 782.00433 598.25616 975.60675 684.233 5 0.061281852 740.57715 384.6203 1024.0 867.064 5 0.052073747 973.36176 267.22922 1024.0 381.76486 5 0.051141042 199.37485 811.0771 394.44534 840.8123 7 0.85028857 325.44403 512.8078 529.329 767.5639 7 0.5314333 853.62054 412.42477 1020.8272 783.79236 7 0.4465059 973.65076 267.72665 1024.0 381.59598 7 0.30406952 333.18735 474.14294 1018.36816 911.9203 7 0.25688478 871.7887 485.39804 907.8164 547.9597 7 0.16012856 2.8446655 887.43646 536.5872 1019.128 7 0.07832087 740.57715 384.6203 1024.0 867.064 7 0.07753077 114.51279 549.834 808.69275 975.81616 7 0.07221089 390.4369 625.3622 866.1328 910.98254 7 0.065372735 135.39061 885.2388 446.81262 952.9332 7 0.060835727 373.01657 303.78308 975.20715 802.71814 7 0.05748178 376.7351 669.47437 515.85974 774.6996 ,test/2315.jpg
0 0.4529158 376.34024 323.66418 699.3071 410.45514 0 0.16073376 366.76685 286.42114 739.93787 497.11768 0 0.10978041 373.58325 370.2625 704.1887 446.1328 0 0.08148133 555.9581 328.8838 704.76404 370.14673 0 0.067919396 583.10126 368.80103 749.2126 493.74493 0 0.06729251 358.07892 273.6386 704.07404 386.10626 0 0.06520577 346.26685 275.24762 727.5288 675.64325 0 0.06456656 328.02908 272.96176 679.1384 294.32578 1 0.64638525 347.35175 271.50168 732.3111 709.9011 1 0.22308017 39.358887 157.60071 286.7436 239.87384 1 0.17437331 366.76685 286.42114 739.93787 497.11768 1 0.110579304 363.40356 269.2987 707.6754 407.6574 1 0.09273257 131.68289 0.0 315.73898 187.04529 1 0.067674965 230.46945 211.50601 904.70154 302.23575 2 0.9564289 347.07935 271.10104 725.16846 706.92456 5 0.052285198 591.65674 376.56693 749.3552 491.24045 ,test/2316.jpg
0 0.98436373 450.76746 396.66217 527.01697 445.9538 0 0.31551155 613.92926 262.939 724.23016 342.48056 0 0.19737954 883.94165 747.65814 910.9846 802.9952 0 0.14519449 563.4671 243.55388 774.311 341.30286 0 0.114404656 663.9388 262.4349 702.9445 298.819 0 0.09796325 565.3897 225.35173 777.8239 275.73868 0 0.09498021 666.78894 398.17612 813.9203 441.74857 0 0.063367724 782.1629 398.69534 814.2862 422.09152 0 0.06090912 657.9051 244.6352 743.4638 297.49402 0 0.06047963 554.65985 237.54408 794.8676 423.4469 0 0.05553464 602.07733 223.64862 664.25775 239.47556 1 0.9988182 536.46655 231.17238 801.5834 440.56146 1 0.9922401 181.49406 677.2972 505.3352 906.09186 1 0.98184276 242.40181 565.3936 653.0474 764.7072 1 0.967908 182.46156 534.9754 645.23486 909.62213 1 0.9513863 393.38034 499.76996 531.2982 600.8781 1 0.61853695 564.4536 227.08833 775.6201 269.3797 1 0.48219603 883.9411 747.82056 911.47955 802.652 1 0.27295235 563.4671 243.55388 774.311 341.30286 1 0.18596542 718.4035 249.21472 779.9744 268.26733 1 0.15944293 587.92303 225.50388 747.11615 254.88602 1 0.123412006 598.07806 222.0421 664.0683 239.74348 1 0.064963475 657.84216 246.0817 773.19006 294.91214 1 0.056079596 450.33124 397.08777 528.88556 445.67383 5 0.49579093 492.7286 0.0 1024.0 71.236206 5 0.15787825 551.36444 0.0 1024.0 350.57166 7 0.07798842 581.6148 232.84937 753.36444 343.48303 7 0.07590758 621.36835 288.7406 720.3217 344.47662 ,test/2317.jpg
0 0.46022582 264.82297 134.0061 938.2014 960.70496 1 0.8236283 261.44525 124.20538 934.74603 957.2148 2 0.23672277 267.32327 138.44745 940.48425 963.5662 ,test/2318.jpg
0 0.19263837 203.56912 410.62036 871.6692 689.3159 1 0.9584896 202.33472 410.0721 873.0062 686.8064 ,test/2319.jpg
0 0.06627888 652.3595 519.3803 828.93604 685.39813 1 0.9971938 140.3388 304.99554 901.5109 690.7119 1 0.07639621 158.27261 477.43787 845.4828 689.3928 7 0.99916196 635.69995 3.5016327 1024.0 430.15216 ,test/2320.jpg
0 0.9346069 360.5871 836.43134 483.2254 988.5622 0 0.8268814 551.862 584.31744 670.5361 761.86346 0 0.60874164 152.14807 743.3045 384.34253 995.7182 0 0.3202252 458.7231 3.2880707 508.4846 38.199146 0 0.16215673 372.5481 597.49854 666.27026 872.5326 0 0.05075901 373.70132 697.3331 614.3365 904.08093 1 0.49352184 151.24487 743.72577 392.21027 992.72797 1 0.40751833 551.8656 583.7046 670.5602 760.48157 1 0.2662225 361.3751 833.67413 483.68307 989.04034 2 0.11595229 151.98819 744.29553 386.92545 995.51245 7 0.99881077 320.8099 34.90013 494.60294 309.0716 7 0.9800222 370.04468 690.5282 610.3066 866.68884 7 0.18686786 365.47263 625.46716 659.6836 943.6664 7 0.07027537 151.84317 743.6766 387.10886 995.28436 7 0.06444292 553.211 584.76654 669.93036 765.6097 ,test/2321.jpg
0 0.9582736 839.8009 662.9518 924.6395 763.7827 0 0.8283564 726.6898 727.6493 867.7052 917.5193 0 0.538094 364.68588 867.0079 807.93726 995.6861 0 0.15203476 784.50586 21.777946 1024.0 233.7167 0 0.13375694 312.16434 303.06488 865.63306 978.96466 0 0.06234764 320.38535 731.67896 866.02295 1005.83325 0 0.05822518 361.85187 265.30396 760.0162 734.06964 1 0.70873415 358.1501 264.32654 746.77167 739.2634 1 0.21068789 292.2146 574.9291 864.2053 995.53284 1 0.09767294 726.794 727.92847 867.5688 918.2063 2 0.8400154 360.20514 265.172 745.06903 738.4763 6 0.23754822 839.76556 662.3542 924.19086 763.8516 7 0.27754188 784.075 22.117973 1024.0 231.02039 9 0.08407923 364.68588 867.0079 807.93726 995.6861 ,test/2322.jpg
1 0.17127039 213.54626 61.13022 611.62085 333.61154 5 0.08438396 818.6856 78.21085 862.4084 125.4558 9 0.90565276 252.03973 231.34814 897.17316 809.8602 9 0.6345233 181.31789 213.1593 657.9455 578.6874 9 0.41835454 565.66846 310.4211 892.4264 758.26965 9 0.2802131 358.73505 227.44418 646.56494 472.1061 9 0.20866008 394.40018 238.64078 697.3541 697.0093 9 0.09871994 227.64182 220.94011 578.8856 459.32672 9 0.05929031 596.5839 325.1614 700.4119 550.90173 9 0.05799549 276.9308 463.8081 737.05963 835.98755 9 0.057778224 365.03836 222.73106 495.6282 377.04907 ,test/2323.jpg
0 0.16249722 246.84506 106.5849 277.949 173.36697 0 0.13060622 518.24475 77.367065 600.03357 201.60449 0 0.102287576 516.2561 600.30707 591.7517 655.0396 0 0.06260456 512.713 557.7027 555.04944 606.6258 3 0.9144042 438.04333 579.05347 539.4864 658.27234 3 0.7790558 475.14868 576.71185 529.96075 623.7264 3 0.5757942 515.46545 577.96606 552.5725 607.01135 3 0.45542666 469.91467 587.89075 524.8131 658.2765 3 0.35173973 511.8285 559.61554 555.9658 609.32806 3 0.2286259 512.0937 600.1279 607.17694 656.3323 3 0.14298074 477.159 569.2981 554.009 612.2119 3 0.12768686 511.83527 581.7252 536.5306 634.3501 3 0.11849838 512.92773 597.0874 531.97 657.85535 3 0.11410349 516.6602 566.052 559.7055 593.63464 3 0.08051129 490.97525 616.51483 523.92114 661.39606 3 0.077925004 504.62228 572.1987 556.0344 648.25635 3 0.074739166 439.73337 577.19104 491.75668 649.2621 3 0.07135165 483.8682 556.70636 555.4569 586.5296 3 0.06527745 513.807 559.6862 552.02734 580.56085 3 0.054199584 496.7786 572.5918 552.11926 596.98706 5 0.86757743 515.23804 599.8607 606.2135 655.12244 5 0.19261393 438.10992 577.02075 531.0862 659.2743 5 0.16237997 440.2484 576.4647 490.5251 650.14905 5 0.13262825 566.37463 606.29724 612.6106 646.3074 5 0.10340659 550.3148 593.8885 621.83606 649.3167 5 0.096862994 515.7123 531.10443 602.02563 570.3266 5 0.09391361 513.9455 557.5682 613.2226 599.1347 5 0.092985675 512.27765 558.93835 552.8382 609.15466 5 0.07755051 439.1313 594.77155 610.08344 657.88116 5 0.073643014 505.1707 528.9004 616.2936 612.1948 5 0.061718598 244.87375 107.00634 277.97147 173.16046 5 0.051534075 471.19913 555.6076 580.61896 632.3476 5 0.050403025 534.929 542.08594 598.3748 609.4404 7 0.9947884 307.19708 435.43295 681.03534 728.0294 7 0.05666914 1.142004 165.59659 30.20885 349.757 ,test/2324.jpg
0 0.424143 130.92441 449.67413 259.74466 607.9842 0 0.30361596 780.9595 722.40063 895.1509 872.50903 0 0.24609157 873.73706 771.30206 966.923 906.5003 0 0.05481538 2.2288895 454.91156 212.56943 833.62726 3 0.22563942 874.07306 773.24866 967.31195 907.6334 4 0.7425616 257.4423 341.73273 696.9668 579.45325 5 0.9891033 0.9322357 479.25964 206.61482 834.2052 5 0.55499417 259.10785 342.10294 693.16675 579.1035 5 0.25351885 874.93414 771.73584 967.0103 907.19507 5 0.07787118 0.0 337.67072 709.31555 840.44794 7 0.77330154 780.7607 721.7874 895.9161 872.7659 7 0.10405558 874.273 752.0323 961.67804 907.97455 ,test/2325.jpg
0 0.22182034 626.18225 635.9819 671.0901 658.5645 0 0.100828946 176.15407 455.90967 678.5282 804.7455 5 0.0926615 371.46875 523.9124 622.6576 677.4152 5 0.091408245 594.8078 631.7075 638.19257 664.81946 5 0.05712009 169.09366 460.36038 684.32544 803.34705 7 0.9640443 172.46701 459.41187 677.6179 802.0029 7 0.11662017 596.3941 635.7659 672.54083 669.67975 7 0.11319255 626.18225 635.9819 671.0901 658.5645 7 0.0587684 595.9169 631.17474 637.3052 664.8339 ,test/2326.jpg
0 0.2860016 429.20822 419.90723 452.2242 463.03632 0 0.21052814 420.58508 251.97957 506.0561 299.54358 0 0.052861232 360.11407 650.6486 537.68536 830.1087 1 0.9991049 305.02484 232.05849 766.00494 653.4227 1 0.8674877 604.9365 437.87534 699.2213 474.9006 1 0.34499332 421.20004 252.21796 505.85257 299.44592 1 0.303558 423.58582 346.45053 555.21045 500.00235 1 0.14070466 411.34058 502.7966 514.61035 577.0079 1 0.079994485 416.82983 248.17607 507.8736 425.4698 1 0.07394175 429.89206 421.24124 450.54367 471.0132 1 0.072403945 404.3122 247.79797 579.4022 510.09662 1 0.05257071 641.11554 443.42853 695.0059 471.03552 ,test/2327.jpg
0 0.28529522 268.9253 140.50774 315.62292 224.11342 0 0.1508497 197.8234 389.2235 750.4177 566.6875 0 0.12738873 260.689 212.92497 855.04297 546.7012 0 0.053397525 1.7654953 561.22687 116.49972 710.5098 1 0.9868401 187.3003 168.00204 928.8778 767.87463 1 0.9836136 0.0 526.76575 363.8386 1024.0 1 0.9834266 0.90423584 709.7395 600.3426 1024.0 1 0.9623948 78.54464 194.44106 145.76477 513.1049 1 0.9357631 1.686058 558.7066 116.4829 711.21686 1 0.8794838 108.891 130.7149 317.07272 329.25146 1 0.84440345 123.49543 129.10086 314.63214 514.45483 1 0.73937863 334.8864 683.9343 529.1468 766.4418 1 0.71648353 0.7068329 238.89813 91.571434 502.40253 1 0.67023027 5.7541504 534.51904 338.37854 786.76465 1 0.65167063 6.2956085 178.3981 149.42134 515.32886 1 0.63568264 340.74478 739.13184 584.3491 1024.0 1 0.63508797 167.29745 163.81013 235.86688 204.23567 1 0.60090476 128.80035 183.02582 182.97696 515.8043 1 0.5040646 0.0 447.83136 806.0557 1024.0 1 0.47749874 2.9678497 105.12387 270.13647 729.33374 1 0.43697205 101.33858 163.32037 168.60023 217.02112 1 0.37849262 0.0 241.9834 42.091206 500.13013 1 0.36338165 1.5244026 158.98294 118.529434 335.34753 1 0.34772012 352.61807 893.426 382.79556 954.1909 1 0.34155184 2.279251 492.569 234.42828 705.7247 1 0.3414394 0.8082733 527.8229 295.81067 626.4785 1 0.33094227 81.66437 164.31088 212.47198 514.93823 1 0.3160884 117.46254 133.86917 209.79802 167.65375 1 0.31130832 54.529076 263.0923 86.38308 439.07715 1 0.29183105 146.24893 348.76797 202.63025 519.9326 1 0.28399652 0.0 239.29565 23.06083 336.74365 1 0.26247552 166.64774 197.72763 238.48282 237.74051 1 0.25234893 348.3512 890.1856 392.24866 992.24506 1 0.2485388 0.9663658 519.32904 121.811035 631.232 1 0.23994336 252.89825 718.89056 362.8568 766.5478 1 0.23811154 39.493492 135.45085 290.601 422.20703 1 0.22569402 107.15062 128.0228 232.98442 216.65137 1 0.22326101 58.275696 308.0354 84.53015 394.41632 1 0.21850365 268.81772 140.39835 315.93167 223.80795 1 0.2098123 18.935822 169.29477 99.81512 417.09268 1 0.20002253 146.98138 195.51227 183.18637 336.57642 1 0.19949326 150.0601 432.07056 200.84517 517.23615 1 0.19027242 270.43738 720.7569 558.1952 935.9101 1 0.18897732 7.767845 510.5533 226.99915 586.6166 1 0.17164826 113.03274 198.50748 163.80998 277.44235 1 0.1623737 0.93573 438.80447 261.08774 632.0676 1 0.15623449 158.46844 455.26376 215.9711 520.27673 1 0.15572974 241.1694 313.38495 909.87537 625.7232 1 0.14770927 151.4434 321.53326 181.45729 518.26605 1 0.1450398 2.6668549 112.000275 135.33698 237.26828 1 0.14337753 106.25177 147.98895 219.04288 329.21832 1 0.13777027 173.46904 395.6729 215.35658 518.9034 1 0.1308606 338.4704 723.7323 503.88098 887.1217 1 0.12610416 0.0 521.8874 57.711903 574.5241 1 0.12543665 324.0217 678.1453 538.29895 848.3354 1 0.12348331 36.66648 269.55203 86.480316 496.90164 1 0.122848675 0.0 164.69447 70.90088 243.15327 1 0.11405563 114.31483 202.0036 140.95204 270.52237 1 0.1138646 10.268008 252.35797 24.27147 342.72223 1 0.10757904 175.24712 417.56598 199.55428 483.02808 1 0.105824865 169.2732 193.31847 242.80087 273.24326 1 0.10483785 663.84216 350.9295 923.1821 569.6649 1 0.10192156 78.229004 432.45972 145.45424 519.7103 1 0.09077498 347.5878 607.0265 394.1649 677.2986 1 0.09029473 131.3829 195.39708 171.54623 344.66193 1 0.08978336 0.0 480.64615 254.56616 558.0101 1 0.088691644 0.0 147.98026 85.60219 283.80453 1 0.08366477 167.65862 179.75795 245.1768 223.53944 1 0.08296437 166.83606 193.95697 235.79071 209.67285 1 0.07872154 41.136696 211.74193 227.0925 627.864 1 0.0766005 2.2140656 493.99292 112.013954 533.5963 1 0.0744314 296.37073 733.1372 489.61053 824.46497 1 0.07297986 34.509445 160.79024 82.64437 334.03308 1 0.07123002 2.9330368 148.78162 220.35739 370.19226 1 0.06853876 235.5291 718.6924 507.03003 785.7324 1 0.06782317 88.858475 701.0422 473.122 905.247 1 0.064498 33.644028 516.59216 233.60085 560.4193 1 0.06420829 187.16063 172.98903 585.1163 561.1305 1 0.06323856 79.55232 208.71722 123.338684 271.44412 1 0.06300496 205.3161 425.07935 764.34436 593.15704 1 0.061287813 67.49062 504.9083 114.65803 526.56775 1 0.059205998 160.69017 139.46265 328.40356 222.6857 1 0.05793323 106.94643 175.9252 162.71745 243.11453 1 0.056509614 151.97787 197.14009 200.37729 215.96129 1 0.054356787 3.3485107 333.3684 236.66898 563.4242 1 0.054067753 64.3738 241.6087 91.99569 413.0028 1 0.05255256 114.01897 194.25183 235.50246 221.6922 1 0.050654236 14.340548 252.54933 29.672274 346.1112 1 0.050179876 342.94244 812.6803 490.52185 1018.5354 ,test/2328.jpg
0 0.4949855 275.58142 311.77927 721.5423 769.6753 1 0.6190472 276.06696 311.83023 721.6417 769.8572 6 0.5815646 278.8789 311.2871 725.32104 770.3181 ,test/2329.jpg
0 0.49893403 202.53671 305.54727 917.69885 784.84485 0 0.2521569 698.46326 480.36273 833.0906 677.16095 7 0.63223857 61.18576 308.56183 936.56433 786.68524 7 0.062362596 73.811035 472.0038 593.46735 749.9498 ,test/2330.jpg
2 0.9982192 301.193 363.04102 556.1844 619.98346 2 0.3333405 320.9163 447.03833 547.9861 536.56757 2 0.082749665 333.39374 375.33325 556.27423 521.75586 ,test/2331.jpg
7 0.99538213 419.85876 364.33502 691.17505 693.78815 ,test/2332.jpg
0 0.9993327 218.93774 233.70868 745.4783 755.79816 0 0.091815405 893.77734 0.042816162 933.6046 89.852615 5 0.3164498 893.77734 0.042816162 933.6046 89.852615 ,test/2333.jpg
0 0.18912262 672.1952 598.0797 757.1074 645.8213 0 0.07907508 53.00815 537.5067 95.335724 574.47656 1 0.89839816 109.74367 628.522 208.68794 814.12366 1 0.093769334 53.717007 537.6087 95.464005 574.80206 2 0.21332408 111.959496 630.9803 206.89136 776.64386 5 0.06150102 108.87099 632.9604 209.63936 807.96234 7 0.99982005 194.52466 588.376 369.91644 860.7711 7 0.99975866 331.59308 597.3599 507.0691 831.85345 7 0.99909985 0.28128052 534.8105 127.475075 819.8432 7 0.99547184 640.70776 594.3599 918.8856 900.2507 7 0.14847505 53.38374 539.0467 96.4668 574.58563 7 0.104686804 4.969326 556.99194 97.701035 599.5802 ,test/2334.jpg
0 0.07665153 166.40833 171.01501 779.7039 822.8115 9 0.9762437 163.89127 170.17679 782.78076 820.64075 ,test/2335.jpg
0 0.63382685 0.0 0.0 1024.0 1024.0 1 0.4771602 0.0 0.0 1024.0 1024.0 3 0.9870837 249.17099 631.59216 353.62527 710.49927 3 0.97113365 285.83023 459.3854 382.965 524.62885 3 0.062301688 352.6921 333.51813 448.61325 397.69458 7 0.14363039 0.0 0.0 1024.0 1024.0 8 0.9999491 618.11383 420.73456 936.76605 634.7812 8 0.99981314 396.129 381.61066 546.8702 658.3411 8 0.99968207 496.33026 354.22208 629.0993 629.4392 8 0.26740795 403.2992 378.2071 477.64587 639.5141 8 0.17121264 284.81293 459.63873 382.5783 526.3162 ,test/2336.jpg
5 0.99874 398.45258 351.8899 658.20013 644.8739 ,test/2337.jpg
0 0.0731061 650.246 6.848053 943.39844 207.88446 1 0.98551524 280.94662 24.078339 881.2445 314.95245 1 0.9353012 0.05671692 67.41028 245.36432 299.17188 1 0.8279606 166.206 0.0 532.72516 122.39645 1 0.7607941 322.89938 210.12373 770.2395 449.14282 1 0.7590407 183.92969 326.62354 907.50195 855.8457 1 0.7197701 163.37422 58.333687 206.34758 110.05872 1 0.6345218 1.8036566 0.42818832 23.630257 104.38377 1 0.6010912 185.74484 0.0 557.0298 275.40878 1 0.6002199 13.724968 0.0 202.06012 105.645065 1 0.44297522 331.69907 180.48112 761.3793 318.91553 1 0.35655758 0.0 3.329361 474.53207 299.04724 1 0.24401432 737.15546 271.77432 777.4113 392.06094 1 0.24127182 160.83382 12.569447 208.20976 110.261154 1 0.2322875 191.9135 0.0 356.68604 295.5998 1 0.17816839 13.795723 2.8266678 28.999588 92.916466 1 0.15945481 704.9463 250.22961 774.6449 435.25598 1 0.14182232 628.9288 13.735207 865.5329 253.71805 1 0.117666565 1.8342757 1.5566025 12.908255 106.14314 1 0.108916335 4.520096 0.61406326 44.645515 97.52789 1 0.09260403 161.33676 49.638126 204.4895 86.40332 1 0.07594593 238.22745 633.4625 763.8617 857.11523 1 0.06959836 233.95474 232.38576 789.96326 614.44104 1 0.057021964 19.655106 83.57608 181.72983 109.919464 1 0.052650694 163.26463 36.24829 203.95076 74.998 5 0.5597591 613.33813 412.56137 656.6659 438.25443 5 0.0973283 13.671272 0.0 202.0224 104.753876 5 0.09069178 617.1983 414.02463 698.04254 469.51657 5 0.059649047 509.2294 0.0 705.3085 49.699005 5 0.053875532 612.42975 409.8539 657.2751 460.46524 6 0.10651679 667.2958 33.780975 860.07007 209.57588 7 0.88349944 256.9281 355.74 616.5449 645.57117 7 0.88050073 687.0777 3.6697617 940.2006 215.36551 7 0.81325114 235.17734 323.95206 900.30005 857.21277 7 0.8104423 506.96588 0.8101425 955.5428 114.95095 7 0.5901132 499.68292 0.0 858.55865 56.893276 7 0.32535335 507.1879 384.6238 657.87195 474.069 7 0.2144022 505.86154 0.10887337 663.9706 51.025208 7 0.16051166 630.0964 436.54416 699.211 470.40457 7 0.15822724 316.66406 444.27338 787.8185 784.72955 7 0.0911645 788.9085 1.0529442 955.34503 113.785 7 0.08481272 333.1448 9.174469 944.8767 272.92142 7 0.061107855 502.33337 377.9987 824.66516 618.9302 ,test/2338.jpg
0 0.9645127 137.58685 748.0945 240.82498 836.18677 0 0.75134915 15.693054 158.2562 884.16595 857.9834 7 0.95647955 939.53766 562.3343 1024.0 1024.0 9 0.62677747 18.135315 158.56296 878.06287 847.35364 ,test/2339.jpg
0 0.99888223 270.99216 300.44852 741.1083 585.9824 0 0.07338554 205.02051 69.93257 749.0253 579.49176 ,test/2340.jpg
0 0.56740314 28.085876 294.93073 830.9516 753.7244 0 0.21093638 42.26938 382.80124 830.0021 422.88303 0 0.07103256 55.65213 336.82568 821.0985 484.89484 1 0.57659686 27.512115 297.73672 828.1471 754.9873 7 0.7659258 27.906586 302.3148 830.4579 754.91455 7 0.13304223 20.245514 595.3091 793.5652 749.05444 ,test/2341.jpg
0 0.10821915 354.85294 126.49409 459.83707 235.98315 0 0.10572909 498.87317 117.52486 515.928 159.94038 0 0.099478446 396.1247 94.58601 655.3121 513.22974 0 0.08978063 364.61993 192.40501 454.89313 232.67424 0 0.07248566 444.83295 228.79639 633.22833 500.9593 0 0.05939957 363.60098 137.35301 530.27203 497.1098 1 0.99796665 271.01556 65.94876 741.31396 766.786 1 0.8921518 368.20978 71.6882 667.6524 497.82016 1 0.72596574 410.02612 704.7296 570.23596 754.3873 1 0.7028797 377.18604 196.5028 689.3301 719.5961 1 0.6058674 448.3055 199.79965 658.6622 502.47647 1 0.5864482 363.7644 611.3396 744.73303 795.1123 1 0.50739264 662.82104 622.16376 699.7931 678.73517 1 0.30087742 359.6443 127.16138 457.81726 198.81308 1 0.28070632 478.92355 705.80896 560.8151 725.876 1 0.27869993 362.5902 196.41344 507.08856 473.2539 1 0.27752325 443.82666 645.82513 668.9812 713.09503 1 0.27165452 408.90363 593.0115 682.6801 718.99536 1 0.2620845 555.66 256.0133 700.1469 656.2597 1 0.14679624 633.0772 625.8632 736.4771 692.6243 1 0.14676245 351.2648 128.77625 468.04117 260.33047 1 0.13276616 659.8853 641.9754 738.4544 682.665 1 0.12064476 685.7086 550.1111 701.36975 666.58167 1 0.10915919 266.0398 127.803314 518.5941 735.67896 1 0.107337646 386.1953 659.3376 725.3773 755.67755 1 0.096095726 631.11633 78.72847 659.5054 139.35909 1 0.09143663 448.3089 703.9557 567.3186 717.68506 1 0.08677427 676.8992 537.454 704.4181 676.64526 1 0.08636032 486.33667 200.68365 661.0281 382.7649 1 0.086305045 681.32794 618.6323 701.07684 674.87476 1 0.08324128 611.96857 281.84128 678.18414 382.2288 1 0.0770662 434.65002 705.88245 529.50366 723.34094 1 0.07237587 550.093 695.16016 617.14453 713.30615 1 0.071761094 389.64148 691.54254 649.239 750.96063 1 0.06887766 279.7049 482.12708 417.59546 735.1991 1 0.06851743 654.89954 284.15594 678.3806 373.99927 1 0.058140326 661.17053 217.22812 742.34985 696.41235 1 0.0505021 491.63263 621.8298 714.1562 740.83514 ,test/2342.jpg
5 0.99299276 211.5203 163.60928 759.7134 715.7782 ,test/2343.jpg
0 0.12829588 281.09235 192.15909 762.34515 782.46765 2 0.3166637 280.9572 192.73035 760.47943 775.7733 3 0.93398786 280.4976 193.72122 759.2355 779.13306 7 0.09229131 281.61096 192.12793 760.629 777.88367 ,test/2344.jpg
4 0.9991823 374.23737 395.4059 574.3064 642.4126 ,test/2345.jpg
0 0.9532495 584.0134 580.2488 654.6631 642.6803 0 0.8598962 466.16553 599.1728 514.7068 640.8869 1 0.11864803 583.9256 580.2185 654.5097 642.75525 3 0.16762075 466.6802 600.00616 514.4604 641.44257 ,test/2346.jpg
0 0.9989801 369.33713 338.13104 546.99194 740.02374 ,test/2347.jpg
0 0.9893099 494.46695 384.4777 648.02905 627.21265 0 0.65171057 536.1824 388.4592 626.7572 464.7515 0 0.22236052 539.954 562.7141 624.8771 626.38245 0 0.123197615 575.48553 389.87503 609.0744 462.57816 1 0.05543125 491.06714 433.34494 652.0393 599.61035 ,test/2348.jpg
0 0.35405418 248.24333 227.02194 620.9408 782.48474 5 0.27860126 248.25926 225.90176 620.4041 780.81604 9 0.69133717 247.50333 226.56546 620.23315 780.104 ,test/2349.jpg
0 0.13887137 335.35007 247.57013 704.1271 751.44183 0 0.07578647 594.0426 234.47658 753.6587 348.57495 7 0.97369677 331.4005 248.972 713.8729 756.63696 ,test/2350.jpg
0 0.919708 1.5217514 376.4426 80.78531 419.78372 0 0.31119666 413.9307 153.95705 440.09183 209.91292 0 0.106237136 217.24301 142.65704 604.22754 521.06177 0 0.062452484 791.251 475.34106 836.9957 515.3084 1 0.985876 219.13718 140.92137 831.5054 525.9014 1 0.07116292 315.14078 155.97432 594.7711 527.23157 1 0.050595835 414.1513 153.61461 440.22418 209.7931 5 0.7978831 84.56424 541.6923 982.15125 782.2745 9 0.07420281 217.24301 142.65704 604.22754 521.06177 ,test/2351.jpg
,test/2352.jpg
0 0.055151112 76.61991 588.34436 209.92993 642.5957 0 0.05187778 529.60486 189.7761 820.17065 256.1961 1 0.85432625 115.694336 549.67065 768.1395 740.5657 1 0.5568276 497.90753 138.17079 797.982 205.77193 1 0.27088854 810.23474 192.32413 913.9956 356.1384 1 0.19532372 120.56348 153.96219 951.34985 700.4426 1 0.17834546 301.39185 149.16397 456.76196 292.14996 1 0.14198588 116.18591 532.8773 746.81274 630.86914 1 0.13326897 657.87067 2.1726837 1024.0 379.98615 1 0.108520515 95.586334 400.24518 878.64795 783.74347 1 0.10527875 867.95154 281.39185 1010.4613 409.91016 1 0.10347608 174.3151 614.3656 442.78763 701.6614 1 0.07220193 497.81073 167.92786 871.88324 328.11853 1 0.065614715 502.99872 140.21227 690.26654 190.79796 1 0.062238056 417.66617 627.80865 671.4303 742.98285 1 0.060821053 487.8304 139.68532 873.9955 254.36003 1 0.05079337 850.4822 10.328049 1022.4199 358.33008 1 0.050252896 655.69507 1.0626984 917.1864 197.17352 5 0.5128404 869.7484 11.310806 1022.9603 324.62592 5 0.1252334 829.5376 61.99331 1024.0 204.37085 5 0.113440275 824.87 39.192604 908.99805 200.29294 5 0.08229437 667.71906 5.2155914 1024.0 339.0899 5 0.06448383 654.0382 1.8053284 917.8856 197.33058 5 0.05093814 864.3454 156.1571 1019.78925 308.31653 7 0.99965584 122.12488 162.22774 940.7378 641.9342 7 0.46916634 508.26923 191.17267 826.0523 268.39145 7 0.31963924 501.49963 182.21559 855.33167 328.88037 7 0.15668906 1006.79895 408.8528 1023.16626 456.76273 7 0.07741136 654.215 0.0 916.5981 196.54431 7 0.07405943 692.15063 506.78473 756.364 586.43536 7 0.070293374 116.18591 532.8773 746.81274 630.86914 7 0.069550335 625.40753 195.85512 788.02423 246.56917 ,test/2353.jpg
6 0.93006957 282.69702 163.91074 647.5784 707.1024 6 0.91301805 345.04044 159.56702 622.83716 443.5467 ,test/2354.jpg
0 0.77009624 247.42633 443.2756 679.71924 883.4426 0 0.17623061 304.45123 361.73657 339.2213 457.96832 0 0.07554688 279.32407 441.96817 308.66373 478.32217 0 0.050967332 257.50916 360.54083 345.37238 549.70386 2 0.08357407 247.38876 442.99792 680.6459 884.4514 3 0.057657108 246.40334 443.51572 683.99426 883.162 5 0.71920925 304.53503 361.77646 339.1402 458.2056 5 0.12966084 590.6671 475.52435 702.5896 551.59515 7 0.33548722 246.72314 443.5644 680.7841 884.2962 ,test/2355.jpg
0 0.68336535 0.0 474.93677 242.4415 517.0288 0 0.24864031 485.70917 882.0914 534.07776 950.1694 0 0.11973086 177.54361 99.63469 922.81555 516.1966 0 0.050436355 326.969 512.52637 515.7238 556.77563 1 0.45035022 327.342 512.899 515.2552 556.61615 1 0.062878974 258.69443 497.71503 861.2262 906.0097 3 0.12674555 258.43344 498.20538 852.16846 905.5389 5 0.066291794 0.0 476.02847 242.45164 516.07214 9 0.959382 177.08551 93.27084 922.7762 549.3977 9 0.4476444 249.71744 377.29092 923.97656 548.8834 9 0.21846737 181.48978 308.80463 938.1111 495.9416 9 0.19994703 313.64523 290.47498 950.96423 431.4331 ,test/2356.jpg
5 0.99968994 338.90393 345.91022 831.65674 576.6012 ,test/2357.jpg
0 0.66400504 394.91006 448.50452 803.97546 563.7121 0 0.62102234 331.29764 317.39978 811.7427 557.11975 0 0.5164713 408.02307 327.33206 437.92896 461.89816 0 0.5134135 344.31073 311.51553 373.1535 463.0092 0 0.44508743 410.93118 401.7556 440.15213 576.9303 0 0.3932915 655.507 335.59137 704.7402 518.84186 0 0.31147647 476.00406 344.89194 514.161 553.34674 0 0.3100891 330.43582 306.97513 573.7265 555.5831 0 0.2625807 325.79156 313.14325 413.18597 500.01672 0 0.21829005 402.75812 317.71658 455.49365 580.8511 0 0.19231226 338.47906 400.53134 822.0101 741.3281 0 0.18808044 629.4022 342.0246 722.01526 556.7098 0 0.16888016 403.90128 266.63336 625.6026 598.34656 0 0.13789244 331.32126 312.13895 482.0469 511.7844 0 0.119449414 381.16965 400.22003 982.85144 566.2479 0 0.113802046 316.06735 441.0092 413.58664 498.0934 0 0.10342405 529.8515 313.1243 770.1811 572.0763 0 0.091620386 541.45636 464.46658 801.097 547.78564 0 0.08543126 635.2579 480.33572 802.6302 536.32263 0 0.079218104 473.9682 288.098 536.80566 301.98685 0 0.07467628 469.97845 343.97128 714.9028 503.40292 0 0.071685106 441.1328 497.57513 801.7726 573.43756 0 0.05899361 373.221 316.87268 441.222 547.0878 1 0.84550756 753.8925 281.00146 1023.52313 949.18945 6 0.9522167 396.3678 101.03196 745.52747 291.45 6 0.8433118 323.8136 422.2043 833.1815 762.6853 6 0.74918705 295.96136 167.56194 804.503 315.24805 6 0.615456 330.31244 299.1266 813.78827 566.37946 6 0.5016476 387.88757 270.58636 814.95935 344.2788 6 0.49854547 665.8346 185.88815 759.2124 238.62979 6 0.41980407 335.0334 560.77124 771.9118 755.43054 6 0.2680896 512.86646 187.28874 800.43726 302.9692 6 0.18177024 604.21423 186.3904 792.317 273.13077 6 0.17333122 369.6703 190.49518 822.8009 388.32318 6 0.16623813 443.6268 102.38777 695.98694 230.94884 6 0.15761858 312.56885 202.07819 609.565 308.17255 6 0.1536231 494.0899 214.0718 607.3846 303.05414 6 0.1257866 672.9969 184.33994 749.61896 202.82849 6 0.123448424 734.0215 260.0155 815.1647 325.4016 6 0.11511471 322.094 311.05414 412.48553 499.93146 6 0.11261631 344.1072 305.6633 825.0133 426.3738 6 0.10432371 297.08215 207.79929 729.12024 458.1968 6 0.096656956 350.89453 469.98953 864.11414 583.6288 6 0.09108508 401.00043 241.40848 654.03375 593.9231 6 0.088873066 479.80417 328.1646 813.46826 518.7107 6 0.08853211 410.1851 411.3204 803.74695 561.62494 6 0.08194924 353.03857 106.19611 639.05444 353.3976 6 0.06919002 281.44888 161.8993 563.71826 335.36548 6 0.06593949 605.9875 232.59679 792.0854 279.96637 6 0.06585525 312.2668 235.39247 414.3326 576.8403 6 0.06431188 534.58057 221.18694 803.97107 348.99185 6 0.05730192 309.7328 280.37845 537.42615 517.3104 6 0.054454297 659.4853 176.7415 749.509 193.04857 ,test/2358.jpg
3 0.9996705 215.49643 276.52374 748.0032 538.00635 ,test/2359.jpg
0 0.5134265 522.54724 282.26236 635.8789 398.67252 0 0.17846607 336.59628 289.78003 547.1284 397.88477 0 0.09388756 296.04352 285.7733 703.61865 398.0557 0 0.091025665 513.8772 285.16995 760.55896 396.39407 1 0.9991273 120.20236 344.22433 941.6261 931.62366 1 0.85710007 203.85706 277.32947 364.61652 401.72137 1 0.76807994 335.16473 286.47015 495.75946 401.6256 1 0.6319067 148.83505 315.6757 942.9728 650.6118 1 0.5828849 197.3419 284.95544 603.42737 398.7021 1 0.4608309 513.2446 286.2162 760.6876 395.40552 1 0.28985333 404.14236 350.1263 470.53415 401.60422 1 0.27689645 576.5431 357.27264 777.1592 392.9171 1 0.24331057 235.40016 254.04176 303.38422 303.84232 1 0.23612781 353.47858 359.30408 410.23413 402.58368 1 0.22082847 564.91644 327.18073 752.6707 392.62933 1 0.18862064 524.06555 282.4381 636.70557 399.2093 1 0.18524234 346.2887 306.89966 406.1599 402.83557 1 0.18514559 595.73724 328.86493 718.6484 371.48236 1 0.15010595 600.4142 369.92365 701.83386 390.83844 1 0.12163508 265.30563 560.66895 880.2826 930.1089 1 0.12113858 619.22205 375.72473 691.5593 391.83667 1 0.104533605 681.6707 352.52878 777.465 391.7491 1 0.0988506 215.63768 180.5494 261.0864 289.84344 1 0.091212235 755.22644 360.05313 926.2025 388.58542 1 0.062354155 108.77596 380.28473 208.6984 636.22974 2 0.47481588 355.04407 360.88452 410.8459 402.17682 2 0.18883872 370.46298 376.45145 413.88205 401.4733 5 0.78833735 235.65247 254.24577 303.32452 303.8369 5 0.09464935 404.14236 350.1263 470.53415 401.60422 6 0.09023477 350.48352 287.89642 488.67773 390.46136 7 0.19503278 330.6685 289.60626 549.95886 397.72412 7 0.13072968 420.60773 286.84985 773.0163 396.92218 ,test/2360.jpg
0 0.9988612 446.83295 250.5238 707.3991 775.0895 0 0.07462935 502.03433 248.01167 697.55237 501.18353 ,test/2361.jpg
0 0.9766995 386.39685 224.46674 641.2573 866.7613 1 0.09071394 387.151 228.04858 639.9385 865.72974 ,test/2362.jpg
0 0.28253433 389.74435 907.4652 484.67807 1021.7958 0 0.18848509 884.2278 497.23233 932.459 638.33386 0 0.18814944 2.263752 473.74374 106.80989 1024.0 0 0.18582374 307.25732 234.49445 364.40015 272.76627 0 0.14202905 570.74036 715.4072 667.2427 753.209 0 0.13841122 548.54425 180.11823 615.47736 364.4076 0 0.13535725 616.2444 87.47637 647.729 130.12505 1 0.9837428 573.7617 430.89017 722.3685 693.45654 1 0.96231616 821.082 289.42545 892.20184 315.06546 1 0.96009225 218.43675 381.21564 598.1801 791.5766 1 0.9325224 233.31235 757.6661 373.94754 953.03253 1 0.888348 203.358 757.1318 415.52713 1021.7807 1 0.8726635 388.8402 906.7149 600.5555 1023.4621 1 0.8445257 672.67596 369.167 778.59576 536.9352 1 0.8300502 707.44415 387.4852 905.362 637.9645 1 0.80108905 431.49448 284.55957 557.16595 473.90918 1 0.7787865 314.33405 60.96052 437.12103 183.5245 1 0.7743241 652.2932 666.99335 786.9082 932.81964 1 0.7467909 189.24353 180.38626 299.49728 313.89816 1 0.72823507 338.42355 758.6997 458.29868 969.70593 1 0.72815174 579.27136 128.58502 680.9625 286.8848 1 0.7176584 773.2354 382.13477 900.3078 556.7381 1 0.71006817 573.51843 254.15044 710.6333 456.90723 1 0.69298625 418.75238 117.96439 610.6761 365.9093 1 0.6792737 130.81699 378.64618 283.32318 635.59143 1 0.66452235 245.55026 167.9122 409.0375 234.54443 1 0.6633438 346.94714 0.0 578.40546 172.93518 1 0.6596865 177.37202 292.3103 429.20746 394.37463 1 0.5889168 712.5396 535.266 830.7492 631.922 1 0.5778928 572.19055 647.82513 617.39 729.31195 1 0.5696126 543.5563 261.59427 638.68677 478.11172 1 0.5679126 277.7679 747.91345 359.91727 804.7009 1 0.53193057 421.7739 762.74 527.90027 926.22534 1 0.5288468 300.56116 21.936249 661.6603 348.3716 1 0.4843572 273.17612 238.78384 550.22266 468.98666 1 0.47971228 387.63147 752.7471 601.8724 1021.78674 1 0.47678202 549.6314 43.08873 681.46954 344.8767 1 0.45506254 305.98544 234.52774 364.0394 273.7022 1 0.4486621 270.51367 45.961517 438.6662 247.29703 1 0.44820076 263.18497 232.73459 369.97794 315.70377 1 0.43533027 575.9995 640.70013 610.42456 682.9039 1 0.42996737 547.15155 67.050186 615.76166 152.96486 1 0.39733937 592.34436 85.646454 646.98145 161.02785 1 0.3955586 440.26553 777.4007 528.1968 829.88055 1 0.35420075 133.71335 607.9937 248.80399 725.04095 1 0.35375097 175.42787 121.29057 606.69556 467.55243 1 0.32135737 157.70547 190.97348 411.6016 402.08908 1 0.297984 127.79276 607.0938 199.32022 693.0899 1 0.28173858 134.91373 175.4903 202.47128 389.66138 1 0.27902523 231.72766 913.569 399.3919 1024.0 1 0.27183464 715.756 483.2884 872.6073 630.02277 1 0.25598863 266.83807 237.7601 319.27972 309.81912 1 0.25542963 393.664 129.94682 574.9434 477.75464 1 0.255048 120.411255 606.95593 237.8682 647.10095 1 0.24358003 187.55847 265.73383 505.97046 428.00317 1 0.2400052 351.65115 767.031 401.04196 808.1365 1 0.23295404 218.46748 660.6482 640.62976 1024.0 1 0.22287478 439.22095 144.53918 657.3815 459.61786 1 0.20537955 726.41943 457.532 866.8368 561.11816 1 0.20262727 625.20807 392.90668 683.7662 455.83276 1 0.19952185 851.6719 473.86374 928.03235 559.001 1 0.19509281 151.33743 111.67255 586.23254 789.0808 1 0.19423103 310.8486 750.20233 534.02277 947.0549 1 0.19109294 766.25183 395.58658 800.7638 440.18362 1 0.19010071 884.2278 497.23233 932.459 638.33386 1 0.18886332 560.6192 63.880062 647.21796 161.82509 1 0.18303482 198.41615 358.34628 583.8678 516.7842 1 0.18204835 635.93677 332.6544 697.1642 426.2833 1 0.18042798 571.8486 648.4373 667.83026 756.28424 1 0.17355983 770.3823 405.2754 807.74976 474.71143 1 0.1728078 957.4666 444.972 987.8566 514.6533 1 0.1639823 570.74036 715.4072 667.2427 753.209 1 0.16072774 657.08215 642.3709 1001.199 968.3835 1 0.1515949 0.0 304.61722 51.62973 495.9606 1 0.14880486 191.4577 152.04881 478.08447 354.44745 1 0.13796018 987.4716 621.4281 1022.9793 693.9176 1 0.1366551 822.22345 475.4544 936.23773 648.10077 1 0.13138717 280.96494 381.67798 480.7913 421.8529 1 0.13087945 275.80682 249.2512 310.40515 285.07587 1 0.12917554 560.30676 309.5271 778.6168 544.624 1 0.12343457 389.74435 907.4652 484.67807 1021.7958 1 0.11943712 131.14133 23.113586 435.57755 630.7554 2 0.44936025 246.90996 168.10118 409.60968 234.00749 6 0.96221757 868.4247 444.04633 1024.0 709.99445 6 0.83636844 516.14514 645.4917 671.229 934.6378 6 0.77903444 820.30316 541.29095 893.5607 644.9223 6 0.55327064 956.86053 444.75806 1022.3934 680.27673 6 0.40825897 517.2666 717.3997 668.8843 853.51337 6 0.25590292 514.2271 812.0828 673.7369 926.6136 6 0.24033685 840.60944 483.618 986.53546 679.2095 6 0.17624827 823.151 493.09134 931.7517 641.94025 6 0.17172423 400.97736 723.11707 668.24786 931.7195 6 0.14773944 884.4873 498.76392 931.568 640.0642 7 0.993846 750.33307 626.3512 998.1695 968.62146 7 0.96421903 989.70795 236.67773 1023.9948 407.23657 7 0.9501923 30.473686 456.59882 143.13916 725.75055 7 0.830887 102.36266 692.0269 273.8921 922.5573 7 0.8047399 1000.87335 763.8708 1023.8569 856.977 7 0.7446924 391.36597 906.5985 484.4215 1021.9922 7 0.4701149 4.9116745 473.99603 111.99348 982.25006 ,test/2363.jpg
0 0.40363654 422.5949 537.3557 632.9189 568.31116 5 0.99989533 359.1014 214.40485 834.4408 830.0887 ,test/2364.jpg
0 0.9686627 424.5442 269.41757 630.48193 847.4397 0 0.8141298 79.50946 901.8271 150.54086 974.9106 0 0.14019918 498.9167 309.6422 568.80084 381.055 0 0.10521146 475.95044 277.86798 584.5 393.20142 0 0.087679 470.53012 302.58795 500.2258 384.6939 0 0.065311976 489.74295 304.26865 509.6663 380.41415 0 0.057649687 462.97137 264.9263 496.96344 316.12802 1 0.4046516 79.70913 901.73303 150.35474 975.16125 5 0.94577223 983.09467 78.933395 1024.0 239.53896 5 0.83790725 436.65778 289.3377 474.95227 331.24628 5 0.36555564 495.18295 307.94092 569.40814 386.13153 5 0.16848713 411.08347 296.166 439.53397 332.29263 5 0.10614857 1000.3168 80.41562 1023.94653 202.70078 5 0.101568036 434.57346 292.09433 459.46866 335.80392 5 0.08942172 475.95044 277.86798 584.5 393.20142 5 0.07467713 446.82074 292.28964 500.8451 388.7385 7 0.99992204 596.89215 291.84918 780.5048 780.21027 7 0.99962056 760.73267 283.93597 1015.2803 788.5871 7 0.99900824 251.63652 218.29677 457.32465 613.66364 7 0.99535 163.14304 536.67706 440.37692 760.69403 7 0.9892005 81.76217 304.4084 284.0724 620.3804 7 0.54068506 148.97958 290.37366 449.2203 756.5067 7 0.44996175 104.45476 305.20096 264.84338 478.81448 7 0.30232862 425.357 275.36002 629.52374 843.01624 7 0.11738216 605.5825 301.6162 768.444 413.82947 7 0.10743723 115.79089 303.1968 220.5935 411.72842 7 0.07761188 435.36682 264.82864 497.48834 334.88583 7 0.05761774 463.525 265.1041 496.8732 315.40738 ,test/2365.jpg
0 0.16009504 926.1901 69.764084 1024.0 153.01176 7 0.99976224 491.79614 240.91501 940.8694 944.41113 7 0.9993413 88.60367 5.1258545 536.82214 1024.0 7 0.99815136 411.78687 0.0 721.49316 326.35767 7 0.46152753 586.38666 226.92973 726.4351 355.04327 7 0.4144077 525.188 224.9235 731.09155 575.43494 ,test/2366.jpg
0 0.9371646 831.4271 572.0257 1023.6688 738.68024 0 0.42870054 910.0933 763.4838 1023.8996 1020.9517 0 0.16622835 0.0 600.6979 153.70786 838.35974 0 0.12084776 323.4891 501.61996 366.58743 518.5364 0 0.10170132 790.0525 198.87584 896.4093 405.32495 0 0.06554663 0.84594727 483.6665 301.35 941.869 0 0.056765027 630.7006 513.12213 680.70355 547.87067 1 0.99290353 314.38214 257.1338 805.08356 621.6941 1 0.9853262 545.50946 565.3143 860.39667 846.88055 1 0.98273546 0.0 107.6285 219.7539 335.19333 1 0.9530332 324.07114 256.1863 513.66223 368.76584 1 0.950426 2.6939697 342.64935 305.1182 957.87286 1 0.88972193 225.76341 479.00674 471.84363 714.9545 1 0.8807989 676.0406 582.5183 789.49225 606.3574 1 0.8051238 203.84973 372.08835 412.852 510.98367 1 0.66886365 939.59656 719.3686 1024.0 817.87555 1 0.6388438 204.56479 381.47192 462.53323 863.20337 1 0.609671 12.251724 848.96515 306.52484 1024.0 1 0.54884166 477.78503 242.11595 805.08655 355.80707 1 0.50399846 20.771606 782.12897 928.0166 1020.77997 1 0.46959242 552.35156 698.225 921.0929 851.92236 1 0.45592356 721.08936 583.60925 786.24255 604.3342 1 0.44410393 789.69214 200.96164 895.65344 404.7856 1 0.42812783 895.7306 722.33154 1024.0 1022.81665 1 0.392849 230.98459 507.3078 905.1821 874.332 1 0.37058052 7.7248535 300.683 264.8959 372.9092 1 0.30131027 898.6929 722.05115 957.4911 1014.3778 1 0.28394777 415.30142 608.77423 562.8352 835.7697 1 0.27712753 99.28136 510.00604 560.77734 1011.7266 1 0.25143853 1.2783813 351.52252 230.86581 552.9421 1 0.20515251 254.39752 648.14734 421.12122 913.3899 1 0.19877826 536.08704 587.2958 948.9148 976.2616 1 0.19708277 3.3327026 346.71298 473.38953 765.51135 1 0.18440905 242.80884 694.53436 972.24475 946.38434 1 0.184253 626.7265 577.37976 805.09235 609.5488 1 0.17805599 4.280548 373.66895 262.56024 727.3672 1 0.17504606 203.81262 319.07806 832.5547 806.26447 1 0.15905812 375.38635 756.0481 962.1649 902.5642 1 0.14249167 1.047409 567.33813 451.04645 929.2063 1 0.12665045 228.6817 493.03278 397.04242 584.1241 1 0.11817336 788.6785 203.50507 831.2984 376.6869 1 0.115405865 210.64754 417.6814 382.39722 565.7139 1 0.111449614 5.0427094 685.0311 303.89252 981.7335 1 0.10207744 605.1596 592.0521 705.1248 610.0613 1 0.10121582 215.99834 461.71182 405.83655 537.2898 1 0.09664662 835.4684 693.9839 947.4635 1018.5431 1 0.08813556 195.68108 380.3426 446.5882 599.2696 1 0.084072754 247.74257 572.1071 277.63834 673.18536 1 0.08343711 641.79376 589.5916 740.3886 606.33344 1 0.0753382 234.37827 601.0957 574.6979 870.2894 1 0.062229585 831.2912 586.75977 1020.08014 1020.6456 1 0.057914812 216.86299 440.49683 365.89948 516.20386 1 0.057855025 668.2784 578.8377 784.2834 594.1247 1 0.057288587 874.55347 732.9319 926.1659 1022.6366 1 0.05439125 186.9551 277.62415 548.66644 736.49164 2 0.058266573 717.7473 583.1504 784.47363 604.59814 6 0.16388218 230.8752 484.03644 473.2849 714.2293 7 0.82758415 3.1205025 1.4513206 119.0361 108.17526 7 0.53294235 790.1385 201.28387 895.75385 404.71735 7 0.10551193 797.2557 0.9593754 1019.3305 55.140266 9 0.052828696 908.28265 751.3237 1024.0 1022.22754 ,test/2367.jpg
0 0.95991105 214.52594 227.11096 656.2346 710.8086 0 0.17490433 305.55365 733.0733 374.61255 800.1906 0 0.110655464 294.89645 739.4357 329.96335 790.28546 0 0.056939896 346.86038 714.8877 516.2643 914.7938 2 0.07982487 310.04678 728.8843 379.38217 798.77 5 0.4246184 315.9923 725.6146 398.22412 795.1858 5 0.20371377 337.51926 724.9925 396.80057 765.09796 5 0.108419225 326.03342 683.7551 457.7573 765.079 5 0.08044473 347.88855 717.24243 514.234 915.43774 5 0.07726652 334.97678 727.4198 377.73447 787.7279 5 0.06468247 329.60577 704.1302 402.01392 779.47284 5 0.057104517 320.8378 684.6827 448.15848 726.1807 5 0.052246865 386.95056 686.18726 451.33398 758.9785 5 0.05197633 361.4866 728.33325 398.941 761.6173 7 0.99968207 445.43985 426.7219 937.18896 899.66064 7 0.99864894 771.82184 309.8895 1021.7773 547.9691 7 0.9959764 908.76733 504.0824 1021.7533 997.93933 7 0.98531866 182.45084 678.84686 509.00064 913.17194 7 0.82818556 4.6282234 284.5909 129.285 393.57132 7 0.4826833 346.841 715.8927 514.2611 914.1821 7 0.10242131 781.7085 427.29962 917.02734 568.71796 7 0.10160503 855.231 295.7852 1019.37897 366.78152 7 0.07231525 222.88142 226.45816 681.0557 705.66223 7 0.06389558 304.82452 736.8573 370.8553 800.01294 9 0.056276802 204.46799 223.2792 690.6776 724.2366 ,test/2368.jpg
1 0.05635669 546.02747 942.2886 673.02295 1022.7378 1 0.053293314 216.5076 716.0845 480.5917 1019.62317 9 0.9884936 277.3623 0.0 620.355 956.8059 9 0.4887514 281.69748 0.32907104 472.4302 789.6102 9 0.06475086 460.01013 11.525757 625.5237 995.4776 9 0.050728906 28.626373 2.032318 551.38525 1005.4585 ,test/2369.jpg
0 0.18758987 213.78542 537.0665 681.3228 720.8535 0 0.14486916 188.64178 386.2231 732.83136 735.146 7 0.92622066 225.30615 321.85284 747.72253 746.2038 7 0.7712604 215.83617 522.44885 689.9801 722.8313 7 0.7183867 596.98895 305.7221 753.7327 612.45917 ,test/2370.jpg
0 0.352671 180.72708 746.9938 271.04498 808.558 0 0.20585696 597.58057 0.0 1019.6946 296.8146 0 0.106822036 768.146 449.37878 849.5194 482.78284 0 0.06559583 604.25806 369.5513 693.655 416.93546 1 0.061243396 572.8487 368.4099 695.842 417.97723 1 0.05816952 597.58057 0.0 1019.6946 296.8146 5 0.9866476 116.21359 358.16052 787.4242 673.5619 5 0.3355303 95.528244 604.13574 183.55339 676.68933 5 0.143453 112.67053 383.01114 479.72815 667.2997 6 0.108729154 576.46954 368.05447 694.1469 418.29172 6 0.052935753 514.16125 381.92725 570.3292 450.34393 ,test/2371.jpg
0 0.54513854 2.2144966 639.67633 114.984116 700.4609 0 0.07608781 592.03174 687.7011 646.6771 730.9598 0 0.05532978 770.9004 425.36093 820.724 497.26126 0 0.053951815 337.16083 800.3516 400.6858 840.4554 1 0.6554213 2.31353 639.82996 114.89195 700.44885 7 0.9990483 270.5035 269.627 823.8491 734.9269 7 0.6625909 562.66516 255.64537 851.8574 510.77142 7 0.17342824 547.0563 257.01337 721.7689 354.87695 7 0.07555987 719.88837 455.2794 783.38446 526.3574 7 0.06382097 770.9004 425.36093 820.724 497.26126 ,test/2372.jpg
0 0.61818594 651.5692 614.0846 802.5719 857.8417 0 0.46223813 638.8921 521.84717 680.42456 600.2544 0 0.30853832 110.65204 624.75024 168.58057 689.9885 0 0.30179673 615.5839 584.6624 658.5467 621.3587 0 0.1462341 620.46936 516.7589 678.6365 624.6549 0 0.11546467 274.6456 434.42575 311.07828 495.61398 0 0.1082701 780.25385 674.92456 910.34357 856.65063 0 0.09161344 613.30963 558.47156 664.8686 622.3666 1 0.99430424 463.19202 285.11572 736.9419 485.29614 1 0.991475 415.71356 459.92514 675.7736 617.7691 1 0.97516894 404.26556 482.17825 666.89667 814.2634 1 0.9658734 944.93896 570.77893 1024.0 784.83203 1 0.96578807 142.25252 461.61905 429.23816 917.25586 1 0.8457706 161.01999 430.714 381.82773 577.22095 1 0.84161365 232.94162 466.98444 380.30942 562.0466 1 0.81117 421.87543 573.25745 607.88605 632.0491 1 0.7889106 902.99426 605.64575 1023.275 918.0117 1 0.5961097 430.38586 316.37418 492.9264 463.14517 1 0.584927 446.1343 590.48645 569.1232 632.4352 1 0.4787925 780.6263 671.30524 911.3692 857.061 1 0.4613448 442.84183 526.7467 664.63257 618.27673 1 0.40068954 452.18362 317.24686 493.13174 360.38754 1 0.36002383 301.43506 608.66113 361.86865 704.2423 1 0.33891246 550.9633 523.04614 681.22406 630.35425 1 0.33827496 472.95132 462.5408 713.3182 496.1133 1 0.3110422 174.42435 304.0898 383.4354 586.6847 1 0.29919392 650.845 604.5131 802.76135 859.21466 1 0.29224375 503.72192 592.2014 611.6499 631.5093 1 0.2807991 476.19556 409.57993 730.4811 485.95395 1 0.26479608 432.91348 571.15906 561.12524 615.0065 1 0.25409198 430.17905 458.0107 691.2499 519.7253 1 0.25117314 165.57266 423.3821 402.28342 704.92847 1 0.24524496 509.3705 594.634 565.7579 632.56 1 0.2445417 618.91406 512.14514 685.8347 631.26575 1 0.2349322 646.666 596.02716 732.8329 770.56635 1 0.21729228 529.84033 595.50684 610.214 616.0558 1 0.20847698 646.43524 592.9155 703.99066 660.89307 1 0.18733473 530.92566 595.0417 579.7534 631.143 1 0.1810655 903.64526 593.2891 972.21533 831.45795 1 0.16809861 381.84195 475.22437 437.97208 721.5282 1 0.1529759 548.63885 608.3931 607.23065 630.3514 1 0.14205466 421.90933 563.2578 643.70386 758.4292 1 0.13243222 641.36066 515.93866 696.9632 669.42706 1 0.12987794 453.23938 604.5759 535.69336 631.44543 1 0.112254284 237.47543 491.44992 380.91122 608.30396 1 0.10972753 915.31 742.0599 1024.0 913.055 1 0.107453965 639.9744 519.0972 680.32745 600.7065 1 0.1068333 901.28204 693.20557 928.915 852.5065 1 0.10364444 418.75635 389.2782 708.0807 584.496 1 0.10312532 363.57983 466.7977 440.94482 617.9341 1 0.10283736 438.18674 573.52246 519.8286 600.5349 1 0.09743444 315.65732 610.6232 360.46652 669.9047 1 0.07148072 362.5792 509.86734 390.7148 551.3551 1 0.06519602 416.47186 539.2817 433.74634 605.91425 1 0.06437369 476.04544 591.7284 544.4466 609.8031 1 0.06370307 154.62424 441.71445 198.79416 581.90967 1 0.06277645 862.1569 682.53705 889.92194 733.47076 1 0.062044013 925.44293 631.25354 960.9809 792.80676 1 0.056832884 341.53723 462.1266 390.7044 550.2388 5 0.9707509 159.49023 553.0728 349.40936 716.27386 5 0.24058329 250.00815 553.57825 351.36777 705.10547 5 0.15343216 303.57867 606.0038 360.54187 702.86597 5 0.12686878 110.44247 624.72266 169.89734 690.2385 5 0.11292404 231.9238 509.9629 390.77274 645.6372 5 0.10196367 315.65732 610.6232 360.46652 669.9047 5 0.07418083 140.42867 493.0108 431.98114 919.9964 5 0.07155594 179.6236 483.0915 405.27783 705.7109 5 0.06726101 281.07294 531.69727 357.91595 602.0526 5 0.050680406 903.27374 393.94873 922.33673 439.77905 7 0.99915636 696.6848 362.10333 1019.91345 757.46625 7 0.6089481 780.90814 669.2062 911.8183 856.4358 7 0.4805258 649.26294 603.3983 804.2886 858.5448 7 0.39784843 640.67694 522.569 679.888 599.37195 7 0.3446423 140.66617 482.7153 430.17966 919.72485 7 0.16581205 947.99915 382.98996 981.833 447.28165 7 0.1268419 815.45605 376.10782 985.01697 442.49033 7 0.054195117 618.91406 512.14514 685.8347 631.26575 ,test/2373.jpg
1 0.86311805 473.94955 0.83102417 608.4387 172.51567 7 0.9995716 282.6895 140.82181 669.91754 657.0615 ,test/2374.jpg
6 0.99929225 298.26016 320.36972 759.30066 661.1802 ,test/2375.jpg
0 0.36951578 945.54004 248.4631 1023.8512 448.7435 0 0.29835024 335.46454 513.7777 399.2279 558.06396 1 0.9994604 254.01945 304.10504 667.73535 553.6742 1 0.9984112 286.57843 525.3272 649.9478 835.79315 1 0.60039705 498.41626 1.6788101 607.1471 175.94418 1 0.3109642 345.88492 550.7713 600.5591 713.7115 1 0.30386907 441.04626 534.0887 625.5852 638.30853 1 0.29723486 335.30066 513.1822 398.19397 558.4545 1 0.19584866 409.16028 639.50055 583.6953 717.96906 1 0.15134369 348.66736 317.29745 610.5275 385.6495 1 0.055736665 344.38422 300.1724 585.10754 360.47073 1 0.052862074 262.11496 296.37537 372.2502 423.38214 1 0.05125355 451.89716 565.3492 579.93317 618.5147 5 0.17745402 946.0933 256.53113 1024.0 422.57153 7 0.95033693 583.2727 313.9969 879.93774 612.11066 7 0.50961727 946.3695 253.74225 1023.76404 435.72308 7 0.3263064 645.1432 311.4204 877.22705 483.78015 7 0.10233229 335.41504 513.45166 399.2049 558.0338 7 0.09306208 618.3279 407.94595 883.3956 554.68066 9 0.11841968 945.513 251.11578 1023.81415 448.24866 ,test/2376.jpg
0 0.99104565 551.202 85.60483 696.16895 891.36926 ,test/2377.jpg
0 0.094986096 443.1726 348.65558 835.9386 829.25775 1 0.11120046 446.01483 353.8948 838.09625 822.6117 2 0.9977048 451.3269 343.5191 837.72876 828.29254 ,test/2378.jpg
0 0.99350834 416.6223 314.33606 690.947 822.6957 0 0.7124114 299.9495 259.01556 508.2332 464.8346 0 0.07946066 774.06116 923.15784 925.2792 1023.8545 0 0.07482713 403.6526 303.94556 517.1529 445.4077 1 0.66134727 300.0088 261.02856 508.0725 464.36615 5 0.8428462 774.1452 923.4497 924.9051 1023.8607 ,test/2379.jpg
0 0.9997609 335.0082 221.16875 877.82227 671.7388 ,test/2380.jpg
0 0.98029226 742.159 81.695755 878.664 121.74567 0 0.40911123 684.18195 76.81558 874.5777 169.753 0 0.0800518 734.79803 78.082214 881.0727 231.16693 2 0.14393795 405.63144 119.46883 871.76733 541.37317 3 0.96205103 406.8778 117.993805 873.1223 540.82556 5 0.6140687 404.61307 114.89072 877.06555 540.88477 ,test/2381.jpg
0 0.122535855 257.81995 589.3495 587.5987 935.2473 1 0.108371966 253.47656 579.1172 580.5232 1020.91846 4 0.09268681 847.24304 191.15616 1023.1315 425.43674 5 0.22914292 849.5741 191.12244 1023.3302 421.66064 5 0.11115931 833.73114 188.26256 1021.1534 622.6974 5 0.05795024 516.9859 600.1725 1011.5651 997.6045 6 0.7581208 261.1692 581.75244 571.2624 1014.9901 6 0.050571147 207.64523 501.2199 766.90405 930.6972 7 0.9794699 60.179596 171.84482 831.406 876.02747 7 0.787562 805.83984 601.33344 985.3423 894.35443 7 0.45049912 508.6 600.09155 995.8064 1012.68225 7 0.32878056 148.20288 403.91153 958.44604 931.7178 7 0.17112383 214.90628 533.5326 752.9575 1022.92957 7 0.09283383 533.8327 471.98566 775.4749 883.87006 7 0.08681738 236.81747 153.86642 812.2162 506.89694 ,test/2382.jpg
0 0.5364934 451.41833 509.83682 678.6096 615.06067 0 0.3209856 498.988 572.1552 832.92944 786.2214 0 0.20002457 1005.2428 652.7171 1024.0 727.0212 0 0.16991653 302.77817 475.48697 573.39624 760.6935 0 0.11613832 541.69745 574.62274 747.0904 690.483 0 0.11304591 455.04376 610.55286 502.0838 643.5842 0 0.06993394 879.53766 416.0677 939.0235 750.9964 0 0.06961062 286.37152 463.83594 786.40643 623.44666 0 0.06948815 301.58298 410.08173 914.33545 866.39996 0 0.06410314 686.7932 610.5334 827.79175 698.00824 0 0.05303934 2.307335 235.97592 153.60239 584.74756 1 0.9756068 338.65988 103.24364 926.04724 423.16547 1 0.93987775 737.1052 326.62054 859.4946 498.78528 1 0.9328003 349.8937 328.0993 769.1251 506.0528 1 0.91486484 292.74905 398.76367 935.56665 899.6393 1 0.8839135 919.2621 251.91318 963.5071 309.07614 1 0.875768 0.0 537.519 179.99155 687.1729 1 0.8045461 4.45121 534.0527 177.56348 830.628 1 0.7089739 802.61096 404.4096 939.81555 787.39764 1 0.68725055 2.2388306 656.8163 128.40602 813.286 1 0.54461575 714.3099 187.70917 987.02997 445.15442 1 0.49482366 869.849 413.5256 939.4734 745.6775 1 0.44201335 846.32275 222.93747 980.97327 445.334 1 0.39706415 392.30737 275.59598 780.7245 436.82712 1 0.36973113 345.79745 255.1592 835.0559 599.6078 1 0.34918904 350.44287 632.58386 958.3408 893.14465 1 0.2819852 707.0419 397.87634 858.0918 525.7358 1 0.24281114 818.3777 482.98126 904.68823 753.7055 1 0.23911747 455.29138 477.05298 856.36597 797.6022 1 0.23192544 453.85785 495.86423 771.814 574.2584 1 0.22702219 734.9684 329.04977 890.48206 784.53955 1 0.21475846 617.71875 102.465454 974.00244 469.86987 1 0.21175623 459.89893 333.44455 770.40173 628.3767 1 0.18713178 893.04913 125.97667 1023.4362 437.3004 1 0.16067411 455.5404 502.25092 591.57166 618.2087 1 0.15291171 728.3225 157.16199 993.3081 788.06775 1 0.14121689 286.37152 463.83594 786.40643 623.44666 1 0.13537781 929.26117 290.0234 964.90326 323.97458 1 0.124215804 653.6165 314.17862 864.50006 521.3193 1 0.11916879 721.91595 428.45312 797.36127 462.00116 1 0.1103806 733.2543 501.3581 835.1448 625.7265 1 0.10481521 637.92065 95.44771 921.0034 316.38 1 0.09758139 299.8662 472.11093 642.6228 788.47095 1 0.09633377 797.9513 628.9833 855.7366 785.8861 1 0.094030805 711.9219 444.3093 808.1803 525.5722 1 0.086693995 735.4936 207.22449 921.7602 359.1319 1 0.0852201 838.8855 785.58405 895.53357 823.8736 1 0.084178336 219.84103 115.43829 852.1981 688.88116 1 0.08204993 453.67944 429.62793 803.9081 550.40814 1 0.0803208 747.9838 389.74753 846.65485 478.7117 1 0.07205512 553.7711 181.94852 922.6538 386.1331 1 0.06651412 698.29297 356.5657 753.7025 465.12125 1 0.062443398 800.8386 707.1698 817.2805 786.75964 1 0.06240499 610.9787 349.58734 917.03253 801.0566 1 0.053342927 509.02948 587.6855 835.01764 780.97675 1 0.05076856 548.43616 578.9372 821.2549 698.0914 2 0.5998425 540.2992 573.88025 791.68445 694.7744 2 0.4425275 504.3939 582.7516 835.16394 782.81396 2 0.20495532 566.19824 505.05377 780.1072 602.08453 2 0.1777129 450.63248 493.1776 796.8701 625.34045 2 0.17732348 684.31085 607.67267 825.7303 697.35504 2 0.16566221 547.26355 657.5448 648.3956 702.6472 2 0.14699958 537.10846 663.6323 810.53925 789.859 2 0.12386249 524.62866 578.694 673.28845 702.3013 2 0.116829075 382.40973 592.8404 592.41266 794.1784 2 0.09586669 453.81183 519.9892 666.8388 613.8077 2 0.08049912 538.9426 610.5311 635.1062 699.24927 5 0.99134177 165.29926 258.69287 414.05933 448.15594 5 0.7468743 293.62082 133.77258 389.55954 285.66116 5 0.21957284 879.53766 416.0677 939.0235 750.9964 5 0.18152976 166.11229 120.22917 427.6902 533.48047 5 0.051543824 26.952805 0.0 422.0476 451.58838 6 0.05464121 1005.6022 652.6292 1024.0 726.316 7 0.20712969 168.55609 252.78506 422.03888 512.7107 7 0.07040806 931.8067 129.64075 1020.88654 337.5493 7 0.06483174 879.53766 416.0677 939.0235 750.9964 7 0.05192262 502.6153 581.24866 834.41437 784.89685 ,test/2383.jpg
0 0.6638265 237.284 465.7608 641.9582 525.10693 0 0.3934975 242.2702 385.94556 688.0376 603.5462 0 0.38083425 403.05774 426.4508 487.64044 474.5274 0 0.17850557 174.6787 490.62915 261.64526 555.8484 0 0.12988932 536.43744 412.98944 578.97284 442.2591 0 0.10415415 223.38391 482.1267 254.12903 512.06616 0 0.08875091 301.72076 482.54758 576.8439 520.5136 0 0.08051169 225.724 288.95917 706.72394 510.9334 0 0.06762946 407.1681 293.84372 710.4475 628.5779 0 0.06701892 662.748 306.8598 704.47394 416.55817 0 0.06137686 657.9361 288.93298 744.85895 418.258 1 0.45459476 403.9823 426.61066 489.14032 474.14832 1 0.39480114 536.7168 412.35938 578.7853 442.90863 2 0.97563744 175.69052 491.9076 257.138 554.39307 2 0.14067568 403.81305 426.5122 488.60272 474.16827 5 0.080542326 318.62778 106.49362 417.3265 143.65564 6 0.759378 40.742126 269.42227 704.74133 493.08688 6 0.64682937 220.2195 278.63898 724.9896 659.0391 6 0.37283385 238.80347 363.08145 729.87 504.1351 6 0.3064763 232.38818 409.9717 684.8774 599.8865 6 0.1725253 244.60864 386.24805 518.7514 476.92114 6 0.16827674 71.5842 273.39175 820.43054 790.3003 6 0.15135759 521.99335 293.3535 738.25397 470.4977 6 0.12385448 462.34805 304.0645 699.5112 563.2313 6 0.11406471 347.0417 282.6573 683.04865 507.09888 6 0.09397211 239.93674 438.7959 527.9823 493.03918 6 0.06759271 638.3987 284.33325 744.2052 417.99554 6 0.057037566 223.31335 438.30344 660.79724 533.57806 6 0.050575737 566.16003 295.15683 692.1251 443.60306 7 0.15742207 403.66443 426.54947 487.854 473.8826 7 0.099213906 536.43744 412.98944 578.97284 442.2591 ,test/2384.jpg
4 0.9996662 405.0394 475.53894 911.77 719.2051 ,test/2385.jpg
0 0.5879354 703.2894 272.22977 768.6113 315.31552 0 0.07045231 533.4221 286.44614 571.7084 320.20584 5 0.9373803 554.1915 280.20312 757.91077 365.63806 5 0.22111489 532.70447 286.32654 573.29724 322.03345 5 0.138067 0.0 336.83688 216.48203 1024.0 6 0.80502474 533.42053 286.91623 572.1891 320.6852 7 0.9997389 149.13818 242.71445 659.7021 857.5591 7 0.30635726 703.3132 272.22256 768.7188 315.07114 7 0.18757659 550.86835 279.14142 758.82294 363.847 7 0.1584215 209.24345 629.0709 482.33667 843.16626 7 0.118346415 204.44693 703.7911 349.2867 864.7828 7 0.11576878 334.1148 621.3691 503.87585 796.3953 ,test/2386.jpg
0 0.054030824 466.87726 232.2298 724.5384 1017.08246 3 0.058321476 472.86337 224.19003 724.7317 1013.4468 4 0.96540993 472.3856 226.6362 724.2154 1012.9121 4 0.13781132 473.95343 220.27527 586.6232 938.05786 5 0.1405468 466.839 233.29456 723.83923 1016.84143 5 0.06322982 473.95343 220.27527 586.6232 938.05786 7 0.9998702 220.13022 488.74103 471.28757 996.4981 ,test/2387.jpg
0 0.36056688 60.448395 25.167053 863.6577 877.96387 9 0.84955084 95.21979 75.9115 831.0212 870.9333 ,test/2388.jpg
1 0.9952956 268.18802 201.26688 771.3428 817.4606 ,test/2389.jpg
0 0.9398035 600.03156 257.07056 751.9964 306.0746 1 0.99794525 27.160889 221.91858 990.45667 830.59106 1 0.7214934 839.8713 291.57056 1021.85834 499.56067 1 0.45317835 872.8895 292.87198 1021.85974 413.75565 1 0.19611187 0.0 350.299 55.685352 393.698 1 0.17384344 554.58386 335.3345 985.11035 862.1598 1 0.06699332 825.2724 291.62384 1024.0 706.7047 1 0.057430457 314.5677 204.45287 941.25653 512.1135 ,test/2390.jpg
0 0.051468268 456.92462 272.83783 713.27924 308.88696 5 0.99902916 217.96307 220.53111 642.14325 585.5298 ,test/2391.jpg
0 0.9970708 387.84973 368.5775 575.5844 626.35455 5 0.9829968 169.09607 364.0327 755.7863 770.02454 ,test/2392.jpg
0 0.17342925 755.86926 392.42087 842.1919 429.2974 0 0.16259652 854.46106 489.71246 969.4509 543.34796 0 0.15970497 698.016 526.6262 941.0592 671.95544 0 0.14049104 600.7915 662.61487 710.8557 740.9192 0 0.051098872 66.72254 605.1622 157.0935 654.3005 1 0.98378605 114.73569 406.54846 966.8888 726.2146 1 0.97883064 424.10873 381.41006 966.5919 538.39056 1 0.8780436 64.33948 546.5735 744.5611 763.6731 1 0.65082115 575.4071 470.82593 975.8645 693.0138 1 0.4423324 854.02344 488.9475 972.6647 543.3606 1 0.42763656 698.016 526.6262 941.0592 671.95544 1 0.31323427 119.53085 484.32294 762.49146 662.9954 1 0.23275645 82.63359 553.278 521.6003 682.9014 1 0.15596785 66.72254 605.1622 157.0935 654.3005 1 0.14770544 533.9097 439.28488 987.7094 571.98096 1 0.11954076 427.95377 379.40692 659.9297 468.0938 1 0.09678026 689.4786 391.29712 922.5318 466.2696 1 0.066607624 851.7609 457.81152 987.3421 553.7206 1 0.061539736 252.09631 371.99615 905.1848 607.1611 1 0.056314167 224.1104 578.6316 536.22754 663.8821 5 0.057852212 609.5964 663.31616 704.9621 741.5343 7 0.8895194 609.26556 665.1372 702.60016 741.1561 7 0.12841912 854.54944 490.5568 967.7047 542.8722 ,test/2393.jpg
0 0.22105409 151.11678 640.8635 189.11989 724.7383 1 0.98544276 445.04092 558.5136 836.71606 829.48175 1 0.98260766 349.94977 226.47285 769.4782 561.5352 1 0.9729152 156.29128 417.92844 535.56036 953.15173 1 0.88807416 474.80643 451.38437 808.6272 661.8471 1 0.596985 150.92503 640.97577 189.91615 724.533 1 0.44682896 171.66898 484.9082 459.16147 797.7438 1 0.43872267 439.56427 577.5405 510.52283 633.1194 1 0.4054483 486.56854 373.7998 787.3411 581.0551 1 0.22637838 484.32422 620.9164 774.15063 785.1194 1 0.17913125 353.81528 261.46674 553.32965 642.2853 1 0.12849997 406.64807 262.1691 830.95374 783.74194 1 0.12686028 475.4431 544.7605 805.69495 713.4701 1 0.06898082 470.07263 623.20154 502.1643 684.6544 1 0.06361541 191.345 439.73926 824.11707 928.7887 1 0.057851255 440.47415 564.28894 514.49335 686.56384 1 0.053726666 174.07045 414.19565 528.1179 694.7074 5 0.061642133 150.95299 640.9696 189.37679 724.7731 ,test/2394.jpg
0 0.06698764 882.3074 494.08215 926.0215 552.4397 1 0.71510303 904.00116 0.0 1023.7485 102.31868 1 0.3326718 642.64685 287.7887 692.8766 341.25073 1 0.08424465 448.4382 298.4653 495.42014 322.78098 1 0.06972558 531.75366 381.97888 649.6493 439.65204 1 0.069148086 525.32745 218.56766 643.311 315.31558 1 0.052287173 524.35785 253.38638 700.8863 329.6719 2 0.17438251 552.3326 290.19882 622.4223 311.2261 2 0.08772616 447.87912 298.81967 494.47958 323.27914 5 0.69959605 464.32483 420.37607 608.7467 493.7325 5 0.18999317 416.15472 382.35312 505.01562 462.20016 5 0.15574469 523.05585 282.54984 630.9482 344.73154 5 0.13257289 547.65784 296.4612 619.3136 316.0458 5 0.12103837 531.93835 272.09192 613.1345 300.48907 5 0.10355536 428.45868 332.59213 530.4849 385.65433 5 0.10296339 470.28668 422.8768 582.3483 458.8121 5 0.08627425 532.8994 281.8966 629.77576 317.34186 5 0.08167259 529.08624 291.24384 602.3018 315.7284 5 0.080144964 460.94922 451.11664 575.87134 495.5232 5 0.06767655 872.66644 391.0308 1021.83856 496.75412 5 0.063554026 515.15814 289.86496 675.7813 359.60995 5 0.059099276 484.63797 425.27216 569.6575 448.67566 5 0.05578353 550.3061 279.06104 617.64874 308.12512 5 0.053594153 419.4908 400.01178 631.4977 484.20972 5 0.052013863 420.66278 383.26886 531.2785 429.83032 6 0.05762916 638.01025 506.6279 798.4531 636.427 7 0.9999336 361.38678 655.74274 643.7927 975.3029 7 0.9999219 104.63498 651.56726 392.96323 969.3871 7 0.99987805 390.98245 0.0 729.8937 228.90991 7 0.99585646 370.24014 430.6292 890.24084 792.53546 7 0.99210924 417.54013 187.89105 768.42224 494.3911 7 0.28936553 524.5626 213.45247 688.8799 313.1462 7 0.22067626 734.01337 481.0525 895.3586 686.71313 7 0.1269774 623.86694 435.1049 895.15295 681.24255 7 0.11276583 527.31464 221.74016 637.7165 294.5444 7 0.09807317 396.84677 650.44507 443.30386 689.7417 7 0.09138652 531.75366 381.97888 649.6493 439.65204 7 0.08734452 882.4462 493.482 925.8442 553.56024 7 0.065678 611.406 871.9717 645.6261 901.19617 7 0.05709322 522.6157 300.0224 635.803 342.9521 ,test/2395.jpg
0 0.47271428 85.57193 244.60489 189.6659 845.82495 0 0.051909305 0.5324116 441.28406 61.77556 697.6472 1 0.9944353 434.39624 583.3688 823.454 875.558 1 0.62460375 375.7024 695.6422 480.92957 735.5427 1 0.5598844 0.9881363 443.92267 61.79481 697.3836 1 0.19385421 660.3969 624.35223 763.95197 676.9107 1 0.0622453 669.8004 579.0744 808.23376 675.84564 1 0.051651113 733.1544 580.3088 794.6305 671.74713 5 0.4010669 84.937195 243.45163 188.4498 844.87976 7 0.99925107 352.5893 252.7909 782.5954 713.5617 7 0.06631911 357.9629 559.3774 782.046 699.7653 ,test/2396.jpg
0 0.41562942 317.37057 133.76784 558.4529 360.37634 0 0.20212224 552.8386 369.70917 628.8518 417.1933 0 0.17376193 425.58716 809.64856 492.55994 833.9497 0 0.13846377 266.54514 718.7006 303.72116 813.4476 0 0.10649752 556.20593 372.1952 634.92896 571.6471 0 0.06809851 360.3178 860.22986 408.49384 900.2184 0 0.068092175 330.34976 857.06714 437.82938 938.11597 1 0.99898773 138.55295 324.77795 581.3363 820.8369 1 0.99044037 252.7681 735.44794 517.931 938.8284 1 0.5539021 494.41492 770.8803 560.57056 861.43256 1 0.455576 332.09482 857.1835 434.94223 947.08154 1 0.43558973 432.3141 756.20795 545.5017 913.2619 1 0.34445593 552.94507 369.59 628.8627 417.15317 1 0.28242713 269.8143 879.8025 329.70108 940.6582 1 0.2806868 248.63905 801.1807 444.3891 940.1475 1 0.24607521 276.9438 729.44275 502.08362 829.30493 1 0.24462505 315.4036 133.8803 559.0917 360.35358 1 0.23650652 364.4609 777.7555 529.72925 914.933 1 0.1732697 266.8967 716.0356 305.178 813.90314 1 0.13552654 331.5207 860.387 399.37256 928.8947 1 0.1238095 447.6839 856.75793 518.58325 910.77466 1 0.12085126 794.0965 497.55228 820.1413 542.4877 1 0.0985949 360.3178 860.22986 408.49384 900.2184 1 0.07984943 475.47992 715.5721 554.3288 868.6788 1 0.07809124 486.01553 740.4349 543.83813 816.409 1 0.07767196 451.75757 801.6492 519.3314 907.0321 1 0.06331824 243.38104 708.13495 308.20367 880.6419 1 0.051219825 315.4563 828.01904 509.62366 936.0978 2 0.13896212 359.33167 860.4898 406.12823 896.1597 2 0.09778965 552.8386 369.70917 628.8518 417.1933 2 0.058167975 794.24805 497.5922 820.1968 542.65485 5 0.31590188 794.1007 497.60587 820.25696 542.85345 7 0.9993031 622.8263 289.4607 838.73303 706.02875 7 0.9688674 557.08765 538.48413 655.96484 677.87036 7 0.89814484 549.39105 373.6994 658.2203 679.08673 7 0.39888683 556.7728 369.82474 636.1636 557.34814 7 0.39648062 650.8839 322.4505 694.34216 370.04175 7 0.35495916 595.5088 536.43756 653.91504 613.2016 7 0.22591162 552.8386 369.70917 628.8518 417.1933 7 0.07065715 752.3463 322.4164 864.0392 635.86926 7 0.06881314 610.0299 382.5964 657.69995 663.5646 7 0.06361006 554.47565 371.72412 631.851 470.03992 7 0.056655027 557.00354 557.3854 574.0735 633.91455 7 0.053085826 794.0832 497.43195 820.0915 542.80255 7 0.052330703 283.47186 289.30084 327.828 352.8051 ,test/2397.jpg
4 0.99470323 424.67963 309.8801 599.8265 653.13135 ,test/2398.jpg
0 0.3263066 477.31177 880.7675 644.32214 1023.91376 5 0.9996922 294.27472 463.21854 565.19714 733.9431 ,test/2399.jpg
0 0.18442644 11.8563385 763.0236 292.12646 898.90326 2 0.99929297 222.48947 439.2882 706.6793 868.32605 2 0.30750316 202.48509 444.71368 684.74414 492.0846 ,test/2400.jpg
0 0.33011255 199.96951 238.19089 711.8557 882.166 0 0.07930261 504.7007 462.54767 629.6029 664.54926 0 0.058726788 473.1477 421.33075 589.183 620.976 1 0.98888713 179.15024 239.26483 734.63586 889.1047 ,test/2401.jpg
0 0.0520546 543.14105 603.618 918.26447 971.5369 1 0.38084778 337.54425 142.69579 760.90936 580.9643 5 0.053904746 651.01135 201.35918 906.48376 644.2236 7 0.9831282 543.04395 609.679 906.1305 955.83575 7 0.96184987 339.2062 131.39838 885.36633 639.85077 7 0.8759631 605.61383 212.38286 913.09515 664.55475 7 0.13661122 548.99426 231.51236 917.1338 950.60535 ,test/2402.jpg
3 0.9994137 242.43124 462.1513 808.39307 664.8298 ,test/2403.jpg
0 0.15266618 7.188385 5.564636 829.6387 548.2366 0 0.09896407 538.45306 18.025757 956.0539 640.10596 0 0.062382724 325.369 783.65643 913.77234 1021.6086 3 0.85954577 257.3571 575.6867 398.26413 766.6955 3 0.35010877 847.57715 615.1668 903.8544 666.38116 3 0.17601676 434.55185 360.24713 619.588 596.19666 3 0.09444924 365.9981 500.12668 492.41522 601.8579 4 0.5783589 431.9475 359.948 622.9818 610.3512 4 0.2350171 256.71115 575.41125 396.80197 766.1998 4 0.08024232 365.9981 500.12668 492.41522 601.8579 4 0.07543034 427.27356 484.53943 539.16345 623.2864 4 0.06647975 343.6675 397.29565 578.3612 607.1874 4 0.05131802 226.28368 418.2701 505.1842 598.20215 5 0.8690634 224.4212 416.39523 488.0078 577.8193 5 0.6325829 496.549 608.17053 837.99457 715.8656 5 0.43045107 434.0563 361.39786 626.9211 589.9553 5 0.24710234 365.9981 500.12668 492.41522 601.8579 5 0.13195334 847.57715 615.1668 903.8544 666.38116 5 0.12625882 63.05745 378.62762 532.1543 593.53485 5 0.105073154 361.4109 414.25894 446.32007 500.57645 5 0.068424694 163.30386 469.8293 549.3148 759.71326 6 0.25861475 1.4626999 366.18567 161.2331 513.33685 7 0.8058819 0.0 8.924957 941.63635 819.5668 7 0.6813383 0.0 313.47696 420.96274 1018.9796 7 0.64710414 423.78506 348.18976 901.46045 623.08716 7 0.58692735 368.49982 598.1041 852.98505 908.44116 7 0.56885225 312.60898 783.9888 953.44946 1024.0 7 0.42524272 0.0 750.24286 449.31256 1021.6921 7 0.41919652 0.08578491 0.0 365.6991 422.96716 7 0.41159445 435.40314 361.548 618.72186 586.8065 7 0.3674544 6.175812 298.86526 839.78064 1005.3976 7 0.34891313 544.15454 39.79608 993.76196 622.4621 7 0.30856022 229.28787 7.6387024 864.8755 600.0311 7 0.27362505 337.3039 410.00214 925.55133 1005.90216 7 0.12844557 186.72086 653.152 909.839 1001.844 7 0.11202279 479.45483 614.09625 1024.0 1022.6569 7 0.104791455 50.616028 16.25328 744.79694 423.37036 7 0.08949121 558.92737 336.4297 693.0209 552.2772 7 0.08431868 498.6256 601.33014 822.5156 761.5101 7 0.08016455 46.63794 323.97662 663.83746 799.65717 8 0.10539547 258.2992 576.1901 398.14532 766.84467 ,test/2404.jpg
0 0.3277735 252.66284 314.36295 745.7633 891.51 0 0.121051356 4.0343323 21.964172 405.9362 615.277 0 0.10030581 495.52667 756.89044 625.10736 882.5341 0 0.055864222 494.36893 747.1782 630.0263 808.39453 1 0.18578726 9.815414 13.698242 442.43866 612.89325 1 0.058287885 0.0 201.6222 315.84286 605.4289 2 0.95715076 255.45744 314.43094 745.37756 889.17664 2 0.28449538 0.0 188.233 332.5263 611.006 6 0.24853364 252.50967 314.1767 744.734 887.9537 7 0.9814456 0.0 0.0 422.3957 288.84045 7 0.29538372 14.626678 0.0 428.48096 593.1277 7 0.114701614 313.79837 0.0 487.99857 358.13052 ,test/2405.jpg
0 0.44684574 291.48767 480.86987 370.6501 582.30884 0 0.070335254 290.02313 484.44534 361.1557 530.9522 0 0.06511269 547.03577 743.8784 571.22253 800.61145 0 0.058603685 3.1870155 526.9733 55.108807 576.26215 1 0.99360305 501.4678 529.466 656.3821 761.45856 1 0.9703485 709.6314 349.40582 827.10834 790.7967 1 0.76803225 496.5678 510.75775 813.70294 779.7598 1 0.3510643 547.0417 744.4508 571.2941 800.50574 1 0.34721205 774.458 339.162 889.9093 614.03375 1 0.2778735 293.17303 481.04547 370.53406 583.5728 1 0.18448128 713.3253 345.90958 990.973 784.4668 7 0.9529203 41.55555 414.70917 240.31845 622.52313 7 0.7791609 43.0503 425.75043 142.54495 612.3902 7 0.21320896 289.93466 480.71246 371.78513 579.3526 7 0.13185044 1.2005157 462.65503 91.10568 608.1433 7 0.10923441 126.359055 413.96133 225.6707 629.29584 7 0.07804852 290.02313 484.44534 361.1557 530.9522 7 0.07335951 37.066326 494.05817 124.86807 609.17303 ,test/2406.jpg
0 0.8347827 335.25192 283.71982 770.1383 871.745 1 0.073157266 331.66345 285.29333 771.57336 878.28564 2 0.25849319 336.58783 283.37982 770.0378 871.76263 5 0.22141832 336.4007 283.8301 771.1031 870.78796 ,test/2407.jpg
0 0.96575403 115.99208 7.6641235 432.61462 390.51978 0 0.12478945 661.5371 458.51996 734.0165 542.7397 0 0.11664845 626.42755 412.38617 740.78485 568.1136 0 0.08942652 662.6785 467.05978 725.0837 514.6254 1 0.99931324 215.73666 329.24017 738.31445 890.4975 1 0.54022324 376.81296 6.717453 549.01807 404.32507 1 0.20174527 662.0997 461.4918 733.8078 537.34436 1 0.19900167 637.1543 422.06244 740.23694 569.89496 1 0.19172025 550.29614 321.35535 736.82544 692.75903 1 0.057220776 194.51598 332.84143 557.9783 694.55225 ,test/2408.jpg
0 0.0674251 598.6637 630.35474 748.7031 743.9646 3 0.050531425 240.3101 389.04108 602.6039 742.691 5 0.9860032 240.05212 388.40326 601.4364 743.19965 5 0.36577004 408.77692 418.4229 601.6978 743.0717 ,test/2409.jpg
5 0.99962425 301.95 234.89088 668.31134 679.5653 ,test/2410.jpg
7 0.99869776 357.59302 303.2559 779.49963 704.32715 ,test/2411.jpg
1 0.062299427 375.765 276.76285 759.34656 700.4606 7 0.984658 377.13934 276.54712 758.3781 701.2367 ,test/2412.jpg
0 0.08928555 40.317368 470.18823 331.2813 589.03516 5 0.4969172 3.4412537 235.48764 987.4458 839.40015 5 0.4957301 915.9607 316.4362 1022.45215 435.5237 5 0.33660582 70.59665 434.57864 890.50806 788.6979 5 0.17294912 408.34552 446.05667 867.3986 873.63794 5 0.14788485 103.1702 405.7045 892.1564 592.93427 5 0.118022166 39.94391 463.84732 550.57605 822.32715 5 0.09720812 36.362274 455.52563 716.848 665.1406 5 0.052738033 906.9728 306.5621 961.6056 417.86404 7 0.9749316 0.0 191.1706 1024.0 1024.0 7 0.77262104 58.79428 599.6234 1022.417 1022.5525 7 0.31640157 431.46478 619.07544 890.1091 865.2637 7 0.16933282 683.729 321.87054 1021.45374 1011.6396 7 0.12451107 28.97818 356.6216 674.7101 1010.1959 7 0.094601385 370.5919 308.18665 986.14526 920.5796 7 0.09259597 0.9127655 503.09097 329.72943 1017.6277 7 0.081330046 672.9596 625.12067 972.3523 1003.3569 7 0.0752505 6.037918 754.27313 358.326 1019.06024 7 0.05160881 133.0394 190.23967 938.3485 635.756 ,test/2413.jpg
0 0.107444495 381.14786 411.98486 610.6005 711.0171 7 0.9849193 382.95267 412.5074 613.32837 717.80597 ,test/2414.jpg
0 0.7370131 215.05504 907.35785 288.41296 966.8244 0 0.5708567 39.491875 934.4524 157.76508 1007.7588 0 0.39865673 839.3166 703.1602 919.5433 761.3018 0 0.18354918 212.91202 907.30286 351.06784 1020.3065 0 0.15768 43.842773 937.71265 86.67784 991.1692 0 0.13346043 38.295357 901.135 215.8302 1008.12537 0 0.11564669 61.854233 965.08044 154.45192 1007.54956 0 0.1083009 238.56102 953.24457 347.04443 1022.69403 0 0.10439056 555.87836 946.09607 629.9676 1024.0 0 0.09699437 564.733 567.21387 593.1224 614.2488 0 0.09147484 330.4512 993.1341 381.2419 1022.0307 0 0.053944573 224.8905 942.25964 286.55075 964.615 1 0.9853367 621.7137 946.67755 725.5728 1001.55817 1 0.9454053 238.30266 952.3778 347.67636 1023.178 1 0.9372832 555.8114 946.32874 630.9696 1024.0 1 0.6514601 564.87427 567.5359 592.92175 614.1317 1 0.50676864 839.3368 703.1532 919.48914 761.3468 1 0.4639618 556.2914 943.5306 729.449 1022.9261 1 0.3199705 213.54575 902.1858 288.88354 966.58704 1 0.2831016 39.47468 932.1112 158.92204 1007.3436 1 0.20444375 38.05571 886.82983 220.8993 1009.4341 1 0.13906635 209.40233 891.25446 252.00713 914.91266 1 0.13173412 514.4562 526.0357 595.55005 634.8653 1 0.10892052 212.91202 907.30286 351.06784 1020.3065 1 0.055668402 43.468746 938.08466 86.14064 989.3188 1 0.050830152 208.60428 847.0209 266.47546 913.3096 2 0.056092676 146.31274 777.64954 179.82947 804.2471 5 0.71703225 146.29797 777.6299 179.64038 804.261 5 0.6593606 348.01447 921.56067 445.39746 987.0166 5 0.2622152 257.7397 698.3528 378.2202 755.3048 5 0.090232044 232.60822 814.60443 274.8752 857.2183 5 0.088417515 383.5149 652.1748 480.91602 705.6991 5 0.08217205 435.03516 652.5289 480.11053 696.7812 5 0.07168958 213.4476 901.0225 288.265 966.5086 5 0.053734656 317.31607 697.7807 368.2363 754.8234 5 0.05018562 317.2169 648.01013 484.53116 716.4032 7 0.9999449 211.12122 37.19124 732.35785 545.3478 7 0.99953055 232.64029 645.91656 616.9166 991.6706 7 0.9867257 679.3787 244.87433 864.96796 444.74426 7 0.89340174 555.0435 481.63947 598.5324 549.83075 7 0.41367856 235.69824 693.7575 377.88495 897.06696 7 0.3903036 312.46814 649.4679 480.0545 752.5194 7 0.24647348 839.3652 702.9174 919.5943 761.2292 7 0.22132604 277.64688 695.0355 375.63358 755.54395 7 0.18219611 213.4476 901.0225 288.265 966.5086 7 0.14360943 347.13956 921.354 457.03842 986.64465 7 0.076515205 209.40233 891.25446 252.00713 914.91266 7 0.05955336 375.91965 693.5238 433.04514 750.4646 7 0.05571716 244.00272 667.7822 503.6649 900.02014 ,test/2415.jpg
0 0.99954396 32.190826 542.64856 179.15256 728.9332 0 0.23149723 182.11398 288.40692 855.5454 627.69556 0 0.054029774 143.98181 703.30646 176.76764 738.5257 1 0.41396973 182.82214 286.94443 853.46643 628.6581 2 0.7609021 182.32773 287.43915 854.73975 628.3492 3 0.18219958 176.59677 286.96176 856.9569 627.2897 5 0.10616561 181.7131 287.94324 855.03894 628.18036 ,test/2416.jpg
0 0.9570996 195.30748 275.4359 233.484 332.77515 0 0.8110478 499.2943 866.774 572.42993 951.5903 0 0.6028731 186.11398 315.83667 247.07996 446.29987 0 0.16345586 306.47876 787.331 431.2386 869.59015 0 0.14433464 901.1898 911.6664 1021.34863 1023.6802 0 0.10176914 330.51834 791.30554 394.29233 855.1793 0 0.067778856 315.9881 689.49207 440.62573 871.8589 1 0.981355 400.17126 196.38354 737.60144 741.5552 1 0.9436219 177.3588 243.4788 440.67148 748.2241 1 0.84521973 900.77386 911.92535 1021.35846 1023.6497 1 0.42286962 203.37971 176.04715 460.38977 420.67935 1 0.3379126 172.77716 182.38177 739.4915 840.8739 1 0.29707775 452.27264 664.4552 736.7214 749.37415 1 0.19286937 325.24133 280.6587 478.63617 696.2689 1 0.15707141 417.74203 207.77898 704.76575 519.26544 1 0.14565231 499.25476 867.1278 572.13293 951.71533 1 0.12743331 441.78027 320.9639 721.0686 610.87256 1 0.118095756 695.47504 413.9193 729.75836 495.17694 1 0.09359098 221.32042 171.8739 692.1271 575.1266 1 0.07284822 416.52704 551.4464 735.63837 749.5259 2 0.29645383 308.0914 799.1737 349.96658 869.3341 3 0.065666504 180.82571 321.6506 249.85587 444.64255 3 0.06106006 901.0082 912.42474 1020.88257 1023.30084 5 0.07159343 901.67456 911.838 1021.39 1023.5918 7 0.1643632 499.2682 866.79443 572.37683 951.6444 7 0.08417796 177.27673 266.03845 440.6502 743.19293 7 0.051724423 901.0082 912.42474 1020.88257 1023.30084 ,test/2417.jpg
0 0.81915927 165.44585 150.0466 283.9933 255.65424 0 0.71002775 153.36125 150.17062 269.49185 708.46606 0 0.37149435 171.19614 460.84406 235.37888 711.8211 0 0.3372126 689.66296 722.49 1017.8257 1021.79504 0 0.2754503 170.4548 207.11798 279.97208 256.4125 0 0.18667102 471.52814 371.8205 620.93 473.86188 0 0.15901768 52.15174 101.599915 284.07587 724.942 0 0.104871295 977.74713 328.9766 1022.4639 642.6594 0 0.09762779 681.51605 370.98523 1019.6866 1024.0 0 0.07008586 171.45169 231.06967 276.82068 254.79047 1 0.9983455 35.980164 89.859375 985.7936 740.9723 1 0.2095803 26.508484 97.48401 289.05267 727.3222 1 0.16492043 165.33261 150.00496 284.1891 255.29094 1 0.11705211 977.33777 331.0197 1021.2572 707.2354 1 0.0802633 775.2288 161.33527 1013.8525 747.6729 5 0.37724918 171.19614 460.84406 235.37888 711.8211 5 0.10513349 176.57732 242.22813 253.32552 714.4477 9 0.14169213 977.33777 331.0197 1021.2572 707.2354 ,test/2418.jpg
2 0.9996822 365.73627 392.7116 762.38165 684.6164 ,test/2419.jpg
2 0.9961844 415.8447 525.3267 557.0606 610.622 ,test/2420.jpg
0 0.111565165 0.0 25.452644 146.30623 229.19125 0 0.06625634 756.5559 24.15873 943.18494 242.20871 1 0.69720966 894.4835 880.9715 1022.67957 1020.987 1 0.69527173 408.3047 890.4291 712.28503 1024.0 1 0.30801198 0.0 998.74146 279.86853 1021.692 1 0.3002987 401.5316 868.2761 1024.0 1024.0 1 0.13572432 357.86826 34.641235 522.59485 237.24683 1 0.1341931 957.18964 596.162 1021.7392 875.93384 3 0.37757403 605.0413 151.4815 972.1999 888.5932 3 0.25316983 0.0 358.9477 316.30542 885.3588 3 0.13947923 166.80173 48.206696 363.75748 436.0085 3 0.11356293 1.116394 222.01292 201.77061 531.60223 3 0.07274467 0.022201538 36.73517 217.39943 932.74365 3 0.070109226 672.42126 79.60668 776.81604 255.77866 4 0.9427132 266.22607 39.69272 590.047 903.1361 4 0.87408906 596.04156 63.513947 966.52203 891.61206 4 0.79156023 896.2544 54.2836 1022.5055 451.77863 4 0.71247107 531.3553 52.646667 673.6895 420.21167 4 0.6530767 0.0 269.07864 316.1007 888.2678 4 0.6227239 357.5142 43.047462 526.8848 236.74475 4 0.51325756 159.26389 50.963852 367.48636 425.9961 4 0.47133657 673.6214 82.37688 777.95245 242.9749 4 0.4645122 159.28519 324.89545 323.85696 656.4321 4 0.44707558 757.3063 26.601341 941.7634 242.13074 4 0.39968035 508.51547 226.09302 671.3541 406.90228 4 0.35595337 605.18774 118.87125 1004.12634 457.35696 4 0.33456632 0.0 27.981049 178.95404 703.714 4 0.2857853 162.98517 56.306458 956.7265 890.1931 4 0.23131882 514.5497 93.86865 694.2118 715.5433 4 0.19842322 764.4533 28.459915 1014.6678 400.16016 4 0.19397554 225.01633 41.16504 364.9949 333.22668 4 0.19158879 183.71812 77.0782 244.3184 329.0442 4 0.18922833 128.75638 33.062897 389.2618 697.79834 4 0.174406 36.33365 444.7063 175.94562 664.90015 4 0.16388255 1.116394 222.01292 201.77061 531.60223 4 0.15466055 125.63826 96.03773 239.09938 321.5391 4 0.14994887 935.7554 53.548706 1021.699 311.18643 4 0.14511806 0.0 32.88073 145.6983 235.77884 4 0.1351146 83.97151 36.903595 528.02124 456.33197 4 0.12976457 827.50214 10.262726 1024.0 881.6278 4 0.12911195 664.25507 69.68915 775.5909 364.5115 4 0.118754484 545.80255 80.960014 673.47577 277.63318 4 0.10697814 673.9098 69.00383 939.91003 376.83655 4 0.104234196 117.64357 217.59723 163.47273 329.0321 4 0.09623753 525.8185 116.067276 837.64136 421.54303 4 0.07086778 558.31335 420.25726 637.9435 746.13165 4 0.067005016 512.4622 218.97157 555.79767 334.69373 4 0.06663158 40.103363 364.6626 312.71436 665.02673 4 0.06575373 131.38838 82.822754 186.15855 336.5813 4 0.06409838 286.30795 308.26813 627.8878 742.0677 4 0.062431894 192.30708 218.73952 215.14522 299.3462 4 0.062023427 524.3632 278.88702 645.9936 772.5114 4 0.056424573 516.73254 300.5819 657.1211 405.42816 4 0.05574179 230.53946 61.761383 673.50195 569.3533 4 0.054000597 168.99834 224.54501 365.64508 356.86624 4 0.05317865 656.6343 222.1419 693.4237 332.0426 5 0.63334024 355.92 18.798645 525.1024 238.97299 5 0.3090334 757.6848 24.55481 943.3933 242.53949 5 0.25735036 0.0 25.452644 146.30623 229.19125 5 0.1112224 767.00934 28.978771 941.0273 102.05936 5 0.07735965 0.0 5.941265 127.85962 70.87062 5 0.07230237 241.8872 50.002625 624.32886 901.7381 5 0.053936273 608.73175 43.030792 977.5401 894.7521 8 0.44997507 546.7628 83.268456 673.656 248.09796 8 0.33671674 670.3851 95.54036 777.2923 239.01558 8 0.08497683 222.9081 58.539482 364.515 292.826 8 0.07883902 167.06046 44.930542 365.26907 439.65836 8 0.050992697 181.22061 86.66259 251.29532 271.04858 ,test/2421.jpg
0 0.06281683 255.00757 370.0193 793.8069 584.60297 1 0.98848325 257.90622 310.22815 804.2794 731.26624 1 0.061321765 255.00757 370.0193 793.8069 584.60297 1 0.054518238 288.85797 510.40735 371.61017 705.9686 5 0.4780913 4.6217804 130.00641 375.33044 287.68893 ,test/2422.jpg
0 0.12336955 333.22702 226.26523 740.8816 651.66003 1 0.9671295 333.7567 231.35133 743.01355 648.13086 ,test/2423.jpg
5 0.83460665 742.03937 152.2323 774.3868 199.57663 5 0.5784974 738.89044 149.30165 798.7935 203.45592 5 0.052335046 442.65512 250.71701 487.17215 289.42862 7 0.9997547 42.715393 225.05966 585.2394 749.459 7 0.99901974 505.24985 135.03381 867.0471 545.18134 7 0.56863064 0.01738739 1.6843224 104.72091 103.28261 7 0.116729535 449.72256 292.68942 569.7356 457.40933 7 0.093092896 505.74274 126.00928 771.362 324.31073 7 0.058490694 504.6916 0.0 678.1159 36.700966 ,test/2424.jpg
5 0.999616 220.98631 454.77222 621.62665 586.44604 ,test/2425.jpg
0 0.19597872 763.5587 416.69116 1018.5691 655.5979 0 0.19157322 232.7988 292.3723 795.3596 727.8662 0 0.14532875 560.1732 567.83496 660.7268 632.06335 1 0.9416646 229.79425 291.27472 793.5682 729.3872 ,test/2426.jpg
0 0.38741365 219.85672 201.61209 737.9429 278.39062 0 0.16984378 163.38043 172.88092 762.0211 885.8791 0 0.062209032 4.1103477 560.73 95.932755 581.0231 1 0.9192415 162.89294 207.53445 759.2553 881.10095 1 0.24394615 220.53735 204.37271 738.4651 274.11917 1 0.094555154 184.03412 200.9215 739.7 571.0626 2 0.10403093 161.56628 207.70245 759.3044 882.4904 ,test/2427.jpg
5 0.92953837 167.45563 334.1098 717.6291 697.0434 7 0.36955208 161.09464 335.70737 717.07227 696.6002 ,test/2428.jpg
0 0.7639672 270.69742 252.6238 730.3168 355.85397 0 0.0837607 204.80652 277.64078 835.4353 706.9149 1 0.10835036 205.12692 276.54993 830.7892 706.33826 2 0.62646824 204.17828 277.8019 838.40717 709.2489 3 0.07876022 204.92032 275.1707 834.0519 707.03186 5 0.7615601 686.0816 286.29028 860.2297 702.7424 5 0.6250044 204.69968 275.47162 845.32324 710.48267 5 0.06668698 683.8701 284.8887 905.4712 503.90714 6 0.10076197 210.5003 273.00955 827.61066 707.67664 7 0.52785134 279.67035 252.33984 706.4506 353.27197 ,test/2429.jpg
0 0.7363761 214.01189 882.8766 291.35086 987.1572 0 0.36206368 455.41437 393.8228 509.9248 475.6496 0 0.3349123 245.44662 947.0389 359.40097 1012.6342 0 0.19264019 430.79498 333.04697 501.56708 413.2073 0 0.178016 518.2983 431.75638 543.78094 550.29974 0 0.17426077 389.41702 784.8069 450.22147 810.22925 0 0.17293173 212.45575 887.00214 422.64075 1009.689 0 0.16739374 409.84177 464.01254 433.6854 515.7476 0 0.15154292 446.69638 397.89062 503.2101 416.7077 0 0.13992795 335.51575 729.58057 377.87347 799.29236 0 0.1341808 973.2779 383.6952 1023.3328 559.03284 0 0.086856805 563.92535 735.28534 687.0782 811.4858 0 0.08384321 488.97888 446.8828 518.02673 479.7597 0 0.08210295 497.06357 449.24057 525.7563 507.4714 0 0.0804324 515.6843 435.62952 531.77405 506.58893 0 0.0788956 593.0994 793.3868 667.3731 807.01483 0 0.077811204 410.6853 411.37515 469.5677 611.1737 0 0.06228377 412.38895 320.92636 525.39996 465.5154 1 0.99732083 533.31116 476.8573 795.4431 749.71716 1 0.98404676 693.2696 250.68054 991.88226 533.3442 1 0.92236894 373.9963 586.67004 461.93228 802.8788 1 0.83261526 415.21213 297.2905 552.88086 474.12155 1 0.8129773 277.9484 306.5849 533.0154 820.0661 1 0.70759726 321.6981 726.1666 380.3654 808.4138 1 0.7012661 390.37823 784.87537 449.81213 811.1891 1 0.5566837 403.43124 415.78668 479.77078 604.9871 1 0.5437485 213.04465 879.65625 491.0989 1010.4862 1 0.5216558 460.54718 775.28253 506.1353 814.7476 1 0.50654435 364.61996 372.932 499.05222 806.8828 1 0.48444003 481.68896 437.48016 532.57306 793.4982 1 0.355848 322.79288 722.03766 507.48972 1001.65717 1 0.35427836 421.24905 393.7963 509.80698 481.39236 1 0.35171783 361.78473 512.2152 382.87238 549.37146 1 0.2774991 411.28098 291.5888 549.35803 675.94574 1 0.2768742 456.008 395.90472 509.60272 459.32434 1 0.26092094 378.7016 467.38956 465.87054 609.76917 1 0.25976455 427.38043 397.7964 533.3581 807.7466 1 0.23928493 735.55884 446.42114 842.20557 637.6111 1 0.1984313 251.1416 316.0174 434.93463 760.01495 1 0.192729 324.13983 772.20465 517.13654 874.0634 1 0.17441925 319.94162 730.4248 460.322 814.1605 1 0.17030345 381.57935 391.8396 507.50574 626.398 1 0.16702178 380.58313 480.42075 429.9828 580.6643 1 0.16283327 376.71936 766.3146 452.98267 812.44446 1 0.1578151 333.64844 347.92947 415.55585 547.8337 1 0.14268862 357.67737 482.99545 412.72308 548.87415 1 0.11417807 412.46936 403.18002 501.5893 552.53906 1 0.10082135 688.02356 255.19803 1003.8828 781.3628 1 0.096523784 457.05118 771.7604 484.66568 820.1907 1 0.09431198 775.5503 460.45984 1015.5115 842.2229 1 0.09400137 419.50238 389.85678 445.08655 432.9637 1 0.09342931 360.3396 491.02515 390.02545 549.0614 1 0.09222116 338.34116 388.33862 384.59152 534.7666 1 0.09045267 413.8933 315.50046 446.49365 444.19376 1 0.08460773 409.84177 464.01254 433.6854 515.7476 1 0.06688788 213.89046 882.8657 290.29486 986.4396 1 0.06507355 319.9719 643.4226 381.43076 810.66113 1 0.06480317 370.25903 750.0926 494.90717 817.451 1 0.062223494 973.2779 383.6952 1023.3328 559.03284 2 0.91540027 315.7553 644.5779 374.15186 730.84424 2 0.28748977 321.15317 727.071 380.25485 806.9079 2 0.19827776 632.8979 890.21356 675.4992 925.48773 2 0.13337068 380.58313 480.42075 429.9828 580.6643 2 0.12259541 319.9719 643.4226 381.43076 810.66113 2 0.09662092 357.67737 482.99545 412.72308 548.87415 2 0.07898735 382.77612 484.63934 411.11768 526.2114 2 0.07393118 214.01189 882.8766 291.35086 987.1572 3 0.06026717 632.9932 889.6667 675.0876 926.37714 5 0.83270437 528.55054 848.27783 701.87085 1019.48706 5 0.17811266 455.85977 395.2552 508.80045 461.78357 5 0.1493807 775.3526 937.6574 829.4853 1024.0 5 0.14087585 654.3311 807.6503 813.7536 923.8376 5 0.13234866 315.91525 644.1069 374.5684 731.5079 5 0.120177105 619.6333 793.6018 679.6299 896.8214 5 0.09635483 584.1134 736.718 682.9535 783.72 5 0.08260932 543.21515 799.0328 644.8604 857.70514 5 0.07864303 632.8979 890.21356 675.4992 925.48773 5 0.075080045 558.2245 736.38696 702.14966 811.7229 5 0.060944416 1.2716827 451.59595 289.7912 965.57544 7 0.99919146 564.76447 370.06464 712.7282 498.5276 7 0.9969746 477.25537 737.2184 917.8335 1022.8711 7 0.9932601 783.6577 456.5506 1013.3445 840.4224 7 0.8819553 847.8563 472.72324 982.78235 526.4003 7 0.81819534 972.3639 382.4766 1022.9324 564.79395 7 0.59773517 699.2887 734.9431 917.11475 1018.3375 7 0.3823533 669.3717 732.475 944.6421 850.0842 7 0.3578412 476.02637 834.61426 746.80054 1018.0187 7 0.3191305 642.28503 803.04297 833.1527 1022.2306 7 0.22953296 557.1358 736.60474 688.3863 813.9895 7 0.19459605 667.5918 925.83594 748.0397 1018.7539 7 0.18922076 803.4308 718.77344 939.0021 858.83276 7 0.1446689 815.771 454.8654 999.26953 544.40906 7 0.14150353 514.4951 958.16736 599.7079 1020.2831 7 0.101017445 543.21515 799.0328 644.8604 857.70514 7 0.09346562 517.36566 747.5254 686.2177 897.427 7 0.07368217 602.4557 734.9834 863.4834 827.8573 7 0.068787865 584.1134 736.718 682.9535 783.72 7 0.06506368 775.61816 944.0473 827.7965 1023.8924 7 0.061888788 577.98883 738.7133 927.5622 910.0301 7 0.06054337 488.9417 764.29846 779.6015 958.8356 ,test/2430.jpg
0 0.19087203 47.657455 308.1612 96.10152 464.21954 0 0.07816335 929.91 643.4657 1024.0 950.96106 3 0.09303106 930.1922 643.8226 1024.0 949.69073 4 0.11056712 930.1922 643.8226 1024.0 949.69073 5 0.9990256 279.10626 233.83234 747.3952 896.7625 5 0.8144147 929.86346 641.7145 1024.0 949.10254 5 0.5366436 700.01556 244.8144 863.6182 430.4107 5 0.11278287 736.38153 24.519653 1019.5181 253.20026 5 0.078059636 713.51794 20.132935 1021.6134 810.41254 5 0.05694503 699.99493 245.77817 885.4378 790.8556 5 0.05406057 972.7298 650.741 1024.0 793.05817 7 0.21227838 47.894993 308.08792 96.222 463.76126 7 0.12329617 930.0508 643.5022 1024.0 949.479 9 0.07150556 47.209427 311.18918 95.88063 463.79617 ,test/2431.jpg
0 0.9998223 347.557 277.27856 752.0936 635.3377 ,test/2432.jpg
0 0.08243616 271.44354 126.20987 618.704 494.06253 0 0.051931854 106.12725 458.4168 129.93007 495.30225 2 0.99992156 301.1528 465.59662 738.08093 705.44867 5 0.2243785 271.97266 126.02248 618.49634 494.55133 7 0.47265908 785.6542 170.16074 902.8751 277.11337 ,test/2433.jpg
0 0.4008394 660.0539 242.38785 715.8941 316.65506 0 0.27856126 622.02924 361.60477 656.00433 385.77744 0 0.1511344 589.6419 431.3901 681.29596 645.0923 0 0.112284794 351.2021 194.63635 433.85724 255.70132 1 0.9981956 513.5738 420.82077 806.6475 904.53516 1 0.55888397 303.54712 182.81393 366.03033 242.314 1 0.5165734 300.1375 181.69214 479.90814 259.34805 1 0.061551027 351.2021 194.63635 433.85724 255.70132 1 0.054825142 660.9984 430.7911 765.8274 619.2428 2 0.8924818 388.64777 207.167 468.398 261.90338 2 0.10170304 349.3318 192.8223 471.66217 258.9952 3 0.34549168 566.0822 189.65411 664.65326 350.39703 5 0.7387104 566.087 189.73749 664.20197 350.38892 5 0.26699415 347.30136 195.89853 483.3353 259.4602 7 0.9997551 209.6019 195.1803 551.2418 783.79175 7 0.75502557 660.3466 242.40625 716.1409 316.67273 7 0.08169171 288.46002 216.27203 312.76215 238.34937 7 0.07662496 351.2021 194.63635 433.85724 255.70132 7 0.05137848 248.0528 205.71692 371.24548 396.09338 ,test/2434.jpg
5 0.99982554 210.47244 155.67783 761.5481 883.70667 5 0.062086947 578.1523 124.95643 754.5417 279.35828 ,test/2435.jpg
7 0.99956185 104.977875 250.51974 856.23645 607.8965 ,test/2436.jpg
1 0.9978428 253.65346 250.8716 593.89325 749.8257 ,test/2437.jpg
0 0.99996674 342.95142 159.08746 849.51245 900.9089 ,test/2438.jpg
0 0.8355593 502.76758 746.4015 587.2363 853.4365 0 0.18274504 355.29062 337.90564 526.2984 374.49402 1 0.10959226 222.44077 457.1889 471.10672 632.7137 5 0.99422765 214.68706 425.84174 566.7719 786.9991 ,test/2439.jpg
0 0.1645136 4.812561 0.0 720.86145 576.1581 0 0.14416812 916.6303 126.88143 1024.0 245.52151 0 0.05508116 827.73865 50.85544 1023.35547 199.946 7 0.58031654 826.763 49.613426 1023.6862 201.91525 7 0.26964644 898.124 54.270714 967.00854 85.85627 7 0.12904055 894.48004 48.10446 1018.9506 85.78029 7 0.12164218 915.00354 127.07692 1024.0 246.02733 7 0.051664494 903.9815 38.583763 1022.99493 163.7627 9 0.9580443 33.353638 442.14856 576.1508 921.53955 9 0.6650327 4.9333496 0.0 719.6611 576.5554 ,test/2440.jpg
0 0.17375347 562.06714 521.0205 589.7914 691.037 0 0.1362697 0.0 0.0 1024.0 1024.0 1 0.09741351 0.0 0.0 1024.0 1024.0 5 0.99480706 434.23602 377.3167 594.55963 760.5245 5 0.122436926 562.06714 521.0205 589.7914 691.037 9 0.60099864 0.0 0.0 1024.0 1024.0 ,test/2441.jpg
0 0.24239199 766.9335 465.72116 858.1527 531.16364 0 0.21240543 752.6269 343.90158 839.68585 410.929 0 0.06070411 623.79065 102.27967 909.1344 173.39044 1 0.98308736 521.68616 326.9694 858.59204 548.79785 1 0.9789139 279.699 334.51752 1007.489 799.2834 1 0.7679211 178.57642 523.0605 222.49698 582.6962 1 0.2884396 766.9335 465.72116 858.1527 531.16364 1 0.20016922 752.7829 343.87805 838.85724 410.85126 1 0.18526223 285.02652 320.5179 676.86475 545.2145 1 0.121888146 675.6247 339.2192 841.30365 414.34793 1 0.1104975 516.4891 351.1166 674.476 507.74557 1 0.074474834 652.9799 353.09573 853.1486 524.65405 1 0.069965385 751.64136 342.72766 858.7462 531.5322 5 0.1837539 955.1505 409.57703 1022.5697 616.4064 6 0.24645843 959.6847 397.12573 1023.6998 612.1564 6 0.23025578 957.628 646.7645 1023.13385 805.17773 7 0.99677736 0.0 629.1169 282.92395 954.80914 7 0.9963329 463.7662 496.78543 639.72363 558.3703 7 0.99428374 1.1327057 422.24634 245.55896 729.32556 ,test/2442.jpg
0 0.9274919 409.30255 12.33847 743.18634 339.88147 0 0.45072147 91.87735 72.190414 436.04758 373.02405 0 0.27680027 491.8128 0.9206333 550.2071 46.73018 0 0.07813362 501.06284 2.9365807 667.69507 105.5661 0 0.07041854 123.76991 143.8629 400.08746 315.49646 0 0.051027745 135.27698 347.99036 813.41583 851.4525 6 0.9975654 109.37018 324.7545 959.02875 865.746 6 0.8919376 740.946 351.1648 973.97833 858.3782 6 0.2522398 139.613 323.9958 448.3176 783.88873 6 0.13182926 449.38855 344.86087 795.1752 861.04175 6 0.130486 765.96436 334.36646 966.1898 647.06964 6 0.11503165 256.49588 366.5996 684.58997 840.9917 6 0.09914284 188.02252 668.35706 269.1752 733.76697 6 0.07295712 95.305466 70.66057 436.33765 374.1607 6 0.0511481 672.4741 338.80676 785.98315 861.126 7 0.9974794 653.3785 28.201431 746.5859 336.052 7 0.9030607 95.64024 72.29683 436.80176 373.92737 7 0.38741332 410.41687 11.659775 748.6312 340.10986 7 0.30821976 492.96857 0.4495945 544.19916 46.990547 ,test/2443.jpg
0 0.71804315 69.45535 247.10272 142.20299 399.36005 0 0.58022195 0.0 31.7015 59.29995 197.42105 0 0.10606702 681.8483 620.53864 865.00104 784.79315 0 0.08797177 300.72375 351.70782 346.88403 395.6917 0 0.060163923 940.745 897.6241 1023.3469 1022.0997 0 0.056904163 149.16806 534.7767 196.52094 636.002 1 0.7441732 682.3511 618.8374 865.73047 785.2461 1 0.41760948 941.41785 897.90173 1023.46265 1022.0774 1 0.31120124 0.0 31.364616 59.318 197.55582 1 0.07707924 999.9877 870.58203 1023.7782 922.7551 1 0.057647362 358.02136 395.61685 440.77924 504.20993 2 0.41010526 941.8784 898.51855 1023.4697 1021.74023 3 0.18202168 357.8057 396.62167 440.15994 502.6948 3 0.075127594 747.08093 620.3419 838.8191 663.56995 4 0.11594935 532.18835 454.35553 584.53406 573.17706 4 0.089908235 452.9628 431.62518 541.6964 654.0916 4 0.08334746 358.02136 395.61685 440.77924 504.20993 5 0.9674887 529.8479 409.47888 595.51196 586.51324 5 0.9188681 453.22632 429.14264 541.8521 654.16046 5 0.9177655 301.62015 344.72052 459.454 524.2838 5 0.6629114 538.8857 413.59335 597.08295 488.24454 5 0.59279877 299.90027 349.7724 409.11188 449.13507 5 0.5786654 399.01358 448.03354 461.60794 526.248 5 0.5760398 341.46066 393.42438 451.15848 521.80145 5 0.11244336 748.9986 619.7541 837.4484 663.6751 5 0.10767773 280.3208 430.7474 388.4383 573.8994 5 0.096930854 564.88684 624.4281 687.3873 763.1013 5 0.07418149 295.21777 479.23837 373.06824 559.2018 7 0.99945205 151.66013 429.5011 541.53577 979.04553 7 0.9914745 593.30225 0.0 1011.9237 985.3478 7 0.99053943 487.37433 574.4503 772.06635 988.34534 7 0.88250333 748.2641 619.9112 835.2918 663.98114 7 0.65954095 710.6626 513.24817 1023.29565 1018.77686 7 0.61909175 935.51483 894.45856 1023.1352 1022.512 7 0.5796719 736.2613 727.0874 976.29083 1019.00586 7 0.23783642 683.6454 620.86304 865.04565 784.22107 7 0.17634943 280.59467 430.6942 387.72235 573.7464 7 0.17587203 840.7166 899.22534 1021.4174 1023.34985 7 0.085361406 295.21777 479.23837 373.06824 559.2018 7 0.06963204 200.45885 427.4646 440.34076 656.85754 7 0.06003242 448.78464 431.22046 563.47784 904.32056 ,test/2444.jpg
7 0.9969289 324.0252 402.94183 662.7003 551.3915 ,test/2445.jpg
0 0.14807343 426.73474 575.01776 515.13 778.69025 0 0.062278688 484.19147 239.49416 534.4563 253.33006 0 0.05657076 352.07462 592.69257 507.0986 781.55853 0 0.051226154 651.85266 699.0448 679.702 754.46497 1 0.97874284 413.76135 510.3119 742.1931 839.6885 1 0.67558634 472.40558 665.18243 745.04926 865.06683 1 0.6376996 479.82162 776.0644 533.6127 833.2403 1 0.6138218 350.90134 602.203 511.3359 781.8224 1 0.36704946 576.52826 478.11444 724.715 761.0175 1 0.33481726 479.8073 750.894 738.39325 841.7171 1 0.3348083 654.1557 697.0599 678.62885 757.6231 1 0.24063791 419.64127 567.0818 638.0043 783.6643 1 0.21593663 426.73474 575.01776 515.13 778.69025 1 0.15822412 473.4744 778.2534 532.93066 808.9595 1 0.14022337 488.9949 785.92773 521.83966 831.9735 1 0.12447857 697.1298 667.6337 734.0186 760.67706 1 0.1166564 645.3824 545.5255 729.8309 760.004 1 0.104404576 509.20795 703.89844 732.4084 799.1311 1 0.09668819 648.26654 662.5675 734.81146 763.71326 1 0.07305491 709.20197 671.85944 735.58234 704.70514 1 0.07250871 475.0686 776.54974 508.99658 831.9682 1 0.055898987 498.83063 805.04175 722.7391 874.7754 1 0.051292386 452.0918 596.34973 551.03046 791.80115 2 0.2679584 652.1562 697.5646 679.6246 756.943 5 0.451561 652.3952 697.43335 679.4113 757.1177 7 0.99986076 264.21112 235.36243 642.04944 576.9918 7 0.6673238 527.2229 448.56128 592.1991 521.2589 7 0.22347258 482.2152 239.67429 534.3723 253.9096 7 0.14765468 479.54382 498.92648 591.22864 557.7634 7 0.10271492 419.99634 142.51503 497.68268 179.72078 ,test/2446.jpg
0 0.7273756 228.82712 384.91464 804.5736 851.15857 1 0.19228424 228.27707 384.3385 805.90845 851.7832 7 0.96467483 855.5833 270.97006 1019.50824 618.47754 7 0.3334163 227.89825 384.24637 806.3765 852.18396 ,test/2447.jpg
0 0.09585643 0.0 196.6319 186.20886 339.68433 0 0.06593941 140.11768 266.90903 903.96643 786.59094 0 0.053217355 994.6411 468.2822 1024.0 649.7354 1 0.23525994 142.64072 270.40878 900.0276 785.54553 1 0.1048131 172.61911 12.987915 868.80054 299.08734 2 0.854451 143.14392 267.52798 894.9264 788.13184 3 0.39230695 1.7552567 167.06667 185.52524 487.77295 3 0.12965894 146.30988 271.3288 897.19037 785.3343 3 0.08133129 0.0 193.89319 183.752 351.961 5 0.10367192 994.6411 468.2822 1024.0 649.7354 9 0.1801623 845.01587 940.9009 1024.0 1023.3806 9 0.15042888 994.6411 468.2822 1024.0 649.7354 ,test/2448.jpg
0 0.5981792 698.1073 172.0447 730.47363 214.6761 0 0.21426968 665.73157 139.68202 910.4435 337.17334 2 0.29439214 824.5586 302.60797 893.0065 356.338 2 0.063543774 829.1354 311.1059 894.9275 333.02332 3 0.080546856 824.66284 296.14752 895.6234 356.45477 5 0.3682676 824.64496 287.6107 900.9993 356.6085 5 0.27328363 832.57654 285.4321 906.26624 326.1226 6 0.99196035 282.31116 543.52075 601.91595 759.9822 7 0.95098597 666.7805 139.37282 910.2888 335.6853 7 0.06193464 852.9448 205.68942 908.7925 292.4818 ,test/2449.jpg
0 0.7984949 861.5406 228.90782 907.21783 267.42426 0 0.34129184 477.1316 381.94434 556.29236 665.36743 0 0.19681153 920.2077 196.51337 1024.0 239.70102 0 0.1269602 431.1532 126.367714 480.88556 270.6673 0 0.090668574 901.5134 149.69023 1024.0 242.5443 1 0.9958366 646.7319 317.2128 988.7142 974.0349 1 0.9875822 389.30597 92.62158 683.6281 760.0467 1 0.8227916 405.77386 104.351166 648.747 451.5629 1 0.4055353 449.3516 117.47818 633.43066 284.7592 1 0.1990951 654.3815 350.4056 714.8718 721.46265 1 0.19568881 861.3138 228.89261 907.3731 267.3426 1 0.17139377 411.31778 367.69043 612.61456 451.76624 1 0.1299731 395.99854 361.58337 675.3362 695.2302 1 0.12004998 611.43896 106.961365 667.29846 454.95636 1 0.09719299 625.0243 105.34473 670.9437 669.6918 1 0.09103795 1.8671684 361.9765 116.60109 483.84265 1 0.07421179 263.1415 844.6227 321.23154 908.85986 1 0.07060696 529.6011 135.75903 677.61865 753.2857 1 0.06835646 670.7474 313.86526 920.9034 764.5995 2 0.08104849 160.87418 327.05356 260.3064 419.55856 5 0.72798634 898.21027 150.78477 951.0594 222.77669 5 0.47585922 2.3734608 152.71696 61.30461 181.9106 5 0.3185665 901.5134 149.69023 1024.0 242.5443 5 0.2453542 139.58359 310.22992 212.30533 412.94244 5 0.17149802 1.8774891 400.952 62.70024 446.4905 5 0.14972128 263.1415 844.6227 321.23154 908.85986 5 0.14011835 1.6031799 360.25534 98.82813 489.256 5 0.1288399 0.7412033 401.82507 74.533424 499.5603 5 0.10213029 0.0 154.14822 65.51347 240.6737 5 0.070825316 1.2435493 350.65668 57.82589 517.69965 5 0.070565596 1002.1894 0.0 1023.7116 91.08008 5 0.06570937 160.90123 326.31503 261.90997 423.5179 7 0.9996779 131.23407 554.007 395.6269 983.5933 7 0.99902225 1.3282623 517.89343 140.89609 987.8878 7 0.99862766 233.39743 403.77075 438.98563 686.1216 7 0.99801373 0.3203163 149.26372 126.142395 447.41803 7 0.9852373 107.60907 411.56488 255.5607 589.0306 7 0.97757214 106.85971 275.89694 303.76865 453.68546 7 0.4572654 1.6182556 404.40298 135.1766 594.3385 7 0.30515277 277.9368 350.2224 314.72318 410.27167 7 0.2744919 2.6797333 152.55785 60.789265 181.75047 7 0.1458962 0.047267914 154.716 66.25844 238.9479 7 0.13609527 1.6814194 362.73895 118.50058 483.27197 7 0.11658914 164.04007 394.97913 257.65286 467.6765 7 0.09367136 167.26485 396.2899 246.31023 438.2332 7 0.084716216 100.7152 275.56787 282.23975 653.0655 7 0.08240722 0.0 353.4725 259.26517 965.08875 7 0.081172615 167.72043 398.1256 230.236 418.35645 7 0.079020135 3.7616577 133.27914 149.55666 689.1527 7 0.06815872 80.29913 332.67285 132.45071 451.65576 7 0.065505125 861.4732 228.94223 907.29095 267.4224 7 0.05667202 253.31767 730.9783 386.52234 975.9955 7 0.054752044 263.1415 844.6227 321.23154 908.85986 ,test/2450.jpg
0 0.6109162 296.8098 287.34464 924.98645 937.65125 1 0.8844493 298.1522 287.78732 921.1266 937.40466 ,test/2451.jpg
0 0.57689214 332.84787 332.14682 495.95743 413.595 0 0.47950542 605.89325 234.94244 706.3946 843.29034 0 0.3109421 3.8862228 291.39398 95.22286 448.46216 0 0.29773128 620.4523 237.92291 924.6669 962.4849 0 0.28641373 479.1391 235.86383 718.9035 843.0312 0 0.21409199 624.07733 255.63306 725.565 431.96008 0 0.2136906 625.804 230.15668 784.9747 875.58844 0 0.20104796 493.16922 255.1042 907.25867 507.67786 0 0.116136834 333.5133 250.14667 492.70203 510.1306 0 0.09700433 563.81104 229.70892 752.33167 598.75433 0 0.09509795 479.64365 501.3995 648.48566 548.9057 0 0.079004355 620.34705 242.05356 828.9247 449.90945 0 0.073107086 330.172 286.39337 535.4133 435.78375 0 0.0656129 370.85156 172.15982 441.2328 494.57047 0 0.06134585 319.12 151.5916 564.8126 578.98096 1 0.38201588 335.98236 327.67102 510.9524 414.1801 1 0.1594913 529.3057 533.79224 632.67816 701.708 1 0.14667338 528.1517 538.3234 570.52765 691.77057 1 0.14453189 619.2363 233.37543 938.7307 955.49054 5 0.5945716 275.6151 372.7787 537.67737 831.32874 5 0.31668386 615.67706 233.76038 938.6861 962.0314 5 0.09665517 3.6723785 292.72916 350.24158 532.1609 6 0.9867164 324.47278 152.7136 571.46344 390.13425 6 0.69672614 610.793 236.83295 938.09 957.55524 6 0.32308632 466.85852 233.60342 910.5593 533.4596 6 0.31537744 272.72827 389.5382 537.798 828.86145 6 0.20703633 500.6596 236.73526 696.4316 829.5139 6 0.1333698 466.4361 243.55028 724.7729 429.67175 7 0.16402103 729.5312 3.701641 790.34015 123.14534 ,test/2452.jpg
0 0.392482 474.78125 373.6883 563.589 503.38086 0 0.38065454 342.53113 614.931 580.95636 803.506 1 0.2994752 340.61057 615.52814 581.2099 805.1375 1 0.079715274 474.8455 374.4796 563.8673 503.7879 2 0.59332436 340.5291 613.9508 580.9869 804.55676 7 0.41620705 341.15375 614.83234 582.04254 803.85126 ,test/2453.jpg
0 0.1332488 648.2978 897.52594 711.59735 922.82684 0 0.091559626 643.8651 312.88882 851.6843 615.2715 1 0.840238 644.5071 313.91583 852.7573 615.96094 1 0.16487792 348.6101 107.811035 558.4475 310.53064 1 0.077752694 358.29037 41.04691 406.08444 135.3313 2 0.25473368 644.4264 314.1156 852.29333 616.9537 2 0.12047332 347.86215 128.54086 560.7238 308.16992 7 0.998393 198.10088 12.660126 647.08044 641.7423 ,test/2454.jpg
0 0.25820488 351.67093 606.899 587.9116 827.0942 0 0.102961734 430.6842 551.7754 487.8578 599.1575 0 0.09296305 482.78885 933.5214 548.3073 970.8343 1 0.78102887 356.32642 607.6275 587.07434 832.8538 3 0.13312286 0.0 203.97932 113.87419 396.62396 3 0.06989301 0.0 209.98749 151.01445 526.0151 7 0.99984 635.8855 556.1502 954.12646 877.2441 7 0.99821585 148.72823 216.20488 613.8678 577.4665 7 0.99614257 71.52675 536.7992 490.35187 825.58777 7 0.26228884 356.93173 605.48035 590.50256 832.30884 7 0.14266302 432.9069 551.7732 487.34604 598.8517 ,test/2455.jpg
0 0.5151857 1.2454605 11.035858 226.06985 541.7594 0 0.15537328 83.15788 662.09296 115.83064 698.0588 0 0.08923868 0.0 222.71991 41.3468 503.2378 0 0.06907361 593.90643 167.6157 1023.283 593.7254 0 0.065474436 110.071175 7.195221 307.77713 522.30884 0 0.05220002 726.6869 200.20877 789.3512 260.45135 0 0.05125354 25.96022 17.486755 445.26257 533.048 1 0.99588376 155.29929 536.06537 624.6942 861.61884 1 0.97303975 592.2473 166.37532 1020.422 595.564 1 0.8831588 885.25586 432.91666 1023.5348 784.42615 1 0.08605384 907.934 446.65894 1023.30475 547.72015 1 0.08061919 118.063675 9.136719 306.4173 532.12634 3 0.23585393 491.73492 459.13007 671.9467 592.8901 5 0.31603357 491.58246 459.1834 672.0053 592.283 9 0.7286092 1.8085785 22.467194 232.5531 538.8788 9 0.0709549 110.071175 7.195221 307.77713 522.30884 ,test/2456.jpg
0 0.22736895 301.31424 575.4179 506.09848 775.36176 0 0.200178 289.12833 338.28845 398.36752 421.88025 0 0.10765522 854.6891 450.4414 886.56506 477.41217 0 0.101073906 733.62286 773.16095 775.1363 824.9499 0 0.09187342 356.62918 607.5259 478.14426 662.83264 0 0.08534677 153.30319 316.2286 301.30115 423.5624 0 0.067864895 360.51404 582.8021 526.7633 660.9369 1 0.48081276 0.0 287.32303 155.71976 509.34268 1 0.47573212 854.6288 450.7505 886.7129 477.54315 1 0.12981147 300.78864 337.5948 392.51953 421.802 1 0.07307778 123.04685 390.59256 153.34319 437.97928 2 0.38275364 512.1868 595.75116 575.62286 702.79266 5 0.98414606 506.1396 569.264 584.2524 732.44244 5 0.64243007 649.4181 590.0156 925.24194 874.3406 5 0.4455913 355.7754 580.65424 507.58557 642.315 5 0.26501283 686.1399 165.46645 745.729 229.0851 5 0.19834532 528.3543 452.39383 648.6187 520.41144 5 0.16782656 558.8007 556.5197 582.7962 588.33356 5 0.11615227 367.95303 590.8234 405.1653 614.89166 5 0.09797978 530.6595 461.07486 606.91547 511.88815 5 0.078212775 688.33 121.51487 772.6224 253.07443 5 0.0753936 357.93427 605.5956 472.297 647.57227 5 0.05252902 301.31424 575.4179 506.09848 775.36176 6 0.9698473 277.85925 571.63904 508.84094 773.364 6 0.32058802 622.2329 615.6918 662.7848 647.1437 6 0.30262262 689.3672 168.56842 745.11975 227.81998 6 0.2778035 418.43912 395.72357 651.1592 465.1991 6 0.07240933 398.97107 388.46185 700.7565 506.88593 6 0.057070397 707.9506 183.02863 743.57855 226.4672 7 0.99922585 30.651154 430.42566 316.96857 897.0205 7 0.9903314 502.9209 151.71867 657.449 325.26404 7 0.9877977 123.53255 318.6615 458.4248 557.2052 7 0.9022729 585.1673 303.8291 649.4937 399.97992 7 0.74394715 689.211 121.79025 777.66437 282.45517 7 0.73821324 673.22723 256.0608 747.14496 503.69806 7 0.607218 490.169 156.6623 753.3725 515.02997 7 0.5078128 649.3101 589.8381 925.11957 874.78656 7 0.45010892 153.30319 316.2286 301.30115 423.5624 7 0.28453797 126.462715 390.76398 152.04916 437.63702 7 0.22654378 528.11804 453.20206 648.9562 520.4511 7 0.21533565 540.2928 310.8921 654.9511 521.066 7 0.143633 160.38739 364.43802 253.58322 426.39786 7 0.13857652 587.81354 375.1941 616.5887 404.73907 7 0.13714586 566.5401 261.77808 749.691 513.69434 7 0.08951292 649.9471 127.600555 762.0341 525.7705 7 0.086223684 572.81726 127.29999 777.57605 431.4577 7 0.08275333 355.91815 579.3797 516.6304 653.2077 7 0.07927433 28.268047 376.193 152.86763 747.9048 7 0.07406728 684.07526 241.02226 721.0567 291.42334 7 0.05867829 549.9839 316.9478 596.7444 406.7376 7 0.05744106 688.39435 128.69879 750.7514 229.40533 7 0.053763893 586.6035 152.31607 656.73413 407.50955 7 0.050130453 590.2973 367.9252 643.47516 401.66006 ,test/2457.jpg
2 0.99884427 237.09929 202.61237 574.59924 579.5355 7 0.71629375 73.90062 445.2498 231.0417 616.19257 ,test/2458.jpg
0 0.11841045 55.502117 538.6997 147.34492 577.61426 0 0.0991153 0.7179184 610.65283 91.51815 663.5437 0 0.09856015 0.03805542 646.79956 114.84249 762.5851 0 0.07563892 4.172638 535.5881 193.33643 633.8498 0 0.052894916 282.98544 255.61147 638.35803 432.45398 0 0.05286854 864.2805 809.0118 907.8506 847.47284 1 0.9831508 240.84319 301.80298 737.17316 667.0748 1 0.9429633 163.64346 82.231445 639.1106 439.37317 1 0.7906727 0.0 644.4338 111.21057 761.0153 1 0.69792384 158.3107 196.77208 470.27414 432.43817 1 0.31447056 193.51253 479.87128 269.9965 530.64923 1 0.22212397 76.61102 535.4276 191.4685 613.1636 1 0.20519051 190.9798 263.95206 639.92694 430.1169 1 0.19863786 4.172638 535.5881 193.33643 633.8498 1 0.10240391 136.81407 533.5849 190.77116 584.378 1 0.08977361 0.7179184 610.65283 91.51815 663.5437 1 0.07292752 0.0 542.333 193.10175 756.63135 1 0.0698483 379.57037 420.5072 520.2972 480.1745 2 0.92322046 150.98248 582.1221 183.75964 613.6942 2 0.18772887 136.81407 533.5849 190.77116 584.378 2 0.18070975 53.89512 536.8195 194.8711 614.4382 2 0.06081758 115.473434 578.32745 185.0699 610.18463 5 0.1521449 1.6550446 427.36716 286.14392 575.8775 5 0.099127725 167.0023 518.7489 229.60841 583.1732 5 0.0917155 193.39728 483.05396 266.3178 528.4759 5 0.08937192 104.42749 588.3796 157.61371 608.4703 5 0.06360908 3.9752274 536.18567 192.09866 631.5597 5 0.05587901 137.93912 532.78986 191.39294 584.2413 6 0.55753666 3.65831 536.55255 191.57019 630.189 6 0.34040612 0.10255432 646.7447 115.251724 763.571 6 0.3033116 3.1257133 571.8215 91.20116 628.6098 6 0.19535564 0.7179184 610.65283 91.51815 663.5437 6 0.17304139 863.986 809.1253 908.34796 847.6716 7 0.91550386 83.59816 586.63995 205.2017 753.37006 7 0.30445755 116.771835 679.7914 209.94951 758.9906 7 0.15470797 0.53806305 534.4118 197.90756 756.2271 7 0.0700303 2.9009705 537.9296 187.58 650.0018 7 0.06573979 86.78949 676.18085 117.02136 731.9223 7 0.06471815 104.42749 588.3796 157.61371 608.4703 7 0.05433061 79.26625 589.6264 181.01338 644.1777 ,test/2459.jpg
3 0.42523167 165.4387 247.76816 531.32446 837.8053 5 0.9830238 165.09457 246.95114 529.92957 842.26965 5 0.07407033 529.0046 892.3734 597.9858 971.26733 7 0.05672488 529.0046 892.3734 597.9858 971.26733 ,test/2460.jpg
0 0.48310477 0.0 252.66183 345.1849 497.0657 0 0.36837006 1.7407608 392.8426 243.5181 1024.0 0 0.16047294 751.8625 0.0 1021.35065 106.75895 0 0.07125077 407.5717 230.7597 458.52908 406.70288 0 0.053806394 2.140419 390.6414 178.02557 492.07138 1 0.5683283 0.0 250.69327 343.98212 497.0392 1 0.34901792 1.3475647 302.0531 310.83548 1024.0 2 0.99953985 281.6925 463.04987 594.52673 667.649 2 0.14881828 532.2468 459.52533 599.77246 658.89667 5 0.14038594 2.0312195 397.94467 242.76428 1024.0 5 0.11237524 543.3048 456.02954 597.3811 673.5863 5 0.062862724 752.6108 0.0 1021.13446 107.081474 6 0.47691685 751.90576 0.0 1021.3519 107.00331 7 0.102275215 752.4314 0.0 1021.1898 107.06638 ,test/2461.jpg
0 0.98608774 225.47998 432.6465 719.414 819.405 0 0.116582476 232.45439 434.692 661.8398 572.7323 0 0.06377848 564.3009 454.15686 710.5737 867.8468 ,test/2462.jpg
0 0.41805968 3.9495087 12.570023 136.42075 452.81427 0 0.17461036 412.47134 365.53677 474.6462 384.49588 0 0.13222058 404.92218 364.6861 468.8484 429.22528 0 0.109191306 446.9317 570.65344 497.12592 675.50146 0 0.078845024 713.61993 233.38063 900.0882 568.58795 0 0.054016713 358.51834 371.0666 473.08353 424.12103 0 0.050949723 279.18024 328.1916 606.7127 509.04156 1 0.63303655 369.77563 798.3633 573.85486 962.6273 1 0.14778958 299.41296 449.40652 592.46045 957.5105 2 0.99725324 296.51562 442.43427 595.7954 960.9007 2 0.8159784 302.87115 465.61392 592.48566 577.9152 2 0.22724693 279.90314 327.47397 605.32874 512.54663 2 0.094685555 290.00812 450.78384 593.93164 519.6959 4 0.81528765 695.9605 235.33209 903.2587 571.9373 5 0.9706067 280.2555 327.53973 608.01965 511.18762 5 0.5071321 704.7377 236.95168 899.9437 569.04645 6 0.1465922 279.79602 328.4388 606.77734 511.14175 ,test/2463.jpg
0 0.30825287 247.41054 330.2025 662.8944 861.0178 1 0.8410575 244.63437 332.18576 663.9833 862.8462 2 0.23501079 245.27478 332.07373 664.48663 860.2826 5 0.09138478 243.51353 331.037 664.9406 858.03516 ,test/2464.jpg
3 0.99912494 426.1217 348.67874 684.0934 698.0775 ,test/2465.jpg
0 0.95051557 307.00354 262.81262 524.4385 579.17267 0 0.11763844 276.10144 769.4198 400.62006 962.42346 1 0.14221744 307.29544 263.7666 525.721 579.4482 ,test/2466.jpg
0 0.9194563 570.763 414.6542 687.3665 519.3046 0 0.41581795 461.8244 416.50143 691.38654 536.3601 0 0.27032143 454.78314 426.78043 584.93976 563.37225 0 0.23205358 300.7683 497.83044 372.1776 675.4044 0 0.22366096 550.18195 868.4804 665.8835 969.96027 0 0.20476368 265.3197 490.24677 373.6577 763.35284 0 0.13988206 360.67175 367.935 474.95404 682.4886 0 0.13259375 451.0686 376.89603 490.1208 582.39795 0 0.13033459 363.77908 390.1644 660.30774 676.4199 0 0.116419844 302.69016 532.5478 359.49216 636.26337 0 0.113717355 258.6531 370.28024 461.7509 769.70996 0 0.099665485 445.3743 390.19647 605.92163 618.56805 0 0.08205213 518.09686 435.7604 556.6755 455.5634 0 0.08129814 308.32373 417.09888 381.95978 655.4861 0 0.07241196 466.92444 478.7805 597.26685 589.9259 0 0.06946838 588.4998 413.56693 689.288 473.28372 0 0.059268855 454.3128 401.20126 528.2936 590.0547 0 0.053962372 325.05103 374.17087 664.20325 923.0896 0 0.05330594 457.48386 394.86682 482.73825 503.2531 1 0.9897522 7.167206 84.830444 1024.0 956.4581 1 0.5944213 444.84558 529.4365 657.0951 774.9973 1 0.582295 426.35287 150.71783 1021.64355 894.83075 1 0.55083895 17.706955 110.655945 394.19757 747.7088 1 0.2851885 328.93643 370.99365 661.5022 902.90894 1 0.2385429 143.69598 99.47888 619.92035 955.68396 1 0.23026422 349.99142 391.64075 623.5188 668.7274 1 0.22213258 459.38947 431.82513 567.4423 571.2873 1 0.20757417 364.4303 368.3024 476.11932 682.7893 1 0.17522126 470.3601 508.74564 721.6339 894.8131 1 0.13377307 482.0342 479.3604 601.13416 586.477 1 0.13126275 452.8107 481.94183 521.2374 547.8665 1 0.10024513 235.9712 521.7663 665.73395 794.0804 1 0.091751516 448.11465 532.03143 496.6163 605.4345 1 0.083155945 260.13162 581.2828 305.8057 728.8394 1 0.07883568 428.7219 346.56122 785.79614 953.8482 1 0.07801389 219.68542 198.54651 859.86633 764.7032 1 0.07579433 481.1978 471.17877 540.13684 566.6374 1 0.07320156 275.19806 385.62347 505.39514 763.1938 1 0.063120276 312.828 178.54825 956.6155 559.89014 1 0.05719094 489.00867 465.6192 575.1393 552.09174 1 0.056019496 721.17487 163.80566 1014.4732 884.3733 1 0.054153536 518.09686 435.7604 556.6755 455.5634 2 0.16441579 365.10233 368.93695 472.88187 679.7695 3 0.58928466 549.9262 866.19464 670.11273 971.5765 3 0.30812883 265.3197 490.24677 373.6577 763.35284 3 0.29573023 360.67175 367.935 474.95404 682.4886 3 0.2704847 356.30902 754.2137 652.4319 990.4643 3 0.24110916 442.77863 753.6476 630.9079 877.454 3 0.094294354 256.0755 400.02676 390.12067 869.80774 3 0.06352064 302.22235 495.91135 376.67346 670.70953 3 0.059372135 320.5113 376.0835 636.85376 984.1393 3 0.05332833 308.45795 476.583 409.8678 780.29224 5 0.3346393 553.08527 866.21826 669.43427 970.9863 5 0.08127874 366.5058 369.0224 471.17438 678.10126 ,test/2467.jpg
0 0.43305245 264.07312 245.30432 889.0431 891.3821 0 0.24204443 262.5373 470.14838 495.13098 882.57587 0 0.13581271 265.1284 482.61047 323.35983 592.3423 1 0.7433396 264.78256 244.6185 891.5537 895.2737 1 0.35531068 265.1284 482.61047 323.35983 592.3423 1 0.23220308 377.06223 490.13217 413.48093 529.35156 1 0.061765566 265.29034 469.78558 489.47644 880.2884 6 0.56533056 56.69943 331.9003 114.583755 410.26852 7 0.05340698 263.00427 246.12216 889.88245 891.83215 ,test/2468.jpg
6 0.055192478 0.9709625 36.231323 303.5418 787.91736 7 0.99958676 270.46698 405.02197 743.4028 840.2256 7 0.07680893 400.06302 583.4233 752.4004 836.02106 ,test/2469.jpg
0 0.30963007 115.573975 285.40262 245.9971 907.3944 0 0.19535512 6.0666847 293.99734 123.12991 937.0344 0 0.096244894 247.60086 415.32275 883.36597 946.7373 1 0.7676197 252.23584 421.65378 879.52405 945.0532 1 0.34512398 435.13452 39.32106 739.51953 444.0407 1 0.27950037 249.5596 419.14294 797.85974 688.1239 1 0.23848239 513.37427 22.94336 981.40344 874.3385 1 0.13649535 6.0666847 293.99734 123.12991 937.0344 1 0.10086549 245.6948 54.855713 789.5814 687.2103 5 0.2588102 254.99051 366.5568 873.7118 953.371 5 0.14600839 6.0666847 293.99734 123.12991 937.0344 5 0.115880206 430.63245 39.267105 739.3845 444.23883 5 0.100873105 179.20921 114.72821 559.0479 447.95264 5 0.06695694 98.49725 91.15968 775.78064 485.98938 5 0.057966813 61.001778 284.91537 279.76987 912.10364 5 0.051289592 425.9847 382.56763 552.5064 437.7459 6 0.20248863 6.0666847 293.99734 123.12991 937.0344 7 0.07758139 251.23712 420.25027 876.38116 945.57556 9 0.75087285 114.07465 285.2891 251.53403 907.7302 9 0.24977835 6.3258743 292.24078 124.120705 936.8953 9 0.056527704 3.2720032 286.26312 238.95413 919.09796 ,test/2470.jpg
0 0.31471562 522.3534 503.56955 585.0055 539.0738 0 0.16979146 770.31836 359.93008 809.52893 383.21762 0 0.13391286 795.6258 334.57675 872.36566 352.0817 0 0.075775445 636.8503 497.0061 739.4117 528.90186 0 0.053595293 410.1478 538.4888 623.4261 741.1188 1 0.998684 375.95096 745.1498 663.3733 1017.8915 1 0.9967294 816.2933 380.6222 931.0396 515.8658 1 0.9786887 13.171127 265.00626 379.48273 499.3074 1 0.96947116 510.9222 252.51865 814.6946 455.8611 1 0.89671344 72.23059 266.5083 634.8042 764.27637 1 0.8182136 494.831 378.5606 680.8466 539.7357 1 0.7565265 434.13193 326.50052 506.6486 398.99387 1 0.7278323 952.20264 509.6854 1023.11646 579.55457 1 0.7225536 628.4229 392.55457 829.3443 526.45447 1 0.6956105 129.14072 362.0993 540.31824 685.1491 1 0.6826194 483.50055 372.8446 836.539 529.7156 1 0.59928703 770.95215 360.10663 809.746 383.05927 1 0.4965019 378.1621 345.5695 434.9225 370.69034 1 0.3885502 474.60547 287.88806 711.6293 561.8308 1 0.36729148 615.0811 581.01044 649.257 641.62933 1 0.3664568 411.47162 548.9256 619.1656 738.8514 1 0.3433174 376.0764 338.82913 518.22595 399.1077 1 0.27195302 409.00726 378.87753 647.22125 744.08435 1 0.26996845 175.97289 520.5964 624.2295 780.24884 1 0.25684205 494.00705 444.49075 650.1371 543.6711 1 0.25231662 510.16803 357.02216 802.50555 452.90564 1 0.1967351 180.09634 591.47217 283.43213 693.35925 1 0.19535157 324.7699 389.29218 541.8317 475.38043 1 0.18903923 521.05396 501.79504 589.6555 540.5082 1 0.16230683 690.09436 372.187 819.1157 459.377 1 0.13958764 379.1596 357.00854 470.4599 399.09332 1 0.124345206 507.60257 377.5106 642.3157 402.15445 1 0.12017762 400.2159 374.73846 465.89383 397.00922 1 0.116607554 428.86868 323.66367 618.9645 398.19968 1 0.11519454 886.25543 492.63882 1024.0 580.0782 1 0.11205811 375.65393 344.23065 444.39136 391.16278 1 0.09770584 440.56863 256.9339 589.5923 398.7754 1 0.09596382 644.3609 494.95667 721.58453 515.5997 1 0.08498107 925.3015 399.45267 1023.9625 509.90237 1 0.08047983 634.5683 491.69974 738.28046 527.09644 1 0.080419295 666.0145 418.89438 717.4492 470.96555 1 0.0800115 637.30383 419.16644 710.4569 522.0224 1 0.079065636 378.82996 315.95178 776.3242 659.40106 1 0.07557296 670.96716 379.95563 932.3412 521.425 1 0.07420049 495.80066 362.13403 634.14355 399.98938 1 0.069722526 596.69824 577.727 624.2892 637.20355 1 0.061271828 513.6019 462.06412 617.0691 499.02505 1 0.055239044 261.33115 607.9808 450.97342 789.4178 1 0.050660584 108.79538 341.8016 404.9904 599.1826 5 0.9926081 884.28424 568.34753 1023.9113 786.15894 5 0.16903721 909.78357 564.5192 1022.61523 642.37396 5 0.07126389 952.14215 549.1446 1023.1319 674.1235 6 0.17341383 884.7765 344.62344 958.3926 366.07108 6 0.09586263 925.3015 399.45267 1023.9625 509.90237 7 0.065075934 636.8472 503.63498 736.7292 531.0149 ,test/2471.jpg
0 0.39915732 66.544876 317.23135 527.4587 627.8175 1 0.1784329 66.83914 316.73993 528.4254 627.59216 2 0.8362482 67.72247 318.11 528.844 627.1144 ,test/2472.jpg
0 0.116305664 960.2721 594.8223 1024.0 639.8405 1 0.08286721 725.55273 38.083954 1017.2499 685.55396 1 0.07894972 777.45935 549.5784 832.1681 648.0076 7 0.99990034 24.05127 220.01814 473.99094 668.6724 7 0.99985373 358.09088 433.8014 913.4622 874.72473 7 0.054794014 348.54584 266.21976 457.768 322.68924 ,test/2473.jpg
1 0.9812258 305.07935 408.7472 614.66974 583.6841 1 0.7118296 340.5585 535.1693 636.53455 643.60254 1 0.64721733 310.35638 474.64172 693.82855 632.2074 1 0.20991182 354.17276 406.9243 501.05447 562.3264 1 0.053781275 294.90466 418.17953 438.66174 580.3476 2 0.30777293 354.5935 408.2926 610.8891 582.85516 ,test/2474.jpg
5 0.9994832 285.7688 149.18436 698.83453 949.94714 ,test/2475.jpg
0 0.8618053 370.0554 355.87497 690.96924 699.6587 1 0.058124818 370.9887 356.09293 690.2039 702.0073 7 0.27862105 367.0898 357.58984 693.0034 700.7272 ,test/2476.jpg
0 0.2375534 190.2002 184.83954 483.10016 705.1638 0 0.09170405 238.01308 230.79718 300.10956 253.52069 1 0.9914904 184.12354 179.46042 825.97205 823.4219 1 0.79443437 189.89685 186.33496 483.0855 706.61053 ,test/2477.jpg
0 0.082759805 405.58484 268.0641 444.32385 313.2151 0 0.07653803 382.59064 239.49278 445.427 316.4748 1 0.15404832 330.63763 253.5571 444.18652 379.0043 1 0.15364051 586.5351 297.18024 643.3631 346.12323 1 0.071893506 375.30588 230.05632 443.0834 315.35376 1 0.0630121 500.94748 320.16953 584.55 471.00632 1 0.062236644 365.4494 204.83127 473.73834 336.97208 1 0.054957967 391.63214 247.39949 443.435 339.85086 6 0.99281996 517.8317 228.80176 828.81757 549.61444 6 0.06890898 525.4312 329.3177 725.8875 549.0128 7 0.99982786 161.55417 181.31976 549.72876 941.09247 7 0.08844567 290.09073 180.55624 439.01663 295.8226 ,test/2478.jpg
0 0.7802231 609.4237 381.6339 778.03357 647.6664 0 0.61907125 660.1344 387.6776 771.9459 573.11346 0 0.56255335 381.51392 540.6462 463.16772 633.93256 0 0.21538857 432.8316 390.06268 787.8549 694.6368 0 0.12029413 354.89224 529.2349 467.4387 674.9495 0 0.11726333 705.8963 476.05704 897.60834 896.1145 0 0.11320674 414.20355 111.34944 554.7954 218.57433 0 0.09377178 264.35178 364.197 298.45145 403.66495 0 0.092608385 610.0729 543.65204 723.7781 705.06366 0 0.07313622 55.75345 445.6621 755.51953 975.25964 0 0.072171874 694.6488 387.45877 773.3822 500.9717 0 0.06647153 81.42074 530.97235 197.60907 552.5594 0 0.06505241 97.432495 286.07697 683.3067 824.3604 0 0.058229532 335.1077 350.91266 715.6322 898.3953 0 0.05394944 12.256027 480.81537 448.14154 990.0783 0 0.053214196 519.4714 398.47656 706.2139 470.33624 0 0.052766968 126.226105 515.8066 451.13297 680.5019 1 0.10729391 354.36877 577.9877 513.84247 877.6759 1 0.0625335 705.8963 476.05704 897.60834 896.1145 2 0.19408783 353.8804 581.03406 513.8066 876.74243 3 0.9968568 478.76907 660.091 782.7173 1016.93524 3 0.9967816 770.52124 867.81256 1024.0 1024.0 3 0.9823111 1.7220993 566.8532 199.15015 1011.3936 3 0.95905405 130.0079 172.18588 661.70825 621.895 3 0.8025418 413.98016 112.368065 554.7165 217.86285 3 0.7462468 125.98985 537.07825 366.60883 965.1941 3 0.536878 351.9526 592.5019 523.92065 873.8682 3 0.52360255 5.102249 326.33212 332.60846 552.68384 3 0.39295703 344.94598 493.90912 819.81757 1015.54767 3 0.32190013 275.92532 802.14984 549.65027 1024.0 3 0.31047824 12.256027 480.81537 448.14154 990.0783 3 0.24057768 419.98132 390.49643 790.88257 720.9935 3 0.19189104 126.226105 515.8066 451.13297 680.5019 3 0.14539081 324.28845 523.9508 570.5822 1017.8563 3 0.10911381 211.51587 201.50824 879.5867 1003.81915 3 0.09905202 0.0 270.88733 534.2803 569.4048 3 0.097801335 558.9923 651.4706 629.51685 715.2401 3 0.089855745 85.258224 521.1522 203.82634 598.60974 3 0.082856864 17.6492 245.09747 673.5022 845.74176 3 0.08064667 272.45523 176.36827 688.96484 484.6369 3 0.0794348 70.96626 515.4029 199.53407 557.77386 3 0.075448446 31.357574 956.4355 294.84125 1021.3039 3 0.07350453 335.1077 350.91266 715.6322 898.3953 3 0.06467371 55.75345 445.6621 755.51953 975.25964 3 0.062956475 2.67799 405.27158 93.53386 567.6366 3 0.058166035 473.06012 281.31555 855.28265 925.2639 3 0.05415766 17.085785 729.7476 536.3434 1023.47345 4 0.59925056 670.526 551.4582 786.0962 714.3746 4 0.50070626 681.51373 432.29926 891.7049 889.8027 4 0.2006441 419.98132 390.49643 790.88257 720.9935 4 0.055142798 728.97797 562.1139 788.71466 719.8103 5 0.5272252 433.44836 391.40454 783.7357 717.68494 5 0.32656258 490.43396 631.247 782.25916 1015.7398 5 0.32023764 391.5558 432.45514 821.17993 1018.04425 5 0.28874683 350.02966 598.69446 534.4025 862.4625 5 0.27023324 675.1578 435.8595 896.1845 890.5597 5 0.24645603 6.716797 322.84872 331.42032 551.54395 5 0.22489943 442.02014 486.76346 677.1854 672.15375 5 0.2077837 443.06848 547.7422 559.2778 719.01697 5 0.088758275 478.45007 663.49927 569.59924 719.11975 5 0.0744399 493.97766 502.3009 858.2915 729.49915 5 0.072245434 0.0 270.88733 534.2803 569.4048 5 0.071476564 77.71579 194.42816 665.92163 641.7993 5 0.061247412 126.37768 543.68115 365.95023 959.71765 5 0.054647703 1.0664597 560.69556 208.48828 1017.46106 7 0.07983173 353.272 530.3797 472.25894 669.5114 7 0.057649236 77.71579 194.42816 665.92163 641.7993 8 0.15430763 70.96626 515.4029 199.53407 557.77386 8 0.11676719 126.11778 537.0024 366.3452 963.4664 8 0.08379863 90.452896 528.8849 191.8062 552.7279 8 0.083718024 126.226105 515.8066 451.13297 680.5019 9 0.33343735 705.8963 476.05704 897.60834 896.1145 ,test/2479.jpg
1 0.9957898 322.78214 297.35458 749.6527 740.8972 ,test/2480.jpg
0 0.7746366 0.33361053 953.5298 74.42634 1022.7261 0 0.4627157 664.20166 204.18913 754.5065 282.83417 0 0.11775469 646.4945 175.29163 794.24133 287.88593 0 0.0759981 577.69684 240.20486 755.67755 461.6525 0 0.07232896 449.33282 584.0635 535.1098 689.3877 0 0.053258 535.71423 189.51765 826.62244 547.56665 1 0.9887446 537.30115 190.63478 820.62524 546.48364 1 0.97453076 402.92474 410.1438 689.96124 697.8788 1 0.9693579 352.3338 421.90628 717.38727 885.2374 1 0.84910715 438.30087 589.1364 536.45416 694.0015 1 0.67923725 413.40106 193.57368 826.88153 676.3599 1 0.46544942 437.69284 584.1819 623.5633 804.9347 1 0.43268213 396.81018 570.8902 437.80444 662.0181 1 0.26720342 0.30000687 953.6589 74.62724 1022.8416 1 0.1096905 582.1909 268.38217 829.4834 816.93835 1 0.094249114 684.61 192.9232 792.0808 286.73322 1 0.09382132 390.84973 585.73175 422.18866 649.46124 1 0.06419725 411.40387 611.7849 437.6339 660.56006 1 0.06394564 515.15533 652.9547 602.3941 804.2311 1 0.06293082 664.20166 204.18913 754.5065 282.83417 1 0.05879785 390.84 566.5947 469.52243 647.6178 1 0.058705643 597.03357 670.53424 639.5027 775.4079 1 0.050239388 363.3282 484.67047 443.773 663.06146 2 0.0605834 439.62396 589.112 535.62866 694.498 3 0.5685912 145.42961 722.3054 204.9865 996.7422 5 0.090120696 664.3481 206.35411 754.6612 281.58032 7 0.10199498 664.20166 204.18913 754.5065 282.83417 ,test/2481.jpg
0 0.9995178 277.14734 809.12573 436.55774 948.1023 0 0.999178 216.95453 351.99042 351.1953 449.24548 0 0.9858812 537.54553 261.71616 664.9481 375.38235 0 0.9503428 759.7395 505.48737 899.58276 654.3238 0 0.92469037 326.216 308.25745 436.7024 439.08698 0 0.66377103 778.2085 522.0183 898.5641 603.2699 0 0.2511678 309.8052 270.59866 673.786 438.96152 0 0.24108249 477.93304 122.94318 683.52875 251.84964 0 0.23477404 12.660004 555.51294 449.55304 641.8882 0 0.12437693 465.62607 566.9876 546.8062 812.00934 0 0.12189227 498.24402 479.5722 894.19653 929.1767 0 0.12038423 445.6503 556.7633 484.8774 591.5021 0 0.09449459 759.80585 532.76886 814.9671 606.43085 0 0.08148172 353.49725 300.30704 644.37213 393.32138 0 0.059015043 523.9324 242.21895 651.07605 321.1846 0 0.05734366 627.3465 285.28384 672.7889 301.4457 0 0.056730114 793.36774 575.65814 882.04266 650.7807 1 0.14244421 478.30362 123.7178 683.8165 251.3035 1 0.09221321 332.4434 309.5867 435.73624 440.06296 2 0.46030068 478.33994 123.80307 683.39087 251.44003 3 0.12023683 477.52344 123.55347 683.6876 250.61975 5 0.9549092 521.46783 243.81737 579.5223 287.00262 5 0.4749698 478.0572 123.380974 683.48065 251.56723 5 0.08962626 445.6064 557.42847 485.41867 592.2666 7 0.9720657 494.76645 482.27173 895.4142 930.49475 7 0.20545326 478.0943 123.80238 683.0578 250.26122 7 0.06407542 793.36774 575.65814 882.04266 650.7807 7 0.06286157 772.4689 519.45776 899.1273 606.5674 ,test/2482.jpg
0 0.35087466 428.7544 332.8701 742.43567 882.1393 0 0.17937307 433.83334 369.87637 754.3042 448.78238 0 0.13060631 2.4257507 324.60248 764.93616 1024.0 0 0.10836613 435.04294 355.94556 496.72794 444.69073 0 0.09151966 408.90717 316.34778 693.2204 407.21228 0 0.072856486 557.01465 394.94452 739.04175 446.66083 3 0.8164057 434.73422 355.24432 497.32022 444.73657 5 0.09430999 434.9286 355.4535 497.28455 444.6527 7 0.5352027 433.11072 371.3509 751.8618 446.14514 7 0.21955608 557.01465 394.94452 739.04175 446.66083 ,test/2483.jpg
0 0.3650821 411.5655 403.9591 615.9969 761.13525 1 0.83320856 410.53516 404.79065 616.0083 762.865 2 0.06522133 410.74756 405.95105 616.2871 762.72217 5 0.16508582 33.096687 567.26404 81.4722 624.619 7 0.11468132 410.57648 403.61737 616.53094 761.69244 ,test/2484.jpg
0 0.4636481 395.904 480.94934 790.3299 583.7294 0 0.15801902 574.06036 39.659 615.2426 63.91936 0 0.13487276 542.2635 567.47156 763.2203 711.32117 0 0.12251934 394.10226 487.503 789.3906 684.5734 0 0.070730545 601.6346 673.77856 662.08575 694.1793 0 0.061471935 597.6441 599.26154 711.5203 640.45233 0 0.051223695 589.31177 608.2466 709.1526 667.5206 6 0.9523222 394.54517 474.99927 792.49243 711.77905 6 0.6699334 384.86542 472.48694 789.2708 584.74146 6 0.18397862 541.3512 575.818 789.92004 770.1393 7 0.99995863 132.87979 525.5446 556.03296 953.98285 7 0.99802434 265.73944 280.49457 709.45557 533.8769 7 0.9814602 419.09848 76.762825 647.5897 220.50897 7 0.978467 652.754 113.423035 864.71106 383.68597 7 0.9720061 313.95996 136.17929 706.3901 372.81033 7 0.96175975 571.3576 15.4614105 1001.2104 379.81732 7 0.96101207 306.83926 154.66182 456.32217 353.2354 7 0.8926903 361.89282 152.16115 456.74054 215.51274 7 0.56254214 302.20297 222.60788 381.5375 354.8823 7 0.2894214 585.5813 10.0579605 805.1129 191.99496 7 0.25653467 323.92957 98.74228 704.0521 572.5508 7 0.22737062 403.57233 74.626465 872.83466 376.31247 7 0.21756454 301.78903 192.33084 633.87415 336.24887 7 0.15964094 555.7621 0.0 756.807 45.134163 7 0.15925442 404.9181 82.3198 700.21704 314.68356 7 0.13234007 430.37924 147.16298 642.54395 222.24776 7 0.08099275 597.3969 27.008041 849.0733 321.30798 7 0.06864064 303.2135 274.85977 690.5591 398.08737 ,test/2485.jpg
0 0.7354848 187.50897 638.0987 259.21576 741.289 0 0.11822101 194.57025 288.14575 797.9965 857.58997 1 0.07773288 187.98566 638.24097 259.25146 741.36316 1 0.051909845 281.0314 278.6895 783.5503 796.7675 2 0.36885568 278.12805 279.49753 784.7499 799.73596 5 0.8636982 194.4761 284.74048 800.6527 856.89746 7 0.14006115 194.57025 288.14575 797.9965 857.58997 ,test/2486.jpg
0 0.47552305 490.71643 354.22015 515.017 423.899 0 0.41740915 668.42926 311.36908 748.4194 347.93018 0 0.3960105 745.4679 301.99838 818.1615 559.5005 0 0.19928132 507.65466 298.77066 529.7008 360.86734 0 0.11960985 748.343 134.83566 1024.0 919.2272 0 0.08954909 784.64014 451.87286 835.65564 574.034 0 0.08577392 290.57507 0.0 740.5397 222.93231 0 0.056332648 653.8762 302.7911 776.6824 354.0582 0 0.056315757 690.39716 294.8034 830.2695 562.6255 1 0.99502534 460.06378 148.4224 750.8553 382.7941 1 0.99397624 409.1086 542.10046 786.9945 883.7329 1 0.9830542 433.00012 276.95837 796.98364 669.6644 1 0.33676577 669.5851 311.46954 747.854 347.2129 1 0.28363377 745.9061 113.187256 1024.0 917.3391 1 0.12288503 463.62054 280.5374 769.90704 381.23383 1 0.10297886 284.04486 0.0 742.13666 221.10541 1 0.07842863 803.915 751.10394 1019.5677 916.4642 6 0.897248 289.81598 0.0 739.51886 222.38171 ,test/2487.jpg
0 0.9332033 143.38252 349.16934 216.50276 418.13498 0 0.5345132 209.61612 481.91687 246.15125 526.74335 0 0.4710773 125.28818 292.96332 925.59766 768.85187 0 0.28698274 518.6941 411.524 914.42126 606.0948 0 0.2088249 895.0667 615.5763 1019.90546 686.66455 0 0.18078353 834.51965 594.8038 1017.1887 684.5003 0 0.08071705 411.9769 510.77795 494.30124 583.24414 0 0.06378531 192.89325 464.76205 246.6196 524.7931 1 0.6726658 119.47073 299.8186 663.1107 764.15454 ,test/2488.jpg
0 0.14279714 698.4096 167.62332 717.80133 230.14609 0 0.13951309 328.78156 156.91017 530.0058 287.4474 0 0.12733348 196.30032 714.748 268.93604 877.17365 0 0.108039565 939.89325 500.48212 977.3068 546.4871 0 0.08654437 77.26146 526.04236 100.666504 566.65515 0 0.08440323 553.4487 182.05893 641.5051 322.5824 0 0.07704334 66.17579 519.5782 236.51492 731.3199 0 0.07623178 176.551 683.8334 212.95047 754.1493 1 0.9925252 699.5447 473.21332 1006.39905 846.9255 1 0.9870716 203.5806 465.3648 439.59836 753.5649 1 0.9864661 778.12164 128.06248 843.10956 205.1686 1 0.9838352 617.468 168.26782 717.4828 252.8837 1 0.9811109 0.0 66.328125 56.35959 175.4535 1 0.97288954 350.85422 257.28604 557.6091 471.95816 1 0.9492985 3.530342 576.2283 200.27542 1006.62634 1 0.94025415 3.2086067 528.279 89.71384 609.0496 1 0.90656966 0.0 375.57336 148.69778 543.78265 1 0.9004256 722.9088 342.27603 798.4608 442.73874 1 0.88057077 448.74094 151.81267 512.39386 234.93129 1 0.8454859 630.97235 109.729225 743.3306 187.8866 1 0.81690174 244.24991 268.0231 368.36435 367.746 1 0.78686935 617.3369 106.66529 741.0388 249.87158 1 0.7841637 333.44867 131.29163 523.04486 290.77353 1 0.7083798 387.22113 460.60406 595.57184 710.2558 1 0.6973161 269.3828 645.77844 632.1734 935.62756 1 0.67883474 650.65424 291.69547 720.1462 334.6763 1 0.6291197 0.06567764 462.25726 69.48802 556.482 1 0.56876135 204.74478 671.1923 393.02432 756.57245 1 0.5285085 607.84534 313.04376 722.431 400.96503 1 0.49321663 368.10507 132.58786 442.34915 226.98553 1 0.43224272 2.4190369 881.21533 155.8744 1010.4949 1 0.42647016 388.09683 557.4645 462.01852 676.0813 1 0.40629008 40.55979 339.44318 252.68549 429.24493 1 0.4000561 663.189 324.59326 718.86847 344.6272 1 0.37324578 64.065895 519.16754 237.49103 729.8682 1 0.3732419 197.27429 712.2385 271.11856 877.16077 1 0.33571473 556.5334 105.59092 741.0765 311.6011 1 0.33533728 382.4158 666.3108 424.3295 702.1969 1 0.32894197 4.739929 328.23615 249.54419 544.0263 1 0.29871285 262.7856 458.28748 573.5105 742.2284 1 0.2872978 651.54767 322.70013 720.37665 392.89062 1 0.27366737 356.29022 385.76978 553.0018 465.63397 1 0.26655614 0.17160416 67.1382 38.09125 116.07666 1 0.25771603 200.22829 469.95804 627.1286 919.4535 1 0.2517132 358.03064 125.708755 486.0183 244.25966 1 0.24097589 551.4117 281.458 638.8991 326.56787 1 0.24007481 499.88455 160.16776 592.5664 305.08566 1 0.21902439 369.4382 678.609 419.78323 757.8113 1 0.2174103 326.259 670.56384 422.0117 757.7208 1 0.21191324 74.6281 527.3702 98.69794 568.5229 1 0.17726503 558.6069 182.77667 653.18097 320.7735 1 0.171347 439.20303 155.1272 617.9798 299.63068 1 0.15735775 606.76697 298.12323 795.4862 463.39594 1 0.14642556 606.11633 317.2202 666.8036 402.40204 1 0.14352524 8.338692 380.50714 240.8469 451.15002 1 0.14103955 0.6104202 466.26465 119.26023 600.65515 1 0.13095398 327.39978 157.34348 572.3794 366.30057 1 0.114857845 393.66098 471.97327 499.46988 696.0801 1 0.1145072 605.6799 343.6695 647.2463 403.54303 1 0.10377012 179.12582 683.26654 373.6044 879.2375 1 0.10324804 195.64099 599.9259 591.5282 758.04675 1 0.09734588 245.83925 273.16876 309.09058 370.74573 1 0.097033955 290.45972 364.35477 362.83362 428.42105 1 0.09692439 62.50973 531.2165 97.21153 608.3095 1 0.08280553 11.453537 282.58826 368.00726 745.0188 1 0.08116615 405.8334 460.06543 555.596 570.9983 1 0.07986985 344.8177 512.3041 441.2823 743.20044 1 0.07557906 29.22194 297.37994 302.78345 456.06946 1 0.0735029 288.78772 196.20633 574.9419 732.68335 1 0.07304324 698.4096 167.62332 717.80133 230.14609 2 0.16042322 368.10507 132.58786 442.34915 226.98553 2 0.13039663 722.5566 342.05084 798.58575 442.98578 4 0.16076875 246.61151 273.2625 308.2102 369.25208 5 0.79934335 246.85907 270.3558 308.96838 375.60477 5 0.1270383 698.54285 168.11891 718.8916 230.01909 5 0.08924484 274.87088 357.86688 375.3483 467.94128 5 0.087070584 274.75626 416.13065 370.23557 470.00156 5 0.08070369 290.12833 365.3485 363.9675 429.19067 5 0.07930117 272.09985 740.0685 389.28052 907.10583 6 0.99642015 562.1833 335.3645 797.98663 681.57916 6 0.29836038 369.33807 649.20685 631.6521 936.1027 6 0.20338081 391.65326 462.0652 595.8189 710.1289 7 0.99952567 843.9994 2.6166382 1023.4259 306.88785 7 0.9993637 1.6126556 127.47632 261.40906 400.27216 7 0.8258215 66.49243 519.3632 235.94955 727.7497 7 0.7435007 664.0864 194.28226 926.6067 412.7393 7 0.65493697 271.77057 739.5129 389.34912 907.1982 7 0.5330304 276.59814 352.7834 376.51672 470.86438 7 0.4808981 554.60126 182.30069 633.52094 309.21265 7 0.40162516 125.8271 272.1626 297.66724 558.4598 7 0.3421047 275.3839 415.32397 372.06335 469.7827 7 0.29803115 344.72485 214.65854 544.0307 285.4489 7 0.2755502 165.5959 422.2727 284.88083 555.13586 7 0.17098865 30.38063 320.1776 286.57758 537.31903 7 0.1654368 290.81882 364.99884 363.59555 429.0686 7 0.16402823 413.1634 224.20163 542.8945 274.44208 7 0.15262331 556.3042 194.89558 712.10254 313.40063 7 0.13839397 87.41865 319.97195 292.94666 448.56137 7 0.087938435 545.8023 182.29193 822.9362 337.19965 7 0.07342602 266.24762 646.5944 631.38605 933.7874 ,test/2489.jpg
0 0.12729265 421.7245 480.1526 519.0547 573.81995 1 0.95706064 194.29553 547.1852 395.19385 689.9746 1 0.83991873 273.47278 620.0765 367.09216 682.0644 1 0.65368205 373.1417 551.6455 428.0023 603.30444 1 0.41435575 253.5737 591.9136 393.0159 686.2339 1 0.19241726 214.3643 649.55176 267.99692 689.9734 1 0.1231985 776.71606 638.781 824.22253 677.97253 1 0.11180258 394.28967 653.9832 439.5951 677.18805 1 0.10561484 315.19687 463.84668 381.0842 477.1493 1 0.0951486 301.53546 673.5687 335.77136 695.70544 1 0.06666617 204.28984 578.17035 401.0658 760.4687 1 0.06035511 185.67502 509.53656 515.9243 666.08734 1 0.058831688 254.99767 481.3314 272.37653 544.21375 1 0.054195855 311.38275 449.38297 373.13763 473.4462 1 0.050694447 421.7245 480.1526 519.0547 573.81995 7 0.9998294 519.0153 679.34033 778.9759 990.53955 7 0.9996648 216.0209 672.0889 524.17065 988.01056 7 0.9996587 256.99176 171.48053 695.3305 532.95496 7 0.99898714 354.44162 503.70337 643.5658 763.23254 7 0.99865556 615.8685 547.76483 803.65 715.53107 7 0.9605986 254.68619 463.6305 572.77295 586.26526 7 0.8884911 583.40466 475.8788 682.72046 570.63556 7 0.692203 394.42853 653.8883 439.54523 677.28455 7 0.6321372 651.05066 154.31012 1013.4662 535.28 7 0.5313794 667.8179 475.63144 744.0514 546.8092 7 0.21357301 388.12363 478.69092 542.1832 582.74475 7 0.20048848 263.25314 680.99255 317.2372 703.7572 7 0.1206601 268.5551 649.5335 296.1543 690.2913 7 0.08351523 258.23218 463.5262 364.34174 547.5111 7 0.051618785 220.74843 647.82605 419.9721 872.80115 ,test/2490.jpg
0 0.81600267 503.01544 269.67035 590.75665 333.6549 1 0.14374866 500.7288 269.11273 594.0113 334.3045 5 0.9994703 237.34058 305.0029 647.17505 625.5281 ,test/2491.jpg
1 0.998168 560.20264 286.34775 988.3528 904.7092 1 0.907036 642.24225 464.55548 805.1774 565.53546 1 0.49571943 802.28754 503.28998 912.68365 581.59247 1 0.38793352 642.98456 289.01004 989.1762 585.5514 1 0.07123812 641.2095 469.46255 750.2008 544.91345 1 0.06439954 642.2593 289.4043 793.85583 552.7189 1 0.05638699 921.34064 334.2806 993.86664 538.58575 6 0.16051209 641.8933 469.09174 750.1083 547.43585 6 0.10904051 659.11456 485.54733 749.08356 510.75827 6 0.053180266 666.4824 472.44473 749.77576 504.33353 ,test/2492.jpg
0 0.97400135 0.0 422.88348 399.70163 745.3038 3 0.99987054 327.83875 353.91507 701.26025 845.25305 ,test/2493.jpg
0 0.28252032 683.4823 2.1116333 817.0282 105.20739 0 0.27048996 591.1169 651.14496 627.6032 698.59015 0 0.24969147 560.68097 652.06744 630.0761 700.89703 0 0.13790637 269.97003 238.01862 435.80853 381.48755 0 0.13131955 571.4794 666.7449 620.99255 701.3834 0 0.089345664 433.39746 395.08118 481.77045 497.8006 0 0.0870541 360.22562 432.58707 512.2261 554.3344 0 0.0588719 389.95154 688.66797 570.51276 720.057 1 0.98918635 314.5929 468.34152 734.7379 697.36096 1 0.8999561 356.8278 651.82874 644.04297 805.1448 1 0.75955796 379.25345 687.53546 570.95795 722.7872 1 0.7183441 321.0244 666.85614 376.71118 724.5793 1 0.47544885 518.15857 487.37445 738.23914 666.54486 1 0.4252451 355.21854 462.00537 560.9441 579.7063 1 0.4124537 322.49432 648.69696 631.56036 709.56195 1 0.2961138 500.7466 468.98138 618.18823 579.7072 1 0.23213775 317.823 531.15936 595.18964 693.799 1 0.18440568 360.22562 432.58707 512.2261 554.3344 1 0.18035473 454.49432 647.8032 628.53705 699.2239 1 0.17416209 323.19955 240.53725 439.56375 343.09143 1 0.16096836 361.66473 668.35095 625.4138 725.91943 1 0.12656792 405.66467 694.9941 516.32635 715.8138 1 0.1246122 319.64078 533.3059 359.61386 665.4695 1 0.12338757 553.18274 651.0337 630.36633 700.28516 1 0.119775645 337.4569 560.61194 700.1553 799.8971 1 0.118546 505.5727 656.7048 613.3494 701.9715 1 0.114170134 375.03116 690.3334 443.94174 724.7793 1 0.10020425 400.93433 684.33856 573.8526 709.0982 1 0.098034 433.8556 415.05234 557.4751 602.1937 1 0.09037003 569.76416 662.97784 621.5687 701.62286 1 0.085051455 271.8166 239.5442 434.91986 381.29816 1 0.06951117 363.263 699.7489 560.8754 734.16675 1 0.067217045 628.61224 618.5144 702.52264 713.44543 1 0.06664738 460.23926 664.46625 608.001 690.78033 1 0.066502534 446.72137 119.28351 575.7701 229.90265 1 0.064024806 526.64325 571.31116 554.65607 608.64575 1 0.06272343 347.2371 452.9201 623.3367 630.007 1 0.05061395 409.18668 702.60065 509.048 720.2525 2 0.071805745 526.64325 571.31116 554.65607 608.64575 3 0.21700373 294.47144 258.80032 326.89795 300.17862 3 0.06276365 525.79205 572.6199 554.5782 608.3634 3 0.058106247 268.9543 255.15448 326.12497 308.786 5 0.09524313 268.9543 255.15448 326.12497 308.786 5 0.087679446 297.14676 259.16257 327.4327 298.23196 5 0.061550412 395.34976 287.77853 436.71396 352.13492 5 0.050470866 270.0175 238.48492 435.7238 382.08307 6 0.79301506 628.3389 618.1473 702.51556 713.40436 7 0.9999517 629.9812 214.28781 901.31714 610.47644 7 0.9993117 425.48853 203.548 632.9667 528.339 7 0.9293143 813.06244 0.72501373 912.9439 71.97956 7 0.8525304 683.57214 1.979641 817.09875 104.559265 7 0.18334846 428.15366 220.18407 502.0034 295.3887 7 0.07701709 591.1169 651.14496 627.6032 698.59015 ,test/2494.jpg
0 0.12437124 159.48154 515.38025 891.8783 751.13477 7 0.98276615 155.03116 506.63565 911.0062 755.1203 ,test/2495.jpg
0 0.9929686 384.3899 86.70694 457.7381 347.72025 1 0.8671864 301.94562 426.75092 542.16064 712.0109 1 0.24168645 347.5944 670.1886 528.4449 857.89246 1 0.052312326 283.28024 343.29895 551.36194 876.59204 2 0.078640275 294.69324 413.75684 542.2 711.8209 4 0.72843343 287.1636 342.54846 549.7223 876.5017 4 0.32177782 140.92578 355.57675 357.51987 752.4011 4 0.07171761 353.23438 675.06323 528.0882 855.53894 4 0.063336365 522.578 644.87634 739.89734 880.0292 5 0.6067919 283.28024 343.29895 551.36194 876.59204 5 0.093275994 523.88074 644.9567 740.7168 910.64606 5 0.06611557 136.25159 357.83728 371.99716 753.7854 ,test/2496.jpg
0 0.35390767 361.94177 408.67328 395.31433 634.0053 1 0.99318063 377.7375 383.11493 597.2331 720.0822 1 0.98001134 268.39822 330.67496 829.7351 895.47217 1 0.7368107 820.39154 593.73596 962.8393 771.1262 1 0.71192014 583.1916 336.37833 801.62384 838.4209 1 0.5202951 383.2606 664.894 599.6582 753.8505 1 0.45726117 374.65106 589.08856 601.0439 767.1419 1 0.42646468 362.71832 368.64557 399.0332 661.43024 1 0.4123812 281.0093 367.63324 613.48145 824.7857 1 0.37527 514.0982 591.3699 580.54767 683.5226 1 0.35841286 311.37558 390.94244 366.45303 468.28967 1 0.27189368 379.2301 708.9706 621.9312 810.72266 1 0.23970619 386.57068 398.43335 710.92163 880.6251 1 0.22262312 273.37878 676.349 784.3081 894.9695 1 0.1693422 593.3242 588.41156 624.31177 731.72845 1 0.14492562 581.3429 590.8212 606.7838 738.24274 1 0.14035264 390.58896 327.40167 742.1577 689.89606 1 0.114288904 376.6989 339.6029 590.4526 416.26428 1 0.11366209 577.83655 663.41797 600.1974 737.3623 1 0.10894729 325.68088 373.5646 509.80777 475.93503 1 0.10652778 285.03125 384.26917 442.82343 788.0265 1 0.0997263 372.5365 635.38293 604.4368 723.3137 1 0.099239565 370.3641 353.0877 441.99924 662.64386 1 0.09530218 592.6103 630.3922 607.2614 728.4546 1 0.09255036 375.34814 362.4935 573.447 394.83987 1 0.09033881 592.65393 684.66943 609.32654 735.5858 1 0.085067 366.67752 614.2587 383.92252 663.5568 1 0.08467538 283.70563 649.2525 630.09247 801.1894 1 0.08333681 0.6820898 115.79309 24.861446 150.57352 1 0.08278416 374.90778 666.35785 605.60974 708.1595 1 0.08023126 379.35043 595.56555 593.21094 688.69165 1 0.07962322 304.50394 562.72705 779.9971 836.84424 1 0.07790848 650.98553 751.277 820.89655 872.3274 1 0.070764855 371.93173 632.79083 382.5051 725.7835 1 0.067193754 297.1644 781.969 418.91037 883.49585 1 0.06336219 467.41724 323.7038 641.85376 682.21857 1 0.060751982 355.25458 352.51978 516.3531 678.59717 1 0.056357365 433.06314 338.5636 580.8751 394.7685 ,test/2497.jpg
0 0.9981604 293.24677 241.19127 654.43353 661.68115 6 0.0517475 373.03937 720.8795 408.7094 743.8367 ,test/2498.jpg
7 0.9992341 392.04065 354.8653 581.89966 589.4012 ,test/2499.jpg
0 0.8644564 517.36237 834.3142 624.69354 926.3082 0 0.8251145 898.6617 938.3194 1021.40485 1023.1358 0 0.13687915 518.5663 838.09766 603.43994 893.9219 0 0.06732559 548.876 870.4237 623.04126 921.5569 0 0.060739134 278.73486 518.42554 571.7924 694.06946 1 0.3717595 282.02075 516.63367 571.5421 701.5426 1 0.2829737 898.3466 937.88586 1021.3488 1023.12976 1 0.19562556 621.5231 378.73264 1009.94055 1015.90015 1 0.080734566 279.56122 312.3327 560.172 703.17615 5 0.18138275 550.81244 0.5449524 762.3841 225.2884 5 0.099376656 282.19785 516.85876 570.5823 701.49646 6 0.98361766 293.11597 362.68875 523.03503 541.38544 6 0.87270355 281.81104 516.57776 570.54095 701.7328 6 0.79347646 271.68823 254.48688 474.8083 377.94666 6 0.40699154 280.67108 254.52225 546.15643 658.6305 6 0.07263166 294.0593 392.32904 352.35184 536.19324 6 0.058812685 347.24677 460.99902 515.3189 498.265 ,test/2500.jpg
0 0.108964965 688.45636 477.615 726.0948 544.4529 0 0.079730734 696.39386 503.9398 754.8676 554.19135 0 0.05200369 691.8801 327.5882 764.05176 479.6892 1 0.98901445 98.92514 481.69177 744.0564 867.42334 1 0.98740363 527.29865 595.12756 595.8094 735.30066 1 0.9832487 114.484406 220.75722 766.4634 508.6314 1 0.9689088 478.5495 623.2065 528.0466 723.3571 1 0.9658383 204.45651 479.6174 492.6531 725.7814 1 0.9039002 183.21295 479.552 353.26276 684.39355 1 0.8355384 688.09576 503.24573 755.3746 554.83997 1 0.8043133 609.4555 542.0233 793.38153 756.46045 1 0.714832 679.1859 471.65384 727.5779 550.76526 1 0.6483954 276.64923 558.5397 491.2378 723.64343 1 0.43060338 200.79156 441.45892 688.3311 712.97296 1 0.40733984 579.1471 679.7257 616.3833 728.41846 1 0.27945805 763.9516 255.1086 794.7132 306.98563 1 0.24194503 168.60179 653.29803 218.0371 686.8813 1 0.22383846 573.2524 616.984 593.75653 727.84656 1 0.21238776 677.8555 474.06128 698.2797 544.1362 1 0.2122135 227.21582 322.79602 741.32306 533.75854 1 0.19063261 480.55978 706.3105 517.8144 723.8167 1 0.18684651 647.87726 202.53217 750.762 540.75244 1 0.14866018 574.2879 602.9574 628.4228 845.1317 1 0.14722826 209.43555 641.663 285.52863 696.3112 1 0.14496118 447.55304 622.5696 490.76086 722.45154 1 0.14222991 250.91887 412.57242 687.8314 544.8109 1 0.14056407 421.1377 623.1841 536.56055 721.25305 1 0.13191228 682.68823 498.48505 719.302 550.69904 1 0.12820697 775.83466 164.02995 809.35455 225.90031 1 0.1222886 532.90094 594.16705 610.4454 842.9461 1 0.11513327 677.6376 325.30267 759.76514 504.33215 1 0.06530867 673.63336 479.03107 689.2657 544.1844 1 0.06468921 385.17706 577.44086 490.6206 723.0374 1 0.06269201 287.7518 497.64822 355.8549 688.001 1 0.059139375 538.7913 651.93066 615.24347 731.6057 1 0.055577595 581.1134 625.814 610.7279 731.6622 1 0.055007227 155.40494 474.9585 276.33215 673.6687 1 0.054474715 662.13055 334.62024 736.95856 548.4883 1 0.054007605 599.6168 640.5654 623.81213 684.75073 ,test/2501.jpg
0 0.9967655 411.125 713.0074 632.34656 952.29816 0 0.054432113 228.50294 68.818634 685.6377 404.04813 5 0.9241289 230.61494 73.28177 687.71826 405.13364 5 0.065061726 473.97943 0.0 605.47235 86.50428 7 0.24580339 230.289 73.224915 687.6305 405.02274 ,test/2502.jpg
5 0.6767484 324.44223 102.96164 766.83276 584.5404 7 0.9921489 233.3206 592.0748 623.50653 801.1211 7 0.9537021 326.1336 110.3233 783.17303 573.9438 7 0.21030939 226.82913 81.68921 809.00574 820.5303 7 0.0889597 325.37878 509.83038 421.89856 570.56244 ,test/2503.jpg
0 0.7301966 115.875046 710.804 543.1127 834.3863 0 0.26558515 447.95035 134.31537 485.87234 189.83823 0 0.2629688 106.50113 602.0642 546.2114 907.0305 0 0.23436257 365.564 128.98087 488.47153 188.19666 0 0.10665163 107.332855 760.937 475.3763 852.5065 0 0.060637772 103.19834 774.22626 313.48782 832.7408 0 0.06040396 86.78883 496.18048 527.9676 814.571 1 0.54539555 272.58774 121.08546 585.1367 354.14575 5 0.32106575 261.43915 117.26982 596.58014 400.05072 5 0.16483246 223.55962 242.32507 565.2404 392.95203 5 0.071382865 511.96042 133.83043 591.6629 289.96564 5 0.05556632 290.31207 291.83148 549.79065 399.65344 6 0.97283936 161.0932 242.04663 554.624 649.4397 6 0.87776136 86.69806 498.4505 542.0945 904.5236 6 0.5902754 141.28699 444.34967 542.8026 642.1567 6 0.3092857 109.11224 693.0659 538.9773 899.4192 6 0.284264 260.95386 117.47275 595.6502 400.33078 6 0.24922793 88.44728 524.61053 522.11414 733.1379 6 0.195169 511.96042 133.83043 591.6629 289.96564 6 0.1409532 105.12169 650.6204 542.3426 807.60675 6 0.0969568 223.55962 242.32507 565.2404 392.95203 7 0.99982363 798.5748 298.463 1019.1185 666.98987 7 0.9998203 524.9535 209.23969 817.93005 697.8817 7 0.4081253 513.0595 131.16823 592.94574 290.9309 ,test/2504.jpg
0 0.16977961 207.88406 516.4377 514.4674 678.89557 0 0.097127594 480.42807 516.57697 700.067 683.8553 0 0.06070967 187.51877 505.10913 716.04565 873.49634 1 0.94947094 187.17542 505.1693 721.61945 872.51636 1 0.058996227 527.0291 353.78186 691.7598 502.83502 2 0.9929751 523.8078 353.01062 690.1054 505.35358 2 0.48677057 577.8065 424.3453 694.43787 508.8212 2 0.17816049 187.44397 502.07513 719.5852 870.9086 ,test/2505.jpg
0 0.11242534 359.70972 424.12424 421.94873 472.08853 0 0.102154404 151.8977 382.36493 206.20334 500.05762 0 0.09706908 157.023 367.23077 358.91125 543.1441 0 0.07390557 150.50725 384.8955 191.4363 456.92944 0 0.066613294 847.7197 533.4167 865.8992 607.0451 0 0.05538078 605.31665 497.5794 735.06384 745.7813 1 0.9660999 408.32404 214.49118 530.7265 443.0038 1 0.94982594 197.9089 444.05634 628.1273 937.9764 1 0.9202917 267.46817 700.332 534.5028 957.6635 1 0.6381222 377.02975 738.7247 526.981 966.30817 1 0.61665654 198.34634 627.923 507.31314 915.0775 1 0.55613846 395.63937 445.86307 605.512 739.4407 1 0.41337445 508.54224 690.2822 737.3551 913.9667 1 0.40806276 359.19553 683.30084 475.7465 868.191 1 0.4031435 512.3892 366.31552 731.39813 732.68884 1 0.14462258 359.06296 423.81976 421.9689 471.8106 1 0.13795559 200.01305 488.6465 475.6878 832.68896 1 0.113073006 379.09186 427.36206 809.48065 729.8203 1 0.11034406 316.37634 691.41943 748.88293 959.22656 1 0.101625174 196.03403 623.4428 287.86203 744.4803 1 0.08277907 295.32642 344.63727 699.4993 748.7376 1 0.070946395 335.21198 419.42206 435.11334 482.38202 1 0.070777506 612.8921 679.9431 731.59326 920.7726 1 0.056517944 460.01044 745.30396 524.80096 906.30615 1 0.0547768 403.5537 288.59546 577.72534 628.68854 5 0.06773536 625.8111 333.04462 700.90607 432.4488 6 0.99109286 580.1517 114.12975 820.1546 358.57016 6 0.88226783 595.0775 424.6289 873.8291 727.0702 6 0.8694507 612.8921 679.9431 731.59326 920.7726 6 0.75827074 666.6807 428.60846 866.33075 622.15924 6 0.74100304 605.31665 497.5794 735.06384 745.7813 6 0.6668056 616.2293 308.48273 792.11896 485.79333 6 0.46682054 516.7245 365.35162 776.3013 738.27313 6 0.3770145 582.2749 99.938675 810.93604 577.7713 6 0.37095615 506.73068 691.65625 735.41254 914.5062 6 0.26144153 669.8634 502.74185 851.6997 723.46533 6 0.24525845 549.42865 317.29733 808.75214 543.85767 6 0.18194638 583.0452 343.72702 864.7475 617.2815 6 0.0868217 605.93744 286.42407 794.69806 367.38214 6 0.06701351 510.6911 377.3413 713.1657 618.33826 6 0.055090785 482.0689 682.36536 620.6689 740.77356 6 0.053653777 847.7197 533.4167 865.8992 607.0451 6 0.052597303 622.9878 320.92535 723.6603 457.61108 7 0.99622643 135.23166 42.811447 424.9321 404.78308 7 0.983743 160.29959 366.8883 363.3359 543.40894 7 0.92795396 530.4676 283.37457 594.3732 390.93884 7 0.66123915 63.179375 13.835495 195.71362 361.64716 7 0.63099855 81.863495 9.801987 332.77316 360.14215 7 0.5465243 80.74517 141.92964 178.83243 368.03473 7 0.31499115 64.3679 1.0818863 285.52332 215.9556 ,test/2506.jpg
0 0.9622803 0.5435791 269.49036 78.19223 495.6015 0 0.82518154 547.7281 878.84924 727.4245 1022.93494 0 0.45040947 27.030273 34.77153 621.0552 534.9668 0 0.26116517 85.06421 278.1743 622.5081 550.2167 0 0.23410161 382.9085 919.23303 561.9502 1020.8451 0 0.18669316 8.45578 133.24068 126.1996 518.9148 0 0.18078122 369.06775 862.9522 689.15466 1019.00726 0 0.15522031 991.5084 876.8469 1024.0 1024.0 0 0.14318033 149.08704 366.20163 495.9734 553.24176 0 0.14296502 60.570816 412.72702 194.8011 561.8649 0 0.13459617 201.79062 489.6732 299.922 563.62396 0 0.12363914 137.9957 164.90668 702.18835 663.18066 0 0.088630766 682.10376 886.4056 749.12085 1021.5848 0 0.08355234 793.98004 334.62314 859.0102 408.58896 0 0.08317607 453.34607 958.58545 555.8393 1024.0 0 0.08306988 0.4773407 153.36322 290.27838 780.68317 0 0.07530427 525.10187 966.3433 549.4156 1004.5472 3 0.9797362 265.3796 603.51013 514.30365 891.52454 3 0.9575904 633.58673 689.9069 749.4577 898.3909 3 0.89122736 629.8992 196.94884 861.76807 515.798 3 0.8625153 433.13855 443.19678 681.28894 709.1134 3 0.80282897 224.53949 358.52652 521.58765 749.76965 3 0.7949815 587.9012 607.8335 648.0922 714.5438 3 0.79032606 381.7473 858.7064 562.19806 1022.17993 3 0.7555795 205.75267 287.45975 666.2847 927.84924 3 0.64239085 29.980316 28.522827 610.0016 535.7298 3 0.5924881 62.658546 414.3333 184.47424 564.7486 3 0.5699121 742.8402 192.82169 860.41016 620.3989 3 0.5626287 515.00726 755.3485 652.90533 837.6415 3 0.545555 768.55786 328.60452 865.807 479.65317 3 0.49713817 297.17108 871.85205 391.22314 1013.25977 3 0.47940993 232.22086 528.6492 629.57556 1002.6687 3 0.39255092 543.6299 841.99756 596.94543 960.64624 3 0.3874968 526.4083 689.5098 588.07556 756.6729 3 0.37836125 539.6724 847.3843 726.2597 1022.9094 3 0.3767894 479.16406 594.65106 754.3347 1012.1518 3 0.36832002 379.34915 368.27866 704.21533 635.0438 3 0.36041775 67.211075 387.30533 116.71942 445.14914 3 0.35037625 220.64958 560.4051 456.88208 807.52997 3 0.30765533 486.95404 243.41112 681.4793 668.8282 3 0.30451086 646.6233 632.2244 787.864 724.5893 3 0.29981768 737.8409 675.5194 1024.0 1018.6594 3 0.2981442 613.8195 316.1764 799.4443 623.24194 3 0.2792901 646.95844 610.74866 701.5008 698.8341 3 0.26799744 618.7141 411.35413 693.09155 620.31177 3 0.26519215 445.29843 856.7059 549.9027 998.40497 3 0.25392896 527.2751 606.34467 653.9294 730.73334 3 0.25288266 571.4136 620.3375 700.38586 713.76025 3 0.24859454 440.46158 578.99963 657.915 700.81213 3 0.24250601 427.8774 366.08487 774.06885 857.5261 3 0.24137595 314.19135 229.79193 716.6224 726.3801 3 0.22190617 515.78827 631.6223 697.0147 921.4607 3 0.22185014 54.61487 176.69556 807.3061 671.4076 3 0.21065821 289.89368 666.39124 596.5485 968.0819 3 0.2061519 549.3474 821.0487 637.786 1021.1211 3 0.19547784 358.65576 534.5776 657.48035 733.46124 3 0.19169633 618.31714 209.00499 724.9292 414.54553 3 0.18739977 241.09784 717.99414 743.4366 1013.8391 3 0.1857249 441.659 274.85626 649.77594 559.10364 3 0.1855354 533.8687 784.8152 642.41254 857.067 3 0.17890543 518.1294 663.6293 733.96826 766.3187 3 0.17665741 388.19235 610.46375 661.046 850.9972 3 0.1573506 247.2535 517.4242 430.4593 710.1598 3 0.14572689 596.8899 553.7641 693.12366 710.0456 3 0.14153302 291.12317 863.994 344.85675 978.854 3 0.13777602 690.6453 689.23846 731.8455 741.2255 3 0.13698868 660.39294 617.3752 772.3839 889.11456 3 0.13454062 326.2551 839.53876 644.9176 1012.76776 3 0.12898771 468.24948 294.487 637.85455 450.34216 3 0.1229569 410.2762 698.11664 753.5575 894.1684 3 0.12289815 156.21634 312.66806 589.9468 559.7661 3 0.11905307 533.00464 839.6937 607.3412 1010.7114 3 0.11810595 566.1004 846.5685 612.61725 960.0271 3 0.117921464 508.4462 584.54877 719.79663 812.43805 3 0.11061772 589.1187 755.99884 693.71075 1019.59076 3 0.11020651 427.00287 186.70656 862.53766 617.6331 3 0.10160492 502.07208 701.4455 680.9111 816.54926 3 0.09570385 274.46954 763.9483 532.9238 1000.24725 3 0.09196761 684.12744 667.0353 752.3634 890.8976 3 0.087496616 649.112 576.1114 722.5933 744.07806 3 0.08668524 522.8421 623.4937 643.1562 691.2775 3 0.081846215 691.03265 117.28656 885.3486 402.93207 3 0.080987126 683.0947 652.19666 795.15674 707.0956 3 0.07461838 687.19696 657.00085 740.49884 740.47253 5 0.81421214 739.1044 476.01077 1024.0 1024.0 5 0.67537385 4.575493 446.52655 194.36679 933.2017 5 0.53307426 686.7387 8.135139 900.80023 258.34738 5 0.3586443 310.1792 870.1646 386.1314 988.0893 5 0.22068541 640.8109 120.41229 872.27954 622.1951 5 0.18407461 783.6011 117.05632 889.4783 182.59306 5 0.173473 628.9536 205.53581 718.79663 343.32617 5 0.15152939 1.8500595 805.92377 160.03784 915.4334 5 0.13752702 782.0353 69.82671 1024.0 191.61996 5 0.109953284 607.95886 359.88525 791.40674 629.1366 5 0.1026748 462.41138 299.64587 630.7383 415.81775 5 0.10089725 617.04913 208.12122 728.64996 430.5658 5 0.09715134 589.9408 9.026085 956.1362 188.97943 7 0.95504314 191.2899 547.84357 239.42561 667.38043 7 0.07610629 0.25165558 269.2937 78.42133 493.6117 8 0.08048835 214.37874 362.24536 523.97174 699.67505 ,test/2507.jpg
0 0.77255034 260.53366 212.27333 723.0597 676.4681 0 0.538984 662.00397 113.3693 728.51996 127.11933 1 0.38402733 251.01505 208.72949 723.1953 676.98566 1 0.10679634 662.00397 113.3693 728.51996 127.11933 7 0.10966699 267.47345 206.63025 723.59106 676.8058 ,test/2508.jpg
0 0.6587669 366.2725 141.81027 429.91507 192.49368 0 0.1724481 488.00595 536.9365 541.55286 609.4971 4 0.9951119 485.90497 155.21796 854.94904 994.80206 4 0.99266374 190.44286 122.69055 512.08545 941.37695 4 0.8444451 780.46735 267.37732 1024.0 1024.0 4 0.5715034 788.11127 263.05566 927.11237 586.9743 4 0.48557606 225.39041 173.42418 398.84634 289.2506 4 0.23448104 714.282 113.86133 901.74744 611.01 4 0.21079843 772.1373 162.32056 875.8069 594.99146 4 0.19037247 372.59418 118.61725 592.0862 676.3734 4 0.16851246 615.45996 114.036804 857.6564 340.42978 4 0.11860533 227.76161 166.29712 399.6424 426.1444 4 0.096862145 196.71997 140.1016 952.8955 997.0405 4 0.09103055 73.27852 166.98262 408.3806 580.19543 4 0.0607354 610.512 230.39417 926.4545 595.0337 4 0.053082176 488.30563 536.97015 541.5618 608.6706 5 0.13612129 0.16065979 250.81653 196.13188 749.99805 5 0.054083664 801.72784 330.102 1016.2841 601.8348 7 0.22186565 0.15855408 255.81625 199.7285 752.5486 7 0.108838506 74.712555 313.43475 205.3787 573.7559 7 0.056823418 839.35284 598.7447 891.8267 681.71344 7 0.056662302 838.04456 535.79297 926.2638 620.28735 7 0.05128411 74.91375 336.0122 168.20825 696.20605 ,test/2509.jpg
0 0.41880623 301.2672 443.30414 349.31598 479.99878 0 0.39569438 338.4409 810.3895 387.12936 848.5603 3 0.9991948 364.24573 365.55426 662.79407 692.08124 7 0.10584228 638.5021 392.28503 681.282 425.41315 ,test/2510.jpg
0 0.17492248 366.7907 198.69415 707.4504 809.54614 0 0.081467345 321.54703 14.234478 395.85684 57.957355 7 0.98449403 362.4076 203.91977 703.3285 813.833 7 0.054553937 321.54703 14.234478 395.85684 57.957355 ,test/2511.jpg
9 0.98052394 217.54385 437.66626 752.46106 875.1011 9 0.9126362 110.24051 412.3703 427.64224 817.5628 9 0.12345059 114.9798 522.9289 323.87888 820.03265 ,test/2512.jpg
0 0.67317235 432.91406 289.12283 582.4817 809.4492 1 0.19298024 432.5327 290.1985 582.64746 809.0642 5 0.089523494 433.22565 287.64746 582.5911 808.33813 7 0.47493044 432.9485 289.2113 581.91364 808.8513 ,test/2513.jpg
2 0.9989875 173.54251 376.66028 696.66003 722.04126 ,test/2514.jpg
0 0.532429 919.30133 760.5299 1022.5584 957.3799 1 0.7567471 113.178085 145.30933 289.45667 215.50824 1 0.2428924 918.19885 760.3334 1022.5958 956.8174 1 0.0628112 837.49426 171.01602 1024.0 239.9361 3 0.3833914 476.5741 161.49457 667.5614 234.0191 3 0.109490655 841.8611 176.73718 1018.57996 244.22232 4 0.9950511 76.83473 195.90753 422.51624 901.3875 4 0.9790455 385.76923 181.35596 672.2985 925.1686 4 0.9008769 578.4584 195.9144 1014.1273 960.3871 4 0.8351801 1.1032181 184.03616 128.59857 872.355 4 0.7076577 82.74701 207.01712 1024.0 930.43945 4 0.34943968 962.8694 232.95624 1021.77234 451.48267 4 0.24553807 0.0 503.6678 141.29832 859.8592 4 0.23985702 252.43254 150.13705 438.84033 890.20654 4 0.19967532 3.8903275 193.49858 85.754745 425.98895 4 0.19712465 36.121204 195.73761 118.92645 417.432 4 0.17788157 372.6342 152.318 480.31845 436.7846 4 0.1641572 914.19653 759.2941 1022.03845 960.3626 4 0.15508527 886.50006 502.27127 1017.0645 966.428 4 0.10573635 259.25757 163.07388 497.26392 477.61325 4 0.10158499 69.03639 189.15137 137.63371 405.76202 4 0.09009908 4.7876816 402.06824 75.67182 480.80933 4 0.0747089 102.52591 213.30038 140.16156 362.01205 4 0.072729066 60.278156 197.61487 162.92943 856.838 4 0.070227295 2.889141 354.30045 99.870895 507.4316 4 0.059843097 25.864914 239.341 84.130035 399.35126 4 0.054741114 907.3943 244.91034 1024.0 437.60876 5 0.05893137 2.2475204 178.48438 123.959236 855.2898 ,test/2515.jpg
0 0.45202437 344.20364 0.0 996.46924 341.2774 0 0.14950682 0.0 96.72789 38.51886 133.96806 1 0.99764496 345.90143 344.11237 562.5061 568.003 1 0.13636808 0.0 96.72789 38.51886 133.96806 4 0.117189705 702.9005 627.9446 1009.0928 853.2313 5 0.9941911 532.7147 480.29083 758.69434 677.2768 5 0.25699577 914.1045 618.6375 1023.98804 798.60077 5 0.090942934 701.92053 626.6039 1014.6371 854.031 5 0.06571025 597.24347 478.32208 758.68634 618.8577 6 0.16597448 381.39374 419.83453 429.42175 459.41852 7 0.0851308 0.0 97.75021 38.426605 133.8855 ,test/2516.jpg
0 0.9994018 320.4453 336.45172 905.13086 817.2098 0 0.6976238 322.37488 380.0241 463.38995 499.4801 0 0.4831228 480.13043 646.77783 856.74176 811.83325 0 0.39181033 120.0789 687.28046 177.80501 743.92816 0 0.1385306 316.57324 364.3415 562.0555 503.48853 0 0.115656756 176.7152 498.88382 218.85136 572.4158 1 0.99782073 143.98305 557.3006 234.48778 647.22235 1 0.283228 176.7152 498.88382 218.85136 572.4158 1 0.25978193 321.93408 378.8173 465.16437 500.61606 ,test/2517.jpg
0 0.3153437 913.2797 399.79263 1022.44574 564.68933 0 0.2411822 329.6715 368.47296 405.73724 427.4638 1 0.14391372 916.8035 397.2358 965.3964 469.34354 1 0.07019711 915.5669 422.21533 956.56946 457.31 3 0.9914929 271.11255 362.37146 421.85742 520.5146 3 0.2676734 588.3642 527.27625 746.0173 707.1217 3 0.09698144 0.0 323.16614 417.78143 508.00916 3 0.05371075 340.23633 403.66568 418.35034 524.99396 4 0.18830158 588.2102 527.2527 746.2643 707.0521 5 0.7807829 588.3096 527.4337 746.0513 707.1416 5 0.18085559 917.80457 400.0315 968.9236 461.32947 5 0.10221965 0.0 317.80444 340.68427 377.79816 5 0.09609895 760.0479 338.31952 941.89703 403.76654 5 0.08763339 915.5669 422.21533 956.56946 457.31 5 0.07517494 0.0 323.16614 417.78143 508.00916 7 0.8719066 913.2289 399.5772 1022.40686 564.6091 7 0.06275078 919.6712 399.71796 1007.4079 485.82623 7 0.062643245 917.08496 397.25812 965.77124 475.02826 ,test/2518.jpg
0 0.9021872 321.9958 99.88901 747.8671 936.2333 1 0.123537086 321.81995 44.98468 752.0969 953.3515 7 0.20351888 318.0661 95.96561 741.9909 937.155 ,test/2519.jpg
0 0.56862706 718.6886 876.6096 816.9259 1022.7258 0 0.1758876 874.0535 556.8895 1021.61285 619.21765 0 0.12656747 251.70242 225.43307 291.2903 251.05096 2 0.10452738 873.3724 505.66272 1023.55304 619.5697 4 0.0733477 713.76294 872.0444 818.62537 1022.8481 5 0.66918 872.7931 505.32645 1023.8552 619.52057 5 0.12053142 429.98767 178.6278 572.56433 329.16647 5 0.052480035 716.618 874.4688 817.50433 1023.403 6 0.05588163 873.3724 505.66272 1023.55304 619.5697 9 0.9561621 22.64685 99.70401 1024.0 577.6406 9 0.23062654 455.43854 117.20322 1003.62823 552.68396 ,test/2520.jpg
1 0.9911993 98.23279 176.47879 858.0298 758.4049 1 0.061730865 668.3235 633.3845 879.7865 740.94946 2 0.076318756 96.393616 177.26926 857.0329 757.4957 ,test/2521.jpg
0 0.14984472 17.612518 0.0 430.8755 921.39606 0 0.07506698 439.83212 680.7126 771.0288 901.7282 0 0.07254316 492.0159 97.38568 709.32654 437.37537 3 0.42698923 164.14987 536.3404 247.40671 884.27423 4 0.86005294 427.21216 95.800415 750.7921 450.37427 4 0.5535484 341.127 471.8789 830.86224 933.13525 4 0.09263811 182.52016 482.48566 425.72028 935.0826 4 0.0785994 419.682 488.50195 715.2197 725.08594 5 0.8374732 195.74527 474.63068 839.90906 937.58905 5 0.8074502 342.45148 115.164795 392.30872 422.16663 5 0.7315971 336.68066 98.95624 753.85864 449.10168 5 0.5772492 193.05107 479.72113 426.94452 939.41815 5 0.37990427 345.23846 107.805145 531.5452 429.7014 5 0.17185295 41.959137 34.86313 847.8639 964.28235 5 0.09510184 161.04941 533.4691 269.2065 880.4426 9 0.54411805 17.612518 0.0 430.8755 921.39606 ,test/2522.jpg
0 0.12009466 205.37614 68.41316 297.26855 274.45062 0 0.07857152 185.88873 0.0 382.6272 81.64011 1 0.9855714 0.0 72.045746 1006.84894 927.75195 1 0.97553355 35.838165 74.51407 934.72815 466.15878 1 0.4543629 761.48145 126.196075 1014.5801 802.18726 1 0.30025023 0.0 0.0 214.56606 241.79837 1 0.28438833 534.03564 420.29816 744.5576 467.5677 1 0.21199134 0.96102905 448.70422 101.7534 665.68677 1 0.18401085 612.76495 457.03256 748.25543 475.45493 1 0.17832719 15.088379 378.5105 851.3993 890.12305 1 0.17065306 0.8415985 455.61395 165.54759 804.80975 1 0.13627727 56.52664 358.2166 751.8562 473.13184 1 0.13207103 932.242 137.46133 1022.4338 378.73026 1 0.121236965 298.8766 400.9456 749.61304 468.15482 1 0.09068507 604.2104 445.78647 743.0993 471.8898 5 0.7420616 185.17351 0.0 382.69666 81.410805 7 0.093049414 186.62979 0.0 385.26492 81.6776 ,test/2523.jpg
0 0.118880436 169.67975 112.52435 922.8022 882.3163 1 0.1381626 169.67975 112.52435 922.8022 882.3163 5 0.1251373 172.59607 113.737915 921.1854 877.62225 7 0.92435634 168.76556 113.53937 922.8714 881.6085 ,test/2524.jpg
0 0.6498708 487.2199 332.0113 803.9781 398.0456 0 0.3840199 320.8527 523.9937 334.84122 576.8006 0 0.27528825 10.6056 762.5248 45.14657 830.5581 0 0.08883572 396.62482 342.33862 813.26825 421.85815 0 0.059927076 483.05646 321.52066 821.5203 541.5872 0 0.05081761 327.47015 370.75082 770.51324 430.32486 5 0.06628904 320.47327 525.0183 336.1308 576.6542 6 0.99586856 504.42584 275.09732 843.77435 731.4883 6 0.9836655 325.13663 284.91895 546.58026 794.65576 6 0.4922091 511.19363 425.58417 618.9224 706.7712 6 0.18282126 476.551 311.1214 616.3152 738.0915 6 0.13409188 477.67072 259.25586 793.09247 420.01544 6 0.11155499 483.05646 321.52066 821.5203 541.5872 6 0.09936436 323.998 393.92035 532.2471 622.36053 6 0.09427525 321.16382 283.03445 500.7791 437.23642 6 0.06964248 326.02618 410.21204 521.381 508.86963 6 0.06016829 485.80414 326.28622 803.9759 399.2487 7 0.23177733 320.693 524.4565 335.72742 577.63116 ,test/2525.jpg
0 0.9906393 0.3018322 782.79266 50.188744 885.47186 0 0.1306007 0.075871944 775.1361 14.412436 894.5381 1 0.05685563 0.075871944 775.1361 14.412436 894.5381 2 0.9983896 430.40482 443.76147 587.16864 643.69543 ,test/2526.jpg
4 0.99397695 357.3169 232.06006 654.3931 709.89496 ,test/2527.jpg
0 0.1649475 9.74823 0.0 986.40826 354.61743 9 0.9978509 189.01147 285.0754 916.20496 799.99084 9 0.49913758 0.0 0.0 991.0443 1024.0 9 0.4897049 9.74823 0.0 986.40826 354.61743 9 0.2876287 1.420929 302.34262 252.28957 765.51245 9 0.27915928 11.88858 681.0447 1008.5388 1024.0 9 0.15462713 872.22095 380.25427 1024.0 688.3804 9 0.057655048 719.9032 40.863495 1024.0 978.61035 ,test/2528.jpg
0 0.2218683 458.76028 187.30952 502.32675 218.51509 7 0.99993837 225.45589 162.7594 723.79785 733.5075 7 0.5738479 457.46426 185.84451 502.14774 219.57062 7 0.48640302 440.03894 139.93214 670.078 242.1743 7 0.16324577 447.91806 160.98505 632.7068 289.9008 ,test/2529.jpg
0 0.94301873 18.992584 668.5378 217.95062 1019.8023 0 0.059237447 523.1362 676.6742 588.3707 755.69336 3 0.99779 391.79874 321.7496 791.0314 726.4634 3 0.17883468 523.1362 676.6742 588.3707 755.69336 5 0.07004452 393.05682 321.65295 781.9666 728.6963 7 0.82256365 522.93823 679.07086 588.19666 755.2858 ,test/2530.jpg
0 0.21493119 314.28232 353.06766 346.66916 391.76895 1 0.9274668 762.35114 144.1421 900.919 240.46025 1 0.22907498 681.5024 0.45023346 731.06354 72.203735 1 0.10117394 718.03815 0.0 738.69366 74.55568 5 0.7569294 0.0 1.3367233 308.04117 97.74908 5 0.2879939 1.1328278 0.0 352.56073 430.41788 5 0.11762758 119.165924 105.03116 356.99268 310.4493 5 0.098545164 1.0693054 2.8191528 308.25864 193.84673 7 0.9993611 717.17676 315.29218 876.09204 650.54645 7 0.99930274 280.46527 362.50433 617.7075 955.9765 7 0.9992822 168.9315 223.61993 360.8432 762.3891 7 0.9974704 388.85486 40.581497 779.45496 433.07385 7 0.9947773 599.0532 336.58072 755.777 709.37976 7 0.43536267 376.49606 356.12286 418.87924 406.74286 7 0.24947603 736.2887 305.1012 843.3241 390.1277 7 0.22532718 305.64764 353.2845 348.403 392.1078 7 0.19808665 367.3337 243.26361 431.2675 407.71173 7 0.13375944 281.81702 365.18332 431.0702 703.3091 7 0.11722927 366.24966 257.09982 408.6384 367.65024 7 0.11220668 461.60486 323.0738 844.6852 682.3829 7 0.07112619 697.2047 57.379517 778.8314 348.5768 7 0.06860339 627.4733 36.16091 683.5756 121.203636 7 0.06459408 741.6257 308.9367 871.12604 453.35547 7 0.055499367 456.3529 357.54724 677.2168 698.69055 7 0.05126894 616.7559 40.330666 726.8659 123.728676 ,test/2531.jpg
3 0.9998437 248.96275 313.58807 590.67365 760.4605 ,test/2532.jpg
0 0.92471 128.03026 705.9539 332.78302 756.5809 0 0.4107933 320.67908 566.9271 414.14178 764.4044 0 0.24954987 330.20264 784.0995 386.1396 814.52673 0 0.23241794 130.40358 639.1899 406.9323 762.99994 0 0.17029017 283.3624 192.0149 315.89493 237.64911 0 0.16896062 264.76447 693.26556 329.94293 763.97516 0 0.099675626 201.40567 680.8358 333.21902 764.4137 0 0.079561196 263.1377 679.4173 308.6148 711.38885 0 0.07807001 226.79749 363.72937 263.88998 394.3354 0 0.070924014 615.7507 472.10455 642.5605 517.15344 0 0.06985588 332.7861 649.08386 413.02457 762.45386 0 0.068141624 258.5384 708.4841 305.25366 757.6031 0 0.059571218 161.17844 435.07434 371.62772 658.5757 0 0.05554314 838.87506 724.41113 917.483 779.3771 1 0.233846 161.23775 435.66965 367.7965 659.26794 1 0.17195219 323.61832 624.57806 412.83163 762.68256 1 0.107031785 263.0489 678.8976 308.82764 711.7711 1 0.073359616 140.2718 305.91592 289.26385 510.66617 1 0.05972478 108.64281 857.0076 141.93289 911.96857 3 0.12014193 282.98715 192.28943 316.28946 236.07776 5 0.13098146 282.5897 191.90067 316.10745 236.5267 5 0.10821592 474.46213 160.09422 567.9018 285.64825 5 0.05040769 166.73286 625.0784 200.0337 653.24786 6 0.9997538 677.82166 416.4077 956.0753 804.30896 6 0.14853822 687.2446 520.73346 954.6865 702.387 6 0.1256518 689.6626 567.87305 746.8169 704.7837 6 0.110572755 323.07727 623.5134 413.74005 762.6732 6 0.11024329 839.2467 695.2288 887.8041 782.81586 6 0.08010446 700.10876 574.4553 948.2582 765.1926 6 0.05998599 679.3066 510.5155 743.2802 683.17566 6 0.052300543 478.6983 160.54086 567.51227 283.261 7 0.999637 345.6448 97.14239 497.42984 319.746 7 0.9984555 333.75842 243.96924 681.41925 871.1467 7 0.94308764 140.04205 305.26056 284.4994 505.2951 7 0.8916146 162.03279 432.07434 369.12012 657.7893 7 0.30603692 470.24298 159.8838 568.50836 285.41516 7 0.23663682 615.7507 472.10455 642.5605 517.15344 7 0.22515999 147.48837 303.03076 379.45645 712.9925 7 0.21209599 320.58264 562.21625 412.23737 765.3682 7 0.20899259 138.89894 344.39838 219.91335 504.38977 7 0.13388157 340.75082 252.1431 572.6701 507.17685 7 0.070487574 185.56102 369.01602 216.74931 409.85226 ,test/2533.jpg
0 0.85555536 240.64874 45.693695 803.97235 907.3699 0 0.6243525 367.88422 73.07077 730.8765 218.1576 0 0.23514554 290.5044 675.7984 645.0346 895.40326 0 0.21850576 528.3961 72.18573 793.5857 847.5098 0 0.113911964 238.13383 435.02512 673.0443 886.7333 1 0.13584337 282.07367 61.988953 795.33624 883.03094 1 0.07090678 232.01433 486.2541 459.44098 674.47235 1 0.07084079 230.45847 467.94788 671.52905 869.2042 6 0.9758539 235.02203 487.7931 459.799 648.4562 ,test/2534.jpg
1 0.114915304 171.95752 987.63007 312.5611 1024.0 1 0.051299103 386.72266 572.4002 599.3185 663.95905 2 0.99748933 386.40247 368.5738 601.26447 661.31586 ,test/2535.jpg
0 0.34589863 0.0 819.2355 210.89436 1012.4723 1 0.095135115 358.99603 390.5831 690.80194 552.7788 5 0.9985638 281.2053 389.34763 690.0593 596.9756 5 0.062262252 287.12323 431.34564 537.52094 594.7332 ,test/2536.jpg
0 0.107091315 2.789482 17.990524 167.6901 246.60246 0 0.10235968 3.265892 28.879623 205.69443 411.11383 0 0.09800338 0.0 20.924896 260.03973 694.2219 0 0.0753306 213.86053 106.710175 789.03516 650.79236 0 0.052641317 274.06805 168.02374 724.7629 235.88821 1 0.9928133 207.14313 103.39227 788.9619 661.4477 9 0.5087441 0.0 18.212006 241.74744 691.51794 9 0.48641488 2.9585953 29.18785 208.1926 417.32758 ,test/2537.jpg
0 0.27970633 625.7711 506.28833 727.69226 577.4586 3 0.16825655 625.82275 506.13065 728.0259 577.0648 5 0.32259703 121.63129 347.09747 736.49384 785.1873 7 0.97099596 119.11014 350.52094 739.301 784.63715 7 0.33444414 625.49945 506.47632 727.58234 577.2439 7 0.08910354 504.05157 656.0251 627.7697 730.4063 ,test/2538.jpg
0 0.21987332 622.2902 43.905167 684.9067 98.1252 1 0.2560287 622.7575 43.75845 684.41766 97.427475 1 0.106544115 705.69904 0.0 974.7149 170.29553 1 0.050445933 0.0 0.0 163.17102 31.781479 5 0.14855257 214.41997 554.7377 266.00012 591.421 7 0.9999145 567.9036 54.280014 807.27386 372.68512 7 0.99880016 180.51447 495.45172 705.8043 1024.0 7 0.9900332 463.65036 324.5105 745.29785 657.51074 7 0.9835864 705.2413 0.0 990.26373 171.17789 7 0.83852655 214.65598 551.63916 265.68225 591.74207 7 0.44692856 623.16296 43.934868 684.70447 97.474846 7 0.11023734 214.8705 551.7859 263.7631 570.2594 7 0.08008015 920.5047 1.9042358 996.7216 151.14359 7 0.07073644 646.69934 377.27002 745.0139 657.9917 7 0.05856397 346.19943 556.36554 387.57236 580.51276 7 0.055304367 207.69626 538.3915 261.8345 566.1842 7 0.054333553 297.45218 557.4256 392.69266 595.0712 ,test/2539.jpg
0 0.81033 318.77228 342.00845 755.2044 670.4651 0 0.70026785 624.868 525.2089 674.50055 545.85504 0 0.491399 627.68097 475.89206 688.5297 506.001 0 0.23497412 620.4153 486.5803 739.5592 547.1322 0 0.06439467 628.2594 475.42386 735.0099 513.60144 1 0.12732984 318.61993 342.17047 755.17413 670.5084 9 0.07905259 318.09186 342.36902 756.2513 671.3142 ,test/2540.jpg
0 0.99964166 568.2169 465.37708 725.0853 541.92865 4 0.9964774 363.3189 364.29373 558.7199 426.17587 4 0.056776132 384.94736 373.8672 457.61044 424.28186 5 0.99108547 45.671814 407.84125 671.0599 917.4743 ,test/2541.jpg
0 0.58192277 49.413025 646.8236 956.4758 1024.0 0 0.502803 64.287384 814.41925 509.45767 1024.0 0 0.20319039 510.80054 593.82324 1018.9105 801.2068 0 0.14318302 495.7986 635.79456 1002.1476 1024.0 0 0.085015155 618.17053 424.2121 979.7937 825.62726 0 0.07743902 110.33206 432.88092 693.6415 795.13324 0 0.075826325 54.925995 674.08044 739.6366 798.50757 1 0.6846402 640.93164 422.07056 991.1113 678.1261 1 0.23212647 90.54526 412.41455 998.16406 794.27466 1 0.20612015 769.3961 516.7193 949.02454 631.8276 1 0.14633109 54.219925 1.2813301 293.78833 77.83635 1 0.05028872 83.71945 587.5187 766.2566 797.2544 3 0.21278788 452.29764 615.34766 1000.437 1022.8446 3 0.06761561 61.11618 671.17566 788.01135 1024.0 5 0.06992405 93.93274 527.7589 996.13806 1024.0 5 0.05081229 452.29764 615.34766 1000.437 1022.8446 6 0.9857039 116.79697 429.1943 718.66626 784.17944 6 0.53033197 124.18408 441.31012 678.56177 627.5225 6 0.24981028 640.0142 422.45477 989.1291 679.7846 6 0.12818258 665.5276 434.5984 779.5686 673.6791 6 0.09844666 789.3056 510.52295 859.80304 531.9076 ,test/2542.jpg
0 0.18258284 433.49515 323.5608 635.83405 549.28296 1 0.23284747 433.24872 324.05853 636.1961 549.0003 2 0.9516571 433.9787 324.23016 636.0981 549.2487 3 0.08732846 432.9827 324.39703 635.4993 549.28436 7 0.9955302 87.52539 841.87164 208.17548 1022.5336 7 0.0500872 433.49515 323.5608 635.83405 549.28296 ,test/2543.jpg
0 0.99947506 294.0297 369.0993 785.735 797.674 0 0.417086 659.9799 642.4934 771.2609 830.3607 0 0.27698627 667.5189 383.4264 776.1398 835.7832 ,test/2544.jpg
0 0.99659485 641.113 617.22186 767.8619 674.8223 0 0.87725306 160.80246 176.5686 309.6851 230.57007 0 0.38535622 623.8914 405.13303 907.3886 446.50845 0 0.35283414 501.83267 340.438 547.7844 445.14917 0 0.18960112 710.3679 411.9656 905.2284 441.51236 0 0.18111354 538.22394 390.5907 676.8481 425.40356 0 0.1694384 804.12823 399.17783 886.68854 427.99765 0 0.15996529 459.91266 960.5162 761.46063 1020.24335 0 0.11396908 288.31247 984.58136 476.44418 1024.0 0 0.10511606 202.1344 171.93456 325.65692 205.60103 0 0.099501796 552.3225 384.9154 835.4625 438.91187 0 0.09257832 508.95367 417.04898 707.18524 564.7765 0 0.0904424 483.487 336.97766 553.611 542.3858 0 0.08792621 607.01514 598.5724 760.5762 688.6481 0 0.08290528 629.5893 530.0896 777.5308 683.36304 0 0.0675889 799.4821 401.91544 904.6884 441.49063 0 0.06514449 167.94809 190.08908 324.99973 293.51248 0 0.05962967 745.3673 389.2025 906.5864 445.70154 0 0.05098421 121.430084 289.06772 552.61 747.9513 1 0.5953833 290.66125 984.39746 476.89948 1024.0 1 0.23370843 166.10986 188.93161 325.56097 292.7538 1 0.091202214 493.1134 391.18463 671.64233 557.777 2 0.9304444 168.67712 191.51572 326.83127 293.80612 3 0.18362898 461.6591 524.0904 638.02136 719.9383 4 0.37948123 446.4403 954.6234 800.92566 1020.8093 4 0.13616244 520.4991 586.35486 654.19196 730.42944 4 0.1131144 472.32886 531.71533 648.8353 723.2644 5 0.97496665 634.6377 530.1748 929.9612 689.072 5 0.9194578 357.18222 195.08319 849.02637 418.43994 5 0.90315557 111.09134 268.6563 585.5359 745.07684 5 0.75813794 736.9983 257.14105 869.12964 428.185 5 0.6996973 464.94952 524.49146 646.8708 721.3324 5 0.6591642 567.3896 425.81265 713.9367 576.46405 5 0.4425978 110.94794 214.104 926.3945 827.91833 5 0.4341819 602.335 410.32675 922.3786 693.7113 5 0.382631 451.6971 958.033 767.84094 1021.06744 5 0.370939 466.385 529.64514 923.14844 728.55334 5 0.31577674 562.6653 404.4835 885.74646 567.02686 5 0.2723059 448.35538 424.4912 688.49725 726.8141 5 0.25743327 522.25354 410.08163 663.7046 568.7978 5 0.25357157 520.4991 586.35486 654.19196 730.42944 5 0.23218158 465.74878 293.51038 899.90564 734.095 5 0.16268706 574.2387 381.92175 740.45514 687.39844 5 0.12909752 515.89984 358.59494 754.6325 572.5423 5 0.12588808 715.01715 249.28128 814.45917 421.1766 5 0.10877504 612.0395 527.341 779.7934 635.2193 5 0.10363339 747.71545 361.1571 825.254 419.32397 5 0.08648544 751.53265 278.9539 824.5076 427.08054 5 0.08357043 432.56998 439.57562 501.95114 705.1219 5 0.07674417 104.40494 281.83627 539.32605 448.28482 5 0.076205686 618.6772 291.8136 806.13226 661.27045 5 0.07441632 88.41716 992.48047 341.4134 1024.0 5 0.0660123 744.17847 296.35138 794.4143 417.9339 5 0.06408225 144.79556 401.7774 234.75113 668.6352 5 0.060047224 290.39575 984.51447 477.2746 1024.0 5 0.054988585 164.5416 185.49219 324.4236 293.14157 5 0.050702315 552.3225 384.9154 835.4625 438.91187 6 0.09141311 37.543488 0.66838074 1024.0 319.6527 7 0.37579614 118.58339 282.85773 551.4569 751.31635 7 0.345667 358.17694 194.05225 830.2861 418.71033 7 0.2782687 445.6217 448.10672 523.0267 703.5914 7 0.249694 483.3523 336.5433 553.87244 541.7102 7 0.14553213 288.31247 984.58136 476.44418 1024.0 7 0.14383045 103.43439 283.3911 546.9323 487.23187 7 0.1069834 157.29189 175.17125 319.2638 230.49892 7 0.10411114 501.83267 340.438 547.7844 445.14917 7 0.104067154 493.1134 391.18463 671.64233 557.777 7 0.083953165 252.13834 173.65599 327.74997 207.74657 7 0.07254288 456.6012 368.80347 665.81934 721.6488 7 0.06913184 106.767395 222.49292 879.0529 747.36017 7 0.057054326 164.5372 182.76917 324.38712 293.92627 7 0.054062087 447.8792 511.87326 567.18866 713.8647 9 0.15127434 88.41716 992.48047 341.4134 1024.0 ,test/2545.jpg
0 0.60986894 467.6117 435.59348 558.0115 490.50247 0 0.5673981 354.665 909.7238 416.63565 1024.0 0 0.5070584 7.5658264 458.02808 368.54053 1011.3059 0 0.11350824 210.2985 484.48898 366.96463 1005.23535 0 0.112845615 484.8763 453.29684 663.8506 567.4701 0 0.09406327 4.519001 705.8293 76.93779 805.3216 0 0.077456675 0.0 782.4638 245.73611 1022.1939 0 0.06441204 1.7892609 701.86884 82.02846 883.6436 0 0.06435609 502.1315 437.57718 547.3909 491.2512 0 0.05168198 487.73325 463.38248 599.88367 547.48926 1 0.6482188 1.5689049 707.57556 83.33554 883.75244 1 0.5410035 3.0651245 807.9335 231.88367 1023.7014 1 0.09342325 3.5110207 708.61536 77.650894 804.35913 1 0.08235841 6.7147827 457.10568 366.15384 1008.78406 1 0.066999055 351.88068 909.93964 412.20532 1024.0 1 0.06164002 287.36142 443.99707 385.58115 610.8998 2 0.29238176 291.62323 435.668 531.8538 789.39954 2 0.07536018 287.36142 443.99707 385.58115 610.8998 3 0.9988285 533.622 479.18408 751.9157 683.688 3 0.6629168 289.71906 436.46362 532.80524 788.93286 3 0.662655 484.32697 450.0221 663.44745 571.1819 3 0.46508583 547.16547 451.55173 656.0019 522.6672 3 0.16757032 418.3091 612.4557 533.56 793.9614 3 0.1663243 464.24338 436.75903 724.0858 624.12805 3 0.10420051 522.51807 506.9042 643.4906 674.37976 3 0.09830128 484.45068 449.1084 600.4927 634.651 3 0.07781817 493.5473 457.67422 582.252 574.4974 3 0.07041961 609.1426 470.12814 750.7809 627.5346 3 0.06790268 329.58038 963.07904 377.95935 1024.0 3 0.05597047 329.67096 965.38995 354.4854 1020.05804 5 0.7872269 291.2921 433.66803 533.52606 789.95123 5 0.3249742 0.0 460.3173 368.27948 1003.9418 5 0.2207238 9.54657 31.445892 1024.0 586.0409 5 0.1578833 2.4411316 466.9818 241.18585 881.2743 5 0.14622429 547.16547 451.55173 656.0019 522.6672 5 0.1378504 210.2985 484.48898 366.96463 1005.23535 5 0.107487366 464.10492 435.0666 571.69574 489.60962 5 0.09276215 329.3407 960.457 377.52448 1024.0 5 0.0873973 350.46045 909.9184 417.9895 1024.0 5 0.066420935 485.61813 453.75867 664.2295 569.39386 5 0.060393173 763.40546 600.42413 1017.74066 816.5827 6 0.6815868 763.40546 600.42413 1017.74066 816.5827 7 0.23485622 73.18524 469.29727 359.3059 998.838 7 0.17570162 466.86792 435.22046 601.145 487.65527 7 0.0932723 2.189972 802.20593 227.94272 1021.8026 9 0.10444659 469.56308 436.52283 550.47687 490.0462 9 0.05108165 353.31934 910.01715 417.69952 1024.0 ,test/2546.jpg
0 0.99861 1.5728569 661.33295 129.50377 801.4891 0 0.82260966 84.21324 515.67883 368.76202 693.01465 0 0.2243533 388.64044 603.65204 579.1209 760.0794 0 0.17789565 393.11072 599.629 491.7921 753.27734 0 0.17352961 295.3769 588.80505 631.20514 777.3545 0 0.16636887 0.0 658.7743 345.2349 804.9147 0 0.08276613 405.69586 620.5139 459.74695 742.8126 0 0.07344129 88.02142 649.18896 141.66402 696.9595 0 0.070572995 887.3923 944.9807 939.79584 987.22363 0 0.0665975 89.13202 518.91266 602.35443 722.0931 0 0.060625706 343.0595 591.8567 471.3999 740.14294 1 0.2895653 85.899216 516.6667 368.27136 692.9285 1 0.1483862 402.29507 595.0815 559.5609 748.5799 1 0.10901586 407.08398 617.2171 463.62756 738.7143 1 0.10388338 89.13202 518.91266 602.35443 722.0931 1 0.07299056 290.14026 584.4876 630.63684 760.79913 1 0.06520612 260.99744 318.7342 711.14667 805.2518 1 0.0630308 278.33893 577.89264 457.92188 607.4179 1 0.06215364 263.97418 62.706604 816.8481 732.85376 1 0.050720733 305.57364 580.1443 645.7897 648.5934 2 0.055545814 83.6071 514.78766 368.38733 694.0717 5 0.99943835 670.6371 841.38574 930.3386 980.4686 5 0.7165456 264.90048 62.071777 808.49744 747.6928 5 0.1850972 282.0652 611.89685 630.18866 800.7173 5 0.1613731 887.3923 944.9807 939.79584 987.22363 5 0.07602383 410.9112 595.5464 570.14197 747.2897 6 0.70970553 262.19058 643.7658 792.4331 857.08685 6 0.17556024 264.49374 59.76602 804.371 789.94507 6 0.1340827 276.18768 628.13965 630.2408 799.0366 6 0.078767635 667.2676 671.142 785.8014 855.7282 6 0.06394406 889.774 945.25397 939.92365 987.5666 6 0.051975537 749.6168 666.27704 784.42505 855.19904 7 0.052822266 83.6071 514.78766 368.38733 694.0717 ,test/2547.jpg
0 0.58773595 146.28815 566.4169 367.6786 696.8168 0 0.3060158 509.6748 407.5584 816.25073 452.53937 0 0.09553404 147.28624 429.37506 369.36804 695.37836 1 0.9956644 222.75873 142.59613 822.76166 681.8966 1 0.22289775 453.259 227.4863 782.1045 430.80618 1 0.14897932 329.68512 172.59943 807.89496 461.91296 1 0.061838746 509.6748 407.5584 816.25073 452.53937 5 0.11563146 355.61966 0.0 749.0547 316.0634 ,test/2548.jpg
0 0.8932238 319.25623 190.60753 369.5705 239.01546 0 0.12511703 377.9298 493.6903 753.99915 729.1354 0 0.10575912 594.0274 476.40964 664.1829 507.9072 0 0.07646946 321.39218 220.27151 370.50668 238.79398 0 0.06409947 394.74377 485.89166 761.2186 576.4808 0 0.05665146 272.1762 512.9093 355.37433 614.131 1 0.99040234 157.94504 271.3866 871.87854 934.9136 1 0.75570816 383.01535 68.031006 659.5088 529.848 1 0.6906179 397.79132 485.07385 759.752 577.3716 1 0.6552842 389.5653 367.95914 702.8545 530.6753 1 0.48067778 377.59885 472.32736 763.891 714.7772 1 0.45048216 586.81256 475.63794 665.37067 508.19336 1 0.28887793 329.76514 201.88249 860.66064 669.3235 1 0.25789124 301.30344 493.80005 806.05994 927.80725 1 0.15030141 421.2529 467.1968 755.68567 529.3621 1 0.14652507 453.84796 451.66266 638.48004 526.2531 1 0.13281052 318.46454 190.8038 368.76947 237.93726 1 0.12139061 594.7694 482.9889 756.69934 522.02234 1 0.108994775 376.70734 406.91104 770.49457 621.7622 1 0.09630877 181.08063 356.65103 409.1823 782.5154 1 0.09425695 272.1762 512.9093 355.37433 614.131 1 0.081021346 468.01138 452.25317 638.8576 490.7447 1 0.0753611 274.22842 514.0971 409.84775 696.918 1 0.06923808 348.72626 574.70245 766.5518 793.6136 1 0.06395102 271.88544 456.1125 373.9273 625.20465 1 0.06106493 569.1227 482.33478 759.23 549.5798 1 0.053747248 300.5079 265.26782 400.48672 540.4781 1 0.052282065 305.3877 395.7374 409.1659 546.6112 1 0.050327826 369.03406 466.5435 408.23022 537.35345 6 0.8263287 400.16595 369.49786 701.3481 514.9917 ,test/2549.jpg
7 0.9997433 73.57028 79.3822 856.2926 853.8632 7 0.8200901 499.06723 6.4016724 871.463 366.28793 7 0.34314373 790.059 572.9416 841.6468 627.4417 7 0.121345446 622.18805 11.248871 871.2192 216.49207 ,test/2550.jpg
0 0.4666167 597.9033 37.02746 650.2451 78.71891 0 0.4230103 456.8905 338.17273 494.97302 428.49695 0 0.4067244 0.0 105.0254 72.15729 302.7125 0 0.23645906 300.4121 602.3816 361.79657 835.06494 0 0.118719935 524.4295 146.54187 636.7393 399.9242 0 0.056742642 628.2802 0.6440773 663.29913 45.00005 1 0.99538666 196.02321 234.29953 485.17584 855.8087 1 0.9809303 442.86633 37.992706 880.25476 716.5707 1 0.9745928 284.73712 320.41046 415.2771 512.7454 1 0.9563534 592.2308 280.20746 754.85187 485.98352 1 0.9540161 483.6319 307.82733 871.16425 690.1041 1 0.8897358 533.4632 647.8891 709.4626 685.76886 1 0.882473 502.06897 640.2877 824.2311 761.4053 1 0.8399827 357.9462 455.9929 408.50528 514.182 1 0.7969865 277.73926 418.04034 363.86145 554.01794 1 0.75977314 537.8914 646.63104 839.8001 714.8387 1 0.6235765 384.6591 392.51093 431.6296 488.49036 1 0.6070692 460.44894 67.89287 630.39514 405.28723 1 0.5681463 501.52405 63.271606 780.0935 507.59772 1 0.56076336 256.25702 423.38107 283.94885 554.70044 1 0.51653016 415.56 437.82788 454.42737 530.5222 1 0.48286834 400.95258 394.42932 436.31018 533.21405 1 0.4783527 379.96686 20.047585 617.82227 274.04654 1 0.46241623 785.84827 346.67847 919.1765 666.3531 1 0.4510544 357.766 391.24054 425.40912 523.1828 1 0.3987251 263.20844 243.26826 448.96722 540.2757 1 0.3714876 503.6751 699.78925 797.6713 772.336 1 0.35443938 408.3251 450.7453 432.91678 532.48975 1 0.34615397 376.30902 447.63623 437.54968 536.0334 1 0.3320055 488.16327 540.57794 848.80707 786.0439 1 0.32920107 792.3668 608.78644 872.91174 654.9183 1 0.312781 286.80667 385.9251 370.56766 514.3184 1 0.3100873 528.1906 616.244 837.7408 683.8888 1 0.2816193 379.58344 393.33438 405.80597 479.02628 1 0.24114552 786.7302 600.57715 915.34424 658.6637 1 0.22295526 406.2011 447.84586 420.53503 535.2044 1 0.20482872 260.98557 458.85278 400.18546 556.7208 1 0.20222864 203.81593 311.2256 455.62018 647.14026 1 0.17817673 395.368 395.9709 429.22556 460.9619 1 0.16511802 404.62714 474.6172 417.05554 533.65424 1 0.16097003 406.11615 488.67102 432.69836 533.69 1 0.15990001 417.01602 238.63742 461.1083 544.2612 1 0.1494258 383.17636 5.9027557 651.8517 456.41278 1 0.14322777 472.96298 195.52011 497.26028 259.27682 1 0.14251655 298.94522 490.84717 361.93552 550.23926 1 0.13812983 409.41342 443.30746 428.42947 503.62845 1 0.13035111 427.83224 382.9889 461.72324 533.1803 1 0.12809439 612.646 657.5898 796.7012 718.23846 1 0.12801196 249.25635 345.31244 345.2528 552.83405 1 0.124892056 257.0348 521.58777 281.1621 556.17664 1 0.12278802 254.0629 416.47412 312.53293 552.5834 1 0.120162986 383.94513 496.63092 409.99188 537.69574 1 0.11865091 426.12317 412.7552 446.48517 531.6932 1 0.115556054 383.95105 248.77356 453.011 537.6598 1 0.11498943 528.8353 482.04797 861.41345 704.624 1 0.11442738 493.01193 276.51678 806.04443 538.59143 1 0.11112178 377.91165 448.2969 412.3975 503.7181 1 0.106514804 340.04715 320.6272 438.36435 513.5311 1 0.10277665 839.0198 648.57715 887.9137 708.53345 1 0.09685306 581.91785 2.4895477 934.9784 357.75183 1 0.09415607 414.22797 399.76712 433.16827 491.0853 1 0.0893022 464.52472 331.8852 507.0597 773.55096 1 0.084647134 281.37433 416.83075 323.42188 546.39514 1 0.07968093 866.5239 894.3643 906.47925 925.4659 1 0.07789149 450.60843 421.13312 469.88022 523.98346 1 0.07595374 475.25293 634.354 508.8036 771.7112 1 0.07433828 402.85016 429.77896 421.37378 500.91495 1 0.07193086 341.40036 439.34457 420.49203 529.3601 1 0.07181938 371.28247 417.9512 414.48798 507.7584 1 0.06929107 543.2596 704.79364 738.07 758.1984 1 0.06546327 398.36975 482.68347 414.27563 535.83887 1 0.06493098 473.55017 518.9947 506.01685 785.81757 1 0.0617367 417.83734 443.91684 434.79578 523.63855 1 0.056848776 456.62515 335.3232 496.07144 429.09073 1 0.05572577 397.11276 399.62943 418.83932 493.683 1 0.053365476 409.7358 363.6737 467.67996 541.7837 3 0.073582284 0.0 105.0254 72.15729 302.7125 5 0.09795588 525.95184 148.18661 636.6811 398.77304 6 0.38273934 474.87222 0.0 572.2057 76.59001 7 0.9993487 65.20961 160.27324 192.88335 508.06976 7 0.9975858 209.23969 5.417557 425.24194 277.90387 7 0.9630798 627.54535 0.0 930.8012 361.84656 7 0.92447644 559.57654 0.0 663.4404 52.673122 7 0.8400449 320.4696 1.981533 570.48895 76.64987 7 0.7288884 524.9207 149.7569 635.93256 397.70892 7 0.6390308 597.4316 36.02453 651.3361 78.56322 7 0.6349181 174.69077 158.45718 242.62366 496.5928 7 0.3381991 456.78217 338.83057 495.12384 428.65833 7 0.18368934 628.29895 0.5696564 662.94617 44.839306 7 0.18237093 199.80374 1.8621979 641.5547 303.43054 7 0.13794443 0.79712296 98.12125 88.62921 599.86804 7 0.118444964 379.46527 11.916565 613.81287 270.9275 7 0.10559838 642.47174 0.0 920.85187 172.9156 7 0.097554736 383.17636 5.9027557 651.8517 456.41278 7 0.08011467 498.63943 0.0 672.047 74.56566 7 0.0762153 520.5833 340.26917 603.06476 399.6134 7 0.063062645 0.0 105.0254 72.15729 302.7125 7 0.061010003 300.4121 602.3816 361.79657 835.06494 7 0.05372695 594.77625 281.51227 724.42395 445.54456 ,test/2551.jpg
0 0.93555737 442.26395 162.39311 534.3137 210.16652 0 0.4630732 558.1888 1.606575 710.7034 135.42398 0 0.4141082 524.25397 82.15983 693.39606 283.7112 0 0.27403805 272.55176 761.61896 331.92352 809.3348 0 0.14567669 505.5539 303.90503 696.1114 581.2698 0 0.08474639 267.20563 780.9416 331.63098 937.3072 0 0.058170553 47.15219 74.22022 153.41951 315.18878 0 0.051877074 182.31305 0.76371 405.37433 92.10269 0 0.0512138 60.67348 795.8537 116.72577 872.4284 1 0.111816935 525.1964 82.10118 693.80347 283.24634 1 0.059224688 506.37308 303.42346 696.90967 581.3132 2 0.78383875 505.39825 303.9042 696.02814 580.7634 5 0.084107235 504.82123 303.55902 696.1705 582.48505 6 0.38473198 506.17563 303.49832 696.49243 580.64746 6 0.34733352 45.780552 73.91606 153.8021 313.5769 6 0.06423811 53.343067 174.5139 136.26404 311.38177 7 0.6126095 522.2247 81.16166 694.1469 283.53314 7 0.19943748 558.6145 0.0 710.0836 154.92203 7 0.13225727 182.31305 0.76371 405.37433 92.10269 ,test/2552.jpg
0 0.99984455 381.5968 386.7158 682.1737 623.7007 ,test/2553.jpg
0 0.7552621 387.7204 31.850372 642.24567 957.9553 0 0.28918952 333.9444 0.0 608.5639 120.88832 0 0.18864754 464.44254 154.22968 591.9618 454.3095 0 0.13710923 334.157 17.043304 606.057 549.542 1 0.75064844 333.69745 0.0 608.3092 120.43437 1 0.33372912 410.36737 57.301605 642.03485 983.4404 1 0.06792661 334.157 17.043304 606.057 549.542 1 0.061484516 464.44254 154.22968 591.9618 454.3095 7 0.05336251 379.48538 33.4144 644.474 957.05334 ,test/2554.jpg
0 0.23877053 0.6064024 506.3478 27.47649 651.7261 5 0.16112836 85.8636 336.01218 270.73206 694.79834 5 0.09571693 0.53665733 506.7707 28.941423 651.7426 7 0.9999013 232.33803 144.40793 662.04584 887.8052 7 0.9998834 585.7303 265.42126 853.01666 780.681 7 0.5756818 0.022871017 507.7504 30.781542 651.7489 7 0.19348733 576.11475 263.30374 828.87024 355.48453 7 0.101632506 10.049963 513.3937 27.1499 640.64844 ,test/2555.jpg
3 0.996095 470.99866 217.59702 753.9072 613.77563 ,test/2556.jpg
0 0.53723466 347.758 666.828 373.66565 717.93176 0 0.29466674 289.04608 701.2046 439.41443 757.34546 0 0.13264227 436.2969 397.64474 630.03577 491.192 0 0.10158375 324.01227 663.54 374.76324 719.11786 0 0.061906908 326.4638 658.33936 349.52356 718.9895 1 0.50776345 435.44855 398.03384 630.9323 490.47092 1 0.1913026 290.0756 701.21136 439.55173 757.0041 2 0.6932144 435.49854 398.0571 629.5112 490.12363 5 0.13349675 435.5525 397.4122 630.828 490.723 7 0.7216137 290.15283 700.94354 438.25842 756.71063 ,test/2557.jpg
0 0.9728775 492.3613 849.86176 629.6599 957.66254 0 0.09586506 521.43646 311.2292 622.439 416.12152 0 0.07526113 900.3565 124.80058 1022.4693 369.23553 0 0.06697556 218.0057 156.05855 627.6587 525.04144 0 0.06367756 851.1294 706.557 1022.2379 1024.0 1 0.97053736 218.07646 153.50049 626.1114 525.0108 1 0.90813696 901.06903 128.09317 1022.6884 368.85007 1 0.09718577 192.70016 33.40094 1024.0 675.8664 5 0.85616416 855.7778 708.10913 1022.57465 1024.0 5 0.60880154 900.3565 124.80058 1022.4693 369.23553 5 0.50442845 483.76062 121.33627 1024.0 675.0792 5 0.18109463 734.3752 0.0 1024.0 375.64917 5 0.11002506 657.427 303.98 1024.0 673.3125 7 0.13382283 901.1636 127.22917 1023.33264 366.8819 7 0.07429728 493.78946 850.60077 630.1881 957.5003 ,test/2558.jpg
0 0.12681574 66.61322 213.98917 849.6712 753.11804 1 0.16157989 71.43561 215.56613 847.11804 751.30115 2 0.9283705 77.37396 218.21655 845.5356 750.7408 ,test/2559.jpg
1 0.8341313 144.32361 297.7675 724.0788 834.74817 2 0.525663 146.4826 298.0707 724.643 836.2435 ,test/2560.jpg
0 0.15175216 791.2782 323.2652 1021.121 565.10724 1 0.15076372 788.9728 328.2738 1021.4999 565.8964 3 0.63251185 788.37317 327.3535 1021.3738 565.6273 4 0.9981523 434.2564 367.42682 781.16156 544.63806 ,test/2561.jpg
0 0.2630202 401.6046 944.66455 486.7245 1006.12354 0 0.14855361 327.54315 917.2897 487.1098 1006.0355 0 0.06043719 813.6797 653.8122 849.37683 691.6995 0 0.057390362 733.0105 377.93958 788.4822 401.49524 0 0.05198748 105.80373 448.7878 189.90807 558.12354 1 0.9863809 50.373985 825.14343 213.94168 907.3685 1 0.9700338 328.93753 915.58417 487.25735 1006.6187 1 0.84724957 230.62581 258.70328 528.77136 375.17734 1 0.68316513 467.98715 181.9691 588.77936 277.45715 1 0.38451737 241.4416 261.65323 403.88306 368.31564 1 0.26906517 230.57309 315.5313 284.47318 372.37982 1 0.22509405 213.40358 188.82973 592.3447 303.794 1 0.17933047 403.03833 944.4912 486.6875 1005.97815 1 0.17301501 311.9207 204.57053 509.74582 303.91595 1 0.08281195 381.62906 257.88287 503.78018 296.04865 1 0.07552946 509.3768 244.72731 590.5217 275.35754 5 0.056386653 6.660797 458.76654 143.7251 593.55634 5 0.051595706 651.77405 487.9997 750.43384 585.12897 7 0.99979156 247.1996 647.8688 455.7503 939.8624 7 0.9989604 74.31434 545.94775 329.39606 864.3369 7 0.9946455 322.75714 462.89282 516.52124 703.01184 7 0.9883172 337.07495 266.5297 598.5532 510.0828 7 0.9873771 399.1284 452.43723 822.18677 938.927 7 0.93927664 398.03247 701.53064 647.8048 944.77234 7 0.9252202 127.41931 298.98892 406.46637 573.63477 7 0.9201238 497.76395 355.83685 792.1659 651.73627 7 0.85570824 716.1511 550.97723 822.2877 671.11163 7 0.7340816 131.86688 214.07245 602.39777 591.4262 7 0.5932601 206.34813 220.45525 312.17236 332.1285 7 0.28964838 500.87836 331.90393 680.3256 515.3624 7 0.24073273 335.6258 304.99194 760.9755 565.6521 7 0.15242913 720.8741 380.5402 791.2199 533.8298 7 0.12922582 471.77545 457.28528 761.51044 693.6267 7 0.10003664 198.76636 228.70155 553.62054 377.5805 7 0.09296471 733.0105 377.93958 788.4822 401.49524 7 0.08704447 813.6797 653.8122 849.37683 691.6995 7 0.08511479 713.5496 589.20026 834.3582 702.0976 7 0.08427561 661.6718 372.81625 791.0788 551.0419 7 0.08040932 659.9479 518.6046 845.4155 693.46655 7 0.071567 765.78174 533.422 843.98987 696.1665 7 0.07148208 609.88074 566.08826 829.8871 910.7384 7 0.06741611 210.81664 336.7461 381.02307 451.69452 7 0.05944234 329.18253 633.29614 414.46854 684.20447 7 0.058839187 517.62665 465.51016 597.8582 518.59216 7 0.057684075 144.97137 542.2028 335.87607 676.74445 7 0.05592667 798.5066 533.6523 834.746 690.1706 7 0.05233794 652.3577 480.2381 783.3471 622.7005 7 0.051509008 412.49283 677.6772 458.9589 708.24164 ,test/2562.jpg
3 0.9997614 265.42285 263.952 838.53345 705.61475 ,test/2563.jpg
0 0.96125346 361.68314 212.12013 390.90518 312.7176 0 0.342723 429.5476 671.00085 791.88477 954.6212 0 0.22650166 546.71906 487.6819 629.26935 539.6459 0 0.11946389 168.29747 89.13945 549.76904 312.1648 0 0.06558335 644.4506 141.21674 750.2249 391.6043 0 0.05499167 193.5829 277.38998 506.78113 324.43045 1 0.98637086 241.78119 468.4665 554.5383 681.8493 1 0.11738478 644.71216 141.17194 750.8391 391.76788 1 0.10666948 546.71906 487.6819 629.26935 539.6459 1 0.097684525 472.09534 477.18384 560.94543 666.2744 2 0.9433496 217.3339 316.82077 517.5156 509.6346 2 0.10500768 227.08144 309.85083 547.1831 685.81067 3 0.1297983 429.5476 671.00085 791.88477 954.6212 3 0.07245998 546.5934 486.86633 629.57605 539.03796 4 0.98756146 499.88812 210.62328 658.80695 498.97174 4 0.12906504 643.068 139.24475 750.3092 392.435 4 0.12813814 508.19986 209.05608 656.04565 309.5633 5 0.814962 168.79349 90.4635 551.11523 311.39047 5 0.6535336 643.91595 140.48557 752.1702 390.63773 5 0.6507824 429.6271 670.374 791.9724 953.82446 5 0.11051401 256.1991 217.48262 382.67047 314.31152 5 0.088245556 305.49677 98.966805 539.31067 278.9322 5 0.08291231 360.34842 213.10579 484.78665 314.1519 5 0.07456892 546.71906 487.6819 629.26935 539.6459 5 0.06290367 201.94504 211.31976 511.61093 332.26886 5 0.060605317 455.32422 182.84921 585.4949 235.82806 5 0.05610719 361.25003 211.56413 391.4155 313.5745 6 0.38238335 220.60278 316.2674 516.3233 509.09955 6 0.05732094 247.81207 90.77854 536.8016 312.8861 7 0.13886204 429.9431 670.55164 792.1057 954.21704 ,test/2564.jpg
8 0.99877137 336.54486 222.42677 437.53033 456.98334 8 0.99766856 168.79161 227.6755 270.32196 460.2639 8 0.98272544 261.77072 230.72044 348.53604 458.16565 8 0.9616649 450.88184 581.96985 763.4419 703.14746 8 0.790973 386.79688 633.61163 756.5167 701.8719 8 0.33211115 478.2356 629.59686 652.24475 699.5976 8 0.18224035 310.234 229.79709 347.2907 467.22702 8 0.08500635 466.85992 598.5449 765.34015 660.2344 8 0.055942256 388.51328 653.5577 650.20044 701.41547 ,test/2565.jpg
0 0.9801239 507.93512 698.7491 598.4222 790.4406 0 0.52765185 510.82196 698.63495 586.8012 753.22064 0 0.27627158 769.02026 737.3709 1021.14624 1019.75726 0 0.12109262 383.04272 360.92752 729.0834 748.3097 1 0.082577236 769.02026 737.3709 1021.14624 1019.75726 2 0.10215052 766.57697 734.49475 1021.6126 1020.71875 5 0.5678134 174.17072 387.83075 440.68225 666.37067 5 0.13058506 382.3347 360.7547 730.6715 748.86237 5 0.113727964 245.05658 458.20117 437.86047 645.13806 7 0.5078484 383.31015 360.42334 729.6284 748.7385 7 0.12142686 395.2715 360.71838 561.6843 731.61804 7 0.054558255 169.55376 376.40698 501.59778 720.6572 9 0.2661099 383.04272 360.92752 729.0834 748.3097 ,test/2566.jpg
0 0.24233583 258.4187 415.31116 467.41388 510.50995 0 0.14245242 607.10394 314.48438 669.378 404.2155 0 0.08375965 616.62976 315.54663 709.4182 390.55286 0 0.0703158 600.5688 422.87512 764.5328 553.5967 1 0.9984106 107.290436 249.68152 555.35266 782.7905 1 0.9924501 521.17017 219.88397 860.9247 734.92145 1 0.67560506 664.45807 333.02002 709.5285 388.0199 1 0.48449266 616.7287 315.82513 712.435 389.96362 1 0.3118936 528.3597 229.90369 830.63104 443.18518 1 0.26303607 604.5677 215.29974 959.3161 578.5049 1 0.20674203 682.75037 351.26596 708.1771 385.4987 1 0.12933145 430.29303 213.13455 573.6588 566.13245 1 0.11519227 456.24316 218.94736 775.2117 555.76306 1 0.11192122 498.05978 496.16937 565.85547 701.04816 1 0.111364424 523.48224 255.94315 723.5319 408.88443 1 0.071587175 598.43024 272.9999 773.3228 402.01016 1 0.06891595 600.56616 423.68152 764.2434 553.96924 1 0.06667761 231.02191 305.67676 492.74176 649.884 7 0.9541091 605.2916 315.1027 669.8353 404.50656 ,test/2567.jpg
0 0.98680913 586.2129 189.20956 664.3323 329.4279 0 0.15662183 417.74258 260.07846 713.10693 327.2388 0 0.100223094 666.2713 269.69235 741.1087 304.53543 0 0.09440398 491.92966 199.99944 700.1028 346.72137 0 0.07820206 645.0353 276.77756 787.9496 472.82236 0 0.066567644 677.5605 269.0685 736.3421 286.75662 0 0.065940835 375.85672 265.2019 766.85205 645.63055 0 0.06479143 668.64404 272.6711 740.05054 333.4725 0 0.05574144 516.77106 256.09695 669.55145 336.8311 1 0.6390336 375.25726 265.2187 769.1203 647.622 1 0.3918766 371.53622 273.39893 519.8407 357.21802 1 0.085703075 369.48224 264.6201 738.6862 349.26315 1 0.05859119 642.29034 276.954 789.7077 475.12827 1 0.05677011 448.8492 265.55563 547.89703 278.91263 2 0.62258196 376.98157 265.25867 754.30054 648.3607 5 0.106371835 652.81036 273.83347 788.50726 457.35318 5 0.09182882 375.72827 265.36536 767.4636 647.7899 6 0.4132611 648.8686 275.8278 788.3084 465.8422 6 0.11585061 673.9116 340.62964 775.28613 431.26483 6 0.059930965 697.3383 291.01212 787.94403 427.68362 7 0.14495094 5.8455505 260.0975 544.5134 451.92453 ,test/2568.jpg
7 0.99984896 23.73999 206.49725 984.7476 934.872 7 0.076672405 281.42642 417.0066 889.39636 705.537 ,test/2569.jpg
0 0.15240943 384.8235 361.9688 475.78455 398.2342 0 0.12141098 15.139832 187.0199 959.2324 889.5653 0 0.08626423 99.90828 668.23364 561.28925 883.4617 0 0.06197527 88.84598 540.62305 782.8053 887.02075 3 0.9939715 217.69083 491.09683 336.98727 623.55994 3 0.9835337 680.51105 596.2083 768.0336 675.6149 3 0.9770792 336.02567 373.44113 555.2013 497.82822 3 0.949086 605.9647 533.17505 690.3871 656.906 3 0.9412563 637.8444 437.37228 770.13495 602.30945 3 0.9381031 626.94556 640.25757 752.812 740.31726 3 0.9305072 568.3034 637.66785 651.04584 737.3524 3 0.91756433 287.99716 542.378 438.89896 679.9117 3 0.8878853 513.4473 408.55545 662.75507 564.08704 3 0.7340783 576.56696 407.61844 662.5037 484.22006 3 0.7098092 317.33255 489.6241 420.87997 572.7814 3 0.7020789 391.85446 422.2671 669.8202 576.89746 3 0.6635843 426.9148 447.89102 577.5243 579.7668 3 0.45123953 404.87897 561.522 598.18286 641.0239 3 0.36324137 510.24255 584.4844 620.5149 704.49036 3 0.27300984 383.80637 605.108 436.04825 645.39935 3 0.20723945 366.18936 557.3216 436.10556 596.16864 3 0.1642168 409.3725 400.8008 587.19586 638.4469 3 0.16373026 370.03412 532.5254 447.58496 592.7516 3 0.13911071 266.47327 491.17133 437.4027 591.32184 3 0.13866942 511.0569 389.35754 663.3889 477.6366 3 0.13799013 300.47687 605.7769 426.36688 680.3835 3 0.12668917 560.68445 548.27966 632.2114 612.0681 3 0.11764491 510.4594 501.63614 579.74493 569.66254 3 0.11060703 484.88516 561.348 594.368 616.6599 3 0.09027062 248.58157 489.24 343.0192 549.501 3 0.08537288 314.97903 554.44476 435.02835 625.40924 3 0.08357271 493.11108 553.5883 625.06885 653.4726 3 0.08304444 514.6375 419.0628 770.64606 603.59 3 0.07692378 368.86688 436.16864 530.347 579.6217 3 0.074810855 207.10822 492.9209 440.21143 647.62085 3 0.065721534 315.06458 639.64667 452.2531 685.10297 3 0.058487643 341.5642 400.76862 411.33093 496.56238 3 0.055221777 432.62958 544.5221 506.3031 584.61816 4 0.97642046 292.82645 665.8593 575.5867 765.6728 4 0.5853366 509.9918 582.4709 621.6214 712.8958 4 0.33208704 370.07275 636.9765 524.47943 684.15045 4 0.18142225 393.09735 629.463 600.43463 713.0386 4 0.17170706 421.55322 448.74408 580.6642 579.43536 4 0.14080031 187.6334 635.5122 565.89136 879.66064 4 0.13449888 566.8793 610.776 649.88306 740.0012 4 0.11808361 504.4403 595.5369 582.7252 761.1668 4 0.10408698 627.2964 641.1716 752.1013 740.0688 4 0.06862609 290.97855 541.6845 439.9246 677.2669 5 0.15164721 384.8235 361.9688 475.78455 398.2342 5 0.08895874 103.583176 659.5146 562.5483 883.4323 5 0.0601321 370.07275 636.9765 524.47943 684.15045 7 0.8644217 2.0180054 174.23563 963.6224 905.76196 7 0.2244064 88.84598 540.62305 782.8053 887.02075 7 0.19259499 389.83774 362.03674 470.10605 395.49817 7 0.06677412 99.90828 668.23364 561.28925 883.4617 8 0.1592822 426.95013 449.59723 577.2515 579.06793 8 0.15035233 404.87897 561.522 598.18286 641.0239 8 0.14227155 511.22336 575.2834 620.50366 708.08527 8 0.081188254 578.07965 407.7938 663.28925 485.36502 8 0.080842525 434.04855 404.0679 667.4601 579.37134 8 0.07871338 637.70154 435.19424 770.7888 602.50916 9 0.053615108 10.279663 183.19568 966.4143 897.57153 ,test/2570.jpg
0 0.5398457 179.39406 384.0346 431.27246 609.0783 0 0.26374367 434.85956 241.83263 660.9887 456.35175 0 0.057421453 597.01 493.6548 867.2565 736.14954 1 0.40246752 433.87424 240.7322 660.24243 456.99133 1 0.39937317 177.81529 382.45474 436.37103 607.1135 1 0.10244817 590.6588 488.01822 871.6283 727.7814 2 0.9881563 597.19934 493.18127 868.6384 733.85815 2 0.84605986 179.38823 384.18506 431.22125 609.2583 2 0.66163605 435.3469 241.83818 661.5872 457.35785 5 0.46256822 435.04413 241.9252 661.033 457.40482 5 0.09732805 180.37206 384.52557 430.3642 608.55786 ,test/2571.jpg
5 0.42340273 1009.3354 845.3883 1021.75885 945.6587 6 0.9944031 125.416046 287.80444 929.29224 755.27844 ,test/2572.jpg
0 0.16850986 0.20721436 598.60876 78.67055 1024.0 3 0.9998474 438.07428 339.81326 682.33527 663.9392 5 0.08698404 0.6481018 598.87683 79.01108 1023.4431 7 0.098332845 0.3772316 594.58856 75.565506 1023.90607 ,test/2573.jpg
7 0.9959603 274.11813 159.09627 768.78467 638.371 ,test/2574.jpg
0 0.16707557 619.2369 437.78967 679.18414 467.45044 0 0.07111059 586.8851 325.92883 699.0649 439.9568 1 0.9332719 587.62164 322.91974 698.6496 439.75543 1 0.35792825 312.05627 559.6689 525.93115 709.73224 2 0.9362996 312.15906 559.664 525.92914 709.56 2 0.38950923 587.14185 322.58536 698.9263 439.75235 ,test/2575.jpg
0 0.36825737 61.29731 550.8529 302.42755 650.73157 6 0.2465303 115.35424 403.1825 216.53363 517.0875 7 0.9970572 148.37595 270.31543 824.9315 786.9204 7 0.49609104 378.35938 534.7294 828.5255 790.1139 7 0.0812235 57.940254 551.23517 311.02292 651.47455 ,test/2576.jpg
0 0.3233033 306.00537 208.67621 698.19446 515.2174 2 0.06284828 306.00537 208.67621 698.19446 515.2174 3 0.9855929 307.0384 208.58534 697.9442 516.50854 7 0.82492095 50.060493 665.7723 260.52304 825.23895 ,test/2577.jpg
0 0.18773356 0.0 450.83102 120.848816 494.36526 0 0.09143269 14.004028 0.0 553.06287 421.3805 0 0.08303271 566.9311 354.59418 785.19904 509.1626 0 0.06483145 653.16455 589.50525 732.3623 615.8218 0 0.06420339 579.90094 517.27045 772.2426 574.9345 1 0.9912186 448.02643 184.26042 833.57404 561.2662 1 0.5743008 517.5515 347.016 845.97815 551.0563 1 0.24917999 14.287201 0.0 552.94946 421.23163 1 0.23832898 531.9498 493.54794 817.73987 618.1756 1 0.21494703 553.39453 369.15408 778.23975 504.13425 1 0.1943772 363.67072 256.75024 484.1632 427.45947 1 0.16641723 802.3581 348.3238 870.4028 464.8239 1 0.1443812 0.0 603.9986 31.01183 641.0008 1 0.08753926 535.51465 470.58627 817.4171 557.5428 1 0.061263602 2.096899 602.0171 54.088318 643.3993 5 0.33655876 736.9888 363.26877 809.1676 458.58273 5 0.10421728 331.23685 405.42535 372.71878 436.2716 5 0.050216746 0.38064575 449.2263 119.575066 495.093 6 0.71755236 534.208 498.6259 814.20496 616.5458 6 0.5819396 803.71356 348.6911 870.2657 464.63623 6 0.3830664 363.08783 251.97398 484.4696 428.6822 6 0.07070744 582.04944 509.99884 760.1133 556.82367 6 0.064263254 535.51465 470.58627 817.4171 557.5428 7 0.9998573 72.343094 403.53992 495.51678 733.7394 7 0.8125526 0.8764229 449.80276 118.08435 495.10257 ,test/2578.jpg
0 0.7297156 488.46658 655.80505 571.8513 746.7489 0 0.14928098 709.604 210.46901 1024.0 600.53107 0 0.13061725 452.75897 628.35785 489.89465 723.50397 0 0.12811407 63.938515 526.17316 97.84019 567.9605 0 0.11258121 0.0 105.902985 57.468067 231.99939 0 0.10834587 0.0 563.69104 24.074917 661.2803 0 0.09917917 805.0048 446.82956 1020.7874 605.5061 0 0.07914433 465.56833 662.5721 490.87637 725.15424 0 0.07662874 469.2577 436.42932 922.3301 871.8042 0 0.063505225 527.2958 413.6439 605.1837 624.79816 0 0.05731299 465.82864 634.27325 487.5579 708.63495 1 0.9901777 14.159332 57.72238 319.3522 533.9264 1 0.9873016 36.8694 8.474953 247.17024 258.43335 1 0.9649213 497.86197 188.9881 711.00696 429.8783 1 0.9603013 495.10114 210.19563 851.5434 660.3414 1 0.95225245 296.61472 215.22635 509.68997 759.9254 1 0.94346493 391.3139 198.79025 881.8852 873.9347 1 0.7293022 527.12286 414.54254 604.7579 627.03973 1 0.72347397 0.5993805 303.6134 80.45176 528.60846 1 0.714347 361.5052 65.57323 716.7513 421.96057 1 0.6471318 0.0 261.04065 30.120094 441.73853 1 0.5714034 0.0 563.69104 24.074917 661.2803 1 0.56757444 474.9394 410.89398 556.76605 663.07806 1 0.5582328 0.46823502 102.791374 59.765984 284.05475 1 0.55486095 0.0 327.4868 16.967466 437.22623 1 0.45344344 462.68637 528.7727 524.93024 669.11475 1 0.4017783 505.12177 421.28796 550.8099 471.9485 1 0.24068868 1.8462677 199.44217 43.58438 280.23468 1 0.23052049 449.76813 402.6825 573.54285 738.12634 1 0.22149533 472.44736 458.01187 863.1642 724.4745 1 0.21058026 35.699005 330.1577 329.35364 540.0097 1 0.2087957 452.75897 628.35785 489.89465 723.50397 1 0.16579954 324.3513 402.92227 565.467 750.90845 1 0.14127155 1.2423935 104.446686 106.317566 523.12756 1 0.1374377 398.8531 496.47998 554.9834 651.69446 1 0.13670625 1.7649231 98.06145 116.59386 260.72363 1 0.113736674 356.97858 225.09583 548.7343 430.05396 1 0.0979432 2.036209 249.49509 74.36071 440.40836 1 0.09153172 512.26697 372.2083 570.21814 435.7743 1 0.0888348 478.62726 358.90387 612.82184 661.84827 1 0.07983913 6.0943375 261.3919 44.936695 418.46088 1 0.0750016 0.6460724 220.57608 428.9217 617.5536 1 0.0717394 322.22604 234.87907 396.56815 402.46136 1 0.07171296 302.0255 160.11118 756.8495 665.02527 1 0.06977087 1.2237473 264.75134 35.570892 347.81232 1 0.066446856 439.57767 500.00238 522.0717 714.43097 1 0.065506265 445.51712 436.63986 999.29504 848.3353 1 0.06550365 64.266174 526.18945 97.91545 568.0499 1 0.061689068 536.59186 440.78925 580.4029 629.6224 1 0.057009466 34.089546 96.60446 189.36658 256.68213 1 0.052883975 431.6685 226.78075 661.83936 652.90576 1 0.05287799 528.23706 387.63928 567.2805 430.78168 1 0.052040245 465.82864 634.27325 487.5579 708.63495 2 0.21443191 64.32371 526.15906 97.682304 568.13635 5 0.4039214 64.26086 526.1357 97.91958 568.21564 5 0.081089094 1.1427917 106.30592 57.734478 237.20003 7 0.9843237 2.6618767 0.26201248 118.56973 126.59929 7 0.50516206 0.0 105.902985 57.468067 231.99939 7 0.22784218 77.38409 0.0 112.88709 90.09823 7 0.08211689 4.978876 106.21582 65.25491 131.4872 ,test/2579.jpg
4 0.9988689 340.194 411.71606 535.89923 766.71765 ,test/2580.jpg
0 0.99902487 556.0258 336.10956 622.29816 415.83832 0 0.9846719 140.25693 761.58954 189.66394 815.13983 0 0.7527207 631.8718 327.96976 688.40186 374.03055 0 0.5571475 629.8161 333.1275 823.51935 487.1717 0 0.27103415 277.80032 719.4628 354.0477 803.4633 0 0.25820962 684.1983 342.1966 728.5633 390.89758 0 0.17606036 606.6153 276.66797 873.86176 551.4862 0 0.1457316 289.42004 717.3568 411.8142 751.095 0 0.13188784 546.13416 335.0412 704.04785 413.29028 0 0.09724574 231.64948 665.92096 303.3877 736.9373 0 0.064188026 518.2715 276.0476 894.91345 711.984 0 0.060180675 261.6264 656.65356 420.4925 761.74536 0 0.052639313 295.60086 719.39575 406.52274 736.38196 1 0.97426164 84.817856 461.17822 595.7347 828.666 1 0.72965646 280.81354 631.35547 608.7922 824.2599 1 0.3143562 417.71954 740.21967 492.2843 781.3199 1 0.22078326 410.2702 648.4225 558.714 780.2628 1 0.19561505 632.2398 328.28705 687.80023 373.2942 1 0.16856697 518.77795 619.9784 606.0386 804.17114 1 0.13921306 233.40428 666.68365 303.92575 730.24457 1 0.12682754 161.13403 614.5396 409.0014 758.56476 1 0.12677553 410.3521 706.60077 569.3234 795.83234 1 0.12060301 416.99884 738.67114 530.376 798.73035 1 0.10655559 464.08832 768.035 521.1565 806.4401 1 0.10463206 466.59247 766.6561 498.38904 799.05383 1 0.0851321 414.3967 692.38837 527.661 763.554 1 0.072593495 288.2478 709.09906 554.89764 813.29974 1 0.06415286 471.7441 649.4791 580.7622 816.20544 1 0.062100656 545.5354 690.38135 570.4321 769.46875 1 0.05760332 451.15228 763.7766 577.8427 807.35913 1 0.05649398 263.0271 655.94867 407.32294 748.59674 1 0.05350276 152.30374 471.38156 532.58093 641.2997 2 0.07116031 632.3181 328.03302 688.2184 372.93628 3 0.89469904 501.32172 938.8722 534.191 991.8229 3 0.06068131 630.02014 334.25684 815.30554 480.64496 5 0.15791184 628.9277 332.68488 819.9207 483.6186 7 0.9994293 230.42485 214.73123 539.4847 620.0254 7 0.9961046 516.42126 272.39838 904.022 732.1209 7 0.29165092 611.06177 278.68555 869.0122 551.16266 7 0.2174292 629.9359 332.8927 819.8086 486.01782 ,test/2581.jpg
3 0.9992772 253.60083 432.9642 683.3154 695.36255 ,test/2582.jpg
0 0.49777737 283.9779 176.36734 311.16858 364.6696 0 0.08458974 149.621 361.89047 819.2335 620.69946 5 0.20971465 284.50705 179.59999 310.54373 340.7904 5 0.142752 157.32776 361.24646 810.4504 617.1946 7 0.946855 153.7284 361.6938 810.1697 618.0781 ,test/2583.jpg
0 0.99740535 455.71222 268.67233 891.9349 944.36475 0 0.5683309 454.74677 267.76367 718.63214 460.22052 ,test/2584.jpg
5 0.9914609 345.20526 301.2423 844.5273 899.74255 ,test/2585.jpg
0 0.9976344 303.68936 272.86972 651.96277 753.52185 0 0.9543822 155.18858 61.460808 294.94537 232.2041 ,test/2586.jpg
0 0.9464014 496.34286 475.24612 672.0818 595.3666 0 0.8142538 503.60074 512.61053 575.34424 595.44855 0 0.319608 166.35709 3.896637 867.0232 874.78406 0 0.30104962 429.56342 469.1969 512.1965 591.3418 0 0.25627849 663.59784 345.09674 799.7065 547.0211 0 0.19803788 457.75714 515.65015 529.29175 580.8163 0 0.18597879 332.37506 206.47461 399.15466 593.73505 0 0.18087621 507.3242 517.3985 530.9042 578.12445 0 0.16027153 420.74756 398.1723 806.1907 819.3776 0 0.15246643 430.41675 506.84958 576.20746 592.9188 0 0.142898 325.55557 213.68922 459.39212 605.1767 0 0.1369267 491.11905 515.4672 519.6184 572.6285 0 0.13216615 428.10675 386.12186 800.30804 597.18445 0 0.11779764 426.60568 170.30762 793.6698 594.62085 0 0.115795806 518.6491 509.70944 567.86957 523.9216 0 0.094340056 440.1519 478.39374 467.66537 536.5695 0 0.08756209 431.3963 479.3539 477.4453 571.2107 0 0.079603836 481.34003 178.65303 601.337 231.07024 0 0.071218885 265.98953 210.89532 512.5951 823.8538 0 0.05625675 385.32962 186.01848 575.4244 527.3838 1 0.9322996 428.53662 180.0682 793.8165 554.7644 1 0.5055051 482.3637 180.24533 602.0213 230.66788 1 0.33547962 407.93118 186.61552 592.95905 510.55164 1 0.3273457 438.879 386.56232 574.63916 524.58344 1 0.18986134 595.359 165.53947 792.4104 534.6193 1 0.18037087 351.61426 178.71558 810.96814 784.341 1 0.09896417 332.37506 206.47461 399.15466 593.73505 1 0.08345711 593.5107 174.18063 788.2104 355.27933 1 0.08167159 441.53156 385.16214 576.4863 453.50266 1 0.068614855 442.2166 470.50967 470.37823 526.8489 1 0.06782679 330.2312 196.68675 560.6125 560.93286 1 0.066512525 434.01172 389.05154 711.9453 589.09515 1 0.06469782 430.668 487.6846 467.2706 534.20276 1 0.054995414 663.95667 342.7168 800.4706 546.7449 2 0.09796864 431.23764 185.54068 598.00867 421.83194 3 0.3231274 170.02158 10.650848 854.9188 874.5116 5 0.70605725 166.08655 3.7485352 870.1437 871.44495 5 0.0901595 325.55557 213.68922 459.39212 605.1767 5 0.0674227 654.3822 202.46544 796.77905 549.0064 6 0.73333454 437.5978 386.98962 574.7499 524.46814 6 0.075198464 441.87268 462.40866 519.2819 521.89276 6 0.071442395 441.53848 461.8325 474.90488 524.224 ,test/2587.jpg
9 0.996635 355.37683 326.6391 937.56104 984.9639 9 0.99320614 63.60025 78.325325 686.42004 330.9786 9 0.9588871 29.090637 8.585846 988.57153 1011.37463 9 0.20218074 47.361237 0.0 985.7506 360.22247 9 0.20085911 359.99005 446.81284 426.9206 969.20874 ,test/2588.jpg
0 0.71314967 789.7115 370.58517 941.3576 416.75992 0 0.21771878 766.0727 46.5468 831.7497 370.48425 0 0.18274848 702.0079 1.6401062 874.7703 385.21103 0 0.05592254 699.1448 6.2261887 929.77136 227.26703 1 0.98558456 694.18884 309.47055 1023.3202 581.2014 1 0.74045193 695.52795 496.95728 1019.99023 596.1865 1 0.66026986 2.0549812 2.1144714 61.946575 230.59764 1 0.65934247 674.44653 513.8595 1021.6742 653.84143 1 0.61836815 694.14276 2.0571594 936.9078 63.024185 1 0.59986484 684.31744 0.0 906.94025 397.7523 1 0.38485897 671.8281 34.640533 1024.0 603.10754 1 0.13389775 701.8728 20.044296 818.9413 367.64465 1 0.12195368 850.48663 537.9868 1018.5815 595.6548 1 0.09596941 690.6509 0.0 941.5858 28.827915 1 0.07345303 26.554306 0.4084015 66.34773 141.73122 1 0.05201953 693.05273 0.8996353 939.2981 204.40439 1 0.05014954 766.9281 1.4887695 933.3114 323.95834 5 0.21647997 0.0 53.0214 21.640133 211.48941 5 0.08840684 776.49756 75.618835 806.9154 371.59177 7 0.99982435 5.699585 456.38812 699.51776 943.04315 7 0.9271092 1.4178925 333.9143 251.03596 662.7032 7 0.9028615 0.0 335.10858 219.51465 476.9638 7 0.75654393 0.010276794 409.86996 90.89082 627.37134 7 0.596332 66.66726 411.7879 236.54419 557.2794 7 0.19505551 0.2651825 48.532784 18.35466 222.97226 ,test/2589.jpg
0 0.30725494 238.06741 240.68018 743.7583 751.28796 3 0.23866808 236.68721 239.10443 747.012 756.5343 4 0.3256244 238.72882 238.74094 762.63306 758.13965 5 0.6773287 237.1553 240.11871 744.32324 748.8648 ,test/2590.jpg
1 0.12797678 409.3454 239.38751 704.0175 738.3359 2 0.99247336 411.07623 240.8524 700.4571 742.034 7 0.094921604 614.1331 494.57513 1020.06537 1018.6796 ,test/2591.jpg
0 0.8247474 289.69855 267.78058 348.85785 322.71204 0 0.4814922 202.66959 487.4928 459.10568 698.87134 0 0.42661402 41.52008 646.15594 393.37057 908.2701 0 0.24439742 179.60725 495.69113 446.90967 611.9749 0 0.24143161 130.12994 690.18115 298.21594 821.16943 0 0.18437919 6.299408 0.0 332.35855 193.04211 0 0.1056628 177.9708 417.06342 580.2855 719.1214 0 0.10526425 4.238098 505.66956 532.442 898.14197 0 0.10490765 653.25 115.63345 702.82947 152.71405 0 0.10247126 270.74942 266.39227 479.34415 325.1463 0 0.08547987 165.75565 541.8985 394.8892 827.0463 0 0.08033476 376.49957 363.773 628.8543 568.0854 0 0.07462497 0.0 39.76229 142.11661 231.03015 0 0.06449856 331.42084 78.336296 423.75964 173.69852 0 0.060032934 273.2713 670.3564 384.21167 710.67523 0 0.059594095 81.07027 253.94678 518.391 294.37738 0 0.057807717 297.831 265.98914 350.49695 287.71503 0 0.053447884 686.2603 59.09195 727.8829 138.82971 1 0.8296382 39.706253 163.5742 446.41968 260.90845 1 0.24138851 0.0 8.448898 436.93637 267.2506 1 0.23515476 331.13547 77.92563 424.06644 173.52144 1 0.20602942 47.499054 199.9177 588.094 311.8024 1 0.12229742 12.418259 1.3257828 338.1974 181.13196 1 0.09939215 81.07027 253.94678 518.391 294.37738 1 0.07775536 0.0 208.88695 73.88756 247.1574 1 0.070247956 40.558426 647.5194 392.85034 908.27625 1 0.057305064 66.515045 246.92159 475.46133 322.3241 1 0.05636772 22.574203 150.41351 160.17982 250.12323 1 0.05387101 63.923462 237.19293 451.85663 275.38324 1 0.05197362 305.03574 98.366486 344.13272 182.74689 2 0.08030137 40.64946 646.6509 392.99658 908.1824 2 0.057733607 534.8492 650.6538 632.3591 721.91846 5 0.2966108 1.6064186 510.09998 69.6761 554.86584 5 0.20202391 276.0445 266.12186 503.24158 327.19046 5 0.17764148 658.37244 113.74211 777.0951 212.18105 5 0.12318965 38.449646 652.9554 396.36548 907.9814 5 0.0842771 534.3674 651.76636 632.67377 723.12036 5 0.059066907 652.29694 127.494774 706.0362 162.11032 5 0.054212037 82.122444 256.94238 297.45233 312.81177 6 0.94874567 944.69745 267.52582 1022.9317 425.6812 6 0.94373196 175.9053 480.98615 530.89355 707.9628 6 0.30439857 32.07599 649.1192 400.7779 908.2204 6 0.29939416 4.238098 505.66956 532.442 898.14197 6 0.26594666 175.9657 350.46704 633.01355 718.9846 6 0.17902885 81.07027 253.94678 518.391 294.37738 6 0.1584495 0.0 281.63345 258.73102 362.9766 6 0.11392635 375.67932 355.23328 624.9657 569.7441 6 0.10669673 82.122444 256.94238 297.45233 312.81177 6 0.06743196 175.16772 489.1706 487.6579 606.7758 6 0.056345362 0.0 284.83044 130.05869 351.22968 6 0.050922748 335.13272 498.67615 535.2179 667.02893 7 0.99933714 664.36835 449.89355 918.43 611.1609 7 0.9989442 355.55804 575.18884 944.7985 974.4437 7 0.99866986 591.30536 125.640076 935.92645 571.3828 7 0.99386036 0.9345398 540.28284 200.00171 797.9479 7 0.9222065 4.4041367 333.20834 251.89755 438.92166 7 0.8593193 386.06097 0.0 661.32794 277.07974 7 0.766851 6.0736694 0.09247589 341.5587 194.00247 7 0.74168867 11.320206 300.1711 439.6931 441.99588 7 0.7357306 340.6983 357.88074 668.18256 563.5892 7 0.71938676 6.3791656 431.02222 287.2921 603.6802 7 0.7119902 659.8467 73.80696 783.9617 217.49202 7 0.631354 424.485 212.98763 587.5667 314.12668 7 0.49555692 332.44574 78.92283 422.40338 173.19232 7 0.42848238 3.1300201 280.49036 460.03125 596.05725 7 0.22332105 138.65372 324.0636 675.01794 607.44476 7 0.21646869 17.906174 578.04895 401.3089 902.13684 7 0.19726992 4.625992 266.12463 256.76318 839.94727 7 0.18238498 10.039635 336.95093 95.27914 422.57294 7 0.17138375 303.78198 154.79416 341.82904 182.29556 7 0.16805156 212.48929 0.0 471.83932 147.3616 7 0.13585156 296.27145 9.017204 453.53842 88.055984 7 0.09591469 0.0 32.59812 140.91788 233.40918 7 0.09417778 199.04724 0.6551056 330.6975 171.22704 7 0.09285768 6.5052032 412.0516 432.23956 566.21765 7 0.08965341 168.25824 303.97784 610.9378 434.56256 7 0.08310355 10.279785 426.47137 281.35815 520.059 7 0.08232144 75.95912 332.51373 192.40807 368.9671 7 0.07764462 21.77243 227.90112 604.12415 452.91168 7 0.06284366 28.17041 389.19647 623.65735 880.5997 7 0.05513001 356.03305 638.7145 580.2137 912.21436 7 0.05338912 664.39655 133.19345 777.3492 200.733 ,test/2592.jpg
1 0.053560656 887.12836 208.4692 958.4274 315.65515 5 0.39106438 407.16434 660.75696 557.6952 781.938 5 0.18798375 543.9658 666.21497 620.63184 824.52954 7 0.9998142 247.78992 30.796753 923.38367 893.23126 7 0.91073835 959.15106 3.722702 1022.5837 362.2804 7 0.351841 763.0103 0.0 1023.7558 368.0668 7 0.24587443 405.79425 660.4949 557.68243 781.52136 7 0.055747993 521.0427 663.82117 615.58997 815.4984 ,test/2593.jpg
0 0.9995975 94.35916 59.722183 428.78128 433.15717 0 0.67416275 83.026146 275.5255 327.0204 441.9156 0 0.28852403 768.21844 333.8263 906.5407 461.22882 0 0.10803733 506.84082 529.7493 939.1819 852.12396 1 0.27540448 509.62924 530.5511 887.7429 850.81195 2 0.101617895 507.67865 530.4912 906.4456 850.5172 7 0.775688 507.2782 530.0134 929.7367 850.9409 7 0.1531915 764.5659 329.61862 916.4535 553.1984 7 0.13831751 799.37335 419.31635 915.31915 548.2824 7 0.058193266 838.8617 652.985 1009.0885 778.86755 ,test/2594.jpg
0 0.94190025 134.25888 311.86624 894.08386 872.4575 7 0.11039064 133.40247 310.91028 895.12415 872.1144 ,test/2595.jpg
0 0.986231 320.6498 165.86401 834.78284 906.2886 9 0.071624815 324.22458 170.32959 848.3589 900.08435 ,test/2596.jpg
2 0.99960953 354.99393 376.09808 660.34546 575.7594 ,test/2597.jpg
7 0.998135 349.3636 385.859 598.0264 651.4669 ,test/2598.jpg
0 0.9475976 71.22006 408.5064 206.68967 571.9455 0 0.9434675 29.019157 306.67783 217.00598 422.7524 0 0.78198385 0.34320068 250.98999 54.843094 427.3058 0 0.77589476 454.03723 392.3123 530.7116 430.51553 0 0.7565262 250.44415 204.89308 422.17493 303.94464 0 0.5224196 20.866577 202.10272 435.2135 420.6236 0 0.1915806 7.1418 466.0868 54.972347 564.2815 0 0.057938214 24.25772 467.62885 47.83928 560.1562 5 0.5990025 251.04828 205.08527 422.0039 303.96747 5 0.18692483 0.97166634 249.61496 42.828133 428.35648 5 0.1326039 28.831833 306.5342 217.17522 422.73642 5 0.05217181 19.581879 201.6283 437.47858 420.85114 7 0.9970541 305.99014 413.06067 681.14746 781.2677 7 0.14575876 73.77213 409.0594 206.54242 567.2343 7 0.12994093 453.89752 392.34152 530.6264 430.59946 7 0.06730352 20.464005 200.14853 441.13007 420.77194 ,test/2599.jpg
0 0.32824707 303.22864 293.33908 737.46423 817.4409 1 0.6511352 301.65442 288.72223 740.03174 818.01447 7 0.54047674 300.55103 292.27002 739.8025 815.72424 ,test/2600.jpg
0 0.11374595 409.07663 460.417 610.60693 589.2954 1 0.93772954 409.65182 459.89642 611.7755 589.10956 7 0.114802614 409.71222 460.0125 611.9733 589.06476 ,test/2601.jpg
0 0.29997897 288.25427 598.9836 718.2176 904.3654 0 0.16208437 148.17392 356.72617 224.88794 404.8256 3 0.43694508 287.52954 599.5052 716.42914 903.6087 5 0.3591975 288.04468 598.46155 716.98755 903.38477 7 0.69697577 394.37433 403.83313 459.4397 437.08252 7 0.6705423 147.36877 356.5464 225.55365 404.859 7 0.42107865 145.4668 353.25937 430.15778 474.18967 7 0.28372338 284.9949 599.27673 713.6018 903.926 7 0.11772639 142.47423 352.4496 379.21863 410.9884 7 0.09590866 201.01074 346.73358 386.1029 538.2618 ,test/2602.jpg
0 0.058873273 353.96146 616.5509 382.8956 678.235 1 0.06390891 176.49945 487.67953 275.37476 772.9214 6 0.1750886 359.94568 434.38776 821.0227 775.6893 7 0.9982805 0.41002655 442.96182 66.213356 597.71606 7 0.985562 361.66663 435.34888 819.974 776.1095 7 0.29109272 353.87463 616.99677 382.58008 676.9405 7 0.109557666 0.23503923 490.64508 13.510929 594.8049 7 0.10799121 2.7174797 452.26718 60.693 505.01895 ,test/2603.jpg
0 0.99971277 161.04926 134.2833 882.722 942.8574 ,test/2604.jpg
0 0.15915067 83.3817 205.18195 529.6366 775.8567 0 0.061154097 210.38394 212.67377 510.41995 446.58612 1 0.6898249 205.33232 214.82336 511.45386 450.42767 1 0.19245715 81.66225 205.87811 529.6207 775.998 2 0.29460353 206.16496 215.50998 511.422 450.64767 4 0.07717722 201.48056 204.36475 518.29834 772.36725 5 0.99945253 499.75534 184.98962 706.6868 817.6579 5 0.5369201 82.51378 206.67511 529.3582 779.095 5 0.053321544 69.41851 350.51935 249.6146 782.7397 6 0.10588413 81.37874 208.52823 530.3592 777.7334 ,test/2605.jpg
0 0.6762194 211.93585 822.9562 297.1291 923.9022 0 0.67528856 345.1297 521.73 375.59094 581.53687 0 0.54189605 731.74 267.4384 787.1803 307.60147 0 0.121501595 192.711 809.03394 298.5397 1000.3225 1 0.9989042 338.12515 208.4389 931.4689 874.5578 1 0.078974076 357.17255 250.41435 792.0788 703.49316 1 0.070830345 116.02733 86.66315 171.22325 172.37003 3 0.075736806 168.4602 453.5552 387.55426 735.72095 5 0.0936598 168.1345 453.32336 388.4096 735.4983 5 0.06751054 211.04555 822.7819 296.25702 924.51215 7 0.31689352 344.70648 521.84515 375.56903 581.4578 ,test/2606.jpg
2 0.9988807 351.62738 457.42786 625.96875 643.2267 2 0.2963079 354.49728 463.24854 399.80142 649.7219 5 0.103015974 354.47766 462.84946 403.11646 650.19507 ,test/2607.jpg
0 0.16014488 578.28394 927.62384 768.6466 966.5688 0 0.13077605 771.98413 170.89023 963.5488 222.81644 0 0.08117178 0.0 425.23267 31.20728 536.30347 0 0.06257773 533.37537 464.5561 723.7228 788.49554 1 0.1673291 0.0 425.23267 31.20728 536.30347 1 0.14512917 576.9445 792.9266 764.30743 966.93195 2 0.9908824 573.9783 790.8225 766.30945 965.68896 2 0.20440198 0.0 425.23267 31.20728 536.30347 2 0.11607539 579.2298 928.8697 768.4534 966.8947 3 0.975691 452.4191 176.72302 961.4957 464.11792 3 0.8825854 743.8144 453.69806 937.0219 1023.8284 3 0.052333526 526.303 441.51556 701.3624 481.00464 4 0.9407738 154.93741 186.89871 474.50577 740.2268 4 0.34576067 532.88214 461.67963 726.7255 818.1014 4 0.16768718 743.52905 453.49905 936.7792 1024.0 4 0.09265902 300.52734 453.1042 496.6375 745.7083 5 0.90620244 531.36273 459.9906 728.6623 819.86365 5 0.42388204 743.91754 453.82675 937.1784 1023.452 5 0.18026757 452.76077 177.18105 968.6178 462.33447 5 0.14886573 549.4452 699.70105 736.9614 813.65125 5 0.11276861 527.2263 441.84747 701.5377 481.66473 5 0.11202246 564.6743 716.1414 763.5095 961.83563 5 0.103709 0.0 425.3002 29.978962 536.05255 6 0.057790466 0.0 425.3002 29.978962 536.05255 7 0.9681245 2.0239182 186.63625 228.61621 433.73853 7 0.18965939 0.0 186.46841 398.5235 474.1472 7 0.06642221 0.0 181.3566 487.0094 730.5852 8 0.076423764 743.6855 452.07303 937.21454 1023.54065 ,test/2608.jpg
0 0.6050215 353.79352 227.69916 831.8681 932.71344 1 0.1667223 354.43924 228.06494 831.7324 933.4768 6 0.74026376 353.9319 226.29419 832.23254 933.85425 ,test/2609.jpg
0 0.74271345 101.054504 296.69196 723.33636 623.0496 1 0.11313924 87.25015 299.66022 727.55664 628.2475 2 0.22813532 84.89017 300.4574 730.4674 627.8154 7 0.39681813 99.549194 296.97015 725.66656 621.85736 ,test/2610.jpg
0 0.074763514 64.05008 22.291565 612.90356 571.79254 1 0.11867013 796.74054 651.2106 1021.13617 960.0637 3 0.1925655 445.397 0.0 597.2889 334.27124 3 0.084917516 424.69193 279.70325 501.39255 391.7085 4 0.9876566 102.97014 414.42822 267.28632 943.78345 4 0.98396075 634.6503 222.70587 856.5832 780.44434 4 0.9705767 244.03455 335.0052 386.8761 842.65265 4 0.9415031 365.9549 248.90775 505.08472 761.42285 4 0.75536126 483.23627 178.22978 632.6447 680.13385 4 0.57231724 601.6675 89.92062 750.38696 611.4249 4 0.46708795 54.194695 182.77704 198.6828 546.04395 4 0.2864338 444.64117 0.0 597.51117 324.51712 4 0.26097682 472.09912 103.77649 747.0382 664.4542 4 0.1345555 3.504715 138.62872 211.17249 787.2562 4 0.1250673 49.074562 126.515686 276.29208 963.7629 4 0.074666955 20.105713 35.44931 626.6588 839.9169 4 0.07420934 247.09451 412.00128 299.3126 454.8958 4 0.070064485 553.9469 194.82231 641.04443 603.75433 4 0.06885004 56.44632 63.079315 535.08765 507.23563 4 0.057288002 424.69193 279.70325 501.39255 391.7085 4 0.056988288 236.37799 318.99652 577.30725 702.005 5 0.9136608 2.0474854 384.28705 51.798477 740.36884 5 0.75422424 0.7805176 0.0 79.3355 198.69722 5 0.551155 482.80792 184.72356 633.0754 679.353 5 0.50507224 61.46678 0.0 529.2648 234.74872 5 0.41225803 53.67356 171.73726 197.9606 543.88403 5 0.3160328 17.322601 12.616272 206.20334 802.94257 5 0.2597548 68.312454 19.242874 576.25433 486.11456 5 0.2100388 441.5517 0.0 597.21466 325.74042 5 0.111110575 599.73254 94.05963 749.3572 604.3039 5 0.10237308 43.226776 47.694916 503.45804 784.7958 5 0.090863265 315.09256 53.218994 470.71304 408.50018 5 0.086072624 367.04877 248.23412 504.66205 757.63544 5 0.08471029 10.14769 383.94553 161.50621 776.53235 5 0.07626947 1.2299652 11.463577 91.10104 508.86957 5 0.07372898 5.6216736 16.766724 113.34469 789.65546 5 0.06569613 49.074562 126.515686 276.29208 963.7629 5 0.055373784 242.70308 342.0213 387.69708 849.4488 5 0.053083267 101.63599 414.22964 266.54825 938.97485 5 0.051730268 632.40173 215.45383 853.79944 784.1366 7 0.78505194 157.92325 138.60068 348.544 466.95566 7 0.5248566 0.19908524 161.01215 98.49759 445.28076 7 0.42472136 45.671967 0.0 566.17236 251.8471 7 0.26092267 445.45905 0.0 596.481 335.64264 7 0.25882384 304.32605 53.332504 471.18536 406.54785 7 0.19052547 64.05008 22.291565 612.90356 571.79254 7 0.18649065 607.02997 109.565674 746.47345 604.0171 7 0.18453608 192.65855 38.626053 478.94672 464.5979 7 0.09641214 3.504715 138.62872 211.17249 787.2562 7 0.08880548 25.281036 124.22252 362.29166 521.41785 7 0.082444474 54.735504 167.4537 198.18439 544.93506 7 0.07845829 606.9579 238.253 700.25635 610.0443 7 0.06497828 126.15474 51.142395 506.69678 820.9514 ,test/2611.jpg
0 0.98630315 98.92294 163.10623 836.3301 871.1996 0 0.122488774 93.01648 164.98001 415.89053 684.1229 1 0.05155013 103.30444 152.2327 841.4073 877.03564 ,test/2612.jpg
0 0.93804646 334.8123 535.1394 549.3021 647.0249 7 0.34434208 336.52103 534.7605 547.18823 647.4441 ,test/2613.jpg
0 0.12143979 682.62756 948.38477 812.51746 1015.6227 0 0.065047085 300.14087 312.75092 426.6798 420.62054 3 0.85725105 321.48297 193.47055 594.85187 896.6898 4 0.46332195 322.75903 173.423 594.17267 898.8336 5 0.16857965 322.66248 166.95041 594.74335 899.4182 ,test/2614.jpg
7 0.99870884 277.1089 310.02905 486.11847 572.7264 7 0.9980652 481.37488 328.34216 718.03613 627.64905 7 0.19205894 469.77765 427.04797 512.99805 534.047 7 0.09378195 475.49707 451.03568 506.15784 510.09683 7 0.06039191 513.0743 326.60382 712.40985 443.6671 ,test/2615.jpg
1 0.9990784 194.698 238.10478 829.942 719.1992 ,test/2616.jpg
0 0.9842666 610.44586 449.54053 743.8206 509.35254 0 0.18468097 3.4831867 287.5652 53.59964 335.13043 0 0.09718878 584.23584 955.95605 715.5498 1024.0 0 0.05663786 685.5291 469.48965 740.8304 509.4036 0 0.050213404 1.5568581 224.92287 96.90399 306.3282 2 0.092129715 300.69373 396.22818 536.00824 566.69336 5 0.8757772 565.9457 215.55304 730.1045 333.25513 5 0.35284653 284.9237 397.39514 533.745 569.24286 5 0.27947447 556.5693 122.52306 736.899 336.82138 5 0.0646305 617.00793 218.31577 726.51965 303.68088 7 0.98774195 688.3213 540.0034 979.6334 704.8867 7 0.9079124 508.91693 959.8341 721.9853 1020.64014 7 0.8224811 57.177643 45.528442 756.5581 410.79697 7 0.80697984 285.0954 397.3336 533.3282 569.402 7 0.71325976 537.63257 102.48465 739.60547 340.42065 7 0.10320224 112.824265 132.23552 550.0983 406.3623 7 0.073861346 238.24759 111.05681 750.82654 558.36475 7 0.06472045 568.4444 207.87238 735.5905 333.05432 ,test/2617.jpg
0 0.91851276 336.3725 432.0487 603.217 622.37317 1 0.082183324 335.41895 431.5495 603.5921 624.47064 7 0.12751463 335.5204 432.5104 605.03314 621.31415 ,test/2618.jpg
9 0.993168 120.06549 218.17169 982.3261 917.17535 9 0.83378714 469.61322 237.95181 978.462 748.29956 9 0.7616454 122.21283 216.86273 572.58295 861.783 9 0.10547355 283.22882 275.848 732.60846 961.9143 ,test/2619.jpg
0 0.5094086 490.60126 565.5979 742.30316 805.38 0 0.2958902 268.32574 353.98846 751.13086 790.6231 0 0.21572469 271.55887 336.63858 600.63245 598.911 1 0.20607717 271.55887 336.63858 600.63245 598.911 1 0.13167575 495.2386 571.1791 742.2348 806.2992 1 0.097465664 268.70618 351.89572 751.5011 792.8884 1 0.06227727 414.21582 463.97208 597.667 591.03015 7 0.6238774 269.08887 337.62857 605.4768 602.75867 7 0.41099873 268.4699 350.37778 750.089 793.58777 7 0.31393957 419.08185 475.33948 743.00653 805.7473 7 0.12521023 508.9897 592.5199 741.4897 805.77795 ,test/2620.jpg
0 0.25594738 59.342392 242.41173 489.79803 510.1927 0 0.23732008 486.25412 296.8135 541.48004 334.94455 0 0.09006379 483.36868 297.34616 596.0366 421.0911 1 0.40370154 486.264 297.5269 540.688 334.82846 1 0.12126257 483.36868 297.34616 596.0366 421.0911 1 0.079694405 0.0 144.19539 31.536963 203.72694 2 0.050609846 0.0 144.2837 32.054657 203.891 5 0.45769417 0.0 144.31192 31.865803 204.28128 6 0.9478715 48.033966 96.053925 602.3838 521.0641 6 0.30721173 52.339294 228.67294 468.0703 510.09244 6 0.07836256 481.61255 263.07324 554.58325 338.42267 7 0.99958426 0.0 488.84137 241.4601 1002.7476 7 0.96803665 510.9144 9.02121 1024.0 591.464 7 0.96571344 535.5049 0.0 766.1245 83.00893 7 0.96044385 127.41171 82.354126 1024.0 1023.34985 7 0.7959352 425.4191 402.0823 635.20496 475.33908 7 0.58872896 483.30078 296.57602 600.4474 422.5687 7 0.38601878 362.52087 256.56952 645.9871 469.85754 7 0.31312627 518.64404 0.94255066 781.15454 211.1764 7 0.31136554 690.1659 458.8056 818.13403 481.72278 7 0.30514923 486.54233 298.50528 539.6192 334.54678 7 0.25497323 186.48938 598.358 235.57504 686.40375 7 0.2351608 752.1438 330.1007 1024.0 1014.84973 7 0.17910904 42.68985 85.74785 640.8783 526.1977 7 0.12739474 805.6494 131.48631 1024.0 599.8872 7 0.11004729 778.25305 0.0 1012.80005 48.80951 7 0.096872285 160.40222 464.62598 263.4099 770.68274 7 0.083311096 562.6479 304.27158 660.3975 440.00198 7 0.08193126 237.12802 92.19881 858.09216 533.9205 7 0.07239627 187.71918 588.5807 235.21503 767.9321 7 0.07089754 414.7746 344.29733 1024.0 989.8611 7 0.062117435 474.44775 368.5568 610.3373 474.08517 7 0.059942782 4.0598907 931.06085 190.28668 1014.5184 7 0.059806194 65.90512 248.41898 510.07333 507.8198 7 0.058377862 67.35886 477.00555 259.76117 764.3571 ,test/2621.jpg
0 0.10708583 197.42651 205.4574 803.3797 766.1363 1 0.9906363 192.13687 206.39334 806.56323 765.52014 ,test/2622.jpg
0 0.26446658 663.32983 561.4549 694.31384 592.6435 0 0.20650369 211.97604 160.98466 512.22473 661.8805 0 0.06794241 729.67126 526.33527 847.551 935.9017 1 0.74559784 663.7183 561.44727 694.30304 592.4265 1 0.08285254 205.27199 154.32062 513.77893 791.43195 4 0.25492316 729.82275 525.97107 847.83923 936.1144 5 0.9990941 451.64948 600.2711 687.7099 820.5812 5 0.9016684 205.90794 147.48935 511.25702 801.3218 5 0.58366954 223.84311 570.7763 478.25027 804.7347 5 0.275812 218.91125 631.357 476.22186 747.3476 5 0.18809986 209.36932 147.65518 511.31293 286.79184 5 0.127598 454.12125 709.46924 677.8578 819.41064 5 0.097292125 220.56926 597.5741 483.40955 678.41736 5 0.06631661 219.31328 572.2713 486.6687 646.5219 5 0.061742377 591.7362 605.8447 686.94385 810.8523 6 0.055313304 835.7319 242.23573 1019.8139 354.3043 ,test/2623.jpg
0 0.8310981 927.34094 572.1179 979.87524 629.5802 0 0.05505681 927.07544 570.30304 950.0569 608.0076 1 0.32415536 927.6239 572.9849 980.16296 629.8996 3 0.09289008 927.221 571.4749 979.7895 629.36334 5 0.09863487 639.66455 681.929 672.34485 774.2166 6 0.9634543 156.20099 267.4667 214.5849 378.99692 7 0.9997577 167.7514 25.77713 648.0775 726.2311 7 0.9991371 597.6124 465.1455 802.5028 901.91296 7 0.99696726 766.5135 506.3626 953.23285 881.7055 7 0.32919642 640.8061 464.8435 704.6794 538.05304 7 0.08293673 587.62396 493.4463 670.7056 695.5022 7 0.076452374 649.0852 496.96182 694.7367 534.8924 7 0.06062194 637.2309 473.986 678.3504 522.7988 7 0.06035258 388.95914 124.62543 420.87033 152.06348 ,test/2624.jpg
0 0.66684633 667.4188 929.0744 802.30164 1024.0 0 0.34540933 795.71045 649.6172 1019.17883 861.14014 0 0.250886 259.32605 692.0041 864.3568 809.3145 0 0.22006808 224.39706 617.2697 339.11417 692.6662 0 0.17968075 769.14404 617.8661 1021.928 1011.7175 0 0.17854224 416.80695 707.01337 773.8509 783.0346 0 0.16012259 560.8229 422.94193 712.7339 621.417 0 0.13319574 156.22842 783.2958 475.34702 1022.7578 0 0.11897196 249.86682 522.11786 578.85693 681.77924 0 0.097895436 498.99243 390.761 821.57263 640.7539 0 0.09717017 592.8014 427.84308 757.4147 568.6524 0 0.08095422 138.25897 692.51855 1017.6856 1002.8983 0 0.0765936 798.8012 658.04443 1020.0811 753.1847 1 0.9902676 138.11426 341.36786 886.8363 820.58795 1 0.6467432 155.89853 778.46155 475.26346 1018.3439 1 0.5820776 158.89124 663.5053 1024.0 1008.2547 1 0.4170181 286.04486 797.75195 479.16046 938.9962 1 0.34728926 384.78305 377.66113 424.3821 402.6479 1 0.2516037 468.38098 349.5599 856.81946 713.7272 1 0.23056845 202.53275 559.1026 845.96924 808.5511 1 0.22006267 257.27063 664.11035 328.32306 688.6305 1 0.2191691 667.4083 928.33856 802.4337 1022.5938 1 0.20179267 339.9933 701.69714 841.7848 826.7612 1 0.18668571 152.03989 785.23596 852.0128 1024.0 1 0.16922589 224.39706 617.2697 339.11417 692.6662 1 0.16703157 664.6169 651.38544 1020.0588 1017.2343 1 0.15279342 375.25745 710.09705 1022.1008 884.80347 1 0.14263484 753.5083 400.7428 858.70996 593.8032 1 0.13538827 585.74426 426.64258 759.12195 571.2849 1 0.117492355 366.2091 378.20914 423.36218 412.55588 1 0.11663905 121.96507 380.83716 418.57098 459.51263 1 0.08566452 227.07494 659.00836 329.20874 696.3553 1 0.07591594 663.05707 924.78784 1015.2265 1023.6033 1 0.07301592 560.8229 422.94193 712.7339 621.417 1 0.06808736 315.24112 784.4468 809.5316 900.15063 1 0.06746893 202.70926 511.0437 568.03394 682.06335 1 0.06284837 104.483574 382.47473 320.95126 507.59723 1 0.0622169 134.89311 381.88055 590.74176 705.2813 1 0.053846665 265.81766 488.76706 876.99963 703.8803 1 0.0522111 280.72284 789.03156 514.8322 878.51886 5 0.42656252 0.19071007 948.2294 53.14032 1024.0 5 0.32805273 614.9566 572.4229 737.37506 618.02313 6 0.05557276 633.3012 465.99603 710.35785 538.0553 7 0.98367935 0.0 690.63074 252.71976 937.3552 7 0.9536016 365.42676 179.27585 483.1325 385.7833 7 0.9530069 2.138237 488.24918 190.64642 755.2644 7 0.85656446 130.33153 379.4713 421.11462 450.6687 7 0.84121317 328.75623 548.70294 544.33 672.22516 7 0.781396 539.9197 496.6669 722.2234 624.91895 7 0.59290075 96.58278 374.73547 423.1949 502.9209 7 0.5416933 435.55548 518.31537 544.3316 653.10455 7 0.4814981 667.382 928.8276 802.2978 1022.6264 7 0.4320968 393.42563 248.60873 460.9136 336.14188 7 0.34318563 0.388649 946.80255 53.288254 1024.0 7 0.24015127 0.0 486.11743 236.45023 919.5884 7 0.22177294 155.17712 781.5974 475.96167 1021.4053 7 0.21198003 238.29929 551.77734 494.44046 683.39185 7 0.17734918 614.2095 570.8545 737.48303 618.33765 7 0.14684655 103.57389 447.5772 158.08025 510.599 7 0.14421214 371.74713 319.2519 436.9179 379.30475 7 0.13028651 384.78305 377.66113 424.3821 402.6479 7 0.12917426 361.91492 375.77512 423.0644 414.58328 7 0.11559331 456.692 561.92737 538.2368 648.5409 7 0.09414641 2.4820633 491.16266 170.90796 601.90436 7 0.08022372 273.6997 514.6748 749.3916 672.85706 7 0.07939502 573.19476 427.56216 749.7513 588.0186 7 0.07620747 434.6408 511.61606 630.5933 629.9286 7 0.06964842 362.2199 274.84494 432.82867 384.96927 7 0.06911459 554.515 554.8938 733.19385 623.3933 7 0.06651 226.16272 618.0845 334.34943 691.86694 7 0.06543236 103.72468 387.9452 279.91553 502.4947 7 0.052218962 299.57733 367.187 426.59296 396.4964 ,test/2625.jpg
0 0.58683157 586.13116 949.862 629.0422 1006.1525 0 0.19065651 527.76196 924.62836 594.16003 972.6744 0 0.17418845 559.3963 582.72 601.0367 627.1749 0 0.16133396 338.02258 365.63116 398.4579 438.79486 0 0.12960109 529.9509 322.50055 621.91003 546.87744 0 0.08299416 575.45355 375.1773 661.3814 550.9987 0 0.07873982 374.28302 564.0668 440.98358 668.61694 0 0.06722884 525.28204 236.91403 685.70197 553.9929 0 0.06116256 567.1619 540.8129 604.6845 628.4753 0 0.05946116 705.0758 705.5955 749.6052 772.6755 1 0.9988224 321.09167 809.77356 528.35864 1023.68945 1 0.99087054 9.459717 480.21075 287.12695 680.4466 1 0.9853576 617.1326 775.7598 734.6828 871.09344 1 0.9807247 226.86209 379.62 394.3483 549.5614 1 0.9706119 422.2184 240.96677 589.49744 391.44742 1 0.96974313 321.40295 360.598 402.2705 439.22397 1 0.96231383 375.80746 275.08536 601.5089 699.1306 1 0.95552474 656.36523 137.46983 849.3529 402.88312 1 0.94661885 10.553497 761.02905 206.32805 975.6216 1 0.9365476 187.29166 560.323 402.44205 890.74255 1 0.9215547 813.1535 565.7186 910.9428 660.9049 1 0.9070769 605.33417 661.8837 725.1728 778.70245 1 0.89420885 373.76083 563.7435 441.01852 670.48755 1 0.730438 582.9876 373.01093 657.4274 551.14075 1 0.70787716 416.91064 252.73323 643.6763 558.7744 1 0.6820394 715.89606 414.12598 915.5627 671.422 1 0.6653852 704.2783 705.77704 749.7294 771.4725 1 0.55098706 230.29918 292.83557 436.6615 563.0024 1 0.52311206 695.93567 560.8831 910.92566 732.2067 1 0.49806628 383.93347 313.4109 442.7481 418.28137 1 0.46999848 528.3772 232.74919 691.74817 542.6876 1 0.4293006 687.92444 356.98468 771.16003 639.3924 1 0.42798257 173.24925 726.1808 220.05623 780.83765 1 0.41568333 613.88666 433.4301 908.6562 755.4129 1 0.40565193 172.04617 632.83246 267.26944 755.82306 1 0.40524125 13.655853 467.4238 403.03815 890.0869 1 0.38756353 606.54004 644.5443 836.454 778.02454 1 0.38259676 750.7894 441.5689 906.81274 604.05695 1 0.3582041 677.9499 181.19778 913.0855 724.66064 1 0.3543804 627.6174 356.34888 714.9067 673.72925 1 0.3542775 635.44977 480.7495 694.8763 575.29626 1 0.34962982 836.94293 449.67944 904.89886 579.97705 1 0.33181852 587.4896 508.4308 753.9955 661.91895 1 0.3277148 415.659 319.6394 578.9834 420.40295 1 0.31821522 575.8603 589.09076 619.18134 661.6578 1 0.31461665 773.5321 482.31238 909.9492 660.6477 1 0.30903825 591.455 376.43723 771.7043 670.97473 1 0.30713204 331.29898 448.1958 404.3594 552.2752 1 0.28387204 529.9509 322.50055 621.91003 546.87744 1 0.27024552 227.29968 252.84358 595.63226 562.93365 1 0.23550983 320.63348 360.18594 361.8767 406.35306 1 0.2328649 813.11664 507.13992 895.2591 574.211 1 0.21554133 607.4044 665.7349 737.19617 871.5887 1 0.20328818 699.10754 588.8856 748.53406 624.3617 1 0.19765165 691.23566 613.3021 835.9615 737.287 1 0.19713093 263.52954 593.0148 339.48822 714.1842 1 0.1967822 436.4325 247.95511 503.03046 378.37802 1 0.17898227 327.4425 242.16512 727.7273 589.98566 1 0.17518748 697.181 565.76276 752.7693 630.01996 1 0.16344596 323.159 303.5845 427.94812 434.0447 1 0.1582132 637.2052 342.96747 718.99744 447.5744 1 0.15739633 335.69513 246.68085 599.6736 475.08887 1 0.15365526 485.42737 229.54878 790.45667 686.53046 1 0.14930618 264.3319 605.0495 288.91083 647.59784 1 0.13072963 688.2543 386.994 737.1073 625.0437 1 0.12747207 734.36664 277.1341 907.7818 607.6143 1 0.12277868 613.68097 239.19409 709.36127 454.72046 1 0.12140305 549.7792 331.93637 689.9641 667.172 1 0.11580147 578.29517 593.2233 608.819 636.18036 1 0.10824847 603.6327 516.2463 778.9303 778.91315 1 0.10720067 637.9771 424.26453 755.34235 639.1294 1 0.09500388 888.4615 452.05862 1024.0 658.04846 1 0.09236701 270.42535 559.1296 373.86835 711.91876 1 0.091860935 574.10657 579.9986 818.63586 674.0101 1 0.08252182 333.746 340.27527 444.12448 562.02405 1 0.078719035 574.7632 409.31815 633.57715 551.77747 1 0.07791669 734.64703 461.07947 837.20624 632.57825 1 0.06901939 790.12054 510.0869 863.46295 573.8447 1 0.06828064 694.0483 609.3729 753.0125 671.3899 1 0.06794505 369.45502 568.2236 523.9444 693.90765 1 0.06473921 555.5712 533.95807 604.81134 627.1674 1 0.06225021 233.13457 585.011 290.98022 643.4739 2 0.97497606 175.1711 628.727 271.25504 743.44037 2 0.10623025 264.3319 605.0495 288.91083 647.59784 2 0.06849235 813.8533 565.86304 911.1478 660.91833 5 0.8723246 540.6155 818.06244 617.0071 909.99786 5 0.20214932 263.6831 605.699 288.9823 661.18555 6 0.09018999 655.78046 137.18544 849.8599 402.8529 7 0.99973077 865.3359 609.5461 1020.617 821.576 7 0.9944225 367.9944 649.88257 639.2966 885.67505 7 0.9308183 755.81177 264.0138 906.1284 507.7953 7 0.8153791 265.01202 594.42914 331.61005 712.67194 7 0.70704484 269.2938 560.8095 374.1675 711.5135 7 0.51175064 969.73956 727.07245 1024.0 881.61444 7 0.10429783 586.5178 373.39 656.86707 550.4793 7 0.0802871 813.9583 565.3128 910.8591 659.77155 7 0.07644334 142.01347 655.52423 172.11275 704.2319 7 0.0657909 732.73755 288.56323 911.7095 648.6391 7 0.064676516 529.68097 319.56564 610.6241 547.73846 7 0.05948488 586.5005 949.74695 629.0193 1006.0952 ,test/2626.jpg
0 0.8779237 194.50604 817.71564 246.76901 837.6032 0 0.15038738 357.22107 325.8616 404.5188 373.5131 0 0.1311788 572.3054 175.0781 717.54553 308.3053 0 0.10676873 347.55493 473.8509 382.31232 533.0542 0 0.08851705 387.75217 151.53302 770.61096 956.66046 1 0.976312 387.56 154.49115 771.1359 957.54645 1 0.28979278 573.9346 182.12962 715.9962 307.31543 1 0.070907764 177.55017 506.45627 226.02371 555.7773 1 0.052239023 357.6133 317.56827 408.33176 373.64005 3 0.5245495 357.64096 319.52066 406.9269 374.84134 7 0.99977225 201.02849 372.20422 453.79022 839.30347 7 0.0656769 331.55396 466.9129 379.89923 534.2004 ,test/2627.jpg
0 0.99979573 695.9598 122.4129 791.52826 256.99615 0 0.9916956 420.6271 479.5375 585.87317 621.068 0 0.95865554 383.10587 483.3001 588.30664 846.67816 0 0.9303085 212.90529 333.19702 694.5792 926.7532 0 0.7628085 385.71732 593.71063 544.3644 824.39154 0 0.16646007 295.6902 541.573 571.38727 899.20667 0 0.06778057 423.49484 579.05304 557.14014 744.0489 ,test/2628.jpg
3 0.54948616 303.68076 213.30844 750.6072 341.231 4 0.15428326 389.12106 538.44666 421.81393 585.6511 4 0.06843864 305.21558 213.43199 749.6969 341.30515 5 0.77150244 310.59256 215.0473 746.926 341.42676 ,test/2629.jpg
0 0.099557154 527.6636 635.8529 792.22473 829.68567 0 0.06557499 427.37888 312.90945 716.65247 546.62244 0 0.06076241 433.0666 531.90814 727.76666 699.1739 0 0.05532045 435.71143 524.48364 828.9685 834.08154 0 0.053044748 615.78357 657.48004 684.79553 714.59283 1 0.94200146 424.32404 336.64224 904.78595 733.5912 1 0.93490237 426.27536 314.97205 716.54285 549.62036 1 0.40247056 430.61194 119.0907 721.7406 657.3424 1 0.26516983 649.14294 348.75662 906.46936 609.0697 1 0.21257001 455.61472 331.90613 648.0342 452.50983 1 0.13769278 434.2652 450.20447 844.81195 677.88196 1 0.13708882 428.37543 514.0849 697.9648 688.8664 1 0.12791747 525.6123 637.1438 790.54065 830.37317 1 0.1147762 435.71143 524.48364 828.9685 834.08154 1 0.10869802 617.54614 653.38336 684.3334 700.1297 1 0.07817428 421.2777 528.2185 486.29907 585.0868 1 0.06671989 412.74716 571.6438 491.7972 676.7821 1 0.053770322 459.5476 591.46344 710.98193 678.2164 6 0.89367753 527.33105 642.9587 778.1908 830.17523 6 0.10852875 616.1795 663.6033 685.4036 715.46313 7 0.99963796 151.17606 168.107 338.34647 656.1906 7 0.99891293 256.781 492.51184 529.416 761.7937 7 0.998767 24.815918 569.7951 257.2069 1021.9257 7 0.15243003 425.87387 313.16016 717.28 547.3134 7 0.1201985 470.29166 635.7156 538.6808 725.17566 7 0.068384685 254.65036 488.53394 351.931 740.31824 7 0.064061955 236.04678 483.11746 465.7554 667.84576 7 0.054986827 455.61472 331.90613 648.0342 452.50983 ,test/2630.jpg
7 0.9998957 283.57294 389.2567 743.57794 806.8695 7 0.97494376 899.3172 472.27094 1024.0 702.30536 ,test/2631.jpg
0 0.46220863 145.40396 151.32037 276.50656 304.26624 0 0.09935747 429.66058 338.37808 703.1518 645.87866 0 0.06693451 399.96692 354.002 741.63513 528.18915 1 0.9862884 260.94415 137.59161 836.05707 997.7659 1 0.9584527 274.50922 17.986115 646.34344 427.56152 1 0.7329611 305.7397 225.91296 617.78796 429.03253 1 0.625575 623.36475 176.50381 801.05493 359.3732 1 0.6049767 436.69525 352.63153 742.6342 533.01685 1 0.54446423 399.9897 213.92456 621.2079 566.5867 1 0.48204795 284.37152 0.0 394.49457 161.1492 1 0.4382027 452.89032 375.04584 719.362 467.71106 1 0.4022573 259.59064 149.87474 827.11176 532.52484 1 0.39747915 420.2861 217.0987 614.8876 373.9143 1 0.3125562 414.99353 350.05054 702.9928 661.0079 1 0.30411327 436.68848 714.0226 807.2062 967.1332 1 0.29652068 401.37354 275.69354 849.07556 538.8975 1 0.2697958 417.50958 357.587 705.642 423.85342 1 0.2620377 261.0326 306.1846 725.9901 516.3529 1 0.23419538 388.59854 189.70178 783.7212 430.29236 1 0.2026534 247.6258 0.0 327.8435 160.13051 1 0.19956991 282.23273 76.56673 463.26666 416.66162 1 0.1963331 254.76044 325.0077 826.6811 702.4165 1 0.18080032 357.77728 144.09799 637.34094 366.2122 1 0.15114672 276.3926 286.68945 418.05228 439.5807 1 0.14852865 396.42334 326.5347 768.2865 961.4784 1 0.14240262 285.0005 238.57945 666.2215 650.45026 1 0.12624055 502.83643 275.01974 574.9175 372.33328 1 0.117198415 560.1151 201.6333 622.28845 366.11218 1 0.10888512 434.6049 245.86343 570.19946 317.97 1 0.09529211 459.85315 388.45087 519.35425 417.69153 1 0.081494525 484.4374 412.58325 625.1929 462.0829 1 0.07904017 402.4641 382.89893 524.50055 418.6875 1 0.07877786 233.9407 275.52158 620.0398 988.86975 1 0.07027709 371.99158 334.3558 591.00586 418.41837 1 0.06998748 328.2128 4.3097076 396.78012 140.43631 1 0.06608239 495.5744 398.76517 656.24396 450.8834 1 0.06291365 655.472 326.42468 714.4451 350.568 1 0.059860796 263.33264 13.908958 626.61676 162.90775 1 0.059394266 388.16418 321.1628 709.7085 403.2675 1 0.056712776 431.14328 272.11902 637.56177 422.4134 1 0.052864254 453.49643 358.4929 680.01227 395.2042 1 0.051213745 561.1612 273.5088 613.25055 366.12292 5 0.7791835 0.60289 477.58536 144.73132 755.4612 5 0.08870111 145.10464 151.26056 277.62595 304.54623 7 0.99627507 250.08267 665.2256 454.61038 1018.9851 7 0.15133412 143.369 152.05057 277.27203 303.87708 ,test/2632.jpg
0 0.6761352 318.4654 117.33978 812.23334 724.5279 1 0.19244584 319.4654 116.59296 812.2857 725.66125 6 0.43587038 317.03516 130.28833 811.1992 722.0475 ,test/2633.jpg
0 0.14780918 751.8715 14.703091 773.882 136.45998 0 0.09455647 507.0067 301.57202 698.8231 565.57764 1 0.9979341 81.787796 351.89035 384.94562 650.15393 5 0.99875057 411.62814 300.93158 974.4496 625.4569 5 0.2116551 440.0347 300.65747 773.2843 568.8703 5 0.11744379 396.66806 323.9823 460.17154 441.61487 ,test/2634.jpg
0 0.19543724 553.6072 590.02216 634.516 638.0517 0 0.14210704 597.79065 228.3326 648.7103 331.33905 0 0.09383306 681.7327 250.0154 960.7182 334.52032 0 0.09153061 10.309914 398.30417 159.83203 454.32095 0 0.0911751 447.8219 643.48444 631.6952 741.85114 0 0.07604685 2.0859737 389.8324 57.258476 458.34027 0 0.06900773 145.95395 418.67148 229.06049 539.9978 0 0.057871196 16.810667 402.92117 49.06037 460.33627 1 0.99526775 398.1591 320.15002 631.6835 519.03625 1 0.9826324 2.0565186 414.8526 307.2062 597.12897 1 0.9733436 443.47287 510.2083 698.32 729.79596 1 0.95332134 572.2381 412.2867 656.4135 479.21487 1 0.9356331 175.60312 261.23376 329.2545 424.64368 1 0.926411 393.5397 356.58014 478.18057 457.63696 1 0.79943496 92.59622 327.7644 228.17249 431.47174 1 0.7897377 525.3071 588.0571 648.95447 686.6188 1 0.7409643 1.857399 406.58768 215.1713 539.8219 1 0.6218913 317.85266 312.12082 417.9934 413.48764 1 0.60717946 2.9242249 358.48428 117.40953 411.86093 1 0.60662115 25.94783 257.7995 324.62592 429.6186 1 0.57077616 4.0409393 396.37817 183.23721 453.10358 1 0.5524379 554.15814 590.4789 634.61615 637.99097 1 0.5401654 442.8591 606.6044 647.33496 742.3135 1 0.52124035 566.9474 372.54346 676.4746 484.3327 1 0.4946807 616.06696 367.49622 673.3984 442.0205 1 0.47342837 523.6864 527.30475 665.056 674.1674 1 0.46832883 413.5149 337.00342 691.8264 719.77966 1 0.4464653 549.611 557.4774 654.17535 617.94507 1 0.44113854 9.508202 314.64917 227.80573 460.91718 1 0.41572475 278.83023 410.4268 372.66055 468.1296 1 0.4155321 2.386139 256.35217 319.51965 591.5918 1 0.38864714 527.7043 566.6222 654.9653 646.1096 1 0.19474965 531.74725 334.0654 640.63324 485.728 1 0.14496395 2.0101814 360.77017 128.83876 455.53653 1 0.13379459 245.80035 314.835 488.32202 425.15842 1 0.1316438 596.0117 225.2151 648.54785 340.75137 1 0.12812582 102.46225 396.9197 184.0734 430.18893 1 0.12512748 100.71458 259.7882 295.12146 389.61066 1 0.122829914 442.4324 368.6079 478.02567 397.3985 1 0.11590899 149.47263 424.1482 306.13 533.60974 1 0.10647234 314.56158 309.9393 480.68878 383.11777 1 0.10403148 3.3818932 382.9424 107.53592 418.22232 1 0.09923251 143.17712 417.22443 231.2128 538.13324 1 0.090919726 495.90665 300.42392 613.94366 362.0151 1 0.08989679 682.5183 250.82564 943.34827 331.75906 1 0.08805176 440.13464 505.40552 556.0735 677.1466 1 0.08612211 408.00867 336.85004 476.72827 382.69427 1 0.082613386 202.79547 405.45132 373.07715 491.7911 1 0.08102521 249.55899 400.17966 300.83066 422.87637 1 0.077165216 13.471474 392.02597 104.77046 411.97012 1 0.07202262 601.3427 220.94034 683.28937 393.2955 1 0.06502966 507.55704 638.52936 607.57385 701.518 1 0.06282695 6.717558 394.8961 55.042557 462.0983 1 0.059335485 297.00958 316.3604 328.721 430.15082 1 0.052078333 320.38974 313.7213 420.53506 358.53546 1 0.051715225 437.24625 367.67984 478.30118 384.48996 1 0.050801273 3.8698044 246.1842 186.79279 437.48047 1 0.050698638 551.6859 591.0083 640.11743 615.4525 2 0.16608106 553.62805 590.3726 634.64404 638.14154 2 0.055245962 184.28122 264.77283 320.30396 426.47485 3 0.1246592 552.25244 589.85297 635.6033 635.316 5 0.38722506 843.46094 384.43088 1024.0 552.20685 5 0.14066912 0.4016037 79.70827 138.40726 392.88257 5 0.08357814 670.0385 350.72266 858.73016 553.7429 5 0.063363135 678.94257 249.51416 984.12067 421.44446 5 0.061577912 4.0136967 389.80493 51.409485 463.10962 5 0.060295522 0.564497 385.61298 32.632935 439.95758 5 0.0574735 7.648926 253.9743 259.3805 372.11017 5 0.052293777 610.3956 932.3989 704.376 1023.61633 5 0.051802937 0.26648712 439.15356 45.763767 483.50903 7 0.32995984 449.84778 631.7562 617.64734 738.08484 7 0.13368665 488.19995 640.2703 601.61255 717.71674 7 0.05561011 682.70667 250.00461 953.9154 332.57028 ,test/2635.jpg
0 0.97744775 341.17618 296.20154 714.70886 778.98376 1 0.051604073 339.5867 295.68744 713.4685 778.41144 ,test/2636.jpg
0 0.47402495 456.36563 809.1919 486.03787 881.8777 5 0.20020062 456.566 809.3004 485.9963 881.80457 5 0.09630125 712.78357 551.77026 746.59937 670.12854 7 0.99975175 291.03864 239.79016 747.26776 878.7095 7 0.07345432 712.78357 551.77026 746.59937 670.12854 ,test/2637.jpg
0 0.05670411 392.42654 505.9888 576.50226 620.8794 1 0.073620655 357.62604 548.33307 387.34528 574.0047 5 0.8568922 393.451 505.80237 576.4367 621.1891 7 0.99907446 789.04956 9.274628 1024.0 576.3286 7 0.6046418 395.16736 505.50888 576.02356 621.6853 ,test/2638.jpg
0 0.8610894 226.56885 136.46722 820.1968 935.3537 1 0.24643879 224.22894 136.30164 820.5975 938.25037 7 0.07534322 226.91153 134.86014 820.0206 938.9016 ,test/2639.jpg
3 0.20664237 300.2827 197.68338 717.22516 426.15707 4 0.9960932 321.7392 612.344 730.5811 924.6018 4 0.98723894 286.42212 403.39926 695.3596 644.7297 4 0.9028422 300.43594 197.78903 719.47046 426.28824 4 0.834622 279.57385 191.0121 729.59955 667.9392 8 0.10881889 300.3032 197.11685 718.74585 425.60446 8 0.07601796 321.9532 618.21295 728.0859 927.0461 ,test/2640.jpg
0 0.18795535 192.71541 735.6723 246.61946 866.78876 3 0.14475632 241.34662 705.4997 315.01508 780.6768 3 0.08221519 241.13211 704.0075 326.81448 836.35443 5 0.8168025 243.17084 702.0694 313.30603 860.0849 5 0.5659949 256.73245 807.33276 301.17984 860.6968 5 0.3320943 199.43138 823.4268 239.37486 865.33405 5 0.13217622 241.34662 705.4997 315.01508 780.6768 5 0.107778706 178.04729 704.2778 252.77187 866.8494 6 0.9998716 605.41486 258.7751 957.2277 577.21356 7 0.9999292 424.14322 457.38507 658.76965 828.888 7 0.99976724 215.40042 440.9525 455.0859 836.2223 7 0.9997483 617.2471 538.75586 940.83887 860.92175 7 0.99958795 22.882675 440.37585 249.3727 876.0416 7 0.1380885 95.5014 483.87094 155.94106 522.4036 7 0.114371605 414.9829 550.69965 437.11182 639.82306 7 0.084822774 138.39256 439.65167 221.70314 555.2308 7 0.07500299 459.74957 471.11765 510.1823 504.25693 ,test/2641.jpg
9 0.999086 102.48526 82.92572 959.75244 799.6685 9 0.9483723 123.68161 498.43628 961.29297 789.5836 9 0.06388993 134.83624 670.0982 945.04047 791.8597 ,test/2642.jpg
0 0.1870468 410.34955 384.0524 701.5003 642.6008 7 0.9730129 408.2379 382.96387 701.8302 640.90576 ,test/2643.jpg
0 0.34318185 1.2562561 0.0 316.01785 436.33154 7 0.99980444 341.5312 184.64803 810.69977 664.89813 7 0.9993979 1.6687164 391.78302 371.00854 773.2935 7 0.95906085 3.06221 0.0028533936 315.70422 437.06598 7 0.13446935 94.39542 46.9178 306.88342 327.14636 ,test/2644.jpg
0 0.845778 382.08984 18.499794 638.8949 188.95822 0 0.10060501 0.0 150.23213 398.56628 579.6966 0 0.084910944 392.948 31.66835 673.0056 309.99036 1 0.6416512 964.4386 454.54517 1022.8843 1024.0 1 0.1381568 0.0 147.07393 388.26123 578.721 1 0.07326868 960.5858 475.40814 1021.10803 772.3807 3 0.11254379 0.6407318 151.3613 389.59155 572.4021 5 0.84872246 349.1742 16.684021 1024.0 461.5491 5 0.62104446 648.54816 33.945145 1024.0 409.49164 5 0.6047839 347.63217 62.384598 693.2871 412.38342 5 0.109407544 966.5893 450.37296 1022.4146 1024.0 5 0.057094503 383.18478 20.399734 635.29834 189.56572 7 0.9918252 545.66223 548.11774 962.8751 918.68317 7 0.9569191 2.8834534 644.78925 673.6289 1006.1729 7 0.8804047 0.0 153.27264 389.54456 571.1009 7 0.7008212 405.09982 338.47134 1024.0 453.47562 7 0.67124623 239.68558 555.55286 949.2866 968.08093 7 0.3560652 301.2179 19.035141 1024.0 459.10486 7 0.31024575 972.1666 457.01834 1021.8966 1024.0 7 0.22698036 1.9213715 668.32947 396.77008 964.29443 7 0.15856908 224.62428 633.1846 702.6149 923.12317 7 0.10656246 357.89203 41.226166 680.3831 386.24957 7 0.10178231 383.18478 20.399734 635.29834 189.56572 7 0.06530346 348.13715 348.79108 1009.9223 660.2068 ,test/2645.jpg
0 0.6487653 630.86743 349.09265 670.61914 381.77106 0 0.10166498 670.0274 380.0964 734.7767 599.77985 1 0.9371091 236.47594 356.27792 733.2873 648.5675 1 0.09669072 670.0274 380.0964 734.7767 599.77985 2 0.14474495 237.1619 356.55023 732.18274 649.9901 7 0.06866489 239.35378 355.03122 732.1149 649.6155 7 0.050403714 687.00757 376.56638 737.16016 600.4722 7 0.050209865 232.79076 427.409 291.88376 597.3459 ,test/2646.jpg
0 0.08990175 670.1679 300.64783 896.0975 569.9351 5 0.998073 358.1952 414.66724 662.5901 604.5072 5 0.07211156 619.58185 517.9372 680.835 579.0795 7 0.26906955 670.1679 300.64783 896.0975 569.9351 7 0.08626007 619.58185 517.9372 680.835 579.0795 ,test/2647.jpg
0 0.9743438 168.3219 557.78705 257.95038 673.3288 7 0.9999269 210.34872 255.62195 810.1493 820.18726 7 0.06459614 223.85442 254.79004 580.7175 703.57623 ,test/2648.jpg
0 0.5634611 641.1338 187.72163 699.8712 246.80278 0 0.07403367 398.1436 314.76788 417.38907 340.3756 1 0.10781355 640.33856 186.50574 704.4036 247.55307 7 0.99993515 219.12433 181.53952 849.04987 838.74036 7 0.5366863 641.1081 186.80728 701.35345 247.6979 7 0.06460319 398.1436 314.76788 417.38907 340.3756 ,test/2649.jpg
2 0.2762269 211.42044 249.54445 665.91296 759.4109 3 0.9649526 213.81755 249.62604 664.9393 760.0491 5 0.09169648 212.95311 250.29878 667.8279 757.2581 5 0.057091605 219.00429 252.63797 600.1516 422.0748 7 0.13264449 830.90466 513.0049 1022.1406 1024.0 ,test/2650.jpg
1 0.9910635 222.08847 231.6325 764.3729 824.028 1 0.24738543 230.09142 209.70988 389.64087 596.458 1 0.1497245 141.11249 0.0 796.9339 307.86072 1 0.12680575 110.55201 191.59772 345.5553 579.05536 1 0.113530934 0.50242615 52.67035 183.88289 843.954 1 0.088292 167.52942 420.96835 273.8317 581.31006 ,test/2651.jpg
0 0.12168122 217.41087 320.57538 238.29631 369.99768 1 0.3802375 216.88564 320.96545 238.18336 370.10297 6 0.9991003 225.90588 618.83594 767.90826 918.3684 6 0.06435703 250.3784 558.78503 729.38116 737.7106 7 0.99953413 176.75766 154.84927 832.8142 715.43506 7 0.12791418 153.15985 521.94653 751.5087 720.453 ,test/2652.jpg
0 0.5946658 578.3252 438.04694 680.32336 539.60364 1 0.9994974 324.55133 82.756256 749.73517 780.60767 1 0.2735231 396.19354 98.33832 599.32556 333.56204 1 0.20576307 423.8783 429.62943 748.6354 781.67664 1 0.15942097 569.37866 441.98737 685.5604 585.7399 1 0.115243964 472.52005 463.77838 678.3084 644.2696 1 0.06307519 491.53647 148.73691 565.4529 259.75177 5 0.80953336 888.4462 254.29295 1019.8647 703.31067 ,test/2653.jpg
9 0.99242944 266.3207 219.27753 808.178 776.45496 9 0.8354546 318.43988 227.37213 719.9483 399.61694 9 0.5922787 609.9894 522.817 788.922 765.0148 9 0.30224156 547.1 443.08447 818.0094 772.3607 ,test/2654.jpg
0 0.49834824 520.1195 569.84863 579.6583 667.8804 0 0.10835602 618.33813 399.88977 662.4032 444.19012 0 0.086194046 565.08887 275.72736 599.17346 394.91937 0 0.071208015 507.32394 279.11462 586.8186 331.9265 0 0.056411676 562.90466 444.1857 630.00854 607.40845 1 0.9943041 309.17133 276.0827 746.1115 819.2968 1 0.99259174 425.0027 278.33273 591.93854 480.31473 1 0.7453599 352.39514 284.6195 644.4169 666.4946 1 0.69573885 563.79333 443.86578 630.4452 622.2233 1 0.6938606 615.8948 400.68567 663.9773 508.01733 1 0.53317875 614.1355 400.27698 662.4143 445.3385 1 0.53184134 519.5864 565.898 580.6018 667.36224 1 0.39324588 477.43317 476.90427 585.5573 658.1427 1 0.361052 376.6266 415.44318 739.6006 682.3492 1 0.31685913 328.2901 487.88452 659.639 816.5377 1 0.26491863 395.18817 656.167 639.8072 816.1564 1 0.24576946 539.265 553.64954 570.97754 586.4238 1 0.23854446 543.525 429.2339 752.7853 676.2306 1 0.21568008 413.36322 315.64514 637.2675 553.01013 1 0.18469615 388.01926 460.95944 543.8425 653.2751 1 0.17071985 562.7835 277.79883 623.22723 536.9089 1 0.14449225 615.39355 414.09286 642.5392 507.23495 1 0.14429748 421.5269 447.19257 600.1699 494.9226 1 0.13448949 518.65155 342.14264 666.35565 665.6451 1 0.116616525 507.8387 278.53482 585.9707 333.97617 1 0.11641894 493.30417 445.70898 635.57806 583.0044 1 0.11451183 573.3317 400.78586 666.22736 616.46985 1 0.09916372 637.398 422.2056 664.5009 503.0759 1 0.09333197 663.2835 424.3134 704.32306 456.24753 1 0.08712952 511.1574 445.31613 589.14044 565.8492 1 0.08543807 484.36337 490.65054 547.1454 623.0137 1 0.07947046 315.27917 287.97247 481.73883 589.089 1 0.07659925 575.71924 443.84454 622.93726 510.88647 1 0.07219478 565.08887 275.72736 599.17346 394.91937 1 0.06919604 460.38953 285.9302 581.59607 345.90665 1 0.06901494 529.85425 406.7849 673.8933 518.47363 1 0.06793448 494.10413 275.28983 590.1975 383.02646 1 0.06188812 563.9442 500.44742 602.3076 632.47217 1 0.06002654 428.49994 406.67346 625.95575 501.5746 1 0.059331916 532.2543 476.87524 656.449 666.99854 1 0.05356299 568.62744 571.6692 586.5919 645.8115 1 0.052644417 493.58524 310.5813 596.933 502.98822 1 0.05215846 637.6559 417.22034 698.06445 490.07532 2 0.14685777 619.7924 399.81592 662.68964 443.61383 2 0.097127646 663.2835 424.3134 704.32306 456.24753 5 0.16690268 233.23431 918.22296 355.88202 1024.0 5 0.06622479 462.9906 481.19278 557.94165 645.98926 6 0.33072302 389.98483 458.5055 515.34064 632.71216 6 0.12025944 462.9906 481.19278 557.94165 645.98926 6 0.06014781 425.00507 479.01736 505.9132 610.2737 7 0.9827628 236.20964 914.8394 355.7344 1024.0 7 0.48496586 519.8771 572.74695 580.20374 667.3711 ,test/2655.jpg
0 0.11440841 6.800293 70.83597 994.2176 996.0919 8 0.99953485 765.3975 522.07983 879.7049 678.82947 9 0.953146 18.994904 108.16876 949.5154 914.0442 9 0.10687016 40.582 260.98563 621.489 846.78186 ,test/2656.jpg
0 0.10113137 412.20453 797.4522 458.94995 849.4329 6 0.9997023 216.66458 250.04721 747.08813 844.06055 ,test/2657.jpg
0 0.07608445 1.1146317 293.7449 190.3724 476.88412 1 0.44261584 3.1061935 0.0 162.82623 126.696915 1 0.083567955 1.247818 1.9670506 165.7432 30.109247 1 0.07628166 14.6521435 106.07653 75.28507 127.67498 1 0.072475344 2.8917313 69.62304 91.73658 115.11971 3 0.8094146 448.15292 449.29974 528.11725 484.15204 5 0.23794378 447.60602 448.178 529.72687 484.24197 7 0.9999434 323.26874 553.263 1014.67706 998.61017 7 0.9990126 58.200348 0.0 597.2461 484.7876 7 0.9864798 89.29907 399.81497 671.5343 748.79333 7 0.75447756 4.6455536 1.164444 279.43365 355.83636 7 0.64667314 0.0 329.4733 206.12094 447.7581 7 0.48715407 0.0 111.184105 184.20132 343.3026 7 0.14421241 2.22995 92.184784 225.81126 490.8121 7 0.1295071 0.0 347.57425 172.65292 1024.0 7 0.11005891 364.79297 572.3352 726.8086 801.55884 7 0.094455756 67.35779 1.1109238 481.42346 135.19318 7 0.06280576 79.30876 394.71506 400.70184 700.58496 7 0.059224326 406.10486 662.34283 495.53058 793.3348 7 0.054229368 7.0771484 270.57025 164.90942 343.73535 7 0.05026493 1.178585 112.44329 104.01994 297.65134 ,test/2658.jpg
1 0.99840516 223.28531 280.65955 792.7706 722.64465 ,test/2659.jpg
0 0.16116095 655.9844 225.51743 1022.71924 808.8981 0 0.06422314 144.14938 114.81586 668.53564 929.11615 2 0.07927921 663.72845 620.20624 1000.00287 689.42975 2 0.06538499 667.381 587.729 1018.8893 651.5167 3 0.12782788 198.5633 78.52481 668.6634 930.9043 5 0.999395 4.1638336 460.8969 366.92767 933.7071 5 0.9798994 140.5675 102.9306 678.3221 927.7011 5 0.97894293 652.2892 36.141693 1018.0941 881.39514 5 0.6698341 966.58594 214.836 1023.6157 285.2911 5 0.19271918 799.4 254.5647 974.218 291.6128 5 0.11946641 702.6282 41.867134 909.4238 184.31439 5 0.07985185 981.8933 499.2004 1022.57666 833.6113 5 0.064708576 996.1127 269.14078 1024.0 331.3373 5 0.055493344 659.9403 235.95958 1008.94324 656.1791 7 0.06454622 175.10724 94.20715 669.56287 934.93604 ,test/2660.jpg
1 0.99913055 117.38254 372.14148 797.0332 747.286 ,test/2661.jpg
0 0.94640964 234.41757 226.9895 826.526 747.2559 7 0.75823665 234.00568 226.39484 826.05853 745.7302 ,test/2662.jpg
0 0.9999776 387.4512 391.39893 694.93884 621.8807 ,test/2663.jpg
0 0.9918216 396.2964 277.9106 650.34546 674.04456 0 0.55253905 662.2342 577.6986 843.8217 778.72705 0 0.09770056 204.25136 215.21164 297.01782 416.0502 1 0.2025868 662.4045 577.718 843.7247 778.11975 5 0.29949695 662.91675 577.4457 843.7593 778.3115 6 0.5117891 177.09601 710.31195 287.55838 790.4593 ,test/2664.jpg
0 0.9834315 200.33627 297.08197 850.0797 744.8608 ,test/2665.jpg
0 0.22594225 287.5891 374.98126 725.7619 836.4052 0 0.13746944 28.828064 372.90704 493.08142 886.0013 3 0.30326024 304.4747 375.56613 720.28687 832.9772 4 0.105874665 280.24506 373.18286 727.7882 836.08496 5 0.16030122 306.85696 374.33606 720.34937 827.30725 ,test/2666.jpg
0 0.59792376 270.39386 151.43448 364.69794 233.63046 0 0.36854327 381.11566 176.81094 775.5428 703.99194 0 0.36118603 603.5467 412.04602 691.5018 547.87134 0 0.13963711 415.59567 587.2311 489.19083 622.3794 0 0.08287766 619.81335 621.43274 661.2687 665.9624 0 0.051238533 407.11792 367.38605 689.4197 562.6333 1 0.9845687 0.0 21.294403 1021.9525 1019.75964 1 0.7258809 507.31702 586.0884 668.234 716.5017 1 0.64739865 355.70273 176.50735 764.5486 727.4558 1 0.61518145 89.55371 10.997536 917.85736 252.43866 1 0.61441183 819.8573 245.48355 1022.9319 906.4844 1 0.53970695 286.66388 133.5354 904.6209 907.5049 1 0.32594854 0.0 476.29602 943.0398 1014.7799 1 0.29860115 11.1427765 21.423462 401.06183 750.88934 1 0.21164921 15.684998 0.73965454 760.4362 693.4957 1 0.21114121 11.81311 599.50995 249.19434 820.1351 1 0.205254 706.80536 13.271484 918.95013 919.87976 2 0.9991542 325.08878 610.258 514.92163 733.67755 2 0.43341 505.6669 586.4985 669.03455 715.9295 2 0.120398834 319.12946 606.3252 403.72943 736.67346 5 0.37480605 448.16736 490.95212 575.7524 603.1132 5 0.25576273 339.772 467.2644 413.51474 588.98486 5 0.13836296 417.1759 585.34796 492.5005 623.2056 5 0.107209004 323.4322 460.55386 447.6128 610.0484 5 0.08495069 358.2782 523.1597 410.27997 555.6147 5 0.08268854 350.80087 455.5688 448.79715 555.3835 5 0.081090115 323.58905 516.13 419.50214 587.4236 5 0.07951304 357.54468 499.38882 439.0017 622.78094 7 0.8596202 323.29755 450.93945 455.45618 620.6802 7 0.40024793 184.2043 595.4419 246.65804 714.7184 7 0.34282398 358.55383 181.52966 767.5227 723.9904 7 0.23239481 402.54797 382.48944 670.5276 538.3388 7 0.23051986 372.67508 410.69434 629.0276 601.2658 7 0.11225935 444.11017 488.24222 589.04474 605.145 7 0.09762474 327.07288 572.5325 439.10236 622.0078 7 0.08376347 417.50775 584.47 489.8916 623.0104 ,test/2667.jpg
0 0.7749699 91.24573 595.1502 882.75256 725.43536 5 0.24723533 84.40109 595.3983 881.30884 724.8458 7 0.10150263 88.23813 591.84686 884.87085 727.74835 ,test/2668.jpg
0 0.889195 474.3421 477.4462 727.69794 555.5151 0 0.5481388 708.47766 278.97058 934.3285 382.64355 0 0.20673183 30.286148 257.9435 287.56555 358.22018 0 0.17290443 324.72223 527.4257 441.17688 594.1418 0 0.13779196 88.561646 488.71405 300.29153 721.64923 3 0.5438713 324.6312 527.38586 439.5029 593.99536 3 0.45945746 707.4416 281.4882 935.7055 382.18924 4 0.15557587 324.94528 527.5038 439.79514 594.17554 5 0.97283125 87.37899 489.22772 301.55444 722.6567 5 0.509264 324.98492 527.50397 439.48663 593.8953 5 0.12491976 707.8734 279.08585 934.21204 382.54514 5 0.05039147 135.92377 487.32944 301.94766 569.93555 7 0.05144099 474.28912 475.80792 725.88654 555.3846 8 0.08131836 325.01343 527.5078 439.25037 593.9988 ,test/2669.jpg
0 0.65845823 418.76758 210.96165 808.53235 534.13116 0 0.5167834 493.7289 418.04297 590.5766 544.04517 0 0.49650824 435.50464 479.16003 473.24957 687.02185 0 0.4799447 153.11484 198.75172 807.1013 594.8777 0 0.23995596 489.9323 227.98236 685.13934 548.30023 0 0.215856 432.0373 216.10217 590.4958 503.91052 0 0.13428472 422.2535 475.70694 443.9246 673.015 0 0.11155466 514.2113 449.12497 562.1969 505.70145 1 0.35079318 152.2496 192.12637 806.5421 593.9617 1 0.07239657 627.20764 363.28864 665.8638 460.04193 1 0.052535523 489.3756 429.5158 590.0344 545.0205 5 0.35502714 138.94083 190.27713 664.7179 584.2599 5 0.13063225 433.76486 461.65338 472.78207 691.08905 5 0.1166063 415.07556 204.29466 809.7511 532.57153 6 0.08592323 436.3905 468.97714 472.8274 688.45886 ,test/2670.jpg
0 0.58037895 290.49734 495.1649 631.87317 762.77576 9 0.760416 290.18585 495.30914 631.65405 762.41693 ,test/2671.jpg
0 0.9974039 427.2524 472.59695 570.93835 682.95874 ,test/2672.jpg
2 0.073624134 376.7093 328.6482 794.44476 658.02527 3 0.99917907 378.01926 328.0551 794.5906 658.0431 7 0.7628082 324.1568 649.0704 359.03534 710.3593 ,test/2673.jpg
0 0.30931106 243.52438 208.37144 843.54004 573.82837 1 0.7279506 240.33102 207.9313 844.2269 573.2483 2 0.09922407 241.27603 208.57639 842.97046 574.61597 7 0.09456723 241.32999 208.46988 842.98254 574.46094 ,test/2674.jpg
0 0.7737335 11.445984 505.2083 287.98962 682.81635 0 0.7734691 447.3321 670.97394 916.5246 827.62115 0 0.4447943 278.38617 7.286438 1006.9013 838.1021 0 0.18306573 9.401138 501.591 419.04187 805.1486 0 0.16804074 319.3721 40.562714 761.4966 661.5338 0 0.14548911 225.66159 479.1632 298.2538 556.1378 0 0.081708744 146.49138 865.6652 324.1762 1024.0 0 0.08031232 7.305664 51.50824 677.00885 730.86017 0 0.054019563 6.8886414 326.64066 519.25146 748.687 2 0.77300835 425.97318 378.22375 748.05347 675.0626 3 0.7004916 424.3322 377.24255 747.70087 675.651 3 0.15233213 334.19928 35.288483 988.4483 802.30615 5 0.34525603 425.22412 378.57172 747.2555 676.25995 ,test/2675.jpg
0 0.9671008 812.11176 0.4047737 975.4803 94.21123 0 0.41921544 911.0123 32.073933 1019.06116 126.15236 0 0.39108905 768.44604 63.299126 857.6808 136.31027 0 0.31663927 814.5789 63.429806 856.9245 99.729385 0 0.18790275 769.26965 0.0 1005.42773 130.78271 0 0.058772203 814.64557 0.5200329 898.76227 55.27162 1 0.05469355 911.0123 32.073933 1019.06116 126.15236 2 0.050901826 446.61932 224.53098 779.1093 740.8887 3 0.9984162 447.7908 223.43353 779.8043 741.3162 3 0.06665566 538.55975 224.97359 784.33734 280.32877 5 0.05577047 768.44604 63.299126 857.6808 136.31027 7 0.09694618 768.44604 63.299126 857.6808 136.31027 7 0.05447326 671.1214 0.76147175 733.7198 12.766779 ,test/2676.jpg
4 0.99734986 335.61926 371.7981 845.80676 576.0428 ,test/2677.jpg
0 0.17216888 12.84845 317.39078 560.2014 964.17505 0 0.058661122 146.80704 282.27664 882.42566 925.4745 5 0.99679285 318.0874 282.9409 882.2113 890.8677 ,test/2678.jpg
1 0.4576915 393.3458 456.71143 614.4947 721.9027 2 0.9143563 393.07135 456.7704 614.64386 719.46326 ,test/2679.jpg
0 0.17924175 5.232422 467.56067 620.14667 915.781 0 0.05110526 499.75638 333.95795 511.6105 401.95618 5 0.9939957 569.70715 687.7759 619.4043 753.57336 7 0.9981178 310.3226 130.80743 959.12756 532.0167 7 0.9966664 912.2593 683.0217 1023.37146 873.5381 7 0.99447566 574.9397 411.45618 967.8583 864.2595 7 0.9615285 6.697998 469.1011 613.91455 915.9236 7 0.4491569 597.7075 355.33405 972.5387 556.51886 7 0.13896511 2.3213348 670.02185 55.382412 711.3612 7 0.06830909 567.7617 528.2762 604.4281 647.05707 ,test/2680.jpg
0 0.11201464 0.25098038 33.16812 74.32823 1020.0802 3 0.5002507 440.15503 0.0 510.72986 55.279335 3 0.07624801 443.60596 0.0 505.73932 110.068245 3 0.05704193 492.27734 1.1614399 509.72992 55.921143 3 0.052764993 475.32208 0.21220589 513.86597 56.693794 5 0.1859396 459.3866 85.27687 480.39185 122.995605 9 0.9927892 265.3551 71.57181 680.368 1015.47766 9 0.28614473 0.25098038 33.16812 74.32823 1020.0802 ,test/2681.jpg
0 0.99128985 169.62419 601.52374 219.0757 741.9522 0 0.8723121 718.6379 999.45526 767.4589 1024.0 0 0.6271442 529.9488 604.27527 594.4814 644.92957 0 0.2959999 493.45605 0.0 724.34094 267.6485 0 0.2459668 513.86957 578.4404 598.8399 647.10095 0 0.22177258 173.03423 608.7483 273.192 750.70667 0 0.17613095 534.54565 615.0815 581.01245 642.31976 0 0.13500187 878.5275 531.2196 932.4987 598.0714 0 0.10686459 39.595284 744.2196 240.12265 830.41846 0 0.07377328 503.3276 583.7575 613.70746 679.47797 0 0.06339048 468.21198 224.49419 516.9104 569.2431 1 0.30103567 827.9397 388.8928 916.57434 436.2877 1 0.28614572 563.09985 541.70013 610.8043 588.1796 1 0.10172826 561.27997 557.869 598.231 588.5294 1 0.06572822 920.3859 458.9217 1011.8558 556.76874 2 0.05697612 572.2247 541.43536 611.0778 586.65656 3 0.08593541 904.55145 718.2168 948.28375 772.9946 5 0.9143172 927.2938 915.48114 1021.67163 1024.0 5 0.48218733 10.402489 744.26355 241.3937 826.67896 5 0.43382823 49.473755 747.7217 103.41565 780.05786 5 0.36267188 46.027863 876.06226 859.11414 1024.0 5 0.33408028 187.8778 750.41125 398.2829 843.2584 5 0.21042554 8.984024 741.41376 401.552 844.89996 5 0.13688006 342.1869 902.6261 838.1715 1023.5939 5 0.11570372 2.0018158 686.2283 280.44128 841.48376 5 0.054445192 66.62433 702.6826 176.86308 748.8638 5 0.053997595 57.788185 851.7497 261.18198 1022.7723 5 0.05139681 3.2308807 689.05396 205.57706 782.09985 6 0.9983595 604.3401 564.1183 846.218 848.59143 6 0.99629503 603.7801 276.14935 827.7974 557.4114 6 0.99614066 384.47794 573.2114 622.8912 860.5764 6 0.9570862 620.36444 43.775986 840.5047 289.88245 6 0.49856603 395.59424 572.28754 612.6187 704.5732 6 0.22900738 188.17195 750.44635 401.61725 843.2763 6 0.15470138 610.4843 43.747986 842.15753 573.1033 6 0.10195596 387.4972 762.9912 600.36444 858.2274 6 0.09994689 14.136871 656.01746 621.7731 857.9934 6 0.060500864 168.34195 745.17224 613.37036 850.45056 6 0.06023509 606.8496 281.9431 825.6764 351.27502 6 0.056625042 399.33746 635.95746 616.22864 710.0561 6 0.053035837 439.76105 572.949 606.3565 655.02246 6 0.051193584 385.3592 793.15204 542.1622 848.7681 7 0.8702122 175.22723 685.1677 283.17218 750.0376 7 0.8141495 843.84564 579.53064 911.3327 794.00964 7 0.71376956 889.0148 649.8395 1018.2661 798.18616 7 0.611377 491.00623 0.8257599 701.19104 264.5265 7 0.4155155 0.0 670.58923 103.948944 787.6571 7 0.39728957 0.0 669.9975 261.93732 840.1147 7 0.31998372 66.4969 702.0736 180.7757 747.7606 7 0.21605395 3.2308807 689.05396 205.57706 782.09985 7 0.09544284 40.230858 744.90436 238.8631 828.498 7 0.08563068 852.20233 613.04626 959.67145 788.92834 7 0.0696179 41.485397 683.5232 282.4619 749.8679 7 0.06195235 166.90686 612.1355 276.58807 751.7562 ,test/2682.jpg
0 0.5172571 344.51666 333.59808 462.3728 433.69617 0 0.0928802 445.8823 334.80667 589.3307 398.24142 0 0.09039598 491.5202 340.43073 604.16437 487.48468 1 0.973416 491.1946 339.5263 603.65875 487.93323 1 0.4417586 550.26624 18.280426 1015.9033 850.93994 1 0.3558446 344.74216 336.2815 463.17026 433.2256 1 0.29234427 521.4366 142.35646 579.0661 263.36575 1 0.09798464 445.8823 334.80667 589.3307 398.24142 5 0.074811935 347.04294 480.35675 635.07935 784.5081 5 0.06998924 448.14862 338.66956 514.0094 397.88507 6 0.9986909 260.43292 21.564034 584.22174 229.33432 6 0.9836246 348.6137 480.81134 634.8187 784.87933 6 0.18211515 526.0308 0.0 826.5621 344.9901 6 0.09091733 344.6112 338.3537 460.17957 433.2746 6 0.08646783 259.76065 16.17907 382.95914 143.99948 ,test/2683.jpg
0 0.15197378 306.9014 125.29318 358.8851 176.81308 0 0.13095835 360.9294 114.38419 390.4421 140.94867 1 0.15182202 307.1309 125.030685 358.97787 176.68324 1 0.05230967 307.6681 124.073166 356.5938 145.4533 5 0.99231756 386.2943 180.0167 737.57385 521.1448 ,test/2684.jpg
0 0.67074174 491.65784 285.1345 877.87695 675.595 0 0.11506069 88.87132 393.92783 521.9974 809.9873 0 0.073753245 724.3252 293.99792 793.374 362.25568 1 0.6834876 756.3254 370.97668 876.26666 425.0854 1 0.4184587 717.6939 288.11743 780.71967 319.59058 1 0.31242573 762.5043 375.38885 833.2069 418.3706 1 0.30085877 491.9182 284.67822 876.80554 676.0135 1 0.101407826 579.8784 389.4437 667.3596 449.00778 1 0.05834788 719.0843 304.97913 777.6464 325.9497 1 0.05626067 578.2356 360.9849 856.9508 447.23532 1 0.054547664 718.87585 285.58984 824.3292 374.6687 3 0.067881204 735.6586 333.55762 783.601 356.71637 5 0.17253824 735.6586 333.55762 783.601 356.71637 7 0.97233474 88.79704 392.0653 524.01556 813.1626 7 0.24302709 491.46918 283.21375 877.6611 675.5749 9 0.15130988 491.8476 284.51495 876.8018 675.90765 ,test/2685.jpg
0 0.9952885 391.75244 356.2657 731.7234 604.5979 0 0.053039383 393.7367 357.33353 608.59174 485.9042 7 0.07340342 393.80396 355.77124 733.7821 604.5006 ,test/2686.jpg
0 0.070024386 518.7175 317.80115 795.53455 616.77844 5 0.41422173 0.0 393.81793 207.40944 849.12775 7 0.9994031 192.65198 164.24667 984.5177 1010.6543 7 0.9972253 610.9584 764.6807 900.14856 1020.7066 7 0.98073214 859.84247 0.0 1022.19586 259.96704 7 0.9692663 826.28925 231.59003 1024.0 1024.0 7 0.62989503 518.86975 324.94653 795.71155 606.7151 7 0.2594381 979.81915 199.92992 1023.9782 271.36383 7 0.2091727 930.64594 260.65137 1021.53815 408.5677 7 0.16839026 669.3197 502.28427 1024.0 1021.4104 7 0.15043437 253.57483 758.11926 909.7307 1024.0 7 0.10449051 1000.51117 199.0846 1023.65375 266.4452 7 0.09940602 799.3948 787.7467 907.5028 1018.2815 7 0.058854062 867.6617 164.55234 1022.2952 714.20044 ,test/2687.jpg
9 0.9958942 278.77655 559.47626 693.1912 963.23224 9 0.9933609 198.12338 47.29216 718.151 535.55457 9 0.13907808 89.1091 57.960724 711.35046 984.17944 9 0.06757015 592.844 67.11101 713.9508 531.52344 ,test/2688.jpg
0 0.999729 235.43709 540.314 722.0342 737.10394 0 0.21745694 777.4006 960.69635 856.11224 1016.49786 6 0.067046575 777.38007 960.8843 856.15753 1016.2302 ,test/2689.jpg
0 0.960763 332.7269 259.9408 649.83484 680.99225 1 0.054030877 331.62668 260.62683 649.7179 681.5361 2 0.07373559 331.02045 260.73724 649.82623 681.17114 ,test/2690.jpg
0 0.10780815 692.08844 0.0 851.2321 634.10205 0 0.06562779 528.1666 802.95654 577.8611 865.95544 6 0.9991761 282.44693 269.45456 705.7732 846.9309 ,test/2691.jpg
0 0.104842 366.54434 423.1842 689.7201 698.79626 5 0.056217484 366.54434 423.1842 689.7201 698.79626 7 0.9933422 3.612915 169.38205 1020.36957 998.3529 7 0.10450691 366.54434 423.1842 689.7201 698.79626 7 0.10090033 262.26025 779.92566 644.3105 1005.9658 ,test/2692.jpg
0 0.47393993 60.36802 806.105 204.14383 984.1384 7 0.9965119 225.0137 308.10553 834.98206 710.9121 7 0.39996627 578.40643 371.11725 833.58014 716.32465 ,test/2693.jpg
0 0.20728111 200.22366 0.0 729.3556 949.0844 1 0.06308044 201.59052 0.0 730.67505 948.95905 2 0.68644285 202.24066 0.0 731.53784 947.8482 2 0.18322346 199.66269 4.2769775 693.06836 475.91504 3 0.35961145 203.42297 0.0 727.0279 944.55347 5 0.15267067 201.02124 0.0 729.6718 949.5339 7 0.17810395 204.12811 0.0 727.9727 945.06433 ,test/2694.jpg
0 0.8335199 851.39264 428.07172 935.0223 464.5752 1 0.99705815 86.6535 136.32474 672.933 473.00888 1 0.98182184 96.715546 398.0629 653.3334 803.6505 1 0.07967384 170.8128 203.55107 229.12128 321.97662 2 0.079289876 95.58804 397.6658 653.9332 806.5062 5 0.99580777 27.79213 460.95108 217.67772 512.2556 5 0.3817724 36.749447 459.22656 127.519745 506.58582 5 0.3714659 160.95132 465.2767 214.15402 486.95377 5 0.13723457 38.66231 461.1817 87.285995 503.1991 5 0.1196125 115.48744 461.68155 226.37685 487.46542 5 0.10340879 161.58194 486.53687 203.78677 513.016 5 0.07321184 40.238964 461.042 112.95558 489.002 5 0.0663365 105.09135 465.34064 211.19589 515.6122 5 0.06557421 84.42384 464.52505 168.91557 483.63522 5 0.063524835 79.7625 464.3575 177.64403 505.47348 5 0.05337464 36.663696 451.52393 144.6371 486.3963 5 0.0528102 18.006859 460.95877 196.14944 567.83514 5 0.051686075 25.367386 499.13226 181.01141 531.6425 ,test/2695.jpg
0 0.58139575 221.98463 78.44311 298.29636 98.76441 0 0.26499316 119.45145 161.23651 171.6128 176.78308 0 0.08602654 435.31815 640.59814 573.3346 688.725 0 0.0818222 101.84446 144.9274 172.18521 172.88867 0 0.06529302 86.060974 628.9695 882.5234 745.6465 0 0.06297407 112.630554 855.16504 156.65771 878.8827 1 0.21952578 62.27829 649.6126 848.4866 801.67194 1 0.18644261 67.51309 717.208 832.0885 854.51636 1 0.11219747 221.98463 78.44311 298.29636 98.76441 5 0.19443001 26.302887 213.34375 1001.36584 841.15295 5 0.057807416 50.471252 610.55035 866.2146 858.05426 7 0.98857725 951.6731 351.13834 1014.2694 430.07492 7 0.97790504 25.18106 205.67224 1002.6378 843.3843 7 0.07815352 990.0333 388.4388 1014.2012 427.52 7 0.07261123 221.55702 78.90703 299.60126 99.30963 ,test/2696.jpg
0 0.549418 137.69559 208.22531 695.05896 861.9248 0 0.44972405 676.3115 324.45178 836.51917 545.2145 0 0.05868715 143.67879 485.0713 598.9012 860.95703 1 0.1046108 148.99385 410.67017 636.5958 860.3557 1 0.058496907 676.05273 324.21457 836.47705 544.3595 3 0.18095219 676.40027 323.75748 836.5952 544.95544 5 0.38751638 676.8225 324.031 837.07825 545.5742 7 0.7796019 136.52365 187.06082 714.92395 867.2987 7 0.52299047 303.16895 194.79503 712.102 640.2024 7 0.24205162 145.7175 470.4958 619.25 862.2955 8 0.13121329 676.26715 324.1161 836.5644 544.8644 ,test/2697.jpg
0 0.12807895 263.54523 564.22284 779.88116 950.3537 0 0.05385412 565.5743 188.53052 960.5496 501.57513 1 0.28711468 565.5743 188.53052 960.5496 501.57513 1 0.14463414 263.19705 569.59155 779.7825 948.6918 2 0.97676873 567.6412 188.06348 962.87555 502.51953 2 0.90624714 262.17316 565.8166 779.5805 949.6724 5 0.12909883 262.11914 567.1647 784.9708 950.87317 5 0.08097979 292.28503 654.28516 443.1073 858.2273 ,test/2698.jpg
0 0.52245307 50.846664 418.70593 261.54688 499.1034 0 0.31161848 711.27826 952.8032 928.4991 1024.0 0 0.29028758 575.25745 104.127556 664.4408 159.4227 0 0.11634422 610.1587 114.84154 663.2615 155.48946 0 0.05031021 300.99338 326.6842 615.5416 561.308 1 0.9934883 246.52765 563.04816 642.4508 860.98834 1 0.68808395 301.53717 327.30124 615.06445 557.0858 1 0.6269908 713.00653 951.95984 931.61615 1024.0 1 0.42884374 51.13938 417.85742 261.3605 498.78296 1 0.39411893 343.47864 557.6727 632.61053 766.8458 1 0.13388863 350.67923 557.2892 528.99915 657.21704 1 0.0881193 407.54782 625.26074 448.3173 664.70715 2 0.06175301 51.547615 417.94482 261.49106 498.90375 5 0.5414702 51.14147 417.94037 262.0062 498.7588 5 0.11023468 605.34863 134.13066 837.15173 243.93837 5 0.10578381 616.4182 153.53421 776.4048 209.41931 5 0.09556216 144.39053 305.29572 201.52652 392.2801 5 0.058760386 621.209 149.96465 680.57104 193.64488 7 0.9973653 498.68506 407.98767 869.3474 692.08484 7 0.9947184 503.81226 152.72473 815.6876 439.01868 7 0.6852989 602.5769 134.43 836.4463 243.35355 7 0.6636673 301.4063 327.3252 614.8342 557.6269 7 0.3382129 143.75505 303.8995 201.40318 393.6483 7 0.22959925 101.86713 381.21524 168.68747 425.741 7 0.17678718 620.8631 152.62859 678.314 190.67976 7 0.14963925 118.906525 299.27734 203.38467 421.86664 7 0.06851446 302.63028 139.69637 825.7988 551.07495 7 0.06793504 84.83603 335.82016 163.2737 426.5925 ,test/2699.jpg
0 0.83177876 15.893311 0.0 471.6146 392.0485 0 0.35882765 502.2481 370.5699 892.0577 1017.3504 0 0.13077027 403.1712 255.34329 493.9704 395.99216 1 0.4660359 403.1712 255.34329 493.9704 395.99216 1 0.10356452 26.138885 0.0 443.6643 387.3512 1 0.051766336 500.05258 379.97037 891.9894 1013.58154 3 0.15236387 502.2481 370.5699 892.0577 1017.3504 4 0.06514922 501.82782 375.3937 890.5544 990.7777 5 0.43243265 499.7978 374.2339 892.5557 1013.4658 7 0.6281409 501.1946 372.35104 891.56274 1015.3181 7 0.292181 28.512268 0.0 437.99387 386.42334 7 0.058741402 497.25708 382.52704 602.3218 894.3521 ,test/2700.jpg
0 0.93074805 793.44916 928.2619 823.4152 951.65045 0 0.7172092 489.793 109.0499 522.4535 161.35345 0 0.29368487 432.76285 71.99283 466.25156 139.49756 0 0.20447274 282.14572 136.80728 320.94876 206.15393 0 0.10685091 410.01965 419.87967 455.33862 505.79318 0 0.08257519 289.92755 219.32918 313.05414 282.43323 1 0.81757146 875.5892 778.4258 1022.0345 1024.0 1 0.16457325 850.313 550.4584 1022.037 847.94275 1 0.12220182 190.17561 705.4022 243.0561 744.7722 1 0.08260767 847.78326 711.5567 1020.0986 848.1303 1 0.06907111 433.06326 71.47059 465.7808 139.40909 1 0.053308975 793.4413 928.0571 823.24695 951.95483 5 0.47480038 409.9014 419.88232 455.90952 505.5064 6 0.7914595 2.137947 317.22113 154.15805 768.009 6 0.15185356 1.3526001 439.98636 151.45769 631.9935 6 0.14524613 8.388733 557.7517 138.065 796.15735 6 0.061140426 0.0 313.33078 134.724 503.74155 6 0.056730248 0.166893 17.95169 198.71893 1016.0072 7 0.99940515 275.9421 12.970032 742.6697 949.7058 7 0.98187584 594.3669 992.81696 693.71295 1024.0 7 0.9801712 0.19216919 573.40686 211.39005 1016.5292 7 0.61611545 433.63977 71.84373 465.31464 139.32382 7 0.3443818 409.99695 419.8084 455.29095 505.84528 7 0.33546948 422.16092 17.089722 749.92334 640.1063 7 0.17764401 489.99808 109.4617 522.4645 161.26392 7 0.14016537 283.4911 92.37215 466.88782 505.84607 7 0.12570705 289.92755 219.32918 313.05414 282.43323 7 0.07230874 0.0 43.90341 202.14536 1006.18555 ,test/2701.jpg
0 0.44393462 283.69196 475.86017 864.6381 897.46063 0 0.084427126 259.70303 73.84418 858.69006 903.28314 0 0.06703983 470.00244 62.373505 796.2079 373.21533 3 0.13010447 283.2451 477.79022 866.12695 897.17426 4 0.9776659 469.73593 62.36612 797.1515 374.2872 4 0.35800323 283.84674 476.5666 865.5041 899.00824 4 0.119397126 259.70303 73.84418 858.69006 903.28314 5 0.3396126 279.9956 479.3651 869.29297 897.3551 ,test/2702.jpg
0 0.29238877 343.07178 336.09512 755.5604 761.1443 2 0.22104324 343.0465 334.28778 755.57336 761.8786 3 0.20609178 347.13135 351.24463 702.1454 760.97705 5 0.7343536 343.71564 343.41797 755.0159 761.1752 ,test/2703.jpg
0 0.813667 288.73865 606.4767 335.96576 644.2108 0 0.45175636 401.9474 270.23135 564.9225 352.99234 0 0.3943266 382.2431 245.448 841.2774 564.983 0 0.22816232 472.15558 314.64682 730.9379 560.4781 0 0.18095429 248.42833 558.9747 291.94412 643.16754 0 0.17529057 233.20918 559.3097 334.36404 645.5587 0 0.1481868 352.28528 257.86356 574.2019 401.1483 0 0.14430559 299.4999 162.39285 688.5493 466.60825 0 0.14126022 471.46246 349.27957 583.0053 558.6631 0 0.1000206 343.98914 311.43292 653.9054 539.55725 0 0.08343238 224.00256 417.05698 249.14713 580.1776 0 0.056043807 233.46518 558.6235 276.46973 637.41547 0 0.05052931 238.92184 560.5473 264.23816 617.7513 1 0.8659632 295.92447 165.73944 843.2645 558.74384 1 0.6288948 284.53867 152.30528 694.3402 444.66583 1 0.6282612 346.18805 323.82336 584.01416 551.221 1 0.41139945 774.0099 252.05363 815.2954 297.78763 1 0.40745592 400.52765 269.49344 566.51483 356.73117 1 0.31720722 222.13107 252.585 851.17773 718.7466 1 0.22599424 218.19283 414.90768 667.9932 719.49084 1 0.14199935 770.7327 245.52011 837.72797 303.6503 1 0.12987024 377.52875 301.31125 785.3691 560.838 1 0.11533597 226.93613 400.93683 471.17715 582.4528 1 0.08877914 352.28528 257.86356 574.2019 401.1483 1 0.081643924 471.46246 349.27957 583.0053 558.6631 1 0.069761716 299.43802 220.58865 581.25256 493.77505 1 0.064317025 407.5963 270.6733 571.5703 314.93893 1 0.058116753 381.91687 191.05481 825.5476 360.49377 1 0.050689686 226.67453 405.52692 372.73837 521.95087 ,test/2704.jpg
0 0.7234569 452.46997 404.12854 610.79407 530.82794 0 0.5888481 647.56555 413.191 757.47485 455.43527 0 0.072035894 382.33884 343.29007 439.4177 376.22836 0 0.059305064 646.42426 406.28363 831.0037 462.98462 1 0.9953826 73.34738 305.9126 926.0239 803.89307 2 0.12129243 313.26752 394.40054 356.2207 427.782 5 0.24946229 313.32303 394.48825 356.28842 427.9127 ,test/2705.jpg
0 0.9308688 267.09753 454.28174 618.03406 698.80225 1 0.19055331 266.14664 454.14697 619.3097 698.4778 ,test/2706.jpg
3 0.99607265 714.07794 505.38177 941.8049 864.52264 3 0.8527528 242.78209 282.81033 486.45428 822.7593 4 0.074953675 244.98401 282.1274 485.51782 823.8877 5 0.52197796 243.62064 284.178 486.9117 822.1654 ,test/2707.jpg
0 0.22147475 260.6225 217.99854 769.3394 754.74084 0 0.05237294 322.89886 765.87146 516.0813 949.12415 1 0.09396646 262.79407 219.46637 768.4553 755.6096 7 0.8768163 260.86993 222.98148 768.2955 754.7416 7 0.32821634 322.19135 766.2046 516.51324 949.1361 ,test/2708.jpg
0 0.0693623 115.02832 493.40808 433.07562 876.96924 0 0.056198414 525.95605 175.29858 940.79236 578.89044 0 0.05495064 566.40265 517.2917 904.2957 924.4827 1 0.5749093 531.11176 319.46683 945.48224 548.63196 1 0.4626648 115.97104 492.70117 431.8638 876.09973 1 0.20069668 90.19786 208.51595 490.4533 552.5613 1 0.05474576 876.0209 344.84555 939.9927 571.12573 5 0.6360701 565.6895 516.6462 902.3123 923.79865 5 0.12301074 115.11151 492.66495 431.3252 875.7494 5 0.07751012 98.45177 213.38065 483.8849 890.06287 6 0.06043159 942.4524 528.4303 1023.1393 566.56104 9 0.623086 525.62897 173.64944 941.15106 578.4712 9 0.5498858 92.104416 179.98108 490.26465 565.0867 9 0.32069567 567.69855 517.48816 905.5988 925.0604 9 0.11862164 99.64613 230.86194 479.15448 884.6305 9 0.085398294 531.13446 198.44339 936.74005 931.45154 9 0.057300128 115.00836 493.29175 432.75427 876.7002 ,test/2709.jpg
0 0.077664174 411.59277 344.92474 854.0586 731.61017 1 0.050540157 410.807 345.9553 851.7075 730.06995 2 0.9972881 412.3823 344.39056 851.1008 733.3005 ,test/2710.jpg
0 0.9513232 187.64853 390.37408 832.24304 863.79095 0 0.22174408 56.89859 862.0194 534.635 1024.0 1 0.487513 56.785645 862.70557 534.67444 1024.0 1 0.14795186 196.30875 391.38345 831.99524 880.15466 7 0.59289724 58.020325 861.08875 532.90454 1024.0 ,test/2711.jpg
0 0.8164091 471.35175 161.58803 756.0693 253.84209 0 0.26104575 470.37268 149.20265 759.9147 333.30316 0 0.19414909 507.0252 163.63733 709.2341 209.04144 0 0.10280482 557.0671 146.86655 701.1512 174.86133 0 0.08087494 500.813 179.95459 724.6084 234.94095 0 0.07519239 507.74963 344.1415 533.0593 377.40744 0 0.05411863 141.80182 220.67703 208.4851 507.14767 1 0.057669234 507.46255 344.1074 532.9698 376.8099 5 0.5141747 188.66199 804.71173 571.65216 914.7851 5 0.4705497 352.53027 723.68005 541.5224 827.8054 5 0.103565864 312.37082 720.4044 479.47488 812.5879 5 0.053221054 291.37787 361.54358 563.34644 755.16797 6 0.99617505 469.75018 148.3653 761.8166 334.55945 6 0.25698194 185.22668 301.94348 289.5242 493.37372 6 0.093509994 471.35175 161.58803 756.0693 253.84209 7 0.9996253 177.10654 345.39862 836.3766 978.82574 7 0.98294365 183.27937 310.54807 525.4234 718.7965 7 0.9259177 263.39374 269.08685 444.03577 381.43164 7 0.77460104 508.12497 357.04437 578.1837 399.78882 7 0.55725986 368.74954 297.4535 426.13626 321.48615 7 0.25063792 184.73131 276.539 434.68402 495.862 7 0.22370915 274.96396 270.39108 448.7947 329.83524 7 0.13870011 507.23102 344.54962 533.20013 378.4198 7 0.075732075 498.52505 344.64758 533.4038 396.403 7 0.05126407 458.54053 433.03094 803.20654 922.0954 ,test/2712.jpg
0 0.9998252 383.4346 253.92844 688.1604 400.43246 0 0.10021099 409.1162 646.12085 667.48035 1024.0 4 0.057717804 408.51852 646.4727 667.11914 1024.0 5 0.47218072 409.1162 646.12085 667.48035 1024.0 ,test/2713.jpg
5 0.99995303 264.4109 315.83856 750.9085 708.0093 ,test/2714.jpg
0 0.77778774 161.65833 830.4353 205.63037 861.6061 0 0.29783216 633.54987 376.69608 673.5926 414.2075 0 0.117612146 398.72668 408.86438 675.4536 527.676 0 0.1129166 184.77077 627.59827 243.88066 658.43506 0 0.10671532 176.96973 536.564 369.27368 662.4809 0 0.07910821 479.86316 440.9393 597.7167 517.6271 0 0.061547164 180.03822 585.13275 296.11078 657.8647 0 0.05066483 183.46495 610.72845 261.04153 656.61066 1 0.9968214 602.9396 150.23613 1018.48083 472.55646 1 0.99139774 0.0 323.32074 673.8037 914.1883 1 0.95196444 435.40875 330.1499 706.0025 534.5328 1 0.92126065 260.97717 539.0486 367.49115 595.00073 1 0.82219094 628.3756 348.92706 921.7971 631.7854 1 0.6588224 7.610138 293.98004 389.35046 802.06647 1 0.55277056 193.39981 537.9036 362.27957 654.5732 1 0.44708005 379.67227 398.16977 681.2085 574.4419 1 0.38651618 633.43744 376.2328 673.535 413.9452 1 0.3478262 262.71323 543.1319 314.91934 578.8011 1 0.33595154 745.6549 419.08047 817.9076 464.30655 1 0.33304203 610.22266 342.586 940.2495 496.06982 1 0.33126873 701.32465 475.56384 726.05634 522.0978 1 0.30327523 701.37695 367.4797 901.0021 489.9443 1 0.28695315 440.3446 304.39227 951.34375 619.5505 1 0.2631282 691.1276 435.2197 799.92 475.09024 1 0.20942095 682.2597 453.10052 722.5163 564.6794 1 0.18197402 625.7768 366.113 683.2375 420.75674 1 0.17537005 533.41754 313.91885 638.84076 384.51364 1 0.17299226 380.26312 406.9598 496.02698 539.421 1 0.16554096 715.844 458.8165 872.6708 606.59375 1 0.16434298 689.3316 382.2249 893.3143 568.7845 1 0.160329 666.1051 418.19226 718.8379 566.2025 1 0.15518363 699.7009 465.9728 731.4276 561.7765 1 0.14047915 597.31915 356.1007 676.51764 414.37964 1 0.12982056 279.0472 538.47974 324.77127 597.32227 1 0.12548034 594.22394 352.25983 641.549 383.15076 1 0.1191626 692.6488 448.08008 723.8219 490.1112 1 0.11740741 699.82684 482.78812 716.8143 560.9291 1 0.11213833 692.02454 416.48154 823.97644 489.71365 1 0.09809332 592.4527 354.8745 649.9146 399.51044 1 0.095574796 253.81583 566.9208 287.46738 589.3185 1 0.08690459 694.26434 453.34854 728.5391 524.0879 1 0.08243968 670.0353 439.2979 707.2489 528.5217 1 0.081883624 183.6606 618.7763 251.64961 658.7172 1 0.07626425 684.1513 483.15247 713.1878 557.8922 1 0.07339955 607.86035 358.92908 666.74756 396.50012 1 0.06938472 740.61566 404.58493 853.6037 464.9094 1 0.065388456 856.53766 453.1092 902.99664 483.5667 1 0.057360966 173.6811 448.9114 657.3463 858.3507 1 0.053083412 750.3388 436.58197 807.3316 463.88037 4 0.7361973 215.54344 586.9532 297.89252 636.09076 4 0.6737499 178.06638 585.0958 301.3023 657.8434 4 0.19374424 181.26465 554.489 354.77435 655.2705 5 0.2635375 181.26465 554.489 354.77435 655.2705 5 0.09090892 179.45485 585.1491 297.91724 657.6755 ,test/2715.jpg
3 0.9997335 368.79388 288.44214 563.3373 449.9264 ,test/2716.jpg
0 0.64668024 583.0438 453.45654 680.20154 560.0229 0 0.120902136 385.29382 243.40205 701.8804 639.36584 0 0.118582204 505.30597 453.09497 684.39764 616.0277 0 0.06798736 509.22202 525.0223 589.59546 618.8195 1 0.21960482 385.29382 243.40205 701.8804 639.36584 2 0.9750622 387.6678 243.66597 701.785 637.806 6 0.2269371 581.5169 449.87695 682.78143 560.7704 6 0.18781726 385.3705 243.46776 701.29675 637.8891 ,test/2717.jpg
0 0.3316025 200.56519 562.1034 815.354 767.9237 1 0.8519988 201.25726 563.6638 816.6729 770.87683 ,test/2718.jpg
0 0.7182228 2.2702332 415.31348 208.60982 698.0121 3 0.9997938 295.29953 286.44684 737.6821 730.66675 3 0.22715482 2.157257 415.60303 209.21245 698.4573 3 0.10200509 582.56714 370.04437 735.07227 700.4521 ,test/2719.jpg
0 0.12791647 398.92407 501.92712 768.49854 699.99194 0 0.09032961 480.90204 517.99225 528.4764 585.4084 1 0.8544157 398.09027 502.88416 768.967 701.10925 1 0.2805446 518.0662 510.51587 771.8022 657.3661 1 0.13715272 391.94812 514.9512 590.46893 701.96875 5 0.24044624 606.5262 401.11264 670.11676 462.6636 5 0.096158095 587.8297 465.6878 645.06067 520.5887 5 0.05962987 658.6142 369.95844 718.4537 532.8046 5 0.050412044 593.4962 360.54593 721.62964 530.803 7 0.99088764 364.0227 347.40457 719.557 556.3319 7 0.6743816 375.65234 338.92126 767.6094 708.0958 7 0.65411866 606.2715 400.745 670.0807 462.56604 7 0.3612083 628.09143 350.36795 720.2577 545.54285 7 0.1882831 504.60767 349.3036 680.0807 473.71124 7 0.14749324 520.7044 345.824 727.519 538.3441 7 0.08784694 480.82135 518.8787 528.30426 586.00507 7 0.07018486 397.9313 504.2228 768.0442 699.44495 7 0.05428536 610.67456 403.4844 652.344 449.79324 7 0.051444337 591.4342 349.81207 683.7623 467.96466 ,test/2720.jpg
0 0.51557994 195.36594 264.35864 790.41345 884.53125 1 0.17552698 196.90964 268.1253 791.7969 883.3691 2 0.19095421 195.69675 264.5895 792.19556 885.55615 7 0.44628474 195.7439 262.2212 795.2124 888.3983 ,test/2721.jpg
0 0.3971884 375.9452 379.56244 684.5614 654.46136 0 0.35223868 518.4634 376.94415 608.12354 420.52698 1 0.66329235 519.8597 376.74316 608.0412 420.62164 7 0.84454894 376.86734 379.34586 684.1428 655.2516 ,test/2722.jpg
0 0.99722326 516.44745 672.4081 768.6082 809.1354 0 0.4694017 575.8283 542.43616 675.2753 568.49097 0 0.059137445 101.85286 318.26505 610.77734 650.3882 1 0.9931874 104.71048 324.06702 610.5387 649.6809 3 0.08385854 575.8052 542.59076 675.36255 568.45123 5 0.08528329 575.8052 542.59076 675.36255 568.45123 ,test/2723.jpg
0 0.7388152 974.5104 854.9082 1022.0597 890.5823 0 0.27873352 158.72826 591.13086 250.89168 625.6665 0 0.18665944 370.4171 602.57733 488.77386 654.981 0 0.17450826 459.8732 70.14087 540.1301 326.07996 0 0.15131156 370.32776 786.4729 506.62878 807.9265 0 0.1365466 369.40747 611.12463 661.0023 675.16907 0 0.13319337 480.53165 634.97314 668.6056 671.11926 0 0.10366866 654.0718 676.1685 793.3478 742.1003 0 0.09151133 161.17532 594.9542 202.41354 618.69714 0 0.076895505 302.79956 415.5044 447.8686 500.88147 0 0.06788198 337.66803 372.89005 476.76587 486.80765 0 0.05167654 326.89716 612.8989 678.90765 746.14514 1 0.99942017 838.9502 466.3745 1022.52124 682.80493 1 0.99615794 633.05774 779.59296 993.04895 1020.12274 1 0.98079246 563.25757 366.93045 758.3596 583.747 1 0.9707091 644.9554 699.0387 847.9373 801.8457 1 0.9481368 653.52094 654.6349 792.90106 742.2549 1 0.9282366 61.321014 509.15356 367.89212 805.3745 1 0.89935327 158.43027 506.78043 338.02557 615.8038 1 0.8250782 339.63712 488.02692 509.41483 599.815 1 0.76876014 301.8794 415.8534 449.81232 493.27527 1 0.6037721 66.46351 656.65594 287.40533 803.69 1 0.58399564 471.40292 326.02786 519.15424 486.55478 1 0.49690813 359.7923 591.731 672.1954 671.98676 1 0.47935122 471.81378 421.52872 543.0078 486.95462 1 0.41022903 167.96136 554.99194 355.62787 786.38416 1 0.40926844 314.57333 484.52127 433.47183 515.2729 1 0.39310592 78.95871 535.157 813.62146 795.8518 1 0.3851173 479.7788 383.7904 585.74426 583.4601 1 0.37892234 307.61877 484.15338 740.3932 683.39667 1 0.36337215 481.2071 358.1103 766.5865 664.17676 1 0.32652843 511.98117 422.6247 543.728 487.42847 1 0.31457016 304.9225 356.11108 512.2169 500.73517 1 0.30683368 72.34318 661.31445 233.87885 761.0853 1 0.30298537 511.2331 406.15878 568.56415 492.88864 1 0.3026617 664.9955 656.1316 782.6185 693.73706 1 0.29753003 472.99026 438.0432 520.8071 485.28796 1 0.2906531 281.6672 401.07275 784.17065 773.6553 1 0.2842867 587.54834 471.7597 759.3214 582.3184 1 0.26629493 319.03607 477.26453 579.75555 642.9563 1 0.2431736 478.2745 637.015 670.27185 670.9795 1 0.2313169 512.8539 429.82098 581.0856 582.50574 1 0.23099072 430.32553 711.2843 552.14307 775.00464 1 0.22669879 372.45444 363.46494 603.13525 587.82623 1 0.22579266 357.97723 370.33667 488.84003 476.34625 1 0.19131623 468.03882 370.94226 593.4668 497.06287 1 0.17290816 487.579 473.77338 570.85596 583.43243 1 0.15763688 974.8459 854.8913 1022.00104 890.2703 1 0.15152086 150.24156 489.91364 534.9235 760.46234 1 0.14195947 319.60742 602.2186 676.12006 768.43286 1 0.116024405 466.92175 575.9248 747.02295 667.21387 1 0.1124135 100.1115 684.55975 194.70618 762.15985 1 0.110652804 527.45776 440.37704 575.7825 477.69064 1 0.10281451 363.11395 568.4499 624.62305 639.7264 1 0.100642845 366.85904 595.9291 482.68118 647.4215 1 0.09925679 520.14716 479.98938 572.07623 567.6605 1 0.09649014 421.28134 405.4048 591.0702 515.55914 1 0.08944135 310.9333 468.4525 444.53827 524.6479 1 0.08940157 525.7909 571.96906 602.5653 587.4532 1 0.086809896 193.54532 571.2531 336.36716 681.8776 1 0.08366799 160.62718 592.25336 246.92146 627.24713 1 0.07679078 305.94226 392.1034 528.823 585.30237 1 0.074001916 668.9834 657.37494 764.60657 668.23785 1 0.072534725 492.81128 502.09775 755.77014 673.5652 1 0.07173965 439.15472 346.91 542.41174 563.87585 1 0.06843729 598.97546 573.40015 726.8843 590.27576 1 0.06333697 563.38306 646.84076 819.9878 760.0262 1 0.06281909 332.3771 533.9337 617.35864 613.13635 1 0.058506817 388.70328 477.26312 567.5006 587.9246 1 0.055396236 327.1147 513.2434 362.0783 530.07166 1 0.052396074 370.32776 786.4729 506.62878 807.9265 2 0.65070665 430.8294 712.2619 552.3481 775.14667 2 0.11182843 159.03238 589.4501 248.35077 625.26855 5 0.9440781 49.017426 595.78656 242.70825 676.5433 5 0.10611447 315.1565 485.25842 428.07092 515.3413 5 0.09997579 478.25604 636.1178 670.4925 673.297 5 0.0509688 155.54298 591.33435 251.57845 627.0563 7 0.1413681 49.625763 591.96796 241.67966 680.5706 ,test/2724.jpg
0 0.9193736 216.59134 334.8438 747.64075 813.4537 0 0.17944369 465.2993 729.83374 620.6864 800.8146 1 0.13909921 215.76346 326.33362 754.8351 810.2046 1 0.07392043 465.2993 729.83374 620.6864 800.8146 6 0.07702294 216.7521 330.86423 753.41614 811.5093 7 0.084028386 213.8241 332.85962 756.1476 811.56604 ,test/2725.jpg
0 0.23446093 645.1016 181.49701 737.2133 246.24384 0 0.09601377 321.3981 916.5768 456.17307 1021.82275 1 0.99096984 145.15909 275.07913 350.3885 470.38437 1 0.28457797 894.5764 433.29178 931.949 498.20187 1 0.11115046 589.60815 139.94753 631.8451 191.93123 5 0.1080212 362.0039 501.58884 443.2362 602.4754 7 0.9999535 542.66174 386.068 1016.55066 909.2267 7 0.9996977 22.104187 438.1484 623.03033 986.6891 7 0.99958545 373.74927 74.51718 775.80676 666.5674 7 0.9845286 263.00665 915.87054 456.82605 1023.4704 7 0.8233156 2.2680016 795.4062 74.07956 1020.0894 7 0.591385 577.56067 48.078354 784.7816 445.0197 7 0.15976223 5.2109375 816.94727 264.63464 1008.37024 7 0.05991572 214.17026 131.51062 769.651 862.9132 7 0.050779592 262.68842 858.931 550.81757 1024.0 ,test/2726.jpg
0 0.95188147 561.4479 518.11176 610.67456 579.0728 0 0.8565916 252.88412 315.7331 418.49332 533.4614 0 0.6925297 711.98676 0.22414398 809.0236 133.65262 0 0.4595985 671.8571 76.54739 815.00934 424.87216 0 0.29798594 279.00418 319.80957 417.45926 440.53186 0 0.20319165 261.8389 596.2942 542.34045 671.33154 0 0.1936539 338.24847 621.5669 438.23285 658.1033 0 0.17712002 520.0924 519.17596 611.1377 585.21124 0 0.17470863 197.52165 315.25323 621.3739 596.55194 0 0.12196246 403.0069 531.7071 564.2421 579.22797 0 0.099772125 680.33813 87.76872 817.4376 187.06987 0 0.07991588 689.41095 159.15912 774.92145 404.34412 0 0.06687097 326.3218 622.04724 549.5528 679.052 0 0.059009846 425.65067 548.42664 519.133 567.96423 0 0.054197274 674.6911 155.14189 817.85297 284.28564 1 0.9903453 148.83856 470.65417 792.30237 894.6035 1 0.97412056 92.27109 61.128998 817.21387 571.6925 1 0.9440635 348.0646 536.29987 407.22128 588.0407 1 0.66411144 302.58734 531.5138 552.609 618.303 1 0.5806924 530.35425 505.29718 695.5239 669.50946 1 0.53448015 269.42322 519.22614 611.9191 670.7247 1 0.33696887 343.5009 529.9404 590.5857 581.86597 1 0.28813356 529.37354 626.072 580.5065 687.4707 1 0.28254074 280.97504 570.465 539.7487 671.8055 1 0.27834675 261.44147 457.67572 757.75995 680.57086 1 0.27426428 634.3809 506.24704 685.2316 572.8772 1 0.26307583 504.30817 450.79425 772.9234 657.44977 1 0.24576962 172.09528 301.1131 770.1953 664.9452 1 0.22970006 263.85263 567.01575 314.41806 608.18677 1 0.1635848 625.0215 504.8204 691.37036 613.20734 1 0.15992264 252.7637 513.92206 353.8724 610.6794 1 0.1349383 167.68016 512.38794 288.83435 594.2566 1 0.12976499 522.4623 561.2822 612.6188 606.8367 1 0.119666606 711.98676 0.22414398 809.0236 133.65262 1 0.11099969 260.3335 584.58563 311.94788 607.0046 1 0.10386201 526.08276 515.27515 674.20044 610.45593 1 0.10128168 533.0665 554.1008 630.31335 656.95544 1 0.09704929 651.1699 444.8773 780.72546 530.9812 1 0.088068716 251.77426 513.48206 294.71225 592.5925 1 0.084770136 520.6326 519.42456 609.7775 582.3613 1 0.08104823 261.0611 311.05402 586.9003 632.5593 1 0.08047399 401.65207 551.811 526.3835 614.3681 1 0.080022864 401.0242 541.11786 551.2857 578.3226 1 0.057297334 580.4166 610.4867 659.0321 667.90564 1 0.053524826 482.97705 531.1722 635.43555 677.9228 ,test/2727.jpg
0 0.977787 386.77838 799.18427 516.0283 924.4648 0 0.88759595 732.09576 668.21704 802.91693 707.22253 0 0.67543954 376.631 814.0478 429.1586 836.1501 0 0.12133576 413.60678 468.1888 484.54153 520.11304 0 0.09372652 358.77316 585.54346 576.9424 813.43445 0 0.05687501 937.05646 180.76471 1024.0 246.08066 1 0.98316056 534.01416 173.1749 1024.0 677.23206 1 0.14054303 294.8608 312.92487 757.5165 811.91583 1 0.13913652 732.11945 668.0972 802.8952 707.23956 1 0.07400076 388.48187 798.9064 516.216 923.37537 1 0.06563572 597.9174 711.4381 670.1745 756.6693 1 0.058357634 495.6188 371.90784 878.15735 679.22546 1 0.05368424 936.48584 180.32822 1024.0 246.14716 3 0.17998543 357.28986 581.2643 573.78125 813.6172 5 0.99752015 405.807 480.19336 674.2333 679.6708 5 0.6859742 359.5748 588.2778 573.69 813.7392 5 0.67374086 368.89148 444.45844 682.5123 801.6381 5 0.1532212 413.16714 468.19363 485.06448 519.97156 5 0.06613717 409.18573 401.85236 539.02563 564.3437 5 0.05218694 412.91757 480.54517 570.86865 598.01733 7 0.58186823 358.5595 583.26843 575.341 813.0178 ,test/2728.jpg
0 0.2361538 0.0 0.0 132.7916 375.4895 0 0.13885699 76.468506 294.00122 582.28723 763.9612 1 0.2833772 0.0 0.0 132.65265 375.1714 1 0.074995674 71.19058 284.06293 588.14185 762.66095 5 0.7744785 77.64032 287.27487 580.0504 762.026 5 0.265428 509.0896 613.0813 633.8491 724.21765 5 0.14192994 143.11723 291.73242 301.41138 414.5769 5 0.083960675 0.0 0.0 132.66017 375.0857 6 0.7662217 77.91928 287.71344 578.6748 762.24994 ,test/2729.jpg
0 0.6473543 47.308746 556.8236 242.49188 651.9894 0 0.15057005 29.857224 539.25183 337.99335 770.89905 0 0.12925382 569.9282 455.43463 759.55554 776.48334 0 0.06563607 156.04709 736.3859 235.357 764.44574 0 0.06364883 14.87912 1.6311646 518.3346 409.3553 0 0.0634858 26.758446 451.17413 235.30719 657.18536 0 0.06323407 14.112579 632.9728 285.30887 774.2285 0 0.059814006 531.5299 16.316376 1024.0 999.8627 0 0.055944208 0.0 3.5876465 257.4586 739.31085 0 0.055498585 4.96714 64.0195 159.70276 663.4783 0 0.053261306 7.0734634 10.311417 239.58932 413.00195 0 0.051939 159.45676 509.13446 406.8837 770.96246 0 0.05038125 15.374756 324.0848 543.3368 954.9894 1 0.97775054 131.91069 347.40692 544.7615 763.71136 1 0.9717801 491.3711 124.99725 678.4918 460.1375 1 0.76397294 156.29312 349.96973 470.48856 574.86633 1 0.7336718 92.74315 398.94543 176.17049 563.45703 1 0.71998334 574.25446 452.23743 746.5656 773.7842 1 0.71549976 326.31226 20.603592 521.4321 383.15472 1 0.639319 16.229462 2.508194 529.54285 396.5158 1 0.60144454 363.46698 405.45886 548.4933 774.3782 1 0.5107285 444.1644 435.55972 693.5127 741.0254 1 0.40541914 120.299576 215.26166 383.23737 388.75635 1 0.39419538 90.8547 367.6927 254.42697 568.9727 1 0.3929748 389.01596 18.614365 705.8247 475.4958 1 0.39189833 28.731426 385.40198 112.18526 584.47437 1 0.33861157 116.78755 152.94958 532.11597 386.88983 1 0.33419153 422.26538 149.64053 757.89954 755.1566 1 0.31824186 78.95024 449.38635 102.99815 496.1587 1 0.29314485 10.221252 323.62564 646.7829 890.677 1 0.28019327 9.294449 629.98267 314.00732 772.95764 1 0.28019157 26.133408 380.9815 208.09302 656.0529 1 0.27916253 568.5406 459.79828 676.2436 696.85236 1 0.27895352 525.2072 449.78558 621.50275 709.96674 1 0.2775897 45.689976 380.69046 116.5468 480.18484 1 0.27462885 491.2972 1.7337341 995.44727 743.5337 1 0.263067 0.0 16.903595 735.17566 723.6853 1 0.259706 323.04242 423.21387 776.4057 765.52673 1 0.24775001 36.320557 454.6014 98.0847 575.1584 1 0.23631515 77.36987 507.409 486.61334 763.6921 1 0.20206527 9.870743 386.12347 358.24335 791.14716 1 0.19660136 46.616516 555.4628 242.34073 652.61005 1 0.18473507 434.06332 151.4613 509.53214 396.60364 1 0.18260138 448.5224 414.6561 550.22784 750.58716 1 0.16840541 22.296852 493.0885 266.81924 777.92773 1 0.16773689 461.5762 568.1578 521.2622 748.3697 1 0.11951412 534.73254 0.45680237 831.8524 459.2298 1 0.1091844 96.96173 125.068054 536.4624 663.42065 1 0.09169408 93.957115 491.55695 121.55619 556.51154 1 0.07589517 42.20237 419.92007 91.73054 506.18448 1 0.07442684 365.9504 316.61377 1021.657 1007.1417 1 0.07181026 661.80493 466.27252 752.5194 608.1724 1 0.06980768 91.84242 406.82663 147.85626 508.55405 1 0.066607304 331.1154 668.28644 398.08127 754.30145 1 0.061912686 36.606117 509.76233 187.92682 645.37305 1 0.06127794 4.533478 34.210022 240.36147 803.6111 1 0.058049664 88.453804 486.85226 111.36216 553.3651 1 0.055746045 176.07695 348.14166 466.60114 452.51843 1 0.050626464 159.01428 367.72 226.68018 435.6711 2 0.16898072 569.9732 454.078 759.32745 777.15955 2 0.050137628 570.88416 462.20297 690.2986 707.6757 5 0.2586353 569.9732 454.078 759.32745 777.15955 5 0.09831647 45.643135 375.785 114.96023 487.53647 5 0.09258379 331.33228 669.04596 397.80426 751.64276 5 0.088139355 654.6888 465.09027 754.93475 610.92426 6 0.79119825 661.5534 467.85538 753.18414 609.5511 6 0.7601368 117.90794 213.10754 386.476 389.7835 6 0.08423804 2.9295654 0.0 519.68335 400.0183 7 0.88102823 538.82526 1.7697144 1002.7039 747.1747 7 0.37918028 11.811462 639.9884 686.8815 1018.36475 7 0.26636654 9.640022 0.0 263.91635 430.06244 7 0.15463023 14.87912 1.6311646 518.3346 409.3553 7 0.0956657 570.3629 449.36377 1002.4614 975.10596 7 0.08657328 9.541412 366.7068 547.0636 1005.40234 7 0.08173997 573.6927 459.3608 756.5119 768.59106 7 0.08009582 522.95984 0.8432617 859.65857 435.75558 ,test/2730.jpg
0 0.10272437 590.57184 638.30804 653.1539 972.86957 0 0.08089518 358.41974 542.76056 424.36493 658.32806 0 0.07348724 376.02728 611.2837 405.71942 660.0901 0 0.073233895 342.80106 540.2217 472.16153 650.9542 0 0.06289619 327.9489 528.16 373.64203 575.2448 0 0.05698621 378.28632 545.6993 466.99066 614.78143 0 0.05042838 419.16046 568.22174 465.21027 616.2955 1 0.17007878 442.7082 34.501118 475.26978 148.32132 1 0.10463612 458.62888 81.83118 499.38736 144.90744 1 0.06708161 328.03064 528.44257 374.03436 573.7775 2 0.91532046 461.68787 82.046295 500.13135 143.45642 2 0.28919128 468.45477 82.676346 501.3847 113.80238 5 0.07538285 589.7975 632.06836 653.9879 973.0497 5 0.05539466 468.45477 82.676346 501.3847 113.80238 7 0.9998467 293.723 524.26294 487.96848 1024.0 7 0.9996214 627.5738 513.18695 885.33954 1013.6077 7 0.99871206 325.36032 30.526855 559.6059 597.2783 7 0.9984176 474.53168 627.6119 602.58856 926.29034 7 0.9950578 610.98114 271.24487 736.8813 674.8072 7 0.9529243 467.13077 254.72963 604.0752 660.2388 7 0.51611495 456.27875 278.89206 742.2474 662.7333 7 0.15445732 357.20206 538.8071 421.86465 661.76135 7 0.13688006 462.63043 274.38425 675.9709 960.9413 7 0.1366707 333.3711 540.6509 466.68835 656.49524 7 0.09965876 375.31104 609.9384 403.5448 659.1501 7 0.06826543 357.68164 607.62836 406.031 668.4089 7 0.067260526 625.33954 638.4959 647.11993 776.74774 7 0.058375683 601.94836 643.52435 656.8644 976.0323 ,test/2731.jpg
0 0.8492131 442.94287 740.85254 584.1282 866.6283 0 0.44670606 691.6558 452.6223 820.7309 612.40125 0 0.2967711 548.6242 9.370729 595.60297 53.987663 0 0.12101874 27.038086 513.7848 303.03467 620.1112 0 0.107492134 89.57425 511.1878 302.01782 576.13214 0 0.06757123 21.295975 544.0637 209.2228 620.6891 1 0.16516818 441.81573 740.4377 584.4151 866.3713 3 0.6245946 691.77374 453.0653 820.56024 612.3093 5 0.9933704 335.43607 61.340393 585.7676 427.81467 5 0.050636332 392.6549 56.997063 573.95715 151.09647 6 0.053159133 443.75177 740.7049 583.77655 866.7 7 0.1044311 550.48016 112.031654 619.54193 291.50073 7 0.10057307 691.6135 452.42596 820.0812 612.638 7 0.072951265 392.6549 56.997063 573.95715 151.09647 7 0.06268753 334.5407 60.11743 584.7826 429.43805 ,test/2732.jpg
0 0.94238204 383.493 234.47733 781.60535 659.60693 1 0.08473768 382.82227 234.8443 783.04443 656.82446 7 0.06534563 383.77725 234.38742 781.6676 659.8335 ,test/2733.jpg
0 0.70113987 673.11646 1.3837891 1016.44946 596.49457 0 0.6888173 614.26904 325.60583 697.70654 404.71735 0 0.6288008 681.4525 0.0 840.4829 569.9165 0 0.13073216 144.28726 922.5189 290.03964 1022.0653 0 0.12801008 841.9148 708.3091 965.7439 822.6929 0 0.121993355 697.60986 594.5524 1022.1085 841.1246 0 0.109038845 275.59576 356.16342 683.34454 878.70703 0 0.103537396 651.09216 487.92776 1019.91833 1020.2058 0 0.09555709 173.96313 766.797 757.0551 1024.0 0 0.08541801 444.64392 0.0 899.37085 606.3601 0 0.07141557 107.15048 15.49762 434.53287 384.47955 1 0.9360762 1.3515472 374.472 228.04958 476.357 1 0.83760864 0.0 455.01102 197.04156 657.1831 1 0.70813525 1.7562637 459.66455 186.96646 552.0419 1 0.35882992 5.8388824 361.7008 218.34784 431.64673 1 0.28147915 244.44006 790.6178 726.27454 1024.0 1 0.23511894 159.8237 521.4384 216.35675 584.034 1 0.23494045 0.0 381.98935 276.1593 746.39966 1 0.19206136 57.185028 358.76984 346.52957 415.0448 1 0.19149452 4.0296097 421.3022 220.1163 473.79114 1 0.17150013 0.0 1000.7268 62.956524 1023.43774 1 0.16303124 159.16476 459.61188 223.93082 589.0306 1 0.13117401 0.0 351.7915 405.6997 634.30975 1 0.11002607 274.8003 353.99057 681.5542 880.44434 1 0.108914636 3.2507248 499.93933 211.26611 605.07227 1 0.08346194 0.93629456 365.0421 138.69868 413.5672 1 0.07708248 106.5069 12.195038 435.06818 385.28812 1 0.06708459 150.03522 373.745 317.77463 482.94098 1 0.06587198 3.4044418 409.5333 49.126415 438.86478 1 0.061162338 73.0445 467.10574 219.50455 587.19257 1 0.05935081 1.3173409 438.9594 88.52763 462.72522 1 0.058458656 670.9702 0.0 1014.9347 600.9488 1 0.058307484 172.91245 395.02557 243.63803 595.5136 1 0.053729583 413.7488 142.16275 451.98532 347.73175 2 0.5327032 274.7417 354.689 683.4459 879.36536 5 0.15031172 274.62158 357.10004 684.5795 879.13617 5 0.09624426 0.05709839 609.6904 65.285934 900.1228 6 0.5243947 351.79694 343.27713 691.1617 548.5537 6 0.36004242 274.58255 355.68225 682.4686 881.1432 7 0.99080724 4.664566 435.7283 348.04816 1024.0 7 0.7986245 262.19717 362.29102 692.10706 876.49146 7 0.3860075 106.93771 734.5364 723.5797 1024.0 7 0.18234554 114.13492 452.1647 659.86304 981.62024 7 0.15475105 0.4086342 588.7716 95.97626 1012.1256 7 0.09294193 171.10448 382.78464 340.85236 689.1278 7 0.08382107 669.644 0.0 1014.77997 602.6891 7 0.07880765 230.21622 748.4526 572.97424 973.1091 7 0.07583916 0.0 446.89288 235.77832 689.9736 7 0.06628341 238.87625 375.4247 330.8992 425.048 7 0.063508965 2.4104538 519.97296 156.79462 940.3361 9 0.9644668 717.3122 632.77637 1022.4412 1017.0925 9 0.9127938 144.3953 922.9205 290.2646 1021.80096 9 0.78117055 842.0821 708.3719 966.0712 822.9598 9 0.759762 705.53625 655.38055 1021.948 828.3775 9 0.53277636 807.912 635.63727 1024.0 782.77045 9 0.28932086 670.0575 520.99207 1015.75806 837.4735 9 0.08492247 672.3313 790.5307 751.0126 1018.39484 9 0.07664993 244.44006 790.6178 726.27454 1024.0 9 0.06388459 673.4229 0.0 1017.60834 596.58276 9 0.050127722 708.7035 679.3332 878.62634 860.4423 ,test/2734.jpg
0 0.15083157 281.6322 200.86221 691.4503 483.28616 1 0.062135395 281.6322 200.86221 691.4503 483.28616 7 0.97056174 281.7182 200.64104 693.428 482.5985 ,test/2735.jpg
0 0.8085397 266.69583 530.9845 460.2938 682.7529 0 0.12552457 436.54883 648.65393 474.79443 682.33936 0 0.08142096 167.66263 425.401 305.21164 519.27716 1 0.9991098 172.93066 234.03702 778.4484 668.8076 1 0.7992838 115.251495 494.91034 463.98862 710.74884 1 0.7649378 437.2832 420.9588 792.8208 687.7629 1 0.56561756 109.589905 431.76154 809.7549 716.1069 1 0.4469017 268.18643 530.4043 454.4576 681.44617 1 0.35906398 167.66263 425.401 305.21164 519.27716 1 0.22539331 437.4985 648.84033 475.2031 683.1903 1 0.16411151 99.42768 510.63235 322.29706 669.93567 1 0.058893453 185.19508 498.73993 301.01886 572.44 ,test/2736.jpg
0 0.98409617 7.672577 506.01804 454.27985 982.6356 0 0.5155683 571.93616 295.46985 934.4011 585.861 0 0.4174219 546.7793 690.0866 622.72327 779.7714 0 0.2384117 505.1329 684.49286 665.5875 811.9799 0 0.20511416 357.9486 770.45624 568.8655 912.36725 0 0.1863744 32.48828 509.07095 330.8432 585.04504 0 0.16376267 538.933 597.35925 677.95715 801.3467 0 0.16123396 261.35623 757.25635 652.6294 939.96204 0 0.16050735 629.7586 402.45844 919.9693 565.13873 0 0.100011185 288.87192 575.78644 847.47485 976.3366 0 0.09641829 430.66336 245.76395 664.4489 516.522 0 0.07190044 11.253723 0.0 868.052 324.77893 0 0.070447326 268.95273 508.1933 503.0422 786.92535 0 0.05098746 221.59863 531.1465 508.61975 951.4529 2 0.62497985 458.01102 227.73972 658.26587 494.52054 2 0.3647409 569.2101 294.71545 935.29956 583.14087 2 0.057695825 482.35727 323.61057 622.42847 523.8934 3 0.20136239 411.62036 456.8123 602.2504 562.5366 3 0.052078947 148.55522 312.71512 186.77028 350.81137 5 0.95444876 440.8104 555.3564 850.59216 873.11383 5 0.28162193 570.2843 295.77444 934.0842 586.9231 5 0.20044178 270.6402 512.2684 504.90393 778.4152 5 0.18057178 418.63666 456.57816 588.11743 563.26 5 0.1764077 286.5664 514.3901 510.78668 628.6148 5 0.078174695 400.34204 333.6421 523.48816 552.5935 5 0.07284516 218.42426 218.51422 933.0849 593.11237 5 0.07041608 306.73633 447.80103 925.3972 923.6937 5 0.06742328 620.8506 572.9362 792.6216 724.20807 5 0.05461257 319.07153 562.53796 751.6394 979.032 5 0.05435225 430.66336 245.76395 664.4489 516.522 5 0.052721675 629.7586 402.45844 919.9693 565.13873 6 0.24720405 31.546844 509.5031 333.98605 585.2281 6 0.11266086 268.95273 508.1933 503.0422 786.92535 6 0.109805346 286.51172 500.6956 501.0171 608.98 6 0.05780984 6.751526 500.90045 476.9691 987.7358 7 0.948631 3.0068665 203.96512 632.3015 574.68774 7 0.7383065 0.0 281.22626 373.77722 559.8693 7 0.28839785 218.42426 218.51422 933.0849 593.11237 7 0.22071037 344.26385 782.8515 844.8984 1015.17584 7 0.20466563 644.5881 402.97302 910.8796 582.82635 7 0.15066263 322.2023 445.23438 471.31552 549.10925 7 0.14712062 329.37018 572.31836 842.3892 967.3519 7 0.14374034 329.70734 441.27374 612.88666 561.5902 7 0.1407652 295.70123 249.6576 673.26385 541.0516 7 0.13640742 419.8132 455.99826 583.48584 564.6895 7 0.11687748 292.17828 359.61603 550.19507 563.22455 7 0.08235917 203.36874 221.72345 548.7395 544.30273 7 0.0730594 15.604431 0.0 978.9824 309.36676 7 0.06417193 446.29147 224.23032 659.9842 516.1693 7 0.06395217 568.9739 295.23346 934.7783 583.768 9 0.10683747 0.0 507.27997 428.27942 976.78314 ,test/2737.jpg
0 0.3112833 655.6273 765.4608 712.00854 838.0126 0 0.09188197 240.47516 398.60635 755.01556 656.29895 1 0.5733071 655.8662 765.613 711.77734 837.9244 1 0.28058308 244.39494 399.4397 753.23553 657.593 2 0.34913558 240.47516 398.60635 755.01556 656.29895 3 0.8764323 243.54413 399.3407 753.54553 657.381 7 0.37628052 241.5463 399.79968 754.0039 656.8163 ,test/2738.jpg
0 0.9947343 523.96643 256.89246 631.14514 380.63 0 0.31412295 516.1899 649.4397 567.4974 669.55505 0 0.28278565 530.05005 447.061 847.5436 695.6875 0 0.22823003 501.53067 273.53455 892.3336 496.7179 0 0.22535911 515.8657 424.2223 703.2656 532.3679 0 0.2218009 500.8622 434.315 717.17554 653.9146 0 0.18991068 517.28436 626.83685 603.23676 647.4432 0 0.09553695 5.6754456 397.2561 927.1133 927.0875 0 0.0918818 357.35107 439.71558 781.87146 650.6698 0 0.087413095 102.27556 227.1433 588.2051 548.2261 0 0.08612431 644.2408 547.6862 836.9483 728.7753 0 0.05984699 542.32056 523.50806 728.9127 656.85095 0 0.054689806 22.399933 222.56097 888.84216 714.5987 1 0.2212402 638.48 541.4686 838.6869 726.35645 1 0.13255773 549.8016 462.08716 843.7109 711.396 1 0.06223537 681.57043 455.92694 843.172 685.8178 1 0.061695915 531.88983 253.55847 630.58417 373.00928 5 0.07994798 0.0 393.2956 261.73294 519.68756 7 0.92187935 8.816116 414.3164 474.22034 774.77563 7 0.34282073 0.5534668 386.61664 878.21155 784.97406 7 0.22897299 0.18635559 392.74683 263.03528 522.5049 7 0.07898815 13.572449 406.14487 410.53174 572.91125 9 0.8830214 90.37811 230.61494 628.4046 539.92053 9 0.63565695 499.9331 272.54526 892.5355 495.50613 9 0.55870193 41.641754 226.96715 896.5399 627.7207 9 0.17421778 515.8657 424.2223 703.2656 532.3679 9 0.09933379 410.27557 245.74283 719.5976 510.621 9 0.078426205 5.6754456 397.2561 927.1133 927.0875 ,test/2739.jpg
0 0.17988986 578.07367 509.92978 617.903 565.6731 0 0.11599488 2.1125393 132.22356 53.012917 183.06584 0 0.054687034 5.5333405 454.97754 114.5148 587.76807 1 0.057391666 2.1125393 132.22356 53.012917 183.06584 7 0.9994635 98.629395 430.41052 402.29724 667.90076 7 0.99934095 382.1701 341.7598 776.0789 622.44507 7 0.93421584 1.5447197 454.38452 113.697586 586.6837 7 0.116613545 106.97182 430.27756 364.45557 519.48865 7 0.067536436 217.95189 601.04004 272.11703 666.8696 ,test/2740.jpg
3 0.9994042 479.4625 336.18732 632.1598 749.1326 ,test/2741.jpg
0 0.17515025 673.7503 152.00687 833.37885 247.95428 0 0.095259175 471.12222 7.066391 531.1899 137.7235 0 0.09171907 171.80502 12.399229 195.75433 60.987717 1 0.9946249 263.59125 37.829956 608.36066 835.7427 1 0.9860853 569.0236 146.42947 928.8266 810.28284 1 0.8164929 623.3248 127.84552 864.4895 375.44986 1 0.7717765 665.40576 128.32762 835.0713 259.86047 1 0.7209414 0.0 32.55616 81.93486 90.82852 1 0.6915748 314.13574 75.392166 406.62842 258.61298 1 0.52022177 316.02292 149.59006 384.34604 230.62045 1 0.4853389 472.02417 5.563751 530.34735 135.83865 1 0.45255172 195.85492 289.17065 289.6735 412.42413 1 0.4038844 885.84564 291.53946 928.16425 390.57877 1 0.3172033 340.1021 483.7314 429.93762 629.58276 1 0.27573177 2.4124603 25.75338 85.638985 185.12619 1 0.26941204 885.4737 342.12515 927.1679 391.31247 1 0.2650215 210.78258 289.8996 295.2107 364.07867 1 0.16321263 282.98862 196.3587 358.96335 356.57416 1 0.12124296 289.65976 18.560242 897.38293 775.48755 1 0.119700894 610.4377 251.3629 645.4538 366.666 1 0.10679033 0.9728546 48.74609 88.82997 127.43483 1 0.08525857 608.45355 252.71024 623.3936 346.89243 1 0.08488935 0.13759232 67.3001 20.575493 98.96963 1 0.07913859 616.9321 194.80061 673.2124 360.6034 1 0.07405635 280.04092 227.91772 339.58817 324.75665 1 0.065802544 360.26578 307.43362 603.902 859.3601 1 0.060832743 392.41116 102.09124 417.66202 153.44824 1 0.060034018 213.42642 4.9895325 439.96506 635.82825 1 0.05481346 131.40402 278.52618 296.95963 402.29413 1 0.05052203 123.3103 222.2016 337.18356 373.09235 3 0.5802989 398.33636 47.58866 417.38397 81.66869 3 0.13046837 393.02145 45.79147 419.94064 105.28641 7 0.99893326 40.92708 248.8518 361.88568 1015.2195 7 0.99731606 2.1205597 146.12698 152.75726 547.57056 7 0.9835812 1.4322929 475.39893 81.28961 859.5513 7 0.9828971 512.5563 0.0 887.6156 361.78107 7 0.9819489 190.41327 0.0 402.51196 231.70868 7 0.9707323 59.23973 43.8329 327.11536 361.62347 7 0.7872508 0.0 33.397858 301.31003 589.17236 7 0.6758144 51.24034 25.97628 186.3299 201.62341 7 0.389824 3.4157715 71.72619 92.25896 187.07584 7 0.34002787 4.497219 89.81025 65.888336 172.48447 7 0.26625544 41.195915 78.51222 95.5949 178.75102 7 0.25991824 770.5639 0.0 899.9505 157.83472 7 0.24799491 20.221706 100.135315 50.422306 169.31662 7 0.23245145 1.573391 68.957504 94.086624 124.42 7 0.15662955 341.014 486.62515 430.98587 630.091 7 0.11790217 48.48651 18.533127 503.92847 427.79572 7 0.10167616 1.3190689 24.648048 138.30142 210.9715 7 0.09709152 303.6567 79.258156 412.58176 244.62122 7 0.09617948 607.5655 0.0 897.94916 187.15158 7 0.09473735 604.5239 115.55689 865.095 362.7574 7 0.085427165 60.149597 30.252838 381.09653 216.44858 7 0.07048806 179.6183 22.848083 616.7686 834.9186 7 0.060984015 7.1332245 222.03333 251.87675 872.95325 ,test/2742.jpg
0 0.06717998 245.46576 195.48747 828.055 633.4033 3 0.81054777 795.4862 327.4681 908.902 596.1085 3 0.656522 643.77893 303.63495 905.4596 603.1573 3 0.57495606 243.52103 194.48357 878.8047 630.3704 5 0.8501428 245.86984 195.4411 817.7964 635.04913 5 0.2468633 248.58551 234.1259 495.4629 636.4344 5 0.05160767 802.0131 328.05154 909.367 371.0038 7 0.100237675 239.01187 190.82825 871.34924 630.8057 ,test/2743.jpg
0 0.8911637 592.8821 848.0803 909.11584 961.9431 0 0.2600072 317.69446 531.8515 392.52844 571.87115 0 0.12046237 233.7299 301.2799 652.7893 591.1997 0 0.07998557 489.37927 512.4013 609.26013 577.1545 1 0.9988739 429.48807 521.2559 771.646 857.9222 1 0.88002956 489.27548 512.4276 609.05707 577.4606 1 0.24436669 593.0775 847.94904 913.8169 961.5921 1 0.12067452 317.63596 531.7311 392.527 571.8241 1 0.08705481 252.11157 313.2661 650.25446 587.919 2 0.30304393 317.63596 531.7311 392.527 571.8241 5 0.7632544 234.8753 302.0994 651.0703 591.4863 5 0.08017398 238.9681 310.1574 568.80743 470.94818 5 0.05850468 287.73508 385.3745 564.3738 476.71094 6 0.9915754 543.8335 86.452324 712.7468 227.95767 6 0.13018933 696.23804 511.95343 1023.4426 846.2801 6 0.086094506 495.9605 11.791016 714.34796 230.992 6 0.07522166 542.9392 83.455345 634.7694 213.48236 7 0.07576789 857.3897 854.9203 918.3173 895.8695 7 0.058536824 233.7299 301.2799 652.7893 591.1997 ,test/2744.jpg
0 0.8699731 0.0 130.77322 267.7516 782.7035 0 0.24003316 2.8826904 701.30347 249.45984 804.1448 0 0.22579394 190.48322 708.1918 259.04028 739.81274 0 0.070707485 226.27824 556.4212 689.7732 766.87665 0 0.061136413 183.86792 716.4343 265.84164 755.98425 0 0.056189507 0.0 746.20337 191.04968 805.65027 0 0.056102447 210.01273 255.46753 701.277 805.2771 0 0.05198849 185.93323 731.03766 254.80096 753.8132 1 0.053501528 219.27979 194.716 397.84814 331.2328 5 0.38132438 316.443 11.834549 385.07166 218.6334 5 0.057549477 343.212 0.0 473.20834 94.152855 5 0.051202375 704.32196 3.6376648 811.5457 518.4945 6 0.99845135 209.36026 254.50098 702.95996 806.2289 6 0.9935847 380.1084 6.326248 754.94214 338.47455 6 0.9891601 139.39969 0.6291504 363.6019 210.66785 6 0.9517493 501.3916 0.0 778.3717 124.47241 6 0.5761622 238.70459 581.2462 682.2224 801.99475 6 0.47397524 218.61916 192.73703 400.7542 396.36887 6 0.37801293 300.7448 1.2069244 477.7 223.5439 6 0.17395411 314.8803 2.742096 395.36823 220.09225 6 0.13900118 246.68515 2.8812637 354.43326 208.9693 6 0.08227185 249.67624 198.09439 673.6554 381.9059 6 0.07354548 304.6955 0.0 356.93085 215.60428 6 0.05603225 213.89796 418.20776 699.7912 683.4922 7 0.84426945 217.04443 195.1709 400.6375 386.3678 7 0.73913145 680.1031 296.6618 754.9461 574.1938 7 0.33363405 694.3959 466.84164 759.3291 570.8617 7 0.06857577 688.43756 305.8558 730.9677 355.2679 ,test/2745.jpg
0 0.7242009 252.24068 436.18112 643.1181 627.3165 0 0.44267496 254.1072 424.6338 480.3781 592.97156 0 0.08818313 265.79294 416.9241 659.71594 785.25964 3 0.079364195 63.781113 405.3097 424.2829 961.765 5 0.06343351 68.98184 581.94305 374.5337 974.4493 7 0.9961965 373.9801 517.7307 647.97565 791.8191 ,test/2746.jpg
0 0.07036857 474.6176 537.18634 573.35724 684.89325 1 0.37020653 603.0686 9.769348 1012.9133 849.3802 3 0.10662532 475.8193 533.16406 573.3209 685.7986 4 0.86480075 474.79135 534.5103 573.16223 684.91473 5 0.36877885 475.68433 534.0775 572.54395 686.2604 ,test/2747.jpg
0 0.93957716 284.4273 270.27927 797.1529 582.3091 0 0.39337015 38.062714 73.55975 797.9835 599.6552 0 0.15987271 3.6155777 344.13477 160.29974 680.52136 0 0.08226814 286.576 285.49518 766.08795 434.3235 0 0.05819565 36.896347 53.06485 412.45984 412.3605 3 0.059210867 3.6155777 344.13477 160.29974 680.52136 5 0.17848074 3.6350555 345.25555 162.0703 683.49615 7 0.29308575 3.5508347 344.9297 160.30908 679.6333 7 0.11448071 283.12408 269.51767 794.45465 584.931 7 0.08691557 66.8031 116.38835 792.1435 589.4609 ,test/2748.jpg
5 0.99980634 295.281 273.3615 706.9678 777.5009 ,test/2749.jpg
0 0.9964619 374.3725 476.94818 541.30756 749.4035 0 0.08974429 818.5464 814.0023 1023.2804 1024.0 1 0.05337076 375.29202 474.7425 540.431 746.6645 5 0.29092884 818.2511 813.9085 1023.37244 1024.0 9 0.9636018 819.1376 814.47144 1023.0818 1024.0 ,test/2750.jpg
0 0.99828786 516.92334 507.73993 590.1135 630.7006 0 0.5499251 470.4977 740.68616 554.55536 779.56165 0 0.20195259 851.54156 213.96764 932.12103 298.89038 0 0.06857189 844.99603 213.03386 975.10626 320.35486 1 0.9724779 102.769165 258.1846 812.2862 884.37036 1 0.84671116 731.124 503.51358 1018.2031 714.0875 1 0.7182504 153.3815 259.6087 773.3745 608.392 1 0.5989057 731.13007 290.73193 966.9764 712.80927 1 0.5143959 224.42555 489.07635 576.3357 692.5865 1 0.46353638 243.07721 470.7078 757.256 885.21936 1 0.41415122 851.48816 213.51923 933.39404 299.25635 1 0.23417273 840.3332 211.38795 974.596 319.61084 1 0.17484753 9.539703 294.70285 290.39087 988.5591 1 0.15614043 73.06456 284.0401 350.98303 722.8688 1 0.15297762 101.41599 17.064194 270.42712 279.01593 1 0.1430507 765.14014 188.5101 975.1998 328.5165 1 0.13963772 748.59924 297.00485 1017.95496 504.08652 1 0.111319594 628.063 195.525 733.0685 249.87378 1 0.09255945 0.0 0.0 261.687 699.6481 1 0.0751228 470.36877 740.8334 554.76514 779.0371 1 0.05490894 747.3045 52.677338 978.4317 312.1795 1 0.05121328 710.0585 102.04178 1016.66174 642.5681 2 0.08195414 850.8251 212.82176 936.58704 300.08667 3 0.08050031 850.9456 212.96693 938.5347 302.4344 5 0.9958627 0.0 556.82104 293.24554 987.7551 5 0.6031288 103.37636 735.74963 225.9594 818.5238 5 0.4606881 1.0005646 821.6778 82.771545 1024.0 5 0.37338305 291.00378 103.795616 466.39545 253.3211 5 0.15628001 844.99756 212.8445 970.82336 320.0822 5 0.09732153 4.175331 13.803345 93.50592 657.3199 7 0.5465336 3.1832733 13.73172 93.682785 644.5906 7 0.22557378 1.0425262 821.08453 82.243675 1021.82794 7 0.0520187 0.7937584 33.82305 99.5325 289.0561 ,test/2751.jpg
0 0.15681812 414.67667 290.31128 495.3743 363.68854 0 0.10022822 412.68253 300.5081 502.10696 336.14865 1 0.9979522 257.1237 315.25253 770.312 920.9083 3 0.06829553 213.1165 199.90448 245.83122 226.97226 ,test/2752.jpg
4 0.997787 172.38416 504.81488 754.24817 840.67255 4 0.99554586 200.3414 188.25227 784.10486 455.8405 4 0.52728593 182.86752 196.85571 771.5348 845.05334 4 0.120651126 671.7722 243.66481 792.93066 463.16345 4 0.054086443 402.45917 518.442 752.2192 782.9806 ,test/2753.jpg
0 0.17788886 270.60864 278.03973 795.7859 875.3566 0 0.101615205 200.95566 834.9912 250.85916 877.3789 1 0.05500803 272.04443 280.34692 795.1365 873.6593 2 0.5154143 272.3139 277.41 796.1707 873.1915 3 0.062734656 274.19513 276.94904 796.0778 873.4875 5 0.5677687 272.04443 280.34692 795.1365 873.6593 7 0.2308519 269.7954 278.81247 795.9929 876.0586 ,test/2754.jpg
0 0.9040456 184.86707 186.0062 851.021 744.9337 0 0.8094902 280.94345 168.39482 859.7632 493.4057 3 0.3063535 282.02206 169.24658 860.6615 496.1388 ,test/2755.jpg
0 0.6030212 569.8905 461.4192 700.9474 665.2324 0 0.329089 227.10156 185.12193 976.7186 443.34583 0 0.17899005 37.64215 192.3823 983.928 869.09485 0 0.07528538 523.11536 390.81934 877.3987 896.0919 1 0.92664444 49.908386 377.57312 894.89764 880.1666 1 0.7745874 516.934 392.323 879.20575 897.73816 7 0.93266445 232.08093 182.736 972.51917 439.38107 7 0.37083507 37.64215 192.3823 983.928 869.09485 ,test/2756.jpg
3 0.998278 405.71008 246.63625 627.4154 576.9231 ,test/2757.jpg
0 0.06861649 343.99924 333.51675 646.09875 514.3425 5 0.6810874 344.42993 332.7671 647.8289 514.36975 6 0.15058082 611.18207 514.4841 882.4367 727.5715 7 0.8133196 343.01782 332.6407 648.546 514.53375 ,test/2758.jpg
0 0.98665464 457.24014 447.73502 562.4841 527.4858 0 0.92914146 274.081 670.1403 415.70532 860.06964 0 0.8803264 233.05356 667.65173 309.36734 724.9054 0 0.81217283 41.260323 613.90546 114.16924 661.0621 0 0.40751088 562.9551 562.13184 604.8279 649.3541 0 0.22552057 366.23114 596.6213 578.7133 692.2901 0 0.11646076 0.055217743 563.54144 115.50688 663.8171 0 0.088546045 386.40512 757.81824 452.95975 802.7428 0 0.07389936 363.778 601.2708 464.29144 649.5964 0 0.062800914 181.17879 569.6716 644.5157 723.3005 0 0.06170376 31.948242 505.16873 552.28516 720.0737 0 0.056828927 258.52966 552.1109 574.0669 836.0336 1 0.9982667 0.5062256 197.60794 1023.20123 896.8451 1 0.6657423 23.227203 336.93903 564.0725 735.788 1 0.18706967 337.48648 187.94043 993.1472 745.37604 1 0.17359854 363.78485 601.1438 466.9361 650.2573 1 0.08931647 301.5798 479.14877 562.5065 835.2759 1 0.088249855 35.250916 506.69522 524.0869 719.8439 2 0.99959296 567.1981 555.67444 720.90283 657.8583 5 0.5111842 562.06024 561.9294 606.8066 649.9471 5 0.109983295 272.4413 668.85645 416.473 860.80334 7 0.7765905 371.07907 595.85297 578.9281 693.68854 7 0.22284473 41.46149 613.82776 114.08922 661.03613 ,test/2759.jpg
2 0.9996884 369.6125 204.03418 618.6572 531.69055 ,test/2760.jpg
0 0.59531426 202.91435 290.81866 656.38367 757.9074 1 0.5181545 196.96869 288.20868 655.7865 755.80255 2 0.2499877 200.25722 292.32642 657.087 754.90283 3 0.7739042 127.28948 538.70935 198.20132 620.14734 5 0.14965548 127.4883 539.0372 198.49702 620.4544 5 0.05609399 198.7123 290.41125 656.88007 755.10254 7 0.051103655 198.7123 290.41125 656.88007 755.10254 ,test/2761.jpg
3 0.99916816 469.77774 404.37836 661.3006 757.222 ,test/2762.jpg
0 0.558454 179.99313 431.60742 250.76566 462.1493 0 0.16549128 428.43158 362.64725 537.2157 408.2833 0 0.13183579 20.49604 457.29272 189.9732 532.08734 0 0.08410568 521.59814 397.0427 723.18335 515.88464 0 0.06871869 423.29773 364.95166 751.03015 514.2954 0 0.0667868 4.360565 393.2393 256.6685 480.44412 0 0.065594316 261.5714 317.89838 548.8501 427.90936 0 0.062207665 536.7111 734.4729 558.4157 770.31287 0 0.054298185 625.9381 552.11615 648.33984 594.58014 1 0.9953394 175.07585 393.42413 547.4893 974.642 1 0.96531636 536.92505 121.85797 804.8916 423.04498 1 0.7554494 269.7458 314.27905 731.60126 517.7894 1 0.64036566 423.29773 364.95166 751.03015 514.2954 1 0.5787005 521.59814 397.0427 723.18335 515.88464 1 0.405544 240.10017 311.7394 636.037 433.97836 1 0.22158463 734.6057 136.98804 808.73145 505.74023 1 0.20826302 743.1461 346.1504 803.69006 497.06757 1 0.17025417 654.101 395.1023 722.5506 435.1422 1 0.09828389 415.8495 346.61514 742.79663 438.84555 1 0.0883635 181.0686 431.6965 250.65897 461.9767 1 0.08552656 421.00385 332.76617 779.78156 740.9926 1 0.053767346 171.99275 368.9684 676.42114 488.0975 6 0.09469288 255.14845 314.66638 624.0998 426.7166 7 0.9968694 518.175 400.55487 770.0059 734.59406 7 0.2525377 181.0686 431.6965 250.65897 461.9767 7 0.08957711 530.7729 420.8016 725.44904 514.61774 ,test/2763.jpg
0 0.9938117 361.89667 255.46486 617.86865 623.1589 7 0.05480205 361.10767 252.8828 623.36194 624.3064 ,test/2764.jpg
0 0.3495944 582.1701 729.55426 620.95233 762.831 0 0.24534328 509.89587 643.1629 630.9574 773.2138 0 0.1725056 721.9983 250.17387 973.8834 546.92236 0 0.0832212 482.04083 567.3941 636.03094 809.29156 0 0.06756496 426.04358 546.76697 721.5482 1015.32275 0 0.06688279 539.2465 569.12915 646.50275 750.37366 0 0.065405615 194.64514 602.8984 454.12195 798.16266 1 0.9894566 265.56293 434.8618 552.8028 636.3979 1 0.9436251 419.13525 532.7343 724.2383 1022.5092 1 0.49636444 531.7534 753.8626 623.0316 884.45197 1 0.25284025 482.04083 567.3941 636.03094 809.29156 1 0.16540328 582.1701 729.55426 620.95233 762.831 1 0.15501979 608.17487 652.8251 631.88104 739.71826 1 0.13060066 608.6804 664.2563 665.87646 745.91144 1 0.10972924 617.3966 657.51666 639.85034 740.20074 1 0.08603602 512.9013 642.7991 635.10175 768.85315 1 0.075041085 612.63214 653.02985 637.3958 702.5401 1 0.058739353 623.71686 667.9374 661.2233 726.558 1 0.053371545 540.14526 573.11523 637.26 737.49524 4 0.11919936 153.09338 725.3656 223.2847 910.10986 4 0.055978756 129.12772 687.31573 200.77213 874.2348 5 0.9991485 0.0 123.93814 115.923416 496.72934 5 0.9517246 126.20731 691.1444 201.43393 867.33923 5 0.91613925 156.65262 781.1624 226.52438 906.3936 5 0.095765784 480.30502 640.14954 625.6875 800.2959 5 0.07134668 222.04535 135.45914 279.83502 195.94284 5 0.0708062 531.22784 751.77045 622.26337 875.54865 5 0.061011903 401.33884 198.431 429.4539 250.40137 6 0.99797684 720.8512 217.4211 980.82153 554.07697 6 0.9963182 1.9297485 549.9191 186.49008 969.51215 6 0.23739186 194.88065 605.21387 454.90848 797.6112 6 0.11549433 530.33765 752.98505 622.73157 874.7133 6 0.09964405 0.0 700.99316 137.87057 960.4336 6 0.090210155 480.30502 640.14954 625.6875 800.2959 6 0.07401176 736.3886 314.39612 979.5527 449.94934 6 0.067587614 729.90875 353.01007 958.5733 534.97217 7 0.9998964 420.3512 150.27847 743.7887 552.8395 7 0.9981515 88.97391 111.48059 425.7684 605.6538 7 0.9922815 193.78769 597.6473 452.90036 797.2093 7 0.33888277 220.24149 97.74335 424.9965 452.85376 7 0.10606908 418.29224 528.0355 723.9071 1022.24963 7 0.104127705 592.8742 311.89417 623.87445 374.65027 7 0.073883094 401.44324 282.362 427.71136 445.5664 7 0.073234975 401.6032 198.1556 428.8922 250.1501 7 0.07119809 277.66907 91.443954 357.5617 162.61308 7 0.07062757 485.3742 643.46967 626.51447 795.3066 7 0.053934027 403.80292 330.95578 426.59546 415.85855 7 0.050058037 156.79688 779.03613 226.95209 907.06116 ,test/2765.jpg
0 0.8450645 223.98944 737.96094 341.0683 899.8529 0 0.09047026 344.89658 443.63104 1009.58655 840.0201 0 0.07866678 304.22287 257.02042 709.44214 635.8015 1 0.92095166 345.8858 413.58374 686.1014 621.4248 1 0.47116148 343.13507 443.95483 1005.9278 845.31506 1 0.2453181 307.1211 267.1084 707.97 634.6506 1 0.17722115 370.9988 446.17667 962.64294 631.5043 3 0.064446196 295.31372 249.41302 711.88586 642.42883 5 0.92223406 295.28656 250.86714 711.81445 644.4654 5 0.19893485 227.89821 738.36993 341.17554 900.5988 6 0.70781004 340.75885 443.46277 1003.39325 847.1373 6 0.056077242 839.1963 693.65656 1023.98987 864.4086 7 0.31733865 223.91548 738.1509 340.65137 899.6968 7 0.15384951 934.896 457.67825 1024.0 528.3592 7 0.07048437 224.8106 731.0461 284.32468 888.62823 ,test/2766.jpg
0 0.7752919 413.3571 404.21555 641.6421 564.51447 1 0.47861677 413.37442 404.1847 641.56165 564.62354 ,test/2767.jpg
0 0.26419824 436.21127 152.80348 499.15543 179.54247 0 0.11934729 381.77374 150.0529 502.08978 183.25414 5 0.07157065 475.79053 133.45314 508.1834 153.51427 5 0.06900928 389.4931 112.47743 473.08435 169.47139 7 0.9997055 346.19025 109.48874 685.3046 712.0619 7 0.05620676 344.98962 110.797775 492.073 524.697 ,test/2768.jpg
1 0.08558565 395.58475 447.14877 614.05743 613.2584 2 0.94661057 392.4371 440.91614 614.98566 613.59155 3 0.62074906 391.19165 440.46793 617.1814 612.6529 ,test/2769.jpg
5 0.9947573 175.04997 365.7246 616.784 948.31226 5 0.9857222 605.3447 368.24832 1024.0 968.42114 ,test/2770.jpg
0 0.80884576 315.81363 152.87318 836.9048 560.9366 0 0.49476978 842.42 307.94415 1024.0 970.5943 0 0.30487543 522.03864 98.767914 577.6828 222.75052 0 0.26820537 317.62906 182.71811 623.3159 357.5817 0 0.144402 586.34644 155.68777 860.8025 335.85217 0 0.08791737 362.20392 304.42773 672.163 547.8019 1 0.6966777 842.6499 312.24652 1024.0 978.1054 1 0.32460317 521.94586 98.53415 577.7618 223.01819 1 0.09777436 383.29224 325.34494 665.97205 550.87134 1 0.06459038 310.12125 156.59723 860.03284 379.8777 2 0.5368552 384.67682 318.95758 667.6641 549.9458 2 0.05264708 373.98566 314.77063 655.2375 381.33923 7 0.05646101 309.38132 158.64949 862.4651 384.42017 ,test/2771.jpg
0 0.96846324 726.3396 477.13718 775.83325 525.1836 0 0.747081 678.8703 9.123657 840.0406 482.08936 0 0.44374946 562.09076 462.29462 649.6174 571.564 0 0.16630533 598.2254 460.80722 648.24225 601.67316 0 0.104390614 478.56946 462.95312 654.18835 645.2699 0 0.09752907 818.70667 5.7114563 918.53015 513.2396 0 0.08909484 726.52155 399.99063 766.2171 444.92032 0 0.068161756 114.4441 658.8357 156.49765 683.8484 1 0.9987625 358.11346 260.47137 760.7493 756.926 1 0.9235888 3.3773117 423.0976 222.7999 684.32794 1 0.62653476 530.3559 465.22885 649.5135 572.41174 1 0.48637885 478.15128 461.2531 651.1651 646.1364 1 0.38764286 584.66345 257.18845 782.1173 495.2681 1 0.34405297 485.3948 535.8656 535.2769 650.0858 1 0.20885281 810.8024 2.1051788 918.99347 503.74353 1 0.15788974 720.488 399.5824 765.7391 448.7433 1 0.15762505 114.4441 658.8357 156.49765 683.8484 1 0.12025189 477.9446 509.58234 594.5029 644.8049 1 0.10306953 608.84485 495.24136 650.0469 602.5794 1 0.09649328 373.536 270.16803 601.8735 594.7594 3 0.18172544 678.5798 8.552795 839.37225 483.06473 5 0.07969678 674.76447 9.380112 884.893 493.0191 5 0.06348524 811.05554 0.3887329 917.9795 503.89517 ,test/2772.jpg
0 0.93811685 252.25848 631.6837 610.5162 846.85986 0 0.51839024 6.478897 330.8429 269.49756 814.39355 0 0.0767101 402.0478 424.91174 701.84125 574.27686 1 0.97428334 405.67926 425.61963 702.9913 574.5278 1 0.11013376 251.40468 632.6857 610.40356 846.092 5 0.15425396 5.9972076 330.6903 269.203 814.12244 6 0.07665397 6.556778 329.72375 269.8084 815.5609 7 0.084441595 6.327759 330.302 269.49994 815.28467 ,test/2773.jpg
7 0.985112 373.84753 202.23434 734.07983 648.42615 7 0.8486499 31.702286 562.2848 397.75208 689.7219 ,test/2774.jpg
0 0.28411898 515.66785 289.71378 702.4656 911.91455 0 0.107395165 352.94485 306.84363 533.72253 924.66907 7 0.99869484 0.0 0.0 457.9417 234.51877 7 0.9968682 0.106925964 194.32059 240.8316 890.34827 9 0.96047336 349.7125 301.9685 534.34717 930.5885 9 0.940543 514.61096 285.34485 702.8074 914.27686 ,test/2775.jpg
0 0.06818542 262.668 390.0398 517.84326 765.75037 0 0.058987312 463.2428 327.16724 755.094 728.9143 1 0.8100821 463.26904 327.1719 755.084 726.10266 1 0.6260505 263.5205 391.11346 518.8398 763.59186 2 0.61769795 262.509 391.22662 519.3755 767.14655 2 0.52471244 468.25784 329.59534 754.6261 725.4369 7 0.11899895 262.55396 391.1792 518.8679 766.25 ,test/2776.jpg
0 0.8928829 0.0 576.12854 267.1612 718.18164 0 0.10667371 36.256607 660.3967 229.51363 736.7468 0 0.096800916 0.0 232.09064 209.3936 356.6228 0 0.078755446 160.36238 504.09692 291.9922 597.38696 1 0.7532009 297.59232 528.99774 580.98987 738.6441 1 0.0937896 0.0 576.70624 266.682 717.6639 2 0.13976137 297.51276 531.0781 581.37683 738.27686 4 0.16672544 302.12366 518.3367 616.0796 740.88696 4 0.08727564 478.89838 497.50848 717.2409 611.4008 5 0.85107696 469.84174 497.73907 715.90924 611.18524 5 0.6241005 297.7754 505.3299 716.19946 738.8487 6 0.66133493 130.51378 122.4817 236.24275 222.88333 6 0.07500149 0.0 578.00275 264.0771 715.0008 7 0.23878038 0.55072784 232.8804 211.94073 354.48807 7 0.17655805 0.0 574.16534 267.13992 724.14667 7 0.06108956 160.36238 504.09692 291.9922 597.38696 ,test/2777.jpg
0 0.7738125 273.5357 603.3881 334.25 646.08795 0 0.10447874 273.28836 589.52246 376.05295 645.6775 0 0.06961609 300.62775 648.1437 355.92603 692.67346 3 0.5005475 216.8392 505.89825 278.63132 558.4455 3 0.2477045 253.45862 378.30942 319.98297 426.14066 3 0.09744275 511.5997 480.43018 570.8853 541.1381 3 0.09235525 300.7187 648.21185 355.96356 693.4899 3 0.050629295 216.2192 416.4124 290.199 560.50555 4 0.98573065 257.9094 481.95197 521.9237 584.0633 4 0.93278956 254.84502 377.77545 569.8887 536.9118 4 0.8929043 288.93604 558.3879 493.28137 751.488 4 0.6257232 366.49167 419.84485 564.6227 540.30554 4 0.57143927 510.54465 480.20175 570.0583 543.3143 4 0.40716597 338.5819 568.9555 487.56537 698.1707 4 0.38988167 318.86603 382.8158 458.99872 447.05817 4 0.32906327 295.97168 383.10922 561.7082 469.5051 4 0.2322278 271.54324 593.138 377.92715 645.8781 4 0.2228598 302.28625 644.86835 429.60956 750.74774 4 0.20168023 254.35811 379.49445 516.45355 439.53845 4 0.1936749 276.5012 559.4264 474.59732 659.24365 4 0.17170098 216.2192 416.4124 290.199 560.50555 4 0.16284199 252.1033 380.1504 475.34006 492.14862 4 0.13884965 280.9386 548.302 494.92163 612.48706 4 0.13544498 333.1737 617.74994 477.2965 748.68463 4 0.125248 300.88037 641.82117 384.14355 692.64526 4 0.11443208 250.12923 434.6534 285.003 515.9016 4 0.10861767 267.4522 475.82135 486.85266 707.2978 4 0.10505019 325.94577 624.87286 403.65482 684.4992 4 0.10196693 216.81604 474.55624 429.78296 558.8732 4 0.101639956 387.63306 494.16592 530.79266 596.54224 4 0.10103838 422.49603 405.49872 573.45416 489.2995 4 0.08252306 395.32578 474.10596 578.06256 567.82324 4 0.07637492 275.80667 549.63574 388.8384 647.4336 4 0.0749581 441.98236 539.99225 611.8675 847.39703 4 0.0707459 253.9047 452.28317 370.90952 558.4723 4 0.0691583 215.3223 509.66592 279.2811 558.7376 4 0.058055267 279.19238 533.1127 605.2174 839.9271 5 0.9872728 442.2995 542.5015 611.7756 842.42926 5 0.11867126 300.62775 648.1437 355.92603 692.67346 5 0.06446866 119.02568 306.79996 592.5369 862.68054 7 0.94527876 0.0 3.0405273 1024.0 1024.0 7 0.15575662 494.87292 183.96014 1022.3651 1014.92804 7 0.107968524 52.680847 12.601456 861.752 467.89172 ,test/2778.jpg
0 0.119728066 175.19655 101.46359 361.4265 368.261 0 0.1067267 635.8135 646.6184 863.7689 977.7693 9 0.9822358 174.84918 102.09143 360.30817 367.9485 9 0.40972784 635.88336 646.353 864.3355 977.875 ,test/2779.jpg
0 0.8668069 38.584915 556.5783 514.5718 764.2487 0 0.476451 17.85431 359.7182 933.9291 763.9467 0 0.23402531 627.1046 365.45184 903.1555 487.16986 1 0.7587224 264.36887 366.1327 911.01416 739.5963 1 0.5656472 23.026855 559.15796 624.8342 754.6177 1 0.17479736 392.74753 674.80536 588.6875 757.41815 7 0.06783525 305.80624 366.02518 902.0112 737.95764 ,test/2780.jpg
0 0.74856186 592.5931 515.02 723.89105 618.44116 0 0.5127482 1006.78253 838.5355 1023.77545 880.3801 0 0.48602968 708.77234 473.351 866.6145 600.1336 0 0.42342392 590.898 475.363 866.3566 618.4213 0 0.26062697 607.1729 657.2198 743.6989 755.2563 0 0.050112657 636.7433 353.06467 936.5559 506.71176 1 0.13249958 592.9775 514.955 723.82574 618.28143 1 0.11727099 1003.54596 839.1435 1024.0 879.5837 5 0.999571 37.359314 110.0462 664.38354 597.1197 5 0.98889077 386.3724 350.87198 924.2368 750.90796 5 0.4459054 573.3008 465.5705 892.6022 755.389 5 0.23362456 379.38013 340.35028 719.3519 623.0471 5 0.098781615 645.2551 354.3551 938.6355 559.5637 5 0.09510595 607.1729 657.2198 743.6989 755.2563 7 0.2374721 1003.3565 839.16547 1024.0 879.45856 7 0.0618081 573.3008 465.5705 892.6022 755.389 ,test/2781.jpg
0 0.05275863 245.11505 88.39252 869.4367 961.42975 1 0.9861811 242.73291 88.700134 869.87524 961.1473 ,test/2782.jpg
7 0.9993456 63.31778 394.49725 675.0779 853.63043 7 0.9977768 484.04596 332.91077 780.4223 649.85754 7 0.06691434 402.12958 390.63092 547.16284 531.9974 ,test/2783.jpg
0 0.71164495 556.62317 182.76831 804.34204 520.094 1 0.114390396 1.9847603 163.63799 117.762085 302.7619 3 0.9998529 177.89308 403.1235 404.01544 831.5718 7 0.5382989 556.9903 183.58641 804.5181 519.76215 ,test/2784.jpg
0 0.78813183 860.4063 586.48627 982.9058 730.1861 0 0.4860507 700.6537 579.5815 760.3125 664.23004 0 0.41544297 435.23804 763.08887 558.9474 812.3273 0 0.3151962 484.74924 193.92798 511.76785 234.50922 0 0.08187003 857.7124 633.85864 931.926 737.657 0 0.07303857 308.02792 182.54926 452.4659 394.52008 1 0.9960892 482.50696 151.0824 805.3353 525.755 1 0.96733284 144.1253 340.98602 733.6271 790.7614 1 0.9494347 354.0457 312.8141 613.8684 685.5511 1 0.5965447 700.7462 579.43256 759.8855 664.20013 1 0.5491673 482.7463 195.29938 511.64957 235.0104 1 0.4790179 859.7767 585.9768 982.37616 732.13367 1 0.36386508 436.78192 302.24243 795.32684 686.68787 1 0.25395072 506.0445 374.38058 799.56537 542.9579 1 0.16649716 516.7303 332.03616 597.3403 486.07742 1 0.102066696 308.02792 182.54926 452.4659 394.52008 1 0.09080229 592.1108 413.59796 797.9461 515.1398 1 0.054374397 175.03452 389.03473 503.37747 749.9576 2 0.07563847 307.3451 182.45865 451.85638 391.76804 3 0.9621815 308.23218 182.60825 452.30896 391.78958 7 0.13332893 435.08545 763.26965 558.4341 812.31055 ,test/2785.jpg
0 0.48957014 393.02316 227.68379 497.98514 298.3006 5 0.6389071 392.66443 227.848 499.4347 296.9422 7 0.99706894 123.305176 248.58522 321.6789 549.5523 7 0.9905087 347.6029 258.2672 691.81177 597.1731 7 0.91872513 130.4516 237.89894 981.5877 628.803 7 0.8611399 566.27844 353.88745 958.46204 646.4168 7 0.43151665 120.831085 236.67293 504.50485 544.72473 7 0.27292606 392.84677 227.95518 499.48245 297.31088 ,test/2786.jpg
0 0.59414977 487.46805 277.96402 543.2148 305.8226 0 0.27267227 522.5734 692.5661 619.37396 774.46185 0 0.10830302 486.25482 597.87415 755.42474 786.8008 0 0.050880503 479.63654 257.42142 544.09686 306.07803 1 0.9961957 306.54425 135.64745 502.2395 363.98767 1 0.94355714 458.3853 482.81903 758.13617 778.8127 1 0.9227492 278.41058 346.68237 649.677 782.3507 1 0.9154037 449.85233 474.45767 793.70386 1009.7981 1 0.7560598 276.49207 260.58115 558.1929 529.02527 1 0.5697626 0.0 438.4049 47.009865 523.3573 1 0.48499185 522.5061 693.67975 620.39966 777.7032 1 0.35286412 538.7356 609.5721 750.8202 726.52057 1 0.31579456 0.0 364.9949 81.64964 445.78073 1 0.25360686 286.8191 299.22595 530.50543 449.4754 1 0.24840622 0.30888748 316.4517 105.7509 444.9562 1 0.23415104 287.04877 249.16972 496.90985 391.6635 1 0.22208615 0.0 139.64503 138.21037 437.12 1 0.21794373 273.31177 248.54492 364.0241 441.44525 1 0.1868621 485.60547 277.84567 543.3175 306.08737 1 0.18172425 542.0539 680.94653 826.40326 1015.885 1 0.17801774 511.19052 651.61115 763.0625 790.0484 1 0.13734487 481.9676 226.26132 510.29803 290.81412 1 0.13487759 478.1158 243.19241 544.0782 307.31332 1 0.11831852 464.20496 189.68703 512.07117 283.83875 1 0.117133036 313.55298 476.08627 600.27185 600.9465 1 0.11615231 436.5892 128.61223 511.82382 293.7788 1 0.106288984 450.9347 373.66522 654.7958 767.16815 1 0.104823954 301.10284 439.6172 553.4234 544.5071 1 0.092797555 448.83014 480.22418 641.39496 612.99274 1 0.08696186 870.1344 527.67926 942.9945 641.7248 1 0.075114496 283.48474 254.18073 345.3247 378.73596 1 0.07451492 458.11523 542.61816 632.2185 999.005 1 0.0579771 339.70627 265.47546 534.8292 369.05103 1 0.05771285 478.32718 250.34688 507.5433 298.90887 1 0.05266742 2.2321358 357.31754 98.17975 528.9764 1 0.051056653 81.257385 327.41064 143.53181 386.73065 3 0.21555118 591.23236 718.8299 897.8448 1024.0 5 0.34233725 591.23236 718.8299 897.8448 1024.0 ,test/2787.jpg
0 0.22419065 633.9194 685.80634 725.87933 759.17 0 0.069533154 897.21173 884.6349 1022.2664 1014.94324 0 0.0514456 485.99518 452.88556 583.8183 542.56683 1 0.9981439 570.28516 531.03705 973.03674 1020.77484 5 0.41378802 345.50827 438.23807 409.80228 482.61197 5 0.08083864 303.1896 186.90857 381.7786 352.64807 5 0.052423764 898.76495 882.4294 1021.8295 1018.5257 6 0.9968875 450.06726 425.3863 633.766 722.14874 7 0.9996464 295.42786 460.64417 570.1864 903.5846 7 0.9994802 156.51091 114.65091 483.36078 661.522 7 0.9719848 46.676826 112.597206 180.60242 243.13474 7 0.2986745 296.88565 438.54053 417.37888 676.818 7 0.071467295 258.63232 116.08038 380.7057 338.46976 ,test/2788.jpg
0 0.7950452 580.23395 472.29404 729.6049 547.83795 0 0.40900463 543.3819 623.7127 600.4168 656.2028 0 0.26467758 491.28937 447.51904 633.8498 530.88464 0 0.18438524 524.8101 435.64066 623.7795 456.94754 0 0.15086682 957.49994 209.01569 1022.87787 284.24643 0 0.13734967 953.5226 274.971 1024.0 320.77148 0 0.12871638 954.67456 264.47055 1024.0 393.94345 0 0.12087611 659.9952 506.925 727.0539 545.273 0 0.116645575 525.8835 412.26227 619.658 454.96576 0 0.08400198 509.69565 438.98843 630.8163 469.06564 0 0.08162639 587.535 486.23312 641.487 534.34534 0 0.075201 546.28204 252.86435 655.08124 342.9661 0 0.06811409 543.48975 411.27667 592.4708 451.1502 0 0.054134298 345.85345 453.36282 427.6176 501.1069 1 0.99026185 641.0174 666.9257 975.9549 920.03204 1 0.9182398 376.88928 473.5082 734.14954 655.6173 1 0.592343 721.3449 453.80133 901.5113 590.549 1 0.5372302 656.04877 875.7935 710.42413 919.22015 1 0.21471916 248.5292 218.40094 491.48544 499.72913 1 0.1411806 489.5453 449.32693 633.09143 531.0664 1 0.13713256 579.1948 471.67807 730.1289 548.47766 1 0.11604644 702.6662 874.171 909.0373 920.6891 1 0.07906125 544.41113 624.0887 598.4302 655.90704 1 0.07541088 733.2604 412.06924 1023.2334 611.25195 1 0.060687028 581.6494 447.23297 919.0751 575.3775 1 0.056098204 405.56757 451.37317 903.1514 612.46265 1 0.0550968 1007.6087 841.0984 1023.7314 870.77234 2 0.7570747 352.13977 324.08868 462.2646 400.04486 2 0.14749677 493.2641 448.93814 631.3277 529.25714 2 0.09431695 579.1948 471.67807 730.1289 548.47766 3 0.54211694 451.03027 337.97845 484.7948 382.7528 3 0.20726553 448.3113 336.23914 484.46536 358.4652 3 0.14384602 352.0787 324.32144 463.34964 399.98 3 0.06363608 444.5044 348.39972 476.66956 389.1336 3 0.06195476 428.35828 338.5643 487.60895 390.37283 4 0.07827681 488.96133 448.96262 633.8899 532.3611 5 0.8897651 766.26855 187.18805 877.9005 234.4328 5 0.49855384 352.10315 323.9787 462.05035 400.6457 5 0.38554925 490.2644 447.7869 635.2959 531.2853 5 0.3359557 228.51013 407.2856 426.34985 503.44382 5 0.18121836 545.9985 254.32945 657.1683 342.43008 5 0.12058969 953.4721 275.064 1024.0 320.66684 5 0.09553035 957.49994 209.01569 1022.87787 284.24643 5 0.070288904 544.19415 624.6695 599.03754 655.50946 5 0.0701789 472.58792 248.56061 540.6336 273.72504 5 0.0665315 941.99036 265.61652 979.8435 394.44952 5 0.06393864 436.73468 443.55582 530.88715 492.20242 5 0.06244494 954.67456 264.47055 1024.0 393.94345 5 0.058978613 920.4966 389.307 1023.45593 456.8932 5 0.058537338 455.01456 252.43976 659.65936 434.09515 5 0.055753794 414.41263 386.71463 516.08563 482.5696 7 0.9982919 391.49084 177.35397 559.0718 267.58765 7 0.9977876 734.36334 581.76483 897.75385 685.7762 7 0.9968566 938.4305 581.6101 1024.0 836.4177 7 0.9928139 618.4408 179.37675 1000.822 539.0307 7 0.9892347 821.862 394.42892 1024.0 617.0564 7 0.91169816 454.8518 251.54477 670.7969 435.10843 7 0.720744 957.934 208.98462 1022.94354 283.74258 7 0.67787695 556.40106 162.79958 786.3066 390.42615 7 0.65092874 549.5741 256.54153 635.8705 336.8201 7 0.56802285 413.54364 387.7852 525.01685 495.44217 7 0.37851295 410.30933 378.27615 572.6846 466.46964 7 0.37723452 452.33813 356.20926 601.0969 445.60757 7 0.34807497 554.5766 234.95834 730.2847 340.94058 7 0.3242304 546.84937 164.34242 778.6057 270.08307 7 0.30994123 866.77325 248.92685 1023.2636 609.3148 7 0.24115038 883.36694 191.09528 977.71704 401.04285 7 0.23580241 409.6532 358.47534 620.3607 514.70013 7 0.20372187 951.6269 419.5477 1020.3387 488.1674 7 0.19257349 813.17035 178.05582 1009.1755 435.21048 7 0.18980414 733.34424 540.7517 989.916 609.96765 7 0.17866525 455.25797 256.39645 643.6647 347.76083 7 0.16804707 957.60565 779.7507 1022.55133 832.9201 7 0.16560863 750.0865 549.8757 1022.03925 844.23834 7 0.1314902 350.5664 191.19035 806.23364 438.01013 7 0.10211818 722.63855 379.47824 1017.28345 545.35065 7 0.10140042 489.5453 449.32693 633.09143 531.0664 7 0.099582225 896.4752 328.9317 1024.0 503.5451 7 0.09193103 376.30878 202.81523 422.16968 266.10492 7 0.08883682 400.46307 177.36925 532.1644 230.50963 7 0.088695 550.3224 255.63445 652.43384 411.41473 7 0.06639482 942.31696 381.276 1024.0 498.41058 7 0.06253284 256.5049 185.20891 915.9022 531.08923 7 0.05983557 881.9032 399.90607 1023.62866 555.37006 7 0.05668341 751.16284 270.81296 964.99634 383.0436 7 0.053236373 655.1217 440.76947 1018.61 605.28326 7 0.05288106 453.7352 246.40195 558.9609 314.26883 7 0.052449774 739.6352 315.47504 1024.0 900.8819 7 0.050256107 544.93805 624.01575 598.68695 655.46277 9 0.46287543 953.2862 275.457 1024.0 321.08487 9 0.15624766 954.67456 264.47055 1024.0 393.94345 ,test/2789.jpg
0 0.69167984 415.58252 556.9027 521.0839 620.14844 1 0.07989206 415.178 557.1255 521.086 619.9065 5 0.09365981 400.15222 518.14056 518.7489 627.09076 7 0.99960846 307.20154 330.6123 700.86316 660.0329 7 0.2836994 415.72104 557.0604 521.04504 619.9874 ,test/2790.jpg
0 0.5435203 391.78577 552.16327 609.5848 610.045 0 0.49659902 652.87646 96.9393 901.28235 775.2356 0 0.36680463 375.63776 344.13577 538.16626 374.17703 0 0.27198857 676.60504 0.0 796.9537 779.59436 0 0.1785629 368.47885 543.6902 615.10986 568.74036 0 0.15850635 657.875 0.0 789.281 348.70288 0 0.15472656 414.34955 561.50903 530.3067 600.1808 0 0.14440633 654.9344 134.67375 767.75775 329.43457 0 0.12140068 492.5692 559.1692 607.647 612.47266 0 0.11811244 373.9692 222.8412 796.2396 441.62677 0 0.11292727 362.87988 473.6693 614.1856 611.4669 0 0.10746075 375.65393 232.17137 548.37756 387.82037 0 0.10184677 364.11197 520.41 625.1492 589.9915 0 0.08647872 486.8716 551.5462 582.4099 571.1506 0 0.082340844 767.09985 233.93765 803.1493 733.11743 0 0.07734312 364.18155 298.31073 553.09894 403.3485 0 0.07091362 387.80698 227.84256 553.6542 306.61783 0 0.0641755 404.49326 136.89484 830.8546 525.0763 0 0.060739294 656.3806 264.50995 916.91895 484.4449 0 0.056749854 364.27487 219.94704 642.1885 525.58215 0 0.055311445 362.84033 487.60358 544.3973 554.2935 1 0.9789697 124.004364 233.94096 391.52963 739.36206 1 0.59667665 127.196465 350.95074 304.2727 525.6032 1 0.4520335 375.44934 227.35796 555.7755 304.5246 1 0.2850619 228.04068 193.4262 376.7335 529.5285 1 0.24472184 258.2913 187.5988 426.2936 293.73877 1 0.16061491 130.86371 444.5275 321.83676 541.91895 1 0.11816165 287.32416 439.47177 309.92804 491.98666 1 0.11546075 208.0423 185.52399 329.75012 370.68292 1 0.10926588 157.08327 149.07715 348.28522 534.0596 1 0.09687666 352.97586 189.51225 427.92038 304.21466 1 0.0946444 199.2373 298.17593 247.50653 355.0801 1 0.08408638 282.82306 441.81894 318.01593 540.6041 1 0.06691515 1009.48755 395.21674 1023.22217 546.7699 1 0.06399786 189.28442 287.1972 302.76584 476.1192 1 0.05328004 404.695 225.709 554.3267 258.21436 5 0.86636317 0.0 0.26882935 152.71317 147.98738 5 0.5781493 257.26917 187.86407 426.4721 293.43573 5 0.09690956 165.49449 154.43683 429.44128 303.3407 5 0.09651667 172.50519 132.27481 325.98724 334.40625 5 0.08480637 339.3084 186.42279 428.6482 303.75455 5 0.054905552 198.05368 174.37328 291.90686 357.05377 6 0.97902143 359.53638 146.80557 673.40234 582.03125 6 0.92346406 652.30444 239.13892 910.5768 760.65326 6 0.91108 366.24124 242.69548 550.1196 499.8543 6 0.90389943 361.9388 476.93823 611.35614 574.7123 6 0.81555605 529.0234 146.22906 684.45245 568.0991 6 0.46875402 362.84033 487.60358 544.3973 554.2935 6 0.41927359 495.42575 561.1173 609.4029 611.75354 6 0.28232038 388.2291 550.5376 608.7418 607.00525 6 0.1833569 374.92508 392.5417 629.58905 589.3383 6 0.17104632 364.11197 520.41 625.1492 589.9915 6 0.15498161 370.50903 478.2337 538.30414 516.58673 6 0.12980759 534.0972 135.39694 700.7773 324.56528 6 0.11516127 366.92865 263.11368 544.5404 378.05527 6 0.112435885 380.52692 389.969 541.31573 507.3495 6 0.11198567 368.47885 543.6902 615.10986 568.74036 6 0.09892568 377.2846 458.12012 556.08887 527.5924 6 0.08761686 364.50818 193.0448 680.9551 336.59943 6 0.08703427 362.7669 292.96848 654.3564 383.236 6 0.08209166 364.5479 311.27512 540.709 442.51816 6 0.07881984 774.0017 275.61127 911.8828 742.3349 6 0.07652575 656.3806 264.50995 916.91895 484.4449 6 0.063543595 404.695 225.709 554.3267 258.21436 ,test/2791.jpg
3 0.20254222 748.1175 471.2973 909.1716 873.6392 5 0.11550693 273.5659 634.5792 327.42422 839.7649 5 0.07448829 417.81516 662.2885 455.08206 776.3195 7 0.99967134 295.21075 31.411652 834.43866 887.32886 ,test/2792.jpg
7 0.9939638 223.56305 150.59198 826.1191 867.1959 7 0.4301401 233.13144 580.6687 836.21106 863.3386 ,test/2793.jpg
0 0.9147073 156.33038 250.37674 275.33807 405.31253 0 0.83146656 378.38684 241.29776 449.6325 314.47574 0 0.78233856 762.69916 720.91125 797.55646 767.02563 0 0.17113449 487.1872 519.48975 702.11383 814.4326 0 0.117817596 216.81406 395.7068 284.6062 848.35583 0 0.09646731 169.37852 258.98193 445.2237 851.7283 0 0.06888954 793.3418 692.8529 875.08264 827.1565 0 0.06368132 338.26215 579.6435 371.63434 680.633 0 0.056843154 443.17285 885.25653 591.16797 956.07294 0 0.054036587 208.84796 385.10107 365.43665 835.75037 1 0.58604056 487.51645 518.52747 700.2081 815.46924 2 0.11954448 487.05713 518.5011 700.6919 815.2544 5 0.11674877 486.21606 518.68945 701.5646 814.7395 5 0.09465839 182.0839 264.72147 367.4108 844.35596 6 0.33582315 486.5152 518.05054 701.32184 816.7844 7 0.93505555 787.88306 692.71497 877.3574 825.2977 7 0.23232697 804.8842 709.4882 872.4898 782.27606 7 0.14960201 807.2151 772.95667 846.5034 822.6046 7 0.072708435 156.13257 250.48398 275.25284 405.46213 7 0.06534458 487.90903 518.989 700.63684 815.933 ,test/2794.jpg
0 0.44171456 345.41025 420.07193 567.03735 454.1732 0 0.4145366 175.9972 306.32837 331.32993 342.08057 0 0.35251746 176.2903 426.3416 361.52277 464.8957 0 0.2652294 345.6325 395.96835 616.62335 460.8741 0 0.14643642 328.64197 422.32867 633.2351 474.04816 0 0.13362336 252.9571 163.94917 323.01672 279.01688 0 0.11480716 159.4255 416.9566 359.20786 450.30518 0 0.08871288 178.06583 422.23895 623.3629 492.75177 0 0.07427493 164.91731 413.85696 414.52716 482.28043 0 0.06681568 188.78639 311.2728 312.33774 332.4991 0 0.057753947 641.4619 254.53209 675.2344 336.25363 0 0.052370172 743.38477 752.0018 776.8441 795.6962 1 0.29589638 0.0 318.1772 49.277256 390.7318 1 0.2484523 0.0 322.23407 49.006714 357.39032 1 0.19907615 343.7516 378.43875 617.76636 459.389 1 0.09561239 347.8444 379.71487 429.37393 402.19296 1 0.05918001 254.06622 163.19716 323.8457 289.30368 1 0.055093616 328.64197 422.32867 633.2351 474.04816 1 0.050345514 150.59937 369.54456 664.1524 600.35547 5 0.07247012 116.41009 138.4164 210.69339 278.36963 5 0.05614798 70.57388 271.37488 174.47841 323.57483 6 0.9995659 635.79846 634.8219 909.6687 969.5405 6 0.9959667 386.91528 575.45447 663.0851 966.2302 6 0.99169874 0.8780365 402.5713 170.9397 525.4132 6 0.96821356 287.1994 90.88159 617.2251 317.58527 6 0.94977474 187.03659 82.898285 355.27444 180.7728 6 0.93532485 175.39453 268.34537 354.52557 431.2211 6 0.9278088 307.07336 192.16089 624.9498 430.92047 6 0.8650294 147.55743 352.4227 668.85376 598.26434 6 0.8433052 178.1875 155.93503 312.12915 309.79028 6 0.4651263 157.04567 366.81952 351.68256 436.48773 6 0.41663268 293.66663 216.64723 609.5255 315.26636 6 0.3983808 250.06192 162.68997 326.7451 310.62933 6 0.39760676 180.43466 103.06387 355.99533 416.19064 6 0.35510033 341.1087 370.50223 615.87885 459.6492 6 0.249035 183.59973 84.678024 358.6051 269.06793 6 0.21376401 559.60297 283.17676 662.7116 471.18738 6 0.170751 154.49918 361.307 373.67764 495.21155 6 0.17004023 388.45505 256.8366 640.2827 454.26556 6 0.15874833 185.45149 86.49773 627.1312 432.49518 6 0.14572337 153.96086 404.63297 375.15222 467.56448 6 0.12574957 172.97447 281.15167 357.89716 357.614 6 0.11411273 292.7718 227.1621 447.76617 271.75134 6 0.1135248 216.65295 162.14957 377.84412 263.08554 6 0.10719476 283.4905 231.78412 305.30893 312.66455 6 0.10204723 4.415001 415.64157 160.45169 481.80344 6 0.09506531 173.41333 305.04993 331.29453 341.542 6 0.09042118 165.72913 411.2548 358.6643 442.57297 6 0.08995576 18.395714 351.00607 170.3995 474.0239 6 0.082275346 184.64351 142.50645 362.17456 225.75377 6 0.07543792 154.99814 359.19186 207.27982 409.96683 6 0.064740874 342.403 411.2405 623.57074 467.38852 6 0.06310452 157.32263 149.1444 423.22504 298.54498 6 0.061166268 340.36743 368.56412 433.0703 407.03458 6 0.0609069 199.3914 178.78058 269.78934 305.43756 6 0.057756983 219.4022 159.736 315.65213 236.94965 7 0.9999211 712.5023 373.90283 1023.6743 706.3738 7 0.999913 653.9953 249.30807 801.7734 563.147 7 0.98499435 27.878029 268.94305 191.0653 445.5504 7 0.8728273 950.9386 149.4644 1023.5919 375.03107 7 0.7464383 107.32379 141.36581 211.68875 281.96417 7 0.7033655 866.439 267.0417 992.1086 431.2213 7 0.60098433 873.4671 271.5849 953.1822 327.33502 7 0.33415774 641.67804 254.4028 675.217 335.84183 7 0.3082946 19.997398 146.46103 215.46262 450.73447 7 0.20570123 871.725 139.94476 1021.59863 430.716 7 0.19270639 64.193695 353.57812 112.82298 440.70935 7 0.09125854 25.986795 303.54297 73.02422 415.4084 7 0.062709525 5.227104 266.25873 181.28107 341.48602 7 0.06231683 25.4482 283.4012 112.52672 436.12473 7 0.05686204 21.021568 340.0565 178.65768 470.26608 7 0.055642724 638.4202 249.638 672.01263 414.00122 7 0.053462297 67.04053 267.9898 156.14812 322.25262 7 0.050389215 905.541 273.75592 951.93494 303.1809 ,test/2795.jpg
0 0.14971408 482.08493 691.95575 538.43604 771.33453 0 0.06904118 575.812 255.6058 629.96533 278.36984 1 0.99958485 316.42484 251.74857 730.6312 762.6382 1 0.97338796 457.77927 470.0896 729.9407 776.0459 1 0.35168216 482.01004 684.5899 539.0703 770.6191 1 0.08686337 318.15585 410.22122 508.452 762.2694 1 0.055953257 498.96967 502.79364 725.46234 679.1137 ,test/2796.jpg
0 0.07342843 369.91708 535.13727 693.881 795.37274 0 0.068728164 351.43863 427.4304 796.09314 1022.43726 1 0.055114795 370.0621 543.155 696.8605 795.958 2 0.3285513 349.78372 350.02026 642.48425 664.98444 2 0.07024483 348.5176 350.41928 696.82275 974.9026 3 0.77296996 339.5033 379.73956 782.80566 1020.3537 ,test/2797.jpg
0 0.999782 184.66954 408.62695 492.1684 792.91956 0 0.39476967 168.2731 248.74326 788.2462 790.8428 0 0.15416282 452.7576 482.11096 496.49222 547.9922 0 0.11526816 460.82617 250.95213 771.9486 683.7851 1 0.95975804 520.9269 261.4525 585.447 327.32745 1 0.93589735 461.2152 250.4918 771.74194 683.09607 1 0.07532297 160.2453 248.28882 788.8575 792.56885 2 0.092097305 452.72385 480.7406 495.5524 548.4325 3 0.17139742 452.54407 483.39706 497.33167 547.82153 5 0.64822376 452.7882 482.14075 496.8589 547.9175 ,test/2798.jpg
0 0.9914518 99.27249 438.74243 756.6948 895.553 1 0.36863232 110.96661 435.34998 757.1123 895.2998 2 0.078921504 110.96661 435.34998 757.1123 895.2998 ,test/2799.jpg
0 0.7046094 191.28545 846.35895 319.26096 940.7358 0 0.6304306 342.20276 383.44604 667.58026 638.7503 0 0.38976586 13.8333435 831.04175 426.37054 961.8495 0 0.10261036 186.00064 851.1449 455.44748 939.80566 0 0.070877604 368.31857 432.73682 417.8909 567.6805 1 0.10579417 341.36697 383.42654 667.4302 640.59973 2 0.74621296 341.93903 383.5709 668.30914 638.26843 7 0.19350454 170.5117 848.90045 550.247 943.257 7 0.14321417 13.8333435 831.04175 426.37054 961.8495 7 0.07254636 192.42627 847.06866 320.38995 940.7684 ,test/2800.jpg
0 0.058365185 191.87155 233.174 246.11868 253.17854 5 0.99338245 35.552612 341.74582 982.7316 851.89734 ,test/2801.jpg
0 0.123126365 140.54916 38.114075 253.57791 278.90262 0 0.10167283 153.95348 18.323715 524.59015 475.01813 0 0.070467204 165.4562 18.936783 363.65793 393.1504 1 0.43766132 936.7355 484.9721 1022.9535 801.47687 1 0.054794963 487.35815 0.0 595.25085 371.17627 1 0.051133033 138.96587 12.85585 546.2806 452.74414 3 0.998755 70.4731 459.4499 464.52344 929.3332 3 0.9568564 530.04895 240.29059 948.396 858.0656 3 0.9150791 80.74344 0.6130371 478.54306 940.36584 3 0.54480034 148.7382 24.754578 450.8871 613.1345 3 0.5012815 650.7858 292.42056 975.6335 422.30545 3 0.35952345 917.0814 327.12213 1022.494 654.17114 3 0.24441066 540.97363 490.3079 575.0868 562.01733 3 0.21065165 57.623672 470.10193 479.3731 656.287 4 0.9210084 765.20575 0.0 996.3437 302.34537 4 0.8150365 659.41064 35.6616 796.7405 291.0067 4 0.78129375 904.93384 17.995712 1024.0 314.8446 4 0.63957864 155.54652 58.534866 445.10016 567.96655 4 0.34686816 552.4527 133.2572 785.9095 399.35913 4 0.32023427 531.93414 35.826508 801.7669 559.38586 4 0.17335303 534.11993 180.61908 944.7244 862.9484 4 0.1236903 896.02234 289.59854 1008.9302 335.68076 4 0.10060913 900.0046 83.88876 977.8171 315.1614 4 0.0986009 860.0566 2.7445374 983.9129 87.09525 4 0.084365964 618.2457 153.9167 754.7816 356.247 4 0.05884441 975.1744 238.61366 1022.56976 313.2217 4 0.057659216 909.03424 280.5984 1022.5506 660.06866 4 0.052649066 901.9132 272.62283 1022.5469 404.36118 5 0.16897427 905.635 34.068344 1024.0 304.39392 5 0.13656756 153.95348 18.323715 524.59015 475.01813 5 0.12037646 764.8277 0.0 995.68304 302.6032 5 0.08511763 920.85614 324.39105 1022.4106 657.23315 5 0.07315208 659.58527 35.11223 796.16705 289.45056 5 0.062227868 530.788 233.77979 947.7751 859.9973 5 0.06140235 905.88727 281.9506 1021.6938 404.75876 5 0.053059254 318.11118 3.787094 515.82574 422.84064 7 0.34196496 907.3374 281.702 1020.55164 395.77878 7 0.11361653 909.03424 280.5984 1022.5506 660.06866 7 0.07701422 904.7183 27.083954 1024.0 307.14697 7 0.07315478 214.43236 15.713882 517.4089 442.59344 ,test/2802.jpg
0 0.4685876 330.7528 219.0459 740.7925 354.50073 0 0.1730225 402.10822 524.5381 446.6281 552.35803 0 0.1024405 388.55518 520.62354 560.69745 562.3264 0 0.08939954 480.02454 517.052 558.4758 564.48413 0 0.061194666 397.12955 516.9302 482.5682 555.6609 1 0.9978423 483.67752 357.75305 649.99695 456.41974 1 0.9175552 301.10406 402.44952 380.831 609.1425 1 0.88698226 395.17743 351.82953 651.6414 533.7663 1 0.86844873 334.9358 235.46172 743.7086 355.27994 1 0.8626484 316.39584 364.33533 634.1079 702.4796 1 0.85010284 382.59384 515.56696 568.2726 619.91473 1 0.79121387 464.69003 370.38272 488.4966 422.26364 1 0.7576523 396.8029 469.6204 576.0145 527.7076 1 0.69038266 291.14456 405.77527 353.7861 490.30646 1 0.6556762 369.2959 414.83282 617.80493 616.60614 1 0.65387386 317.38696 522.05743 562.55927 703.99677 1 0.41143137 369.56323 272.69708 726.7003 593.54395 1 0.40653843 482.68228 372.19397 521.0052 415.87952 1 0.40225863 394.31613 353.76392 480.72244 519.6551 1 0.3995907 568.9017 450.42422 623.05927 553.51764 1 0.39928448 446.87802 369.64493 493.63846 421.59683 1 0.31706282 447.3945 370.26038 471.59933 418.7011 1 0.28344163 387.9728 519.2943 563.5179 562.2538 1 0.23760228 392.3591 430.33655 579.595 543.37134 1 0.21833943 320.99908 416.1845 362.80652 614.0872 1 0.13857213 351.03473 421.22357 391.86816 596.66565 1 0.13633552 288.67715 408.0628 590.6964 532.9962 1 0.13588467 322.41473 463.79483 383.51086 599.02246 1 0.102443725 393.27725 516.6655 490.92764 556.8767 1 0.08944731 321.00412 544.3799 333.76822 648.21924 1 0.08592423 481.32602 375.98462 494.92862 421.24414 1 0.0813926 305.4463 401.21112 530.2046 622.451 1 0.07783987 395.4417 465.34442 473.05835 523.18835 1 0.07696462 480.02454 517.052 558.4758 564.48413 1 0.07688446 345.83316 469.21295 573.9474 565.0999 1 0.067613155 318.56744 487.7831 342.94232 642.8886 1 0.06366434 325.10052 493.03912 353.36676 593.4277 1 0.06271069 411.5646 357.58044 466.99435 482.7636 1 0.05118721 376.4415 329.33896 457.45352 500.3984 ,test/2803.jpg
0 0.25670722 97.92297 528.9228 642.7819 735.5368 1 0.19883572 97.92297 528.9228 642.7819 735.5368 2 0.9219082 95.27612 528.55176 644.6127 732.6913 3 0.07379176 97.895996 528.8528 641.8979 733.7119 ,test/2804.jpg
7 0.9974777 182.4555 177.13678 842.1613 917.94806 7 0.9390378 488.95056 180.85004 857.026 454.91107 7 0.69065756 207.2611 504.1032 313.29083 775.02496 7 0.32756087 189.2934 261.23212 791.6863 636.909 7 0.29634377 361.6009 381.39368 780.93915 902.32324 7 0.0955012 205.65398 471.10477 522.7918 909.6571 7 0.091794446 204.70435 286.46326 579.52045 573.69446 ,test/2805.jpg
0 0.7451849 104.41309 521.42896 267.7363 701.6185 0 0.7288986 111.542366 671.4623 288.2886 817.5856 0 0.6692934 74.66807 521.4232 281.34872 807.5907 0 0.321698 977.22723 669.5257 1024.0 743.32184 0 0.16839352 701.9097 582.9318 790.8565 662.7067 0 0.12596543 467.40265 120.62766 543.1606 198.32727 0 0.078150935 988.7825 822.93164 1024.0 1007.8513 0 0.074893914 692.3368 577.4435 825.03015 700.8937 0 0.056559067 568.8588 579.9904 806.4611 824.1302 0 0.05594817 666.43823 462.7867 686.2949 516.7416 1 0.9972524 735.3699 0.0 1022.1643 160.17288 1 0.99222106 488.05078 0.0 644.5891 182.62624 1 0.9803572 819.70306 460.82294 1024.0 870.53265 1 0.97289014 437.23096 178.3363 678.51855 414.95502 1 0.966771 504.64078 715.2592 745.53 1024.0 1 0.9594908 671.30066 362.6298 809.5051 523.3558 1 0.9590103 266.93018 186.13222 529.388 519.9165 1 0.92340654 883.1195 461.45465 1023.6764 750.34564 1 0.9101187 141.33434 290.79547 307.5407 531.67206 1 0.8599148 843.32465 930.54407 1018.4599 1023.14294 1 0.8374259 696.15497 478.27652 811.48663 586.2584 1 0.8089125 389.10712 512.27765 522.9019 575.9987 1 0.80675215 210.68222 520.9453 581.22363 845.0763 1 0.8048494 384.30432 508.57025 625.9414 602.5295 1 0.79094994 261.61313 699.6678 435.29813 812.2625 1 0.7358221 988.9605 832.24347 1024.0 987.196 1 0.72559494 460.02948 327.4343 701.6689 542.0188 1 0.706161 359.30142 506.23218 408.3043 568.9712 1 0.69983274 772.19824 483.81616 920.6271 648.2251 1 0.69148743 433.17514 0.008911133 507.29977 176.27121 1 0.6744534 258.10834 697.6476 531.6644 864.8063 1 0.6098215 642.0477 278.35974 711.9375 386.28363 1 0.5516393 238.19637 203.04971 702.1772 558.38794 1 0.54695755 511.14883 552.53827 829.20496 1021.2718 1 0.49783385 278.74664 775.18 508.76703 863.06305 1 0.49344116 382.83087 281.28308 705.8587 622.51215 1 0.42664638 882.1989 671.67456 1024.0 848.82434 1 0.40628913 467.40265 120.62766 543.1606 198.32727 1 0.39364445 221.26915 513.7142 429.91937 793.26984 1 0.373979 170.93594 175.56544 392.58774 531.37195 1 0.3473034 264.33417 761.01276 532.3298 925.2747 1 0.33479878 993.3478 896.12885 1024.0 982.8973 1 0.3218141 988.41016 451.0431 1016.95435 520.82874 1 0.30830392 201.44864 290.79514 290.88098 507.78055 1 0.26005593 994.20245 439.80386 1022.76776 637.3047 1 0.25026727 273.82358 790.35815 404.15677 840.38257 1 0.22735348 340.8792 539.435 571.09906 788.6976 1 0.2251087 494.41666 522.1879 610.9406 600.0162 1 0.22239633 976.9239 669.736 1024.0 744.09467 1 0.2223542 340.62827 695.3796 432.5186 800.6619 1 0.21894503 1003.2239 487.23053 1023.9911 617.6485 1 0.21311492 394.4829 414.88617 681.6886 599.92706 1 0.20448051 397.5826 817.26544 505.18637 862.28986 1 0.20047407 624.34814 315.80887 705.97156 392.12173 1 0.19394866 691.44965 479.4342 783.1657 529.6508 1 0.18870147 226.41867 695.3351 764.22876 1023.5458 1 0.17633416 664.51794 439.9973 804.76624 529.78455 1 0.17119364 666.43823 462.7867 686.2949 516.7416 1 0.16453119 216.9196 373.46133 276.6684 443.2762 1 0.15582827 913.9778 466.17386 967.1736 565.1378 1 0.15243797 267.52002 411.87863 456.58093 511.72092 1 0.14144209 354.05426 516.63763 658.6572 664.83734 1 0.13687031 656.0575 447.69495 825.9263 729.40076 1 0.1357717 692.3368 577.4435 825.03015 700.8937 1 0.12405939 297.91644 473.0312 432.02063 545.2376 1 0.116704956 544.9643 478.04907 1024.0 869.15283 1 0.113649316 309.2776 305.05603 708.16876 813.3771 1 0.113354445 773.4864 482.58746 950.3143 770.3111 1 0.10798831 248.53043 481.45016 664.7162 615.17664 1 0.10606658 79.36295 520.8287 281.03418 787.23285 1 0.10114723 525.44543 606.29724 562.92737 764.87805 1 0.100651555 434.5848 377.33704 495.09512 453.7176 1 0.100369535 988.3525 888.6169 1021.95197 946.9886 1 0.10036779 263.06006 184.96997 398.38806 489.5185 1 0.09887614 359.4478 559.75256 593.3795 617.20496 1 0.0953934 111.542366 671.4623 288.2886 817.5856 1 0.093786255 426.55402 727.2304 489.69733 780.73114 1 0.09298115 578.64276 303.4751 710.0485 524.15765 1 0.089603424 117.98285 517.38904 376.7362 748.9645 1 0.08513861 675.0606 405.53864 812.42596 598.8075 1 0.08344863 434.27045 742.7139 475.37433 776.6905 1 0.08014739 478.39774 8.975113 509.08945 146.31369 1 0.07887669 202.19862 519.69946 272.15448 557.1456 1 0.07148887 772.81635 589.0561 795.11554 645.82513 1 0.06657032 709.6219 588.59753 792.0423 664.624 1 0.06604843 650.58905 324.55542 918.4996 761.47595 1 0.0656908 312.03162 472.27667 427.68567 513.108 1 0.063994095 774.93427 588.9721 822.74835 705.6645 1 0.06315162 684.7965 369.5884 768.0011 488.20132 1 0.06203875 226.8418 381.75314 268.79666 422.65952 1 0.055251937 872.97955 632.5563 1021.8825 780.68823 1 0.05297139 625.78986 443.10416 669.9223 586.0107 1 0.050524537 352.3393 571.13684 566.2605 683.21594 2 0.100153856 689.6735 477.71384 810.73737 586.4021 2 0.06257715 666.5399 463.97153 687.2103 516.8477 5 0.4667167 665.0305 142.33212 694.75256 211.17062 5 0.40186083 971.10156 211.36853 1023.4783 260.3245 5 0.103369154 467.40265 120.62766 543.1606 198.32727 6 0.96673954 539.17163 553.85315 826.7428 885.1765 7 0.16830535 353.20752 196.22046 492.67603 313.6298 ,test/2806.jpg
5 0.99985826 343.55725 349.0584 678.17896 597.03 ,test/2807.jpg
0 0.54557186 231.31625 301.82825 833.6626 601.7117 6 0.761808 230.96207 301.86108 834.13806 601.17224 ,test/2808.jpg
0 0.9881231 342.93616 830.3076 577.5335 955.42175 0 0.37181237 405.08624 764.187 589.3417 842.29114 0 0.34431136 192.87347 645.99164 300.84692 694.01337 0 0.19381697 165.41763 261.12753 349.394 475.42465 1 0.06117237 167.29756 262.80295 349.406 475.05356 2 0.9994568 213.75572 235.25668 702.2662 698.0963 7 0.98934084 878.79095 622.3674 1020.99664 917.63824 ,test/2809.jpg
0 0.28110933 280.4123 440.33344 398.53296 622.5257 0 0.18449818 476.79266 445.9105 577.873 640.67206 0 0.109065056 634.8907 659.325 791.99677 805.8814 1 0.89698803 280.62323 440.04736 398.78094 621.9634 1 0.63556004 152.20486 445.99063 405.8818 902.78687 1 0.19371638 174.10306 443.40295 848.6271 884.15625 1 0.118308894 391.55005 456.04742 592.87946 882.84515 1 0.060192436 0.0 91.83826 1015.5841 927.60803 1 0.057308134 306.11127 443.69443 585.2978 631.45544 3 0.9785015 712.2495 348.50793 787.4607 406.51636 3 0.14300038 722.15955 584.77795 802.7622 651.438 3 0.13239112 760.89966 820.5161 820.9033 846.19006 4 0.25487417 794.712 536.4686 831.6213 780.9911 4 0.090548314 802.5573 680.36414 834.1927 772.87354 4 0.079985276 718.21234 582.545 800.2951 660.9323 5 0.9125039 635.26294 659.5133 792.11145 806.17334 5 0.7584128 11.298767 20.83374 674.22943 485.34387 5 0.15226658 476.39 445.80338 578.6461 640.7567 8 0.8679537 722.42664 584.3224 799.9325 653.71484 8 0.661982 793.8555 538.9502 830.75494 784.11475 8 0.50939906 476.3762 446.12195 578.6621 640.7472 ,test/2810.jpg
0 0.24774611 669.74866 605.5413 791.38794 690.35126 0 0.1778008 396.6032 591.5544 563.7605 778.18195 0 0.14607385 450.3291 444.0665 764.8793 579.5722 0 0.09945445 569.3857 569.0072 682.04767 672.97595 0 0.084823176 732.32166 636.4202 814.84973 699.98566 0 0.08473593 453.58243 470.05084 492.87393 578.29364 0 0.083748296 722.9865 685.5531 796.49176 700.1321 0 0.06869224 629.2205 579.21313 825.85675 689.02136 0 0.06767869 484.42114 693.38947 630.3002 810.2487 0 0.058421563 203.1022 513.93286 251.9123 561.3176 0 0.05812418 653.1971 558.6868 704.1425 612.52655 0 0.054234732 737.8917 530.2378 914.32947 689.71094 0 0.052901313 581.5136 618.8951 643.69464 665.1873 1 0.97415775 535.47723 560.2122 836.54364 814.08466 1 0.9109821 734.0023 531.6319 914.6062 687.4736 1 0.8531271 482.70782 691.7226 630.5927 809.24286 1 0.78872293 556.3492 568.86255 833.11285 689.76746 1 0.73122096 394.924 594.40295 634.41376 805.6659 1 0.63470566 654.41034 595.04614 814.439 687.22046 1 0.515993 621.66437 418.33664 733.24054 477.20914 1 0.5012669 558.1556 571.4985 704.67084 679.27716 1 0.3215011 615.37305 562.9205 673.71716 583.65485 1 0.24897598 653.1971 558.6868 704.1425 612.52655 1 0.20445596 626.2506 581.4786 700.20386 605.21747 1 0.18075572 481.8069 728.51917 568.6304 806.8739 1 0.15237534 736.438 633.8089 820.7986 692.1943 1 0.124109015 576.8159 575.36084 680.3982 651.06165 1 0.12305769 617.1288 565.6089 701.85376 616.68787 1 0.11635776 622.8898 609.9929 679.90015 674.9861 1 0.0943629 660.83435 554.4031 705.30994 585.10767 1 0.09350314 694.1031 681.6527 746.03424 698.6725 1 0.07741878 608.9148 560.0328 704.23315 587.186 1 0.07156982 694.52216 682.4335 805.1469 700.83044 1 0.07095606 612.3283 553.42035 741.3254 629.2861 1 0.067467935 692.2216 637.8087 801.74445 694.6317 1 0.06661051 485.70547 733.44086 516.00574 800.8056 1 0.06449794 619.02216 568.3608 692.62604 593.66534 1 0.060379665 579.39026 607.19293 677.0149 665.17303 1 0.058622297 776.8704 594.6992 827.16327 681.395 1 0.056940496 634.57733 570.7517 743.4246 617.0061 3 0.4532556 168.01262 773.18097 217.08904 803.3869 3 0.070752345 455.15442 473.3379 493.17444 578.2366 3 0.054699965 408.3814 368.76392 560.2824 501.2379 5 0.63297445 408.25537 367.60632 560.0431 502.1454 5 0.1591079 405.47754 364.51044 550.8506 410.25372 5 0.13503022 668.75146 552.91125 713.5405 577.03784 5 0.08141552 453.58243 470.05084 492.87393 578.29364 5 0.06262176 585.2003 625.1876 641.0676 664.03015 5 0.056946374 659.3766 548.6252 738.71924 576.6662 5 0.05076063 659.37494 552.4475 705.23737 587.54956 6 0.056756277 397.14102 591.33014 563.44574 777.6661 7 0.9988986 538.06213 940.7169 833.525 1023.8755 7 0.99839157 641.46484 359.48608 870.20105 524.4712 7 0.9978114 174.3332 514.23114 369.5069 664.27325 7 0.9768634 144.8392 401.73605 468.22183 602.1159 7 0.9638986 449.2044 444.65952 769.5966 580.55835 7 0.9563123 100.71043 463.96228 246.39294 585.87317 7 0.60398304 395.24884 592.2473 569.8953 777.67444 7 0.20246074 659.9608 362.41516 746.5675 420.51538 7 0.18198228 581.5136 618.8951 643.69464 665.1873 7 0.17715716 484.42114 693.38947 630.3002 810.2487 7 0.16031054 376.0094 386.70477 848.7809 586.0706 7 0.13534622 569.3857 569.0072 682.04767 672.97595 7 0.069919184 662.8179 553.03503 706.13916 581.4325 7 0.0663368 755.18915 418.566 863.5079 525.54395 7 0.05410722 615.4942 562.82544 673.74115 583.77136 ,test/2811.jpg
0 0.9997801 241.13284 790.43585 441.98764 991.12494 0 0.6859275 290.02408 202.301 969.5482 882.59705 0 0.58645713 442.5714 549.17487 576.23834 664.6463 0 0.29815355 362.78683 394.35486 424.585 450.75165 0 0.069907054 519.9514 558.126 572.0509 665.8467 0 0.054135576 0.014214516 540.60284 29.183079 711.5444 1 0.22624694 443.42725 549.4749 576.9691 665.77423 1 0.124161355 519.9514 558.126 572.0509 665.8467 1 0.0613146 288.20944 194.08902 962.3247 876.42896 1 0.059335098 363.21762 394.05713 421.02774 450.56165 3 0.25248575 71.083176 8.28157 335.24835 355.81287 3 0.11469538 288.20944 194.08902 962.3247 876.42896 5 0.87015575 71.03073 7.6867676 334.4573 356.50272 5 0.6132444 0.0 831.39026 54.447727 1023.18274 5 0.09054972 283.0163 189.92636 960.5041 878.89294 6 0.23226559 452.0067 498.0466 517.20557 572.76227 7 0.8773094 0.32742882 539.1741 33.051956 716.8805 7 0.53128403 442.71533 549.34064 576.4544 664.39557 7 0.41685817 0.11437607 656.41974 26.06537 720.78534 7 0.1433454 15.729534 662.4919 32.710457 706.4217 7 0.089119345 12.947701 566.671 37.826935 710.7633 ,test/2812.jpg
0 0.053365923 140.65787 369.0926 882.08826 929.83624 3 0.67147136 138.01685 371.30774 882.7522 927.2239 5 0.6154811 136.93591 368.93384 881.0886 929.09143 ,test/2813.jpg
0 0.54763067 447.20642 274.7281 530.9673 358.1792 0 0.45272785 525.459 336.74307 605.4989 382.81827 0 0.36605564 515.4179 299.42917 606.5418 387.52255 0 0.19509947 553.80176 341.76212 599.8319 378.82224 0 0.17177701 515.5502 357.7451 597.0553 380.79373 0 0.13135362 478.58292 238.8092 503.02444 277.42004 0 0.101267405 506.142 331.16278 538.0174 359.971 1 0.11096565 526.9053 299.50836 604.85254 388.0921 1 0.07861006 447.9824 273.19168 515.98334 349.94705 2 0.21888784 447.94916 274.3576 520.94885 351.85883 2 0.053324196 524.0311 343.25876 605.5879 381.7819 3 0.21155117 522.6048 344.2673 604.9112 381.3923 3 0.11977199 516.4583 358.32877 591.3909 381.27347 3 0.0845879 447.20642 274.7281 530.9673 358.1792 3 0.06662148 555.00665 339.7356 594.19244 380.5404 5 0.103476204 510.61984 360.2812 596.9505 377.38214 5 0.06863044 515.2315 351.6772 598.7995 384.91437 7 0.99913067 249.31442 284.09705 617.985 684.5825 7 0.99677014 558.54224 332.9995 794.8506 567.89935 7 0.19858636 520.84735 338.94208 614.8554 555.97925 7 0.06514392 401.05765 279.00534 619.2983 551.25964 7 0.06303866 444.48413 289.9425 539.0352 356.8199 7 0.053866625 271.64844 281.46387 530.83734 484.09393 7 0.0535198 506.142 331.16278 538.0174 359.971 7 0.052670002 672.25964 340.85327 703.04004 365.46222 ,test/2814.jpg
0 0.23312078 122.99695 371.32004 736.9322 770.9995 0 0.12027268 519.0431 311.31497 873.83984 487.88425 1 0.93692017 516.17444 309.1875 880.3048 661.9106 1 0.85582715 116.99896 346.20816 861.8594 773.9447 1 0.49789625 519.0431 311.31497 873.83984 487.88425 1 0.058650825 604.704 429.25763 805.73376 585.33264 7 0.5202192 121.56073 371.2943 739.0869 770.87427 ,test/2815.jpg
0 0.25647512 411.13486 509.1337 448.4241 642.10315 0 0.087862715 405.24014 493.68716 666.78455 597.83594 0 0.0721141 413.04065 554.29944 451.4433 616.00256 0 0.0678412 406.20496 517.96136 535.14404 632.90314 0 0.05717447 416.79202 509.29828 595.1959 569.9797 0 0.0535827 408.93484 510.82483 447.88895 577.56213 1 0.23170505 440.68866 452.53577 504.9989 493.41425 1 0.14946504 437.25436 438.9917 577.05084 520.2566 1 0.10061311 437.8059 441.8482 521.851 507.2196 1 0.07756269 416.79202 509.29828 595.1959 569.9797 5 0.4284799 434.77533 440.3099 633.9382 524.8207 5 0.21373452 416.79202 509.29828 595.1959 569.9797 5 0.21216723 408.67065 491.0649 666.38257 601.43134 5 0.09081701 437.82285 441.52377 529.1204 509.48392 5 0.057302132 757.1882 455.90067 895.55426 496.6578 9 0.10270337 405.24014 493.68716 666.78455 597.83594 ,test/2816.jpg
0 0.9588985 888.98706 0.0 1020.13745 589.0404 0 0.7098994 551.7888 667.43134 605.9436 732.9307 0 0.47684124 546.66 675.4664 790.33026 745.98016 0 0.468152 235.0737 576.25665 351.0446 617.64264 0 0.27250803 592.9941 701.0857 758.6242 750.5282 0 0.21186042 438.11447 462.3261 507.82663 486.51184 0 0.20755233 575.9405 687.42786 859.86847 765.15466 0 0.1269652 0.48807907 610.79535 57.982586 850.2585 0 0.10927668 407.53174 533.7103 520.89264 544.6267 0 0.0939529 622.0708 408.55096 654.0161 438.5572 0 0.07377748 598.0161 610.6165 806.83496 757.5096 0 0.06373762 236.87932 596.204 349.31506 615.89526 0 0.06274345 471.91885 780.4639 579.7057 846.2432 0 0.061295822 718.14545 602.07495 778.4151 637.29834 0 0.0589452 172.88544 561.055 356.5868 619.20905 1 0.9888691 556.02515 258.33087 737.58875 414.6908 1 0.982131 398.84235 482.0733 524.2269 541.04156 1 0.97610587 531.48206 363.55396 586.2539 447.80182 1 0.9723371 73.05998 409.48566 571.08105 887.2609 1 0.9615812 160.81343 379.5196 337.43073 540.0949 1 0.91637564 819.19916 495.79114 870.7193 658.0575 1 0.9036469 560.65533 296.32037 964.0179 770.52545 1 0.85477763 558.6936 383.7126 650.11584 596.5446 1 0.85188425 1.0431938 604.4199 57.669006 850.2888 1 0.8388096 267.98322 178.45454 377.85754 372.0912 1 0.8297647 394.28952 386.08548 521.4665 491.78036 1 0.8235985 723.6728 320.53906 852.82965 357.7926 1 0.77406436 270.03555 170.71648 401.7946 532.2583 1 0.74698204 300.173 389.56165 352.2612 536.93695 1 0.73693407 476.9909 781.9858 575.40497 840.6624 1 0.72621334 815.47845 608.06665 861.18304 654.43115 1 0.6993172 791.1171 571.5559 826.69806 647.4254 1 0.6462096 616.16705 360.0633 924.73456 637.1376 1 0.6108535 716.5147 602.1745 788.73517 638.88983 1 0.60218334 46.820053 568.3695 205.27673 820.42175 1 0.54856604 199.25426 333.9702 406.48615 531.4668 1 0.5079593 766.693 606.996 792.67993 639.3623 1 0.49948043 754.4811 561.07605 824.07654 648.5635 1 0.4818202 815.98346 608.6713 838.5053 651.3901 1 0.4149621 822.7741 334.56656 950.90424 462.1097 1 0.4097293 340.8337 323.2566 396.34128 544.1683 1 0.39015728 576.5252 461.1793 887.5733 774.8573 1 0.3637697 373.9626 366.6911 530.2257 538.7363 1 0.34196508 900.74365 342.3102 952.7804 451.95694 1 0.3369739 160.09596 413.63617 248.42784 538.0059 1 0.32652083 552.4489 266.76895 920.8327 441.64084 1 0.32377848 622.1438 409.15186 653.8557 438.24487 1 0.30646887 304.66547 382.1624 347.00604 410.8111 1 0.30181012 290.7963 357.15222 385.61594 539.55884 1 0.29220182 397.8144 400.81653 520.2865 428.28442 1 0.29006693 233.47006 357.15546 352.85294 523.70166 1 0.28016266 533.2227 353.92682 582.75543 580.66626 1 0.26017025 754.1969 577.6469 800.26074 616.02094 1 0.25786558 366.9161 346.33838 400.0414 505.08173 1 0.21740553 209.34601 343.0756 338.24823 436.9938 1 0.21340112 794.74963 568.6619 860.5653 654.1541 1 0.20938516 827.53107 378.56686 909.23065 647.43115 1 0.20847794 818.26636 346.50555 956.7041 665.6716 1 0.20670304 551.92584 667.36444 605.89545 733.0278 1 0.20369689 572.4244 639.6277 889.33636 776.3655 1 0.20351839 289.52417 366.68643 348.31952 413.76627 1 0.19854239 838.7043 609.01636 860.6491 651.9773 1 0.18789111 134.25194 358.32886 409.83008 605.5759 1 0.17381917 823.3965 554.3416 860.9425 626.25104 1 0.16024995 0.10806942 575.51685 21.167068 642.1273 1 0.15732399 725.24915 573.5039 855.82117 651.6841 1 0.14926875 551.7052 277.0376 762.35156 554.12604 1 0.13056469 396.04395 382.45175 560.9445 844.11194 1 0.12868403 717.0769 326.74026 945.385 445.91452 1 0.12033588 434.14087 463.37808 511.5855 487.2137 1 0.11884002 482.76648 684.17865 581.7804 849.41925 1 0.11423336 751.56146 583.9089 798.1867 638.4904 1 0.11129998 732.70044 334.50397 799.3624 352.5614 1 0.11101639 355.26035 190.13615 406.99857 518.99133 1 0.10829036 0.24604988 620.76904 20.272161 682.8546 1 0.10420459 717.81946 340.8408 845.46545 364.96793 1 0.103314646 721.7649 342.98584 792.61316 359.00488 1 0.10037211 597.5894 392.92667 792.21893 648.9501 1 0.093630426 135.95743 361.4486 518.8269 725.2079 1 0.084123276 738.2396 335.264 898.2479 367.42838 1 0.072796814 216.99571 411.24783 307.8758 536.1914 1 0.07080083 171.58797 496.73572 244.58101 540.2135 1 0.068594225 754.339 558.0245 826.057 595.25116 1 0.06787138 878.86536 371.17572 963.3021 664.77826 1 0.062916435 468.38983 368.86093 580.01227 857.6919 1 0.061963115 513.53284 372.55292 567.23083 851.1569 1 0.06195351 320.90918 361.0762 348.25543 411.08054 1 0.060480546 179.38754 420.30847 237.82034 496.24377 1 0.059770487 230.69127 567.8107 351.67285 618.2576 1 0.055739652 790.3632 340.49918 919.893 381.49075 1 0.052974515 743.67676 346.53555 827.93726 364.0798 1 0.052365124 541.1434 341.25775 614.0057 581.1367 2 0.06331877 716.5147 602.1745 788.73517 638.88983 5 0.16781957 717.49194 602.29596 781.6682 637.6329 6 0.07328362 398.1266 482.21564 524.0315 540.5772 7 0.9971614 629.0818 470.81543 759.0128 622.485 7 0.7421005 451.48682 461.93646 505.41296 485.9225 7 0.34955513 718.6412 602.1691 777.627 637.1425 7 0.3373907 623.3747 408.68304 653.8486 438.5711 7 0.30873415 0.273304 611.47705 58.10063 850.2854 ,test/2817.jpg
0 0.9997316 20.521912 182.00009 926.35205 610.8179 ,test/2818.jpg
0 0.1655371 731.1036 450.54156 818.2286 658.6015 0 0.09705723 709.719 426.77408 775.05664 669.04114 0 0.081290886 728.36804 471.27917 779.1019 638.8439 0 0.076454386 649.49835 424.34152 819.6751 733.2361 1 0.8505425 378.42447 350.28687 783.6019 744.6703 1 0.2125861 624.26196 415.9776 804.8661 742.24274 1 0.18104109 731.30585 451.0677 817.48334 657.41876 2 0.76635957 383.97034 349.36377 711.272 745.7969 5 0.05559801 621.34314 412.94666 777.8165 745.9166 ,test/2819.jpg
0 0.13850144 658.6771 354.2129 897.90356 612.5094 0 0.09488235 823.46655 228.56213 1022.74255 904.4375 0 0.08372573 825.1285 453.11465 911.382 601.5996 0 0.06335972 364.6477 902.2742 408.48993 973.3988 1 0.92931104 472.61102 502.4846 602.6851 596.5293 1 0.13328332 820.1502 230.73697 1024.0 795.818 1 0.06395914 297.69983 568.2165 330.69568 690.435 1 0.054213073 466.9826 483.24393 907.86786 608.30585 3 0.41313642 826.3499 235.42229 1024.0 623.8442 4 0.057389803 826.24 235.54015 1024.0 622.82874 5 0.15153733 826.50287 235.85603 1024.0 623.64764 5 0.055213887 621.85236 652.9096 1020.003 887.0085 7 0.9823782 315.01453 491.1964 442.7776 754.515 7 0.78934944 409.5775 565.63293 685.2047 926.5814 7 0.42686543 304.5147 689.82806 442.72247 904.9887 7 0.31477156 350.03537 544.72034 404.30466 586.4657 7 0.3143205 630.17706 649.4977 741.10284 874.4259 7 0.1460305 392.9872 498.69745 440.66202 591.87067 7 0.1430019 392.49777 542.91473 412.86136 577.7358 7 0.06379798 401.19034 785.2137 485.2148 931.13385 7 0.06226627 301.58426 498.89795 459.38992 906.6509 7 0.058963545 399.16907 505.62354 425.39154 577.9182 ,test/2820.jpg
0 0.80706686 686.19934 612.9568 710.1615 678.6803 0 0.38073176 660.969 809.74805 747.5316 894.35986 0 0.22103174 546.14386 852.8269 598.12933 909.2184 0 0.18033226 708.13293 586.7211 736.80896 630.05914 0 0.16347964 685.8946 579.6565 734.9764 680.7765 0 0.14259246 547.75586 874.6985 590.10596 909.208 0 0.065017916 547.4875 779.95166 598.6506 910.03296 1 0.9737254 158.05573 391.2238 285.20264 576.43115 1 0.96272326 234.70157 329.77344 813.46216 929.2583 1 0.94760597 146.74295 141.45532 836.52576 509.61108 1 0.9414789 574.50323 561.3548 812.15985 987.4246 1 0.9409727 724.4781 591.3757 788.3001 649.04425 1 0.8336753 354.7492 507.5404 716.2935 903.97217 1 0.7598325 242.01656 339.3822 610.08813 733.87085 1 0.5955687 243.96371 411.56482 280.25363 574.2107 1 0.47081307 661.0707 809.10297 747.1481 894.32635 1 0.4085153 677.19165 571.87396 735.48425 619.95856 1 0.3456938 311.07825 121.64145 382.18378 147.59415 1 0.34375024 565.5345 750.56195 667.8389 860.2918 1 0.31088713 271.2265 374.6574 286.48492 473.90015 1 0.30563954 558.9148 753.7395 747.4021 902.1344 1 0.15775755 163.49164 329.32788 362.66602 735.2991 1 0.11974473 225.22331 379.3716 291.73444 573.5092 1 0.09835668 487.89767 384.1747 603.91974 462.32242 1 0.095999196 586.8349 640.40906 781.2907 865.59485 1 0.088654794 684.2186 578.80414 790.46594 662.957 1 0.07047868 684.11884 526.6059 718.4633 684.06366 1 0.06752713 314.82495 468.84906 696.08246 728.5511 1 0.064026244 136.53766 137.43367 488.07788 379.40326 1 0.062017705 610.3734 800.36676 754.67346 909.7292 1 0.05831572 682.2169 497.19778 707.67896 578.1503 6 0.086007096 565.8471 753.22064 668.6683 858.39923 ,test/2821.jpg
0 0.15866259 206.5877 135.57718 749.87195 826.9562 3 0.9131673 207.90884 135.16586 749.3917 826.7306 3 0.58438045 423.08948 372.49463 669.183 578.0101 5 0.35623762 208.89206 136.02249 749.30774 839.62134 ,test/2822.jpg
0 0.532081 353.93896 411.89166 640.93146 645.9218 1 0.41023704 353.56555 413.80408 640.32294 645.3192 2 0.2524803 354.13843 412.28143 640.34924 645.91156 7 0.4482954 354.77386 413.1285 641.8014 646.2076 ,test/2823.jpg
0 0.99887675 324.06512 386.52765 652.60986 578.4412 ,test/2824.jpg
0 0.16525227 226.17102 917.9362 262.77792 957.9875 0 0.115030155 239.30272 805.91815 254.63927 847.5612 0 0.068614915 480.7629 375.57767 692.37134 491.63937 0 0.054315876 399.3014 161.2436 881.0808 578.87885 0 0.052218217 223.28403 635.26575 389.15457 717.5365 1 0.9847282 211.58382 633.4516 462.63562 968.49066 1 0.92235655 345.6882 541.8687 1019.473 761.5274 1 0.90156144 398.19974 159.36293 880.7272 578.42285 1 0.7809078 854.207 527.9256 1017.4632 680.22833 1 0.7728401 219.12775 651.9534 285.53067 775.0556 1 0.555527 318.0602 541.82074 1003.2772 637.2392 1 0.47324157 203.8465 609.22986 440.38983 782.5482 1 0.42391098 777.9789 518.66046 1010.5222 760.1182 1 0.4030855 239.0922 655.4029 381.54697 703.09625 1 0.35814407 209.72464 642.8218 395.25626 725.0338 1 0.34600112 384.11703 647.82666 432.71268 788.49695 1 0.3321881 293.3495 476.42725 418.0097 577.4011 1 0.25365236 194.91937 660.78613 329.18365 773.1532 1 0.24003144 214.30225 616.27563 258.9019 668.7395 1 0.15765008 796.46606 137.1099 1022.7683 698.453 1 0.11758399 375.4005 674.4212 996.5044 780.04584 1 0.109421946 213.77481 609.1528 414.8027 706.5982 1 0.10399403 283.35327 486.11362 879.07275 592.2592 1 0.10064173 295.27872 543.3093 438.16562 615.6792 1 0.091630645 310.83643 569.0679 409.47797 616.6986 1 0.09009817 231.78128 623.4324 262.17032 670.27075 1 0.088273376 853.7779 317.1015 1023.9023 609.39246 1 0.07914861 223.9385 649.642 288.54288 715.8514 1 0.07692084 279.5244 657.6262 378.5221 679.1764 1 0.06475486 943.6264 562.4836 1023.1862 692.6535 1 0.064532295 397.48962 611.67865 934.47266 748.7099 1 0.061708104 217.8273 558.4278 455.9313 622.87006 1 0.05853289 197.05463 536.85754 1022.79364 955.06836 1 0.051718622 223.18886 676.69275 285.52505 739.54834 1 0.05013288 218.3052 648.5343 372.679 808.1321 5 0.4919812 211.45334 608.09656 423.92422 698.8364 5 0.23870575 276.25748 655.68896 380.85428 703.19556 5 0.088214315 279.89682 657.1858 378.28275 678.12634 5 0.08006439 223.28403 635.26575 389.15457 717.5365 5 0.055997264 255.69931 613.09143 389.25034 682.85486 6 0.7666664 402.69565 164.83215 878.11926 576.1415 7 0.10508595 239.30272 805.91815 254.63927 847.5612 7 0.0898633 0.0 528.63574 189.44855 964.8013 7 0.05919388 213.45456 607.52136 417.78946 713.0653 ,test/2825.jpg
7 0.99991286 282.51752 256.9689 850.20465 628.0668 7 0.9990018 334.12006 0.0 764.43744 331.5655 7 0.98142195 0.76734924 14.310822 411.79028 520.287 7 0.97726476 163.28851 0.0 379.34912 130.82582 7 0.9491927 261.3635 89.196144 501.99673 300.97678 7 0.30398986 0.9771881 15.511215 299.23944 326.61353 7 0.28876594 24.106781 0.04597473 541.0763 306.6654 7 0.17552221 445.31857 1.5177627 513.55853 15.113573 7 0.1746941 163.64714 2.0863724 436.71967 217.21652 7 0.13525707 285.67484 113.47032 381.21536 209.06471 7 0.1065692 20.724487 4.1168137 509.13293 158.24484 7 0.10424321 249.918 32.337997 386.0009 206.45924 7 0.09932616 343.89944 0.0 595.5665 159.57245 7 0.095800824 348.33398 1.2266426 521.6148 91.19823 7 0.08582757 349.90125 0.0 439.88733 84.13005 7 0.072292835 328.0883 17.250763 558.7825 285.7205 ,test/2826.jpg
1 0.77351844 0.0 113.61987 1000.79395 963.6875 1 0.07512391 14.0271 0.0 600.2247 206.1302 7 0.32498655 0.0 110.53525 1002.74146 962.5414 ,test/2827.jpg
3 0.06286725 174.85544 513.83386 864.52905 814.4176 5 0.9688324 167.68674 236.9888 855.0636 796.9546 5 0.087061785 190.46738 495.33826 859.83167 820.91956 7 0.05930795 170.36038 239.64592 849.353 751.1021 ,test/2828.jpg
2 0.9999019 402.591 435.278 615.8112 593.9709 ,test/2829.jpg
0 0.7521206 494.04532 91.520546 630.16315 220.68112 0 0.089149274 394.08682 113.68027 641.3179 701.97095 1 0.086741894 394.4731 126.7276 642.0663 698.7858 2 0.05746386 394.51736 117.04895 640.6439 701.7498 5 0.07571942 395.25793 107.408905 639.8618 704.0419 7 0.91276073 394.54266 116.55789 640.3847 702.22473 7 0.18072201 493.68048 89.93381 630.3245 220.20047 ,test/2830.jpg
5 0.10659334 207.14323 187.42606 265.83478 300.33765 7 0.999813 158.60498 122.91504 699.7198 675.5327 7 0.9995009 609.56824 419.27487 871.51404 997.5348 7 0.08043782 219.57826 228.30067 250.57133 280.64948 7 0.059489932 148.13576 299.71915 217.80565 442.64926 ,test/2831.jpg
0 0.7111929 108.88339 788.24536 129.06958 875.3115 0 0.3612637 436.99594 177.24649 896.20544 630.55774 0 0.21936011 105.173805 786.87085 117.60407 876.3202 0 0.20227563 589.1883 582.08 713.38885 661.2376 0 0.184536 105.99434 784.45886 145.14546 878.40796 0 0.067596234 110.17338 761.7964 248.62488 800.2344 0 0.06062717 261.79486 853.7145 295.51538 904.87744 0 0.055127133 488.69214 152.04175 909.91956 996.5353 0 0.05363186 67.87954 792.69836 129.41109 879.5858 1 0.9444207 110.72373 762.5289 261.1906 891.1829 1 0.6771399 0.30319977 832.18054 248.6695 946.56226 1 0.6520581 0.0 854.8658 302.12244 1024.0 1 0.5541812 0.0 716.7726 297.08826 1003.9636 1 0.36265007 254.89166 852.6521 295.6269 906.6044 1 0.34878445 7.024544 865.45447 180.65134 945.504 1 0.33628336 68.17346 792.0096 125.64833 879.14166 1 0.33247283 589.1883 582.08 713.38885 661.2376 1 0.2936799 111.17705 830.09424 243.16985 923.1687 1 0.23843113 106.85272 784.26624 144.83174 880.38464 1 0.1362254 110.17338 761.7964 248.62488 800.2344 1 0.07767237 0.008113861 872.7794 119.91704 922.21985 1 0.056042757 111.39739 704.1076 299.919 929.0434 2 0.9818487 122.55109 440.62378 301.00708 695.4181 2 0.965124 750.8541 418.01273 898.67664 635.1305 2 0.50283855 404.27515 436.32523 568.721 653.7275 3 0.13464268 488.69214 152.04175 909.91956 996.5353 3 0.13119943 434.52643 188.25961 901.34467 626.2042 3 0.06589987 404.6493 434.9264 569.7449 659.84827 5 0.90359956 405.0809 434.41806 569.3756 660.65894 5 0.21764268 116.19222 109.741974 302.44656 704.7334 5 0.19269918 751.6308 418.1996 898.4653 635.1526 5 0.18403655 122.625015 442.08813 301.45258 694.5867 5 0.07547433 400.29178 421.26056 886.8235 658.2203 5 0.061205514 537.9359 203.99384 778.78503 641.0279 5 0.056082632 399.58435 200.1388 560.8689 657.4049 6 0.2146119 3.1433868 904.654 292.95642 1022.6314 ,test/2832.jpg
0 0.8662819 178.09541 578.65686 683.06274 742.07544 1 0.22598691 179.41281 578.82385 681.3579 740.6792 3 0.6880058 284.25275 269.63144 662.1639 539.1467 5 0.636252 279.81293 272.40588 666.4181 538.1485 ,test/2833.jpg
5 0.9999615 395.61948 286.56363 680.2627 731.90845 ,test/2834.jpg
0 0.14927414 489.4624 440.65158 618.437 520.6275 0 0.08213078 238.85318 575.7472 341.95493 682.28955 0 0.060117736 218.16214 316.80975 494.19034 394.1775 1 0.2656787 497.03607 441.8171 619.3305 507.41312 1 0.06359034 574.7953 484.42896 736.9236 604.32837 1 0.053907197 216.702 324.7169 733.65295 614.46484 2 0.14747202 574.7953 484.42896 736.9236 604.32837 5 0.15810414 490.77884 402.2593 736.23175 510.15768 5 0.07410103 213.11865 343.06653 728.8692 568.39465 5 0.051750284 352.22363 413.0553 812.41956 860.4845 7 0.97722936 211.18835 323.42874 804.0346 863.1022 7 0.48954087 213.90854 321.4234 730.58594 611.745 7 0.25210723 213.01624 519.1019 557.21814 850.27185 7 0.14553371 472.4617 435.79688 814.39355 843.77576 7 0.08082807 309.7456 514.03723 449.42804 611.71533 7 0.061026156 336.67133 513.3846 479.594 657.5263 ,test/2835.jpg
0 0.9991184 609.9512 302.48334 792.21704 681.20337 1 0.85257256 243.78593 0.0 347.18555 202.57173 1 0.7532639 513.2289 462.27655 551.7311 514.13104 1 0.23641817 532.0801 429.46323 585.4591 477.4598 1 0.1882303 536.2759 266.3413 605.3937 482.5771 1 0.1257004 542.8327 278.0442 587.0306 440.2213 1 0.11385622 572.67786 278.42685 593.11755 326.76157 1 0.07214054 513.4965 436.75406 570.37775 514.0285 1 0.06564229 510.13522 430.56537 544.0088 522.0726 1 0.05426577 243.37099 0.0 296.06696 209.8469 1 0.05312332 532.7891 433.90216 563.8857 474.93262 7 0.9998287 389.60345 516.21027 779.488 1006.40436 7 0.99867105 176.34167 35.669617 594.331 872.5216 7 0.980449 597.67645 147.54211 760.2797 392.9795 7 0.94358134 301.8706 0.0 725.73315 309.20636 7 0.286687 275.40985 0.0 751.1724 616.993 7 0.22234103 325.98404 1.0263405 403.95114 112.98093 7 0.16870065 595.5154 110.63556 786.3677 708.8268 7 0.14050497 543.4815 58.079437 759.887 491.80228 7 0.09133579 307.3798 63.90451 592.39136 494.62912 7 0.07376196 574.6206 17.937073 728.74475 329.9681 7 0.06343454 462.94257 2.4751282 719.7498 449.18634 7 0.058521483 310.59668 0.08657837 347.49756 69.868256 ,test/2836.jpg
0 0.16792358 823.86676 322.1115 1019.70135 357.7602 0 0.11925816 972.20856 264.22186 1024.0 298.03522 0 0.103997156 954.81146 508.4842 1020.9931 993.4379 0 0.102745414 369.46338 337.69208 537.3491 591.7207 0 0.09138122 186.7756 419.20605 321.20892 554.1623 0 0.056687362 818.85547 301.03036 1021.4679 426.41196 1 0.9968368 69.4485 423.74677 436.02777 743.8194 1 0.989254 146.14902 635.12695 659.7123 982.56775 1 0.92824185 907.16895 394.31198 1024.0 600.3056 1 0.80394554 501.33746 616.8064 549.5069 687.2728 1 0.7959217 832.0052 348.78482 1023.9748 1024.0 1 0.6634281 230.61679 731.64984 744.5292 1017.54803 1 0.5454092 483.07114 591.6577 507.6866 643.6555 1 0.51339287 74.89134 691.31384 267.38745 877.95166 1 0.5044622 818.5271 300.2787 1021.92346 431.8045 1 0.4715732 164.34074 841.3763 658.8089 1020.07074 1 0.45635775 424.77362 582.96155 505.25555 640.7102 1 0.38056484 876.36176 596.8144 978.081 714.9827 1 0.37472638 871.6886 404.61676 1018.8236 790.99835 1 0.29819304 422.76584 580.22217 551.8467 689.41187 1 0.22523636 491.7831 592.13477 514.8824 642.3873 1 0.21970704 865.78577 589.26965 1014.53186 1001.7838 1 0.21563835 81.90976 685.41235 184.34637 742.6887 1 0.19364505 458.39575 586.83887 511.5099 644.82227 1 0.18972392 930.944 459.25107 1023.9236 1005.25476 1 0.1786016 76.75025 738.2984 309.22867 986.7775 1 0.17120925 835.82166 305.92935 1020.00696 648.16736 1 0.13320431 51.235107 461.5279 664.4476 933.88763 1 0.12918308 203.08768 609.9911 1024.0 1001.72046 1 0.09980829 81.40683 790.9571 563.49194 984.7818 1 0.09457492 483.51642 567.43616 531.86487 639.8412 1 0.084780805 494.491 563.2394 549.76654 692.61084 1 0.08008869 905.4174 412.70148 941.1568 436.09595 1 0.068855315 827.67737 307.56274 1020.41846 356.13458 1 0.06325408 455.7404 359.33484 978.52295 809.8512 1 0.059725277 370.62427 632.8038 725.01465 971.9942 1 0.05752335 579.1681 636.4753 1024.0 1023.7098 2 0.8486256 187.54169 412.4659 321.22018 554.8413 2 0.129587 502.16397 617.5312 549.26685 684.7037 2 0.08672049 187.95224 402.28217 317.88968 467.03302 5 0.1540036 972.20856 264.22186 1024.0 298.03522 5 0.07824749 369.46338 337.69208 537.3491 591.7207 5 0.061667044 431.43332 473.9331 540.7284 588.6334 6 0.12645572 818.57385 300.3149 1021.6846 431.05392 7 0.9990251 517.6442 359.4837 928.6773 824.2 7 0.9889487 368.3187 337.6048 536.37415 595.471 7 0.982904 832.2017 914.4891 1020.16656 1024.0 7 0.9769766 922.8752 382.53192 1023.26117 461.31598 7 0.19355004 991.04236 919.54224 1023.83704 1015.0089 7 0.16523248 1006.5756 920.39233 1022.5101 1023.9232 7 0.13111216 912.6115 420.9101 966.6364 446.2519 7 0.109460086 905.4174 412.70148 941.1568 436.09595 7 0.071047425 858.0505 400.4284 925.7668 706.0588 7 0.070741706 886.846 410.51654 962.523 444.44122 9 0.07371071 945.7325 524.0733 1023.71234 944.08417 ,test/2837.jpg
3 0.38453388 728.22437 675.1057 905.6721 809.31445 5 0.99507964 155.58977 251.71632 301.3037 354.4352 5 0.8184361 728.03735 674.9207 905.33374 809.5933 ,test/2838.jpg
0 0.21029723 295.81195 940.7955 387.44183 1021.5942 0 0.17737316 323.932 247.7586 446.0666 301.16986 0 0.12033415 788.3832 948.0358 940.28455 1023.7287 0 0.07902195 210.22821 587.1773 1024.0 1021.67365 0 0.07406342 214.62831 295.65173 524.5805 863.82275 0 0.07329078 353.65753 151.0797 398.45258 227.34428 0 0.055111896 249.63025 751.92126 865.7383 1022.6377 0 0.055068564 640.8067 745.4993 755.5236 858.75934 0 0.053506874 338.54385 149.70218 460.2534 251.12112 0 0.053071328 446.79797 266.4257 765.31775 414.63522 1 0.5114119 551.8876 259.3291 755.0598 403.05975 1 0.48852855 648.8169 322.70404 744.49536 400.63843 1 0.090988725 383.96802 269.6383 746.3988 407.66064 1 0.089389816 51.732346 153.47472 309.14 406.09338 1 0.08169471 551.7571 272.75897 716.7444 352.3601 1 0.07323849 464.3925 286.5955 662.6653 397.71323 2 0.07263461 451.0746 296.24466 666.8933 403.915 2 0.051407475 446.79797 266.4257 765.31775 414.63522 4 0.9343681 361.56116 115.644936 662.21375 275.68518 4 0.5177114 365.30887 120.14238 554.1525 239.31477 4 0.27345785 386.1534 646.64966 520.8263 854.1975 4 0.16030085 606.04926 526.81116 817.9466 762.8733 4 0.101995416 338.54385 149.70218 460.2534 251.12112 4 0.069366336 477.76987 33.319992 656.9928 283.20483 4 0.068090856 330.67627 165.24646 558.3794 265.00662 4 0.05047667 271.08813 289.17203 521.12634 868.63464 5 0.9964227 200.73456 969.4739 391.22217 1023.79626 5 0.60223097 266.1763 942.60175 388.68826 1022.768 5 0.31634694 291.79843 802.8037 427.2454 878.881 5 0.20260364 151.8404 342.7402 525.9638 872.23694 5 0.106253445 551.8876 259.3291 755.0598 403.05975 5 0.08369946 377.4363 103.71285 661.5239 279.7559 5 0.08342038 159.357 218.00513 864.9224 909.9004 5 0.07608328 315.45312 262.94113 682.4439 843.2738 5 0.06935619 352.32147 160.54362 456.91058 249.17543 5 0.061297487 394.5865 267.07587 754.68317 415.90686 5 0.06028744 322.27658 248.23842 446.23672 301.24203 6 0.4738306 322.68613 248.12503 446.3857 301.1747 6 0.050195117 143.38846 486.27826 881.6228 1011.3923 7 0.96979517 44.543167 80.51012 364.13116 409.64453 7 0.9666119 514.63245 0.0 1024.0 585.6608 7 0.9542454 739.65607 555.642 1024.0 1023.9345 7 0.91985667 28.400055 247.83295 1002.75354 1022.45966 7 0.7964479 249.5817 751.20233 858.985 1020.9073 7 0.6640561 199.0008 560.09827 1019.6799 1021.5581 7 0.5633046 189.74515 261.9758 814.334 831.75586 7 0.4465522 124.74702 87.767624 361.10617 309.14276 7 0.43930665 497.8877 338.75543 966.33167 766.717 7 0.4010582 12.220886 321.2402 529.1727 1005.0166 7 0.37017632 439.73312 1.204483 980.931 297.05145 7 0.2805832 322.24115 247.75165 446.30176 301.19092 7 0.1750956 90.61926 20.322006 914.87244 386.98834 7 0.15619382 214.62831 295.65173 524.5805 863.82275 7 0.10488141 463.43738 8.738235 714.75867 282.77905 7 0.09531071 794.85974 944.5899 937.4269 1023.826 7 0.07999152 345.46857 268.6016 741.1945 421.76462 7 0.067834 709.9592 342.9297 1021.9237 553.2722 7 0.057047803 623.4274 746.9938 880.47687 1014.6074 ,test/2839.jpg
1 0.19705655 663.9386 414.01892 1015.0604 864.4125 4 0.8866625 472.4163 513.79456 523.67096 598.312 4 0.85582435 388.01752 436.6369 450.7426 499.2163 4 0.72604984 288.65964 534.16724 373.3292 593.3025 4 0.6540196 519.07263 531.8241 582.27014 614.0477 4 0.61292744 354.60178 490.4526 411.92337 557.385 4 0.5486706 584.0482 490.33478 690.22314 575.41925 4 0.51383233 292.0007 464.99567 417.78036 576.87823 4 0.5136118 502.74915 381.8126 556.3175 470.80704 4 0.51289517 567.127 545.23755 629.17365 631.8457 4 0.3668035 510.60294 321.46198 560.1525 412.38904 4 0.3391398 286.6098 533.7349 425.62762 607.4328 4 0.33499432 485.8307 447.06686 542.7654 534.7944 4 0.31405988 512.15356 545.6742 680.1991 657.1614 4 0.29342237 469.12082 477.8941 526.1689 641.7602 4 0.27786687 303.36646 469.1626 384.84967 554.7872 4 0.24148732 560.3745 330.1922 623.2529 429.54736 4 0.1848768 624.6101 563.1078 672.43274 681.13794 4 0.18294583 529.7606 462.2738 586.6343 550.7058 4 0.18195526 556.6711 532.1594 651.0677 679.1179 4 0.17914061 441.70587 584.07733 524.3564 642.0336 4 0.16563497 259.86035 449.13788 319.9655 525.47125 4 0.16365932 502.13074 315.72052 562.12585 476.79346 4 0.15571134 513.7756 523.0477 605.1004 659.1102 4 0.15380333 473.6439 447.2445 586.93884 550.4417 4 0.15087879 583.6321 351.37527 713.016 568.78235 4 0.14876494 302.28406 485.3083 371.84277 592.52606 4 0.13519697 625.0809 498.01794 682.96515 577.8357 4 0.1334855 664.3377 363.53043 710.8615 453.73038 4 0.13200288 370.02283 427.21515 457.99518 541.3887 4 0.12085687 356.17026 485.28168 422.77682 610.40753 4 0.1194785 345.90027 547.67975 424.32526 609.8215 4 0.1188134 262.11768 450.8814 398.24847 548.43585 4 0.10839951 513.8356 480.65683 594.31494 618.66406 4 0.09677151 454.7994 591.6829 486.68863 633.99945 4 0.090889856 596.7227 417.52026 699.50824 510.8499 4 0.0838869 559.4403 624.9523 591.9166 669.8241 4 0.0819168 284.29282 532.84607 319.56973 579.37036 4 0.07308214 488.28427 349.07846 564.0338 533.6511 4 0.07140521 564.7872 497.0352 686.3664 642.53986 4 0.07038637 528.79767 338.02087 656.6403 494.5371 4 0.06826117 612.6616 344.27963 660.39685 439.97263 4 0.060842313 466.95847 508.9375 652.9547 611.75366 4 0.05129018 517.5147 609.04895 593.6484 667.57007 5 0.9631304 26.257568 171.9754 750.21765 763.0638 5 0.94672763 727.0259 272.82556 999.2373 552.07794 5 0.9178162 408.94037 180.66495 751.4406 770.5906 5 0.8605495 661.3285 318.20807 1014.08435 875.52655 5 0.7928954 496.75153 152.67418 750.7321 334.9099 5 0.72044724 230.07951 142.47452 526.05536 704.54224 5 0.53101647 12.387039 215.25954 386.07843 671.0421 5 0.47664288 756.7295 321.6412 995.01917 475.4044 5 0.29464492 303.3197 126.23964 532.7394 342.62256 5 0.23485544 495.21255 278.6651 745.7702 666.21594 5 0.21161255 719.5348 410.75916 1000.01086 556.1507 5 0.14240274 242.3432 429.71732 482.4579 677.855 5 0.13615713 453.06885 647.6206 677.37805 768.78516 5 0.11560397 270.36163 134.97638 737.38 371.38934 5 0.10165103 799.2084 401.7297 922.65234 447.56534 5 0.0746895 289.20526 616.07434 482.97174 697.2699 5 0.057581082 303.63205 467.77295 381.24557 557.27905 5 0.057226278 493.12238 203.5969 743.5059 417.65848 5 0.052652463 284.792 534.03217 434.83252 609.2996 ,test/2840.jpg
1 0.9897641 24.961975 156.77792 860.1055 444.27206 ,test/2841.jpg
4 0.99915135 423.19595 245.50893 759.15076 457.32428 ,test/2842.jpg
0 0.6613004 314.9279 518.13934 881.8186 919.3664 0 0.42471623 236.75494 150.48941 986.6347 631.87085 0 0.16751148 228.10202 350.2416 371.33316 502.45346 0 0.05869692 264.73206 266.67188 964.1072 914.3198 1 0.08642523 239.42554 153.55186 979.91833 626.8747 3 0.13304535 312.0462 494.2417 959.9122 916.7002 3 0.058608077 231.9276 377.52356 307.84174 510.02502 4 0.06344618 317.87607 520.876 878.6074 921.2894 5 0.6289158 225.11102 350.80737 371.5417 509.4005 5 0.39740857 315.36627 523.4048 868.4902 923.39355 5 0.25010875 235.89511 157.97992 982.6289 628.2153 5 0.11257604 231.82079 379.50623 305.9251 510.3661 7 0.9974685 321.97485 457.26706 516.2473 540.9385 7 0.72744364 232.27725 401.42822 303.3953 508.367 7 0.5057014 241.5325 157.15843 982.2744 628.2962 7 0.21129847 224.87936 350.028 373.3389 509.91602 ,test/2843.jpg
4 0.9998024 498.8882 138.47379 878.2284 761.6183 4 0.9997733 150.19308 154.6654 481.60202 777.0716 ,test/2844.jpg
0 0.07400171 83.52582 251.9166 964.92255 836.95776 1 0.053261183 85.08777 250.99469 967.03174 841.1589 5 0.29090354 82.671295 251.18628 965.3308 838.8733 7 0.83345246 87.9707 259.31543 965.6521 831.74133 ,test/2845.jpg
0 0.99956435 585.39825 254.91699 974.79376 653.29407 7 0.99909806 0.0 90.17978 593.6485 1024.0 7 0.99119157 0.0 1.592453 282.68164 190.48517 7 0.6275597 4.2135468 616.50085 424.53857 1022.37415 7 0.08526898 5.1337433 2.1425934 284.19275 448.55927 ,test/2846.jpg
0 0.057696003 621.51074 538.48267 889.7877 779.17334 5 0.10116707 393.44244 731.0102 577.5676 880.86237 6 0.9997099 600.14026 362.4263 903.64954 599.4924 7 0.9996952 164.25949 610.7764 403.56583 822.196 7 0.99949694 324.36508 353.24835 627.824 690.6047 7 0.99795073 396.50934 575.2353 666.8919 954.92975 ,test/2847.jpg
0 0.73265696 597.84924 476.2183 971.9833 573.54364 0 0.34766972 425.9683 122.61332 448.48825 172.96025 0 0.23937626 329.76752 145.44608 521.9317 292.18445 0 0.22982378 564.10706 319.30325 910.8274 408.5173 0 0.22748686 390.79034 92.19168 516.056 237.75354 0 0.14147918 631.11285 527.1273 962.1608 575.1881 0 0.13804713 645.5793 737.8748 922.51227 806.8433 0 0.11971072 203.08766 479.69064 307.52313 535.82697 0 0.11609966 588.7089 454.28238 971.9251 530.195 0 0.073700465 326.50592 136.62453 573.5228 412.711 0 0.060687292 635.28406 733.7199 929.38794 880.0219 0 0.058214698 423.29675 121.18405 474.9098 196.52185 1 0.99589515 305.73022 101.99686 564.0148 581.0541 1 0.9885484 235.5089 493.23462 648.3487 878.41516 1 0.9744674 911.8331 501.53735 1020.22485 993.0349 1 0.71372074 275.1004 216.15448 323.7574 372.73328 1 0.46056643 603.08154 537.93933 982.4254 936.83215 1 0.44769022 311.24652 557.1619 649.09595 633.49274 1 0.37410912 81.31351 466.066 636.69165 632.4968 1 0.31314716 305.3152 225.2933 575.0429 461.13748 1 0.24544723 233.168 279.43002 309.81595 383.5038 1 0.23389629 56.81015 470.88086 360.8468 664.80664 1 0.13194098 86.49998 462.6857 321.18604 564.9795 1 0.12715757 235.89914 205.92888 332.44833 404.42273 1 0.12553248 645.5793 737.8748 922.51227 806.8433 1 0.11523351 332.05365 85.17126 511.18756 247.81415 1 0.112293735 160.71854 454.78885 305.01736 532.53394 1 0.09864147 536.23737 223.40164 574.11395 503.3748 1 0.093902685 955.5391 485.35947 1023.7934 665.76685 1 0.092841916 224.40068 197.99289 617.811 652.1039 1 0.09066499 536.6823 381.77533 573.71735 501.7812 1 0.08441574 332.94183 605.6223 645.17645 633.902 1 0.07904912 530.1637 498.46146 624.04553 566.83887 1 0.07791957 197.0231 205.25906 327.7117 501.04092 1 0.06819988 826.73456 560.1417 1024.0 962.2406 1 0.06725583 298.87 491.916 647.4322 639.9802 1 0.066304564 324.57233 584.07935 426.26263 634.7905 1 0.060553428 950.5642 607.82983 1023.64294 832.2091 1 0.058668952 209.24281 479.09393 304.4621 535.33997 1 0.05658662 320.83478 589.7686 636.90826 650.69196 5 0.33803713 597.43884 480.57373 972.8397 572.9801 6 0.9628276 553.94586 305.62912 940.1174 490.05923 6 0.7941281 561.4979 307.3172 909.20337 405.59204 6 0.7912571 604.39624 509.40097 975.38257 940.072 6 0.6596437 629.06445 543.6437 970.4601 744.59045 6 0.1945843 594.6233 460.88925 972.63525 573.8825 6 0.18713641 576.34686 442.7753 991.7735 492.84555 6 0.16510227 585.5915 455.4139 976.9694 515.74677 6 0.1458575 624.8145 675.6078 926.96967 936.53796 7 0.7085338 953.9834 485.36963 1023.44727 669.78894 ,test/2848.jpg
0 0.14150926 234.30713 291.03937 842.6719 911.65204 1 0.72565126 234.89386 292.84436 843.3674 912.49927 6 0.20513414 618.2346 12.789001 1024.0 492.24023 7 0.44822255 233.65976 289.4633 843.9408 912.0687 ,test/2849.jpg
0 0.06297604 382.795 427.85095 584.7776 486.69098 1 0.08524846 1.2292938 238.6402 181.1431 359.29224 1 0.055730183 0.0 241.25879 383.1467 360.75592 5 0.13948649 278.46545 321.8784 715.2273 646.06494 5 0.100479 382.795 427.85095 584.7776 486.69098 5 0.10026649 4.6690063 367.52832 340.46848 749.9928 5 0.073716775 520.1669 486.95547 662.0383 626.8004 6 0.118211836 4.175888 368.17493 340.79132 750.65186 7 0.566316 280.3844 364.5879 714.6906 643.6031 7 0.35875165 4.241104 368.6596 340.8053 750.4471 7 0.1436496 373.13385 430.0241 582.4741 487.00604 7 0.059804555 303.06903 479.93936 656.8968 629.0613 ,test/2850.jpg
0 0.9904046 675.0711 608.55695 764.0202 662.38824 0 0.68782336 631.76654 606.6788 766.7923 698.50836 0 0.06366506 2.7674103 171.8519 119.53401 349.73746 2 0.99785185 360.7542 399.98352 700.88495 702.6952 ,test/2851.jpg
0 0.6315463 247.10365 266.07578 737.1856 897.8544 9 0.7951041 245.91652 268.97324 739.0195 895.5702 ,test/2852.jpg
0 0.18204395 862.1657 974.0527 975.0743 1023.9036 0 0.16420732 152.1318 235.48337 878.4614 993.0884 0 0.15165634 959.59814 937.1102 1024.0 1014.92993 0 0.12158626 865.6126 936.9467 1023.51263 1024.0 1 0.1304182 862.3624 973.9482 973.71094 1023.93243 1 0.054242752 865.6126 936.9467 1023.51263 1024.0 3 0.16564272 156.06552 251.60931 881.86646 976.05475 5 0.81477964 157.34079 245.64423 880.1787 994.6075 7 0.064736165 861.9621 973.784 971.15936 1023.9185 9 0.14207307 862.3991 974.12775 974.11383 1023.7602 9 0.07877284 959.59814 937.1102 1024.0 1014.92993 9 0.07104426 857.96063 937.9343 1024.0 1024.0 ,test/2853.jpg
0 0.9993661 340.0678 295.40848 912.0539 980.53906 ,test/2854.jpg
0 0.13145529 94.0854 182.5195 381.22302 1024.0 0 0.078981005 524.90344 326.85666 735.8008 415.57095 0 0.06374135 350.38794 328.75427 920.422 627.7611 9 0.946549 324.21664 327.89288 927.7919 635.80347 9 0.67481637 91.001205 195.67343 420.62158 1024.0 9 0.1360279 113.44103 252.78111 332.03815 761.1509 ,test/2855.jpg
0 0.9964976 364.0736 402.56964 528.719 613.6854 ,test/2856.jpg
0 0.62167126 391.58963 720.4092 1024.0 1022.6653 0 0.11394517 128.87814 974.5209 455.99075 1021.6915 1 0.103924505 372.49115 257.61475 757.9047 702.8379 2 0.98417574 329.70972 244.71703 756.99255 706.76495 5 0.988877 216.72551 169.28354 371.5869 723.4608 5 0.43023488 130.3179 975.16626 443.40396 1021.6836 5 0.16154595 234.28195 218.31598 754.39343 722.2151 5 0.15472001 290.92163 182.50143 365.8753 743.4177 6 0.2562354 234.91068 127.11145 311.9821 251.17307 9 0.113971666 131.14343 974.67194 444.28412 1021.8461 ,test/2857.jpg
0 0.29872984 122.00816 940.7877 194.11656 1011.31433 0 0.1392348 522.43536 935.6891 666.2653 1019.85876 0 0.05610195 895.21497 994.0345 951.1008 1021.4372 0 0.05448307 736.24097 318.31778 773.38293 418.59097 0 0.052699517 286.63007 321.54004 777.26544 419.73413 1 0.98707134 286.75516 322.10876 776.42456 419.43848 1 0.097721845 122.13904 940.4721 192.60437 1012.9401 4 0.9998535 426.87613 487.14636 794.6383 739.2645 5 0.99941087 181.43533 518.968 387.40012 700.54614 ,test/2858.jpg
0 0.19633326 541.32544 630.6953 642.76917 724.7141 0 0.069821894 391.63187 411.09964 414.74594 483.944 1 0.05667906 541.1073 631.259 642.85767 725.38324 5 0.9769264 402.46057 266.88235 856.6067 638.0812 6 0.6316979 541.53625 630.7413 642.72876 724.7006 ,test/2859.jpg
0 0.62640905 650.4273 521.81586 764.95184 564.065 0 0.3625005 387.80615 563.6927 480.86194 648.9462 0 0.28311807 684.95557 0.0 1024.0 317.125 1 0.99756384 78.32745 101.142975 916.41925 934.6533 1 0.7491176 717.6296 481.78687 949.8504 627.5182 1 0.45208356 635.0361 265.93353 919.0329 636.8029 1 0.3805353 650.11584 521.8588 764.9137 564.11017 1 0.14039333 319.38104 105.854126 935.7852 650.1517 1 0.060283963 677.90814 0.0 1013.05597 607.27686 1 0.05058655 685.06757 0.63308716 1023.1694 315.27213 5 0.07843972 684.7107 0.0 1023.2798 314.87396 7 0.68952525 684.79297 0.08972168 1024.0 316.4602 ,test/2860.jpg
1 0.16538538 327.65387 448.92572 670.5848 744.5549 2 0.9933897 328.35162 449.83923 668.5897 743.2554 ,test/2861.jpg
0 0.21213362 682.3333 26.84442 716.25385 82.79219 4 0.99162513 326.96295 396.3907 835.4178 648.32916 ,test/2862.jpg
7 0.99981016 165.46329 354.01865 741.54114 829.7722 7 0.43996558 457.30896 356.7971 907.7838 638.8867 ,test/2863.jpg
0 0.77314097 195.69624 793.60455 293.0063 881.14984 0 0.6775458 761.40894 545.10004 809.5221 559.64984 0 0.17805715 203.02338 446.92548 283.2387 573.52814 0 0.12909701 839.2806 0.90304565 905.90594 148.85748 1 0.99846786 218.65485 117.64084 839.1534 666.2937 1 0.97681785 818.32007 2.153473 1020.6398 320.24576 1 0.86077476 195.36111 163.2354 393.42984 570.4986 1 0.6814419 725.3033 3.1825714 941.93304 313.84973 1 0.4929501 277.5838 327.58435 468.96405 669.0398 1 0.35214844 721.3957 10.954422 848.8284 285.75427 1 0.33616534 269.7456 329.10095 772.0145 664.8032 1 0.14517899 328.91705 152.54181 778.12836 515.0178 1 0.12372537 289.47635 9.985016 994.30725 302.5206 1 0.08169613 825.91156 2.2195587 914.4184 265.30408 1 0.071999826 285.76627 218.59894 460.3168 385.28375 1 0.06544066 281.8529 115.8831 463.0251 481.08533 1 0.06141031 700.7567 8.429626 1024.0 493.37552 1 0.054714017 305.10678 89.119385 752.24915 213.35614 2 0.10975572 839.98944 2.0101624 904.2762 138.16183 5 0.3286729 840.26544 2.4406738 903.939 136.07245 ,test/2864.jpg
0 0.7803553 133.48878 808.41266 315.245 938.0776 0 0.20611914 516.1256 183.16797 677.67883 347.56128 0 0.054192536 526.00665 379.08716 667.22687 496.4848 1 0.19871473 133.56108 808.3762 314.99487 938.6384 7 0.9982133 188.85815 246.77673 1000.714 815.48975 7 0.32179114 222.36148 420.5019 462.18417 808.9985 7 0.14757133 533.16327 270.54633 988.37335 539.05896 7 0.13067603 197.4596 488.83252 838.8268 813.06506 7 0.10095818 335.81042 371.97223 842.26904 753.69696 7 0.08382438 366.91095 578.6232 566.0688 727.80414 7 0.07143451 342.1419 392.30377 753.8569 622.9452 7 0.054128617 510.6255 385.0015 670.912 501.16696 ,test/2865.jpg
0 0.2186271 201.0789 503.34705 560.3993 757.2107 0 0.13463037 473.03397 394.32233 559.7218 428.22534 0 0.111427814 190.77069 374.48996 696.7348 771.99255 0 0.095594086 383.41235 309.25452 545.02356 350.5158 1 0.99934095 311.77213 58.220016 832.5886 391.10522 1 0.9703954 114.35312 354.6095 692.14734 884.69824 1 0.81711483 94.7189 531.90393 528.22925 888.43787 1 0.398581 194.89929 505.02652 568.04877 755.9698 1 0.34561017 316.2527 263.97095 782.4678 410.3286 1 0.3447574 343.49426 301.3912 750.19336 370.8737 1 0.18938382 196.80533 113.119446 820.84436 740.9296 1 0.09875232 309.8008 70.09035 427.35995 376.01617 1 0.07958539 442.0749 269.32376 761.46576 355.24295 ,test/2866.jpg
0 0.15707716 179.83264 186.28848 908.4125 789.5753 1 0.081047446 182.82983 166.16919 909.2174 786.3653 7 0.98134536 182.00464 183.45523 907.8445 781.3291 7 0.058111627 225.78308 208.50876 772.9267 394.962 ,test/2867.jpg
0 0.057023272 660.39795 311.98102 763.27075 381.76324 1 0.9987413 243.0311 393.08493 858.71313 916.83887 1 0.9909146 323.61343 225.0462 644.6588 457.0694 1 0.983089 449.7691 437.5668 561.0931 547.0226 1 0.97263485 642.5138 306.9534 776.82495 518.34705 1 0.8913419 755.8356 458.2485 842.9895 506.26718 1 0.87162536 361.819 424.68088 475.809 538.1046 1 0.8657639 249.98427 412.8229 604.9329 548.54504 1 0.802884 659.2843 317.42444 763.2855 380.08057 1 0.7348338 567.34155 258.6326 662.2147 533.7117 1 0.54275084 268.92896 416.39935 475.36017 531.9732 1 0.45293343 390.1611 271.01367 657.1321 525.3043 1 0.44482943 620.0412 491.71973 678.89874 529.59125 1 0.41312087 642.9231 445.51117 726.8347 520.9221 1 0.39622587 438.8866 195.26532 499.35492 261.21817 1 0.37923884 623.76855 446.30338 682.4136 529.21344 1 0.36607748 335.61383 161.76535 411.4983 272.6441 1 0.30434367 645.36975 449.03723 678.30383 508.40698 1 0.26079255 755.64777 473.92004 807.68585 506.24628 1 0.1693449 623.05206 414.60825 641.68304 527.9874 1 0.16646382 411.77454 418.69196 626.09375 543.80524 1 0.16583069 648.5136 450.16766 703.9742 500.0074 1 0.16214877 580.6893 336.0794 635.11383 522.933 1 0.15713862 291.40863 416.22455 400.76892 431.5028 1 0.1526142 490.50397 325.56207 749.13214 534.8173 1 0.14480814 673.1422 465.90054 725.67883 520.45074 1 0.14423218 612.7771 323.04654 678.6299 534.6522 1 0.12827694 308.75302 339.03726 623.4557 507.92923 1 0.12315794 285.2701 412.64627 403.31766 445.3182 1 0.11016438 467.41586 301.0119 617.6851 548.12085 1 0.09838401 545.1749 375.2409 642.7594 537.99426 1 0.09311831 294.4654 438.39545 412.33795 454.16864 1 0.08836673 426.4987 514.42755 472.08255 542.13495 1 0.08822298 342.31732 177.97713 495.16913 272.07605 1 0.0775983 530.98016 327.83142 666.12225 489.07263 1 0.07692371 572.812 361.72015 624.54065 450.04346 1 0.070073165 275.6814 429.03632 436.3114 477.50012 1 0.06851968 688.0242 464.10864 848.8938 516.099 1 0.06126526 321.75916 255.49701 784.68994 569.82434 1 0.060442004 237.043 409.6814 859.01514 630.7223 1 0.05469313 262.5773 417.45468 427.1069 454.76474 1 0.05063562 587.76105 332.6674 726.46674 527.17676 6 0.2442715 3.3536987 363.59082 211.83807 510.27606 ,test/2868.jpg
1 0.98690665 164.82626 77.04324 760.8098 633.8014 1 0.98389035 157.61041 455.08624 901.7978 918.48553 ,test/2869.jpg
0 0.51177585 18.777138 817.85114 167.34738 891.8453 0 0.14000267 20.259872 817.2417 98.893776 881.90125 0 0.114666864 72.52493 856.7272 162.40733 895.54944 0 0.051865384 417.96304 526.4071 561.98486 676.16003 1 0.6532607 18.951942 817.6722 168.05405 892.3582 3 0.9914336 418.03317 525.419 562.383 676.1751 3 0.052880827 20.18026 817.27386 163.46237 891.471 7 0.13591033 19.41224 817.2254 167.02234 891.4301 7 0.051021643 20.259872 817.2417 98.893776 881.90125 ,test/2870.jpg
0 0.30054325 531.0331 195.46156 652.70996 365.0481 0 0.21913823 920.47205 62.12457 952.1599 82.71092 0 0.087365516 821.02826 127.17444 927.00714 456.54584 0 0.083723105 848.52936 128.51262 918.45953 351.7378 0 0.054930042 0.0 151.92795 130.69327 920.48157 1 0.24690919 668.99084 260.4376 851.84106 390.6777 1 0.0982004 655.4551 266.42627 921.0338 452.11877 2 0.20410898 677.2883 433.46417 714.4746 509.33777 2 0.07295009 759.29736 355.04233 833.78467 486.32693 2 0.06761573 819.5052 309.90384 905.33673 451.79037 3 0.11836475 698.2532 479.94574 721.2279 534.3149 3 0.11554882 816.655 277.3002 912.422 449.4247 5 0.8852634 678.1681 433.6952 715.2279 509.2953 5 0.8668422 758.9348 354.71332 833.18506 487.60474 5 0.7130953 651.85706 344.221 740.51294 500.25922 5 0.3496796 848.52936 128.51262 918.45953 351.7378 5 0.2976957 541.2591 195.04713 652.46173 376.61 5 0.27602264 821.02826 127.17444 927.00714 456.54584 5 0.20748433 817.03723 268.95874 916.5637 449.96924 5 0.13146666 756.98505 285.9057 971.06476 475.3993 5 0.0834102 690.33716 438.44058 725.2366 537.1486 5 0.061758943 655.4551 266.42627 921.0338 452.11877 5 0.05972635 456.83582 190.67465 680.6854 359.64755 6 0.88463527 670.9493 260.06503 852.243 391.658 6 0.095217265 854.8538 132.66748 921.44586 276.3958 7 0.99991775 130.70499 463.02658 390.07175 988.2449 7 0.9995078 316.7986 271.3817 579.28735 731.57526 7 0.99826163 485.59644 271.5481 695.1996 580.56903 7 0.9719188 673.3274 23.6978 861.55054 288.62048 7 0.91348934 896.4715 115.431984 978.50006 328.3929 7 0.8492508 852.3537 18.36996 929.38043 143.79962 7 0.7044268 0.92793274 151.13806 141.65657 1000.2612 7 0.53977007 789.393 8.511963 930.0318 150.903 7 0.5099982 648.455 345.76282 736.95856 499.41162 7 0.33807746 959.2738 120.18619 1021.9275 311.2555 7 0.29442 818.53906 117.87334 966.8236 453.31427 7 0.18125843 666.1212 16.277084 924.7483 414.4914 7 0.11391518 844.82074 24.926163 977.6834 351.93152 7 0.107489504 848.52936 128.51262 918.45953 351.7378 7 0.09471454 960.3334 245.29758 1008.204 315.17868 7 0.08883287 785.9722 6.5415115 865.18256 194.9224 7 0.08815948 790.4615 10.528921 866.54645 54.778473 7 0.085210755 814.7926 15.268463 938.9358 303.59534 7 0.08135897 0.09420776 369.98267 114.31522 813.49 7 0.07748685 812.73193 16.018112 867.9485 256.00403 7 0.077430785 357.24396 271.0406 406.0407 362.24402 7 0.07440933 443.57513 321.20346 567.9825 732.0204 7 0.06461779 0.09740543 545.28656 31.16615 812.8018 ,test/2871.jpg
0 0.067040764 327.55927 456.139 576.071 793.41003 1 0.24916202 341.8219 302.7956 498.67627 366.7578 1 0.22174233 328.747 446.766 581.6002 788.6266 2 0.88260317 328.46878 453.50256 581.33716 792.3657 3 0.18119608 540.0807 150.88802 648.20044 295.94897 3 0.1739006 325.76453 368.50665 607.08514 795.0817 3 0.11022388 340.63867 302.91592 500.12238 366.60287 5 0.27397904 325.76453 368.50665 607.08514 795.0817 5 0.25051296 540.42285 151.71533 649.83044 295.42715 8 0.9528991 408.1362 358.4982 611.6659 566.6568 8 0.92425716 340.82394 302.9747 500.19522 366.55582 8 0.89759797 539.3788 151.6435 649.8745 295.7255 8 0.49368343 411.4804 358.98462 485.9693 499.4527 ,test/2872.jpg
0 0.051844735 218.35934 507.58905 453.03384 708.061 1 0.99676955 169.24916 216.03381 416.72705 468.8955 1 0.98975056 3.2746124 375.2289 455.61 713.2449 1 0.22578996 212.22908 508.5481 453.24323 707.9375 1 0.08679589 584.17096 0.0 1022.892 107.162315 6 0.09205671 587.7788 0.0 1022.5438 107.30742 7 0.9999083 732.50024 259.6602 1021.7301 654.755 7 0.99982196 350.01495 281.39337 729.55536 607.3968 7 0.993134 585.3456 186.07669 870.03064 547.2632 7 0.94657403 584.24664 187.01718 862.795 369.85074 7 0.28699416 965.8991 308.4202 1023.8216 411.01352 7 0.25306848 869.6447 251.91472 1020.8836 427.29193 7 0.08807287 571.11017 301.9908 772.0849 535.18677 ,test/2873.jpg
0 0.3272046 218.82758 174.29803 841.62897 953.3284 0 0.11877394 0.0 238.96875 378.88367 990.76697 1 0.41840693 220.30325 180.41159 832.00183 948.7709 1 0.076065 0.0 238.96875 378.88367 990.76697 7 0.5601734 220.23001 173.25537 833.8607 949.8944 7 0.12306263 1.2169824 215.81277 15.81782 298.66428 ,test/2874.jpg
0 0.1450576 547.6486 524.7953 619.2391 552.2219 0 0.11180515 160.88559 541.3059 302.86255 662.9315 0 0.10096466 222.5737 141.35146 289.16187 198.39168 1 0.9846636 172.92892 354.3487 688.18335 546.2222 1 0.9652626 449.32376 530.9984 658.6238 712.14685 1 0.75916296 283.11066 677.33185 504.67023 805.3665 1 0.75825864 10.546112 435.48355 841.7705 705.64453 1 0.6357212 268.328 529.5168 478.32275 630.3245 1 0.5905909 242.45082 608.9979 505.84454 831.271 1 0.46285045 156.7156 557.056 518.29236 735.9938 1 0.43814796 222.54912 617.54474 502.87018 714.9195 1 0.41938767 133.17046 474.09088 515.931 829.91693 1 0.34450546 459.9901 536.3955 567.3025 598.5825 1 0.29197705 461.4082 532.5309 620.959 640.3779 1 0.23056793 188.3955 391.43283 669.2396 672.6721 1 0.2304942 160.88559 541.3059 302.86255 662.9315 1 0.21581836 226.96826 521.4629 646.4337 652.7543 1 0.19112048 123.64432 495.0823 495.21664 651.9686 1 0.18650933 10.903519 475.39825 265.63055 674.4278 1 0.14171061 238.78194 509.45526 671.0731 802.3184 1 0.11512205 489.34857 530.8917 552.79803 548.302 1 0.09450552 321.04083 694.0982 414.7292 785.6148 1 0.07596631 500.64542 524.58276 622.66376 552.7916 1 0.07532743 269.7927 690.50665 419.49637 830.3223 1 0.06948617 222.5737 141.35146 289.16187 198.39168 1 0.066821046 456.64594 523.9043 650.08014 587.73096 1 0.06461217 264.79388 559.3863 587.2851 635.91864 1 0.06436778 212.95805 499.02054 509.4804 547.5718 1 0.05952594 90.34956 474.5398 409.74542 732.1217 1 0.057800386 358.21896 666.4878 482.64066 775.9546 1 0.056545936 447.0573 511.4317 675.5457 559.8901 1 0.05235827 606.0749 478.88184 838.1359 630.244 1 0.0516258 481.14554 528.23364 557.3033 571.4181 7 0.99711776 143.81825 134.41953 422.7235 365.53107 7 0.9825392 0.0 9.236618 250.0064 309.19885 7 0.39475286 143.93953 133.26865 291.122 202.24176 7 0.35082075 250.84006 700.95966 427.69113 829.82477 7 0.089721344 222.5737 141.35146 289.16187 198.39168 ,test/2875.jpg
0 0.2704497 613.9558 177.7786 945.8656 480.42874 0 0.10934113 922.8704 155.64085 1024.0 471.7514 0 0.09656029 617.9515 340.2613 781.80634 478.24597 0 0.07975303 1001.38184 480.68427 1023.6946 514.3164 0 0.057484727 643.1717 386.28818 770.66034 461.11996 0 0.055606786 627.3002 289.91486 865.5742 479.4005 1 0.9965288 396.48026 572.0743 632.93823 925.6469 1 0.97981447 788.2939 0.0 1014.862 216.96768 1 0.50520754 761.1823 13.275368 840.97235 152.28857 1 0.3813698 787.5306 5.4345245 892.42377 206.40668 1 0.26717207 797.66644 13.881138 839.4279 85.34625 1 0.207049 313.3122 622.7291 465.9439 888.72473 1 0.11543389 795.18317 2.5022736 1022.94867 464.88733 1 0.05104978 999.5955 479.81418 1023.4926 515.23804 3 0.081054464 999.5955 479.81418 1023.4926 515.23804 5 0.99703383 21.708836 612.54156 93.53903 786.2624 5 0.22064662 33.5394 617.14355 87.624054 669.0193 5 0.111323826 997.1934 480.43872 1023.5014 515.8024 5 0.07404871 236.7663 619.2365 317.14478 726.8022 6 0.9971795 643.96875 434.43262 881.4415 789.1727 6 0.99697 919.5606 503.65704 1022.8934 729.9489 6 0.996546 419.0127 403.20837 635.12415 619.90875 6 0.98260766 608.4341 155.4852 948.70984 481.78946 6 0.29740384 619.5353 154.50815 879.0947 361.99667 6 0.15061095 619.04364 298.81342 653.02203 505.065 6 0.07548945 619.0384 320.3678 773.4908 490.46533 6 0.060437597 641.646 318.01532 690.4332 510.6198 7 0.99940324 71.81879 375.71222 418.2058 801.2983 7 0.99328774 927.53076 150.30293 1024.0 467.61444 7 0.22352637 236.7663 619.2365 317.14478 726.8022 7 0.16225022 999.5955 479.81418 1023.4926 515.23804 7 0.089348316 142.51018 618.5364 334.41412 743.9619 ,test/2876.jpg
0 0.9029584 509.61496 226.88739 800.5112 396.3606 1 0.2062718 510.01782 226.79134 800.12805 396.53558 3 0.062156145 509.0712 226.16042 800.30945 396.97174 7 0.99581856 101.44064 253.68675 971.08203 754.20374 7 0.36368206 539.1669 430.87524 985.9872 793.38464 7 0.08554698 508.68365 229.6477 797.1696 396.88715 7 0.053533297 112.44049 580.0768 586.22 706.7108 ,test/2877.jpg
0 0.99997807 152.25476 74.5043 576.26746 912.13904 ,test/2878.jpg
0 0.4462902 631.8872 363.74084 715.56604 626.0775 0 0.31525922 581.1803 212.26222 650.9446 361.404 0 0.17951007 568.8026 6.304283 641.4828 220.78601 0 0.15200898 580.14215 278.87802 651.6651 345.90213 0 0.12982485 914.81805 627.6318 964.5555 701.2861 0 0.105276994 780.68445 410.02536 888.93115 535.53406 0 0.08652372 752.4699 439.1358 769.5909 532.6108 0 0.057585765 382.7077 13.323036 490.43994 136.93228 0 0.051617853 536.4942 123.8474 605.52814 369.33575 1 0.990567 866.2561 547.26965 1020.7676 771.05566 1 0.89576375 259.27158 0.0 320.23514 50.209496 1 0.85524786 913.41064 626.7104 966.0482 707.79535 1 0.8467249 782.6355 506.99344 888.6814 612.465 1 0.69164217 449.20425 48.515694 559.25757 215.93375 1 0.4720164 764.74963 515.2936 888.58264 703.5874 1 0.3667923 872.24115 569.31445 974.87213 725.92773 1 0.2774252 416.4914 51.066425 546.6959 163.70734 1 0.23305102 869.5003 566.21216 900.31793 611.97485 1 0.20594843 390.12704 147.60999 439.92648 181.63776 1 0.16140765 383.89896 18.276806 494.84476 140.83644 1 0.14221893 414.60123 69.39481 479.13968 143.61841 1 0.12991223 301.14035 20.302559 322.20822 56.16883 1 0.12981363 482.20764 0.0 590.84924 210.00359 1 0.12394545 956.6749 661.94244 1018.8285 763.11786 1 0.0839209 744.3104 513.5582 908.4259 799.22766 1 0.081255116 506.86493 79.75094 562.462 215.95251 1 0.06937116 456.28497 5.195324 496.02692 41.145714 1 0.06834317 485.01724 52.84177 552.421 171.64629 1 0.050296172 306.3794 7.0209045 328.8452 59.88646 5 0.5273708 413.86456 472.6325 895.2326 975.7244 5 0.41611254 708.95807 511.73233 884.4583 968.7302 5 0.3102399 224.87155 56.88333 405.05447 203.86783 5 0.16187969 409.11398 137.76703 448.91934 164.44016 5 0.16051595 392.1248 135.97395 449.12137 181.541 5 0.15902472 635.3716 353.83194 712.3981 630.1354 5 0.087000966 456.28497 5.195324 496.02692 41.145714 5 0.06309905 542.15045 213.8898 590.5927 386.59592 7 0.9998479 48.191925 256.36615 451.88675 852.2397 7 0.99198383 382.02295 133.29622 536.2949 286.62946 7 0.98747456 193.50223 184.75607 378.1633 320.5465 7 0.9659041 781.20734 410.11615 889.0715 538.1801 7 0.9635633 307.47192 0.33379364 433.53662 83.920845 7 0.9629655 488.1539 0.0 592.60144 181.93994 7 0.6925239 570.47577 333.34363 650.0944 472.7885 7 0.6318947 435.57077 202.69157 583.492 397.85162 7 0.5670784 423.50647 179.23457 570.29114 635.471 7 0.553647 381.4716 124.4043 565.11597 396.50537 7 0.511958 579.88794 209.12558 650.98047 361.3386 7 0.38598782 378.08826 7.5878105 498.23895 125.14006 7 0.33785757 397.20804 223.66246 640.6037 512.21686 7 0.3304618 494.3587 310.45462 608.1496 493.0862 7 0.271261 385.59244 16.716896 492.81497 76.282265 7 0.2561519 422.6371 1.8455124 634.20264 194.78171 7 0.24903141 752.4699 439.1358 769.5909 532.6108 7 0.24696195 469.3673 207.10107 579.4757 519.0774 7 0.23008403 300.71136 2.6820831 557.56036 84.21051 7 0.22604445 504.75223 210.78085 591.8675 398.17184 7 0.22345336 467.05267 212.9314 646.1346 417.04315 7 0.21000238 551.5989 215.77824 653.772 490.90765 7 0.1654337 434.01694 275.80157 518.37445 626.24194 7 0.14632252 684.034 371.27563 717.4653 492.45294 7 0.14241701 489.10876 0.14284515 577.12146 86.3524 7 0.1314944 498.16995 0.0 617.2125 377.69214 7 0.12217566 555.55237 11.421463 592.1902 180.33868 7 0.0796872 623.51263 4.7556458 654.28375 179.70221 7 0.07965292 435.39432 6.4423885 494.65598 66.861206 7 0.079163186 542.3822 8.8377 613.4636 254.1622 7 0.075052686 519.9813 364.25824 598.8887 495.62006 7 0.07436221 398.89868 148.51048 696.03357 652.6411 7 0.07138218 566.2107 11.736198 606.14453 186.1297 7 0.06586645 640.13245 358.9093 716.62756 572.13934 7 0.055454087 709.52856 512.39606 885.45435 968.1856 ,test/2879.jpg
1 0.75675625 238.92108 344.69662 803.6171 765.2593 2 0.9101433 236.0108 347.2668 808.0712 763.4675 ,test/2880.jpg
0 0.5899778 992.29156 690.6972 1022.85236 771.73517 0 0.1307402 758.0201 534.9092 826.06793 577.93286 0 0.11263111 872.7001 66.6924 1020.19214 473.6233 0 0.09112478 564.7636 320.8346 666.32355 462.73108 0 0.073832974 993.641 694.2075 1007.552 758.9203 0 0.061337695 801.6129 215.12442 881.2936 369.8685 0 0.060648676 565.1304 406.69763 664.4568 464.41913 0 0.056549303 405.2647 279.8653 649.509 598.689 0 0.051954843 122.74579 166.57864 389.79083 728.3561 0 0.051325895 557.6443 274.40338 682.235 416.69574 1 0.99208516 394.9714 249.48247 855.6874 607.8034 1 0.74046576 376.7826 285.67914 867.4829 861.545 1 0.70151275 451.1738 275.75882 629.56024 525.3653 1 0.6180828 566.0911 406.45123 664.1297 463.24695 1 0.5167911 522.1448 251.43117 777.8097 568.18976 1 0.4629861 795.4236 219.35646 880.6837 367.0385 1 0.4337126 805.7852 213.34846 892.3222 567.5459 1 0.37541205 127.99063 167.06467 395.97696 732.2699 1 0.35090297 564.01044 264.264 709.6269 415.53745 1 0.26194167 885.8303 311.661 995.29297 443.39014 1 0.26128837 750.9921 283.05035 774.88446 326.70996 1 0.24925399 387.30783 294.04974 654.6355 600.0565 1 0.2459008 564.7636 320.8346 666.32355 462.73108 1 0.19625755 547.39087 392.87906 775.35254 601.8224 1 0.19487354 746.0796 221.42795 881.74255 582.50854 1 0.13679865 394.47238 293.32187 475.2689 606.3136 1 0.13199201 759.5414 534.98206 843.15796 579.60754 1 0.11769495 416.54044 602.8155 514.9169 629.6888 1 0.11353771 880.1326 363.17133 913.30927 425.45355 1 0.0999289 755.3655 224.6539 912.8484 427.897 1 0.097575106 783.9944 314.41068 1015.67615 605.55273 1 0.09071582 717.7113 256.04596 824.2506 568.28577 1 0.07831494 406.35626 316.25308 533.16125 608.2261 1 0.0710997 513.7028 532.0955 612.3593 596.0523 1 0.06974904 497.4227 258.0724 737.07684 447.79224 1 0.06523713 536.8461 430.56396 574.32196 554.5989 1 0.06415428 633.11414 247.87039 884.0593 543.145 1 0.06174839 559.8548 383.6252 688.795 470.56985 1 0.057573054 560.5499 369.99405 782.0442 470.36618 1 0.057237282 416.07178 457.18948 846.2345 621.45605 3 0.56071335 121.7646 162.56409 390.16803 728.2546 4 0.374413 123.55069 168.38022 390.31924 729.2145 5 0.2128257 571.5389 333.1635 655.6694 417.72748 5 0.12469945 176.3273 167.1206 230.86765 239.8628 5 0.10000218 123.55069 168.38022 390.31924 729.2145 7 0.9972747 877.54895 731.9018 1023.40784 1022.0097 7 0.9297672 826.9061 304.35077 1018.1548 823.16595 7 0.4530243 881.6656 30.928925 1020.54144 492.85355 7 0.23052137 868.0718 718.61487 950.3342 804.82544 7 0.1302069 883.9678 321.004 1020.714 473.32925 7 0.11311955 835.0561 599.7455 986.33307 811.5863 7 0.11015667 574.3948 331.8133 656.9182 418.05493 7 0.08748003 954.33295 528.00323 1020.4478 739.826 7 0.08687268 437.26132 274.7533 639.0737 575.2743 7 0.072452515 811.7209 312.41348 1011.08954 584.05786 7 0.07190636 852.5829 359.0626 995.8782 519.5012 7 0.06819915 360.546 325.7589 387.50278 552.54956 7 0.055478524 564.7636 320.8346 666.32355 462.73108 7 0.052663226 991.6195 685.65674 1023.1758 772.8723 ,test/2881.jpg
0 0.23706697 536.0056 524.732 650.5665 635.3127 5 0.9994935 369.88422 276.29758 886.45013 686.6384 ,test/2882.jpg
7 0.99604493 405.23834 288.22208 769.3442 699.86536 7 0.18074849 419.0642 276.3064 571.34393 388.52698 ,test/2883.jpg
0 0.9998375 452.7377 360.82666 758.74023 586.5829 0 0.9725863 85.96468 425.62616 253.53009 586.1189 0 0.78635776 58.781082 416.1801 281.9048 752.8172 0 0.69073987 0.0 0.0 724.28235 417.25116 0 0.50255567 853.3616 0.0 1024.0 300.3529 0 0.44920605 129.29652 633.8914 223.39601 745.35944 0 0.32810447 0.0 0.0 282.55646 434.2287 0 0.22363771 610.5431 360.63077 755.98193 587.9127 0 0.19143593 228.36615 0.0 705.6968 255.8424 0 0.18466689 41.33087 693.92 215.09888 740.29254 0 0.15861864 454.19885 372.1117 613.6841 577.86053 0 0.12148685 51.17923 698.3325 170.75977 727.8873 0 0.10340647 0.0 248.13246 275.71857 539.2294 0 0.092221215 4.1821594 304.62582 300.30136 1006.56836 0 0.06393537 443.33472 145.3417 761.9464 584.4252 0 0.060968567 207.44391 53.656586 758.3498 600.2229 1 0.18708679 173.62634 531.6598 612.44635 1011.9735 1 0.05802765 259.59174 783.7162 610.45874 1021.0841 3 0.22838081 4.1821594 304.62582 300.30136 1006.56836 3 0.15983656 253.15094 774.58044 612.1516 1021.4971 3 0.09151813 249.99191 99.69171 459.43185 659.00684 3 0.053826027 160.69374 538.7295 610.17474 1010.4758 4 0.92726594 249.97528 101.23425 458.1455 658.8652 5 0.27691886 250.83893 97.69794 460.57983 657.18787 7 0.24354407 228.36615 0.0 705.6968 255.8424 7 0.14507791 266.40857 788.5884 609.8179 1020.07166 7 0.09302252 0.0 0.0 719.6727 436.07925 7 0.061038278 0.9772644 285.5056 276.39795 493.80444 9 0.2718169 853.51776 0.0 1024.0 299.4659 9 0.107720375 78.18207 410.85602 299.52332 588.6943 ,test/2884.jpg
0 0.3577741 145.04846 399.8424 669.7174 825.85596 1 0.17993647 135.01016 401.20764 679.7572 809.859 2 0.84541404 135.13794 403.12823 677.93677 809.17535 7 0.12766658 145.04846 399.8424 669.7174 825.85596 ,test/2885.jpg
0 0.9993436 188.23413 247.78093 453.2104 537.3361 0 0.9992625 558.9707 271.16687 919.4894 579.8534 0 0.99793303 166.82349 666.817 480.86548 926.63965 0 0.6559573 438.56296 327.26572 573.8679 400.47006 ,test/2886.jpg
0 0.66464466 733.7982 505.1189 765.3633 542.3862 0 0.5214516 236.84401 403.91708 315.08832 463.05527 0 0.21369301 164.22075 425.44794 199.83153 498.92017 0 0.15654041 255.34955 405.94983 311.75842 434.61572 0 0.120782845 491.72894 504.78513 514.7762 550.7885 0 0.10591808 164.79343 430.9894 260.09885 502.57242 0 0.06996939 95.18402 638.4026 156.84056 702.0271 1 0.9362221 182.901 385.9631 256.84204 439.4374 1 0.5270238 163.05798 430.99713 260.46472 502.2818 1 0.4578096 166.06377 425.74353 200.30339 497.21826 1 0.22974296 237.09769 403.22357 317.46 464.52722 1 0.10801289 177.27484 381.3756 262.7518 477.3769 1 0.079225026 180.31316 383.16736 319.25 456.37286 1 0.07047834 95.18402 638.4026 156.84056 702.0271 1 0.06591294 168.70206 408.09683 316.54623 500.31393 1 0.055563148 238.51265 368.96524 338.01572 463.54068 1 0.052375928 497.30634 492.5128 536.63495 532.61694 5 0.19076477 236.9999 403.29022 315.48853 463.76764 5 0.13415678 95.2022 638.26794 156.84993 702.0032 5 0.11635863 307.12463 444.72995 352.3067 508.35043 6 0.9992393 201.77469 753.0657 436.77304 949.5266 7 0.9998253 307.562 423.98145 476.7077 789.3656 7 0.9997675 436.87482 598.2139 634.35956 974.8073 7 0.9993212 545.32874 203.78418 710.26416 532.2939 7 0.98866755 625.6372 491.62393 787.2466 791.09485 7 0.986641 468.49823 461.51807 704.07635 702.0028 7 0.92849725 249.55405 325.99707 314.19608 434.5102 7 0.6248372 657.2272 493.79324 766.5239 548.1 7 0.4448152 166.25774 424.53027 199.37291 498.70435 7 0.4348836 185.72925 433.83722 258.38647 501.7345 7 0.20023808 95.211044 638.3237 156.82588 701.9977 7 0.16646715 285.1031 343.72818 342.59027 410.80215 7 0.10119531 728.51654 504.4426 761.36176 545.83417 7 0.09511835 240.92743 350.97525 332.34088 462.02335 7 0.08158139 310.09155 346.80838 341.86108 400.14865 ,test/2887.jpg
0 0.85851127 909.41644 772.7621 1018.2325 904.78235 0 0.42830417 189.99774 103.19974 911.3061 959.0443 0 0.058631394 147.6877 98.001526 632.2556 796.2186 0 0.05710391 496.23956 214.05753 867.5218 939.3573 1 0.32417858 143.16418 97.64871 878.59863 865.2058 1 0.12780447 909.47504 772.8619 1018.1628 904.7282 7 0.7115627 152.90308 79.03433 911.30554 975.74365 7 0.47377136 147.29543 99.26437 638.56396 794.3489 ,test/2888.jpg
0 0.9998542 351.5136 555.6433 509.93237 734.90466 ,test/2889.jpg
0 0.18896343 434.9255 515.3188 546.7491 546.97577 3 0.051926907 472.411 559.3562 603.6681 607.37354 8 0.997148 410.01532 618.1711 544.91626 711.5589 8 0.990337 472.9585 557.6936 603.4286 608.7406 8 0.8012132 415.51678 515.1787 549.5255 546.8517 8 0.6465061 332.37408 576.1894 488.63593 618.5566 8 0.44109824 333.4378 566.0669 601.3588 618.3982 8 0.1443256 472.28613 618.8252 539.4299 664.83167 ,test/2890.jpg
0 0.97222996 150.14377 773.544 254.93216 845.87714 0 0.2520612 52.102913 574.552 293.37607 769.78784 0 0.08737371 555.99365 584.48157 699.83813 689.54236 0 0.06242032 308.9717 312.44745 350.35165 446.15515 0 0.05268703 554.82007 591.84314 708.72766 791.6561 1 0.99070567 206.23929 222.02866 684.19934 659.8855 1 0.9481687 53.498703 571.20917 311.45288 774.93085 1 0.947265 647.5119 344.23804 708.9034 464.46576 1 0.855817 980.64667 766.3567 1023.4255 817.8141 1 0.85360193 498.69952 215.19058 593.3254 257.75623 1 0.7688999 224.07521 174.18063 500.78503 264.93567 1 0.56593305 192.73085 178.50758 504.71307 360.56415 1 0.44556272 551.1616 234.13156 589.81445 259.79883 1 0.24094523 166.82106 393.81104 242.25093 475.9748 1 0.20258597 165.85117 386.93915 247.09622 581.10114 1 0.15418385 654.96783 347.58188 702.5854 417.56705 1 0.11726107 198.74963 225.32536 506.59967 277.8392 1 0.11038649 637.5738 339.50906 700.6845 548.2693 1 0.10896855 29.204193 301.09003 359.07684 784.77203 1 0.09526807 178.64655 333.26035 336.8557 775.4774 1 0.074484386 190.18706 169.06918 548.5147 517.8866 1 0.05510939 371.39566 228.43488 449.41214 259.83963 1 0.052395966 664.5726 438.08295 731.2021 463.086 1 0.051228955 371.72382 620.0632 440.07562 647.96954 3 0.13257208 222.57918 172.19131 503.43787 263.9067 3 0.07697841 190.19513 259.3345 206.28674 305.96725 7 0.9997576 637.59015 444.66156 880.8155 793.002 7 0.99236697 356.38477 543.00024 715.02466 892.41943 7 0.46798882 637.467 447.9805 864.5037 547.53687 7 0.22107743 541.58356 537.1679 650.00616 601.5279 7 0.20045075 541.4328 543.21484 726.29254 801.7449 7 0.13518406 54.63794 572.60034 302.22165 769.8716 7 0.12844267 640.71 446.91684 743.6268 545.1858 ,test/2891.jpg
7 0.9992866 150.29773 195.98431 758.6126 607.2412 ,test/2892.jpg
0 0.38020957 554.92725 553.8425 654.1345 795.3944 0 0.17840935 42.851475 147.67107 110.516266 179.68544 0 0.08150994 667.75415 99.31387 1024.0 661.6433 4 0.14691514 671.65594 106.487915 1018.0257 656.9397 5 0.31576028 671.1281 105.967804 1017.5334 659.9418 6 0.99905163 373.72437 382.476 650.4938 644.55304 ,test/2893.jpg
0 0.09628527 253.89975 414.18 730.5177 803.2707 2 0.6754299 255.24622 413.7974 728.31104 801.4769 3 0.8169134 255.68335 414.53943 728.3766 802.2894 7 0.15973224 253.89975 414.18 730.5177 803.2707 ,test/2894.jpg
0 0.88150686 210.58572 300.64835 810.61926 687.4457 3 0.20193462 237.27582 291.1211 809.3614 685.90216 5 0.07608133 215.4914 303.39325 806.4557 688.56866 7 0.100523315 210.43146 301.7735 807.75543 687.41473 ,test/2895.jpg
0 0.3655841 501.74817 279.53564 647.0762 542.9675 0 0.061381813 681.7578 433.25635 920.9071 495.14368 0 0.059759833 728.44324 531.4021 869.45325 577.9147 0 0.05833842 779.1101 555.3939 858.3777 575.0093 5 0.0715643 673.5002 431.137 922.0278 500.34335 6 0.9987325 661.06647 437.78198 1011.19073 682.33044 6 0.5014069 664.93506 428.3432 951.86194 580.7681 6 0.4523667 673.5002 431.137 922.0278 500.34335 6 0.12862703 709.5496 525.54736 869.58246 575.4414 6 0.081431605 689.1692 498.38217 971.7385 581.5821 6 0.056226607 430.1814 454.0536 467.4939 491.8888 6 0.050329424 776.67706 544.31396 861.28815 573.7678 7 0.9991499 382.2591 422.09323 591.7245 639.8688 7 0.9984668 69.39517 468.985 460.3986 849.276 7 0.9355412 226.89362 646.5109 698.13855 951.4323 7 0.71000427 489.71796 429.99777 565.6369 471.5079 7 0.6076166 433.80322 532.9514 736.0371 931.4197 7 0.1980186 439.2265 462.46402 497.9226 505.9852 7 0.1274138 391.32455 427.05026 570.68945 541.2571 7 0.124714926 489.5292 429.26938 553.93695 453.4122 7 0.0923633 424.02734 455.648 499.69348 527.2976 7 0.09129469 532.07056 479.30096 579.7086 546.7159 7 0.08238204 487.95053 416.3056 549.09204 447.5379 7 0.074164405 511.52924 536.55994 733.7862 805.9375 7 0.069612496 488.77698 419.97382 527.03925 443.4403 ,test/2896.jpg
7 0.9969422 348.6453 420.47006 644.0774 578.52686 ,test/2897.jpg
0 0.5651747 454.72028 571.4071 500.42047 616.97766 0 0.14840741 11.922352 809.17584 87.05083 871.23065 0 0.113133125 329.03345 0.0 358.3285 103.781166 0 0.057746522 482.48013 570.4126 498.82968 605.7239 1 0.2547783 455.2616 571.27167 499.84186 617.2247 1 0.06960944 12.76886 809.29846 86.97951 870.8939 2 0.5194293 12.63517 809.5443 87.16845 870.8638 3 0.48965117 12.639996 809.507 87.15199 870.8763 5 0.5925165 249.82349 111.51579 495.25183 590.8278 5 0.42433196 782.073 480.39783 938.1133 688.0426 5 0.061959393 794.09827 592.4919 944.6188 685.6462 7 0.99983025 9.361008 420.35306 271.09467 822.4269 7 0.99495196 146.59047 412.13647 391.28076 705.7484 7 0.9864915 600.99194 476.07562 998.18555 858.7642 7 0.9724274 685.36365 248.46184 1014.5465 709.59216 7 0.495433 455.4973 569.65234 500.06653 617.0492 7 0.31015784 686.94006 248.0651 861.3611 509.0723 7 0.21448326 10.289162 764.51056 65.591576 837.0678 ,test/2898.jpg
1 0.99916244 229.64749 308.43256 718.4402 812.4351 ,test/2899.jpg
3 0.99525565 414.45966 289.2984 699.4838 672.8958 ,test/2900.jpg
5 0.99918073 267.2728 284.34534 801.49854 725.29224 ,test/2901.jpg
0 0.9865694 529.9485 589.49927 617.4662 634.9558 0 0.90720314 454.40002 421.22495 606.9415 506.25882 0 0.5812863 489.4268 449.2197 603.29297 514.68585 0 0.36963588 0.0 791.4176 42.21609 850.13464 0 0.23389012 521.1587 452.69534 579.3197 502.24295 0 0.15064351 495.53015 248.05731 791.3955 399.12238 0 0.13464183 426.75363 668.9001 495.26498 689.8996 0 0.1277605 372.01822 674.7096 472.76303 733.25183 0 0.09328249 577.73224 124.640816 685.25165 179.73686 0 0.06346713 512.2383 479.21237 597.89685 510.6481 0 0.053743884 369.32455 675.5595 495.51132 824.28485 0 0.051581167 582.4982 7.6629333 1020.7265 688.79626 1 0.77993035 322.2772 804.08856 844.656 907.82916 1 0.72120565 5.0086975 36.30774 952.98157 1009.7612 1 0.6752176 495.54523 248.05757 791.7602 399.25824 1 0.46524805 272.01486 84.53997 753.84485 320.34836 1 0.31600088 96.09955 43.648438 829.9993 392.06964 1 0.2388955 294.33032 84.80153 745.802 193.30513 1 0.23462695 31.10965 800.04614 496.86124 972.8502 1 0.2195205 132.73398 338.61163 851.29944 912.2153 1 0.213651 577.73224 124.640816 685.25165 179.73686 1 0.17852037 531.5753 116.70116 748.98596 176.32439 1 0.16246215 673.7046 120.165955 733.0498 165.60876 1 0.09176757 604.9441 138.39116 678.0665 178.74718 1 0.08064583 427.28467 671.61804 495.11334 688.9155 1 0.07265138 131.87186 290.14108 729.5199 707.3707 1 0.06373002 310.47665 793.8079 520.2617 914.23846 1 0.06116542 91.71353 624.2456 1017.86584 974.7826 1 0.059287004 654.97375 117.262924 743.88635 177.95888 2 0.06905406 495.59436 248.37335 791.7848 399.01 3 0.06250842 284.61185 485.70755 498.7524 660.35815 4 0.71202797 15.511597 886.66846 904.2242 1023.4629 4 0.26464587 282.6584 487.09625 499.71973 655.4987 4 0.06547007 29.206879 903.0162 512.5647 1022.3791 4 0.056821 768.6262 384.85745 1020.7113 630.0523 5 0.061639845 284.56055 487.8562 500.23425 655.8478 5 0.05284288 667.0303 72.87082 882.3235 344.91238 7 0.9209452 775.0129 558.5963 1022.93024 927.98865 7 0.6916833 680.4287 5.196045 1024.0 877.24866 7 0.42274964 14.643433 268.6959 915.8747 987.2366 7 0.25269184 747.18945 86.73163 1024.0 613.142 7 0.16932338 306.27682 778.254 1023.713 1023.52734 7 0.1481111 757.0271 702.7304 1021.0819 1010.40436 7 0.12727042 456.61816 418.6901 604.73914 513.9127 7 0.12447912 205.60556 1.4794006 1024.0 238.3706 7 0.12248484 268.60785 346.30518 831.7116 896.70044 7 0.096341476 272.57553 1.0757446 1024.0 882.5031 7 0.09212002 475.98633 346.5813 787.6201 522.00287 7 0.077214256 826.333 752.7367 1019.07434 904.9208 7 0.05623681 777.6716 392.60913 1024.0 811.14844 ,test/2902.jpg
1 0.9972466 204.50424 185.59668 739.73987 817.90344 1 0.37310734 278.25427 436.31403 662.1465 818.41595 1 0.32623735 200.38493 166.90387 517.769 550.5227 5 0.052160688 0.0 538.78156 369.43713 1024.0 ,test/2903.jpg
0 0.87470496 237.0094 204.55173 522.667 438.67508 1 0.15093625 234.80873 206.04128 522.8612 438.62708 7 0.5173459 0.0 0.0 221.64645 111.44725 7 0.15663247 235.15724 204.85811 521.65955 436.3288 ,test/2904.jpg
2 0.99909365 336.16913 510.87906 612.9136 683.323 ,test/2905.jpg
0 0.30621752 567.77155 368.19565 642.0932 466.74307 0 0.1957739 591.706 369.30664 638.41315 441.98486 0 0.051092874 243.75203 494.57147 310.07135 535.9068 1 0.73827124 609.5803 405.2394 752.4166 494.46432 1 0.11441189 567.518 368.31433 642.34186 467.24146 1 0.07404169 591.30804 369.15344 638.29584 443.3263 5 0.9998273 402.46115 350.65298 585.24554 748.0315 ,test/2906.jpg
0 0.15930867 371.10788 617.02954 424.42245 648.9713 2 0.11775928 371.73285 616.9277 424.39746 649.0358 7 0.9996117 324.83917 569.8192 657.8166 806.391 7 0.06256349 371.10788 617.02954 424.42245 648.9713 ,test/2907.jpg
0 0.83134925 108.4079 307.0735 764.1674 785.97644 1 0.25402927 108.40259 306.3567 764.6631 786.6754 2 0.08993002 107.276 308.18683 767.4284 787.03436 7 0.05019955 108.2294 308.24982 767.52124 787.513 ,test/2908.jpg
0 0.12716009 97.220764 331.77536 963.9124 879.0967 1 0.7367315 105.23364 334.1611 961.43115 880.04895 7 0.82014054 0.94716644 280.43726 211.55032 397.81445 7 0.4024009 0.85084534 299.03574 102.37607 403.2369 7 0.32077348 103.38812 330.37927 961.32465 878.23315 7 0.2989479 1.5317764 290.7632 207.20602 330.30966 ,test/2909.jpg
1 0.32787308 351.21417 1.2219315 524.2555 39.155174 1 0.20534872 368.09717 25.311073 594.49066 53.940514 5 0.9946879 228.93257 811.4308 625.9601 991.96423 5 0.9778226 205.42752 25.132599 734.9746 337.75906 5 0.9719986 213.83571 277.53003 666.32275 531.9468 5 0.9711646 221.57408 660.78436 624.6442 849.27655 5 0.8767313 220.82277 497.99866 642.34064 666.0032 5 0.802355 220.61339 627.1255 627.62634 1002.0596 5 0.778877 217.84041 221.7626 687.8522 327.84555 5 0.54166114 235.65686 607.22504 638.4737 678.14655 5 0.42975676 223.38223 35.47647 784.35876 127.82614 5 0.3504556 209.68933 139.9833 682.46045 637.64526 5 0.24549915 223.9991 485.4428 642.001 835.9549 5 0.14562257 222.50237 425.8694 648.6173 517.6219 5 0.122912385 369.58072 26.179443 496.07925 45.99598 5 0.07058571 209.29668 498.85904 648.66315 539.62805 5 0.054645956 230.2731 769.6538 620.77576 833.34924 5 0.053706206 198.39606 12.129517 967.7828 232.07327 7 0.09775827 369.58072 26.179443 496.07925 45.99598 7 0.0824894 368.73254 26.667381 595.86115 54.902283 ,test/2910.jpg
0 0.5843242 0.0 0.24879074 123.15372 80.785 0 0.4612092 2.8549194 337.4223 288.7559 515.98956 0 0.35029906 88.155556 389.84058 277.68134 472.13818 0 0.29611525 2.6689148 318.33392 151.60046 515.34656 0 0.2867404 76.93596 333.32245 279.531 725.0113 0 0.24778773 47.562023 39.665703 120.05667 77.7565 0 0.19762468 0.0 75.41 68.446075 116.80151 0 0.16459589 2.3467445 273.6869 77.97725 335.135 0 0.15960027 0.0 15.45676 111.43933 125.86546 0 0.15837309 170.06874 346.29623 288.26782 465.91373 0 0.12520772 0.87205124 65.7346 110.4411 79.63952 0 0.11786442 61.023064 1.6905613 99.06382 39.614777 0 0.11269534 60.434204 340.51544 488.00397 497.867 0 0.11118059 302.62622 188.69786 415.25513 230.1686 0 0.10488226 142.01888 28.36679 405.20667 192.19131 0 0.09890231 0.0 62.9638 113.10641 117.26235 0 0.09430785 114.384834 416.46683 278.5017 463.44675 0 0.0875891 12.503693 288.08667 314.6689 636.42444 0 0.081919275 0.0 1.0422688 128.43492 41.09472 0 0.074719675 230.21683 336.3194 523.1327 588.1482 0 0.072686456 0.0 55.630104 416.797 303.22943 0 0.06733035 9.200829 23.928997 162.88287 76.582275 0 0.06634925 82.050606 344.28522 235.75415 540.08325 0 0.064474724 0.0 454.40805 133.92923 519.2911 0 0.054824922 2.826851 489.2121 224.36685 780.54706 0 0.05247661 0.2754593 496.97577 99.36574 779.0972 0 0.051874023 0.0 35.160057 172.58585 107.49178 1 0.39957783 498.23828 425.94 672.41943 603.8907 1 0.18113244 0.4233513 243.78288 83.594574 337.9381 1 0.14208753 1.9036942 311.0504 148.64139 513.95215 1 0.11930823 481.14368 545.8509 769.3905 609.3282 1 0.112166286 517.5809 487.43256 764.2775 606.0726 1 0.104226634 0.0 451.94034 131.51877 519.636 1 0.10327677 0.0 308.74808 287.59045 799.8982 1 0.096376695 0.0 295.2967 84.55859 470.36084 1 0.07186969 484.91156 439.39572 586.57 565.3517 1 0.06967626 4.521393 324.04175 277.65744 518.60815 1 0.06753193 396.65036 337.9337 431.26358 371.68362 1 0.063153625 406.7835 336.03113 445.88483 375.36926 1 0.05998885 480.3653 428.4038 777.26105 651.526 1 0.05139489 2.826851 489.2121 224.36685 780.54706 2 0.11402326 0.74962616 248.36363 82.614525 338.12573 2 0.099645294 0.0 67.919556 407.87085 296.2785 3 0.99625 359.71503 55.43564 976.38495 561.9464 3 0.9721472 6.3844604 336.0668 527.6744 917.0853 3 0.6326131 0.0 46.05182 425.12808 347.75195 3 0.62354463 223.73921 336.9391 523.9735 463.33136 3 0.485895 144.80186 29.608292 403.9931 164.69221 3 0.32793877 159.06665 329.66156 514.19977 765.2255 3 0.22233468 48.254654 263.98422 410.86737 385.67978 3 0.21642001 228.20207 341.86688 525.94946 582.00665 3 0.19815789 529.0509 369.44485 1024.0 614.58276 3 0.1664578 2.7163086 274.86823 77.64792 335.13995 3 0.117686 0.0 76.92545 67.91461 115.2458 3 0.11693662 194.73349 246.08917 411.7856 356.08643 3 0.11390571 0.27059937 306.76154 207.52745 508.43597 3 0.10281037 245.68835 221.56927 507.74713 467.01605 3 0.098632984 74.46988 319.16992 292.19788 726.33105 3 0.09555328 50.710144 366.13812 1001.41534 843.1866 3 0.09129889 342.24234 397.97906 1009.22705 741.2764 3 0.08768894 0.3973236 305.65677 263.07068 902.2385 3 0.08757196 17.576935 298.6709 553.4175 605.0841 3 0.08339818 360.89435 533.168 513.518 765.2646 3 0.06974047 92.386185 333.56503 211.82686 527.35345 3 0.06306067 7.458557 101.61775 532.8918 478.31482 3 0.05818016 60.434204 340.51544 488.00397 497.867 3 0.05598558 198.0613 130.80028 423.5282 383.09692 3 0.054859478 84.55106 273.1455 293.18588 417.81122 5 0.90173924 0.22060013 496.71298 99.48988 776.7462 5 0.69681346 0.0 68.38161 406.9502 296.099 5 0.6221422 1001.07715 214.72873 1023.8861 335.8975 5 0.5193587 362.32486 533.3659 514.03613 764.5511 5 0.3275482 145.01558 29.67276 404.41943 164.65807 5 0.13248082 2.140709 502.51978 169.23999 862.35425 5 0.12556015 228.20207 341.86688 525.94946 582.00665 5 0.10362589 0.0 292.18466 285.39233 850.9203 5 0.09645452 0.0 74.87688 76.94376 117.6517 5 0.07331559 0.0 36.65641 168.25113 286.5829 5 0.0693363 0.36857605 242.42534 84.78188 338.96793 5 0.064246014 77.29191 343.7011 281.6644 714.98846 7 0.5244342 0.25608063 2.000782 159.2002 84.99344 7 0.48814842 411.93985 514.96826 798.77637 726.93726 7 0.2685043 0.0 26.965645 121.71191 78.50653 7 0.20382528 3.1900253 319.11597 153.45413 515.69244 7 0.15976006 0.0 15.45676 111.43933 125.86546 7 0.15035103 0.0 72.1107 66.75229 117.39082 7 0.11972433 0.0 35.160057 172.58585 107.49178 7 0.09230609 361.47202 469.47977 655.96606 760.6018 7 0.08125688 42.751087 31.919313 165.0378 75.62125 7 0.073733345 4.6128235 280.5586 285.04648 549.80383 7 0.066495456 0.07096481 487.21198 99.26788 820.8963 7 0.061871964 559.54065 588.70264 783.27734 729.36145 7 0.060739424 69.19386 331.99176 575.97595 763.78143 7 0.058965508 1.2529793 1.6418571 114.24393 44.883614 7 0.05641338 61.023064 1.6905613 99.06382 39.614777 7 0.056067932 0.0 45.159775 421.4618 325.63635 7 0.055399813 50.710144 366.13812 1001.41534 843.1866 7 0.052390978 47.562023 39.665703 120.05667 77.7565 ,test/2911.jpg
0 0.16109514 629.6919 128.85944 1021.5857 231.33337 0 0.13790277 432.96454 361.70517 478.3816 383.43912 0 0.12258162 81.92877 467.84802 785.63727 842.1304 0 0.10837503 281.3101 497.6235 758.916 560.08606 1 0.1428851 432.9488 361.42706 478.57178 383.71985 6 0.99828607 82.612335 427.3508 800.17957 847.1743 7 0.9173479 631.6172 129.0728 1021.6355 230.49727 7 0.64006007 837.5906 3.8027935 969.48865 56.80842 7 0.48109147 432.8826 361.31525 478.55392 383.73724 7 0.17531967 937.2963 0.0 1022.11505 63.34431 ,test/2912.jpg
0 0.9472039 724.77966 634.0624 799.8579 687.7091 0 0.5943393 415.85135 508.08752 465.89578 551.55334 0 0.11475366 209.68973 784.73267 410.94284 957.1637 0 0.09227651 628.593 410.1773 665.6399 551.57855 0 0.09002561 635.23517 466.29736 658.2194 541.4382 0 0.07899779 348.06482 925.03467 383.1187 969.4044 0 0.055449847 289.31906 795.55896 402.6207 886.822 0 0.050153587 640.5896 422.79025 663.15564 494.93283 1 0.9942545 52.42415 438.0603 441.05682 926.93713 1 0.9833714 767.64343 368.9784 911.06616 644.48755 1 0.9832428 736.2775 258.55237 916.9128 413.29083 1 0.9637135 96.881485 704.06793 575.215 1024.0 1 0.94909537 426.08728 557.53827 599.7777 728.01825 1 0.89468455 627.845 313.79868 738.07007 491.1459 1 0.8839344 420.73633 468.57785 780.4507 724.4357 1 0.83278316 85.24121 558.3466 242.91907 706.04034 1 0.7462664 501.7744 417.44717 637.188 638.9032 1 0.5639445 568.8397 372.26227 654.84766 473.44598 1 0.49658212 632.61115 276.78455 753.8991 433.09863 1 0.49610272 519.1097 430.05243 775.5828 648.30133 1 0.4635644 593.48236 502.0626 742.94684 611.7182 1 0.40024364 68.44345 448.84036 384.09146 699.67737 1 0.376674 564.46265 331.5396 675.5801 491.39844 1 0.32831302 211.4749 784.43933 406.6275 953.54443 1 0.29707998 433.92447 434.27075 632.2658 716.69446 1 0.2807842 551.5414 363.4338 771.673 589.3357 1 0.27164358 53.923294 580.6122 124.40227 850.8014 1 0.2704294 605.0175 397.6236 661.05536 483.09625 1 0.27026692 89.53926 792.76587 428.50787 1021.29517 1 0.264805 609.6831 451.40286 766.71875 564.0799 1 0.24597907 616.52826 380.27502 740.2889 578.3291 1 0.2366653 581.64526 592.91595 662.57544 641.2503 1 0.22986549 635.01135 400.5866 745.041 504.7754 1 0.22382534 574.8078 519.6855 772.288 648.939 1 0.2044839 905.64404 267.2784 929.93164 302.26273 1 0.18254918 631.9509 0.0 947.2737 422.347 1 0.18253355 608.3326 544.2503 720.15155 604.1768 1 0.16561978 707.48584 541.9212 768.9674 580.5401 1 0.15834694 720.913 475.73218 774.5015 577.5902 1 0.1559661 415.85135 508.08752 465.89578 551.55334 1 0.1483822 525.10364 295.28055 847.02576 643.8943 1 0.1409306 618.0547 400.26767 651.7079 468.99423 1 0.1379029 644.54395 410.1723 664.7052 489.0335 1 0.13273059 628.593 410.1773 665.6399 551.57855 1 0.11359412 183.18901 722.3472 589.7552 913.69073 1 0.10865287 732.9188 341.93988 790.6609 486.86102 1 0.103261895 607.3264 376.35077 663.2623 558.9099 1 0.0911817 55.845222 546.1779 238.29349 932.3995 1 0.08990669 662.2723 463.3673 771.9958 596.56555 1 0.08888478 678.061 318.80096 733.50116 452.95697 1 0.08732286 610.9027 318.02036 633.00073 379.6982 1 0.08372752 579.61005 319.195 629.47064 385.79974 1 0.08105904 568.8244 363.6628 746.3105 497.423 1 0.08071997 131.36095 438.96643 602.49585 1016.4199 1 0.076014996 627.906 271.47855 751.1804 357.28506 1 0.07481997 728.51263 430.56052 774.02985 490.61014 1 0.07275634 649.20044 396.6742 706.2189 494.1916 1 0.06958601 900.1391 259.06534 929.101 343.9808 1 0.06521469 471.09378 508.00012 598.2554 652.3198 1 0.06477402 10.170525 320.15317 143.51218 1010.9927 1 0.0645372 640.0178 397.43002 669.8849 506.11783 1 0.06422867 687.22876 253.33601 910.2147 493.94025 1 0.063377365 373.74805 717.92847 605.49036 851.4435 1 0.05867951 81.2684 779.5289 268.59152 1024.0 1 0.058412854 620.5087 459.28394 659.6586 552.6445 1 0.05265601 625.86285 300.3317 637.66974 348.40775 1 0.052368347 646.12756 500.1909 739.0237 563.622 2 0.12517038 644.54395 410.1723 664.7052 489.0335 2 0.114252396 608.8283 399.09485 663.38666 480.7127 2 0.1110471 504.56332 414.8589 636.743 637.1127 2 0.09048353 621.6008 405.73395 664.1072 542.9981 2 0.062994674 643.29346 323.34766 724.77966 481.13672 2 0.053466417 619.3079 452.2737 654.3719 556.5894 6 0.3292254 631.36145 0.0 948.0713 415.44037 ,test/2913.jpg
0 0.91856503 269.81003 206.97366 358.48294 264.0693 0 0.25207305 41.87339 489.34186 130.0047 551.1818 2 0.9999654 264.7011 421.12668 625.94495 718.3876 7 0.9449022 620.6572 163.44785 823.7832 353.15695 ,test/2914.jpg
0 0.1269505 0.0 840.34686 126.522064 1022.4333 1 0.98325306 671.65753 895.86285 1023.3598 1023.8383 1 0.21415758 3.280983 303.20538 198.51056 624.31036 1 0.06406929 25.704025 298.76727 121.24492 321.46472 4 0.7773437 157.2286 302.48218 520.31775 910.197 4 0.21202731 637.0347 323.32544 819.24896 789.2085 4 0.13932185 475.85608 315.84784 657.4574 817.3498 5 0.9931601 803.7929 312.73685 958.31903 725.45325 5 0.97752327 475.5415 313.5224 660.4918 816.22516 5 0.966938 637.867 315.3816 817.9622 791.30884 5 0.84431195 156.3512 302.44296 530.663 911.3082 5 0.75290936 2.5027466 303.95233 198.35684 624.505 5 0.64946336 834.72327 644.9441 1024.0 789.61865 5 0.2673668 947.9878 535.7186 1023.04236 650.16394 5 0.2584808 501.96094 305.096 959.6288 792.153 5 0.08213557 833.35834 310.6106 922.0511 349.86237 5 0.07960747 0.085754395 841.0532 116.64252 1022.521 5 0.06560829 958.4779 397.8938 1023.59924 413.58282 5 0.063515365 948.4814 395.99963 1023.1093 577.0371 5 0.05450837 476.5387 318.72064 678.9938 479.3548 7 0.9723478 947.88916 396.70758 1024.0 574.06116 7 0.34898448 0.0 839.9235 126.8628 1021.85443 7 0.20854129 2.8777924 304.48975 199.18462 623.816 7 0.08279525 163.27179 1009.07294 238.8117 1023.9296 9 0.07631099 0.085754395 841.0532 116.64252 1022.521 ,test/2915.jpg
0 0.85915875 44.230743 569.9864 329.12354 816.79095 1 0.25936165 389.395 448.3376 472.98148 515.08624 1 0.10211305 282.98785 311.01648 337.81415 359.00745 1 0.10039224 410.54437 458.87805 471.51624 504.28833 5 0.18729925 403.67313 475.7305 563.39185 645.49866 5 0.183058 392.92535 456.35956 474.0694 513.3419 5 0.16915335 309.14722 401.09152 406.70624 458.43484 5 0.05411724 413.47308 466.24188 473.17706 504.12848 6 0.26352394 560.8051 26.992188 1023.7764 717.4153 7 0.98177403 305.28592 399.82266 429.21024 524.6397 7 0.92704934 403.89685 475.62732 564.8979 645.40906 ,test/2916.jpg
5 0.99964345 302.8296 383.07446 709.62585 749.21704 ,test/2917.jpg
0 0.98704416 588.0915 701.0454 649.1712 753.51624 0 0.9213387 574.609 792.4676 626.1677 843.0916 0 0.20609696 384.7962 398.35574 691.44244 528.8026 0 0.13415058 781.5411 584.3988 947.0068 790.4082 0 0.085131414 576.6549 794.68164 599.68054 840.1564 0 0.050514244 788.8296 585.8884 948.47424 670.2661 1 0.9938498 394.5166 341.08743 796.23157 866.9155 1 0.9223263 472.78668 317.8559 772.0218 524.1757 1 0.8511572 790.18677 585.9899 946.43713 668.1628 1 0.8441407 125.848526 303.6731 574.5882 528.70245 1 0.41467312 868.89453 475.9246 914.2639 518.908 1 0.3460206 782.8571 584.4391 946.7851 790.25183 1 0.29304767 375.73087 372.98932 699.85095 528.47455 1 0.26129055 157.03828 330.30362 544.07074 932.13257 1 0.086724676 609.3604 488.4646 683.35114 527.2576 5 0.5251617 957.59436 436.1568 1021.4381 633.0743 5 0.19151115 888.97546 471.69467 944.12976 506.1783 5 0.11197916 781.8707 584.50806 946.68665 790.213 5 0.1081938 869.32465 470.76617 940.57733 519.6078 7 0.17343046 781.2945 583.9442 947.165 790.56445 ,test/2918.jpg
0 0.28121993 189.58096 424.9572 685.76245 724.6397 1 0.2138888 189.58096 424.9572 685.76245 724.6397 5 0.110134594 190.1154 425.78625 684.09955 724.4691 ,test/2919.jpg
0 0.60536194 1.1805573 582.59717 290.9395 1015.81226 0 0.48029235 459.8114 374.06927 552.55457 428.75482 0 0.43226942 5.4300995 315.35907 163.175 763.3918 0 0.08518235 69.335045 340.2688 259.48047 693.1714 0 0.061709113 445.3973 352.91772 569.6063 460.742 6 0.99750996 347.83698 318.87903 628.083 717.5149 6 0.14259547 346.4497 444.7124 445.60388 698.0148 7 0.9998568 596.89355 54.33188 970.32544 693.2709 7 0.99857056 212.82288 412.40182 444.36902 859.8773 7 0.4107383 702.85974 61.192245 804.0785 108.69911 7 0.15027307 210.7496 407.48672 363.86905 691.24805 7 0.1265533 353.04132 434.6767 440.206 698.6728 7 0.06322062 271.9497 587.7991 441.03717 859.30835 7 0.05899559 765.75507 49.802475 844.5501 105.84543 9 0.61294675 5.375618 314.56903 162.94672 762.9079 9 0.34514216 0.92388916 300.06738 296.62448 983.5807 9 0.11932365 59.78206 329.7906 261.91278 696.00397 ,test/2920.jpg
0 0.053421564 318.06335 489.64154 774.5819 608.2098 5 0.054725017 324.70117 492.84857 756.9015 613.27216 7 0.9660999 318.0048 491.9669 760.5392 607.6683 ,test/2921.jpg
0 0.23028961 2.4949036 359.65457 995.0614 410.58884 4 0.20856772 41.147675 354.58447 972.355 844.79175 5 0.9179514 42.81952 355.5722 969.3445 842.3305 5 0.16265726 2.4949036 359.65457 995.0614 410.58884 ,test/2922.jpg
0 0.6219395 732.69257 575.8119 893.58954 645.0845 0 0.17819056 605.3849 255.1284 795.7849 389.26624 0 0.13357687 609.6032 579.3363 736.4472 879.26843 0 0.12102245 848.6439 575.59015 899.92834 624.8365 0 0.11245737 732.29663 586.03564 927.85657 701.7799 0 0.10614088 388.0249 455.0919 474.04706 527.8541 0 0.09383834 820.8757 574.30493 937.0693 631.8821 0 0.056010656 829.70557 579.08716 883.64514 624.92017 0 0.051466905 565.2125 253.92188 591.8718 299.3941 1 0.9984251 341.81366 212.1312 644.6357 405.7073 1 0.99094886 54.38748 259.66095 973.63477 603.9384 1 0.90818375 605.2136 246.86555 794.81506 389.29297 1 0.32089767 98.25394 213.28899 740.27686 419.26837 1 0.3077445 586.7278 227.4295 876.4564 417.96643 1 0.21373165 571.5596 324.15356 621.1404 388.54498 1 0.1941372 610.1799 579.4047 737.6899 878.0192 1 0.18195227 632.4358 245.00447 761.5332 293.7119 1 0.15617092 111.710266 226.31458 209.7298 387.29498 1 0.15267722 312.12888 228.27779 893.44006 409.08734 1 0.12828359 342.089 339.19473 614.82666 404.52896 1 0.11067739 731.2406 575.2765 910.9033 644.6156 1 0.1070197 640.48834 259.58112 729.1479 291.48297 1 0.07214056 113.17833 275.23383 487.67438 428.74164 1 0.06446563 627.4665 236.8052 674.8559 260.75497 1 0.054746438 823.62555 575.18286 938.1055 631.94604 1 0.05277131 32.313904 449.7166 998.90265 669.142 1 0.05070634 549.5191 228.08319 959.9881 627.6218 3 0.06937537 616.88574 577.6106 676.198 591.2145 5 0.23518436 610.2642 579.74054 736.8603 879.07196 5 0.05559136 732.77686 576.18744 894.22864 644.72015 ,test/2923.jpg
0 0.6603283 161.95425 9.509491 920.0917 537.93567 0 0.16396508 195.21164 29.929459 466.17117 513.9448 0 0.13111062 482.12735 432.63452 707.25464 536.6729 0 0.078777485 594.0694 450.0451 714.3066 536.6312 1 0.09165147 158.45947 5.7862854 914.0593 539.6832 6 0.9948854 316.42648 484.16913 782.03467 840.3311 7 0.6492078 144.03412 7.93985 911.1158 533.4966 ,test/2924.jpg
0 0.9988263 229.94652 389.87744 714.7836 546.61456 ,test/2925.jpg
0 0.78123367 845.89496 85.72674 867.857 163.51462 0 0.54944414 584.2166 973.3938 633.6379 1022.83044 0 0.4050361 579.3866 782.60583 764.0038 1024.0 0 0.17086051 307.0517 79.77104 399.13306 212.25252 0 0.13739753 842.97723 0.0 868.9532 164.55806 0 0.11054475 210.18399 862.60657 552.5421 1019.87476 0 0.08855863 236.7333 794.2068 686.55225 1024.0 0 0.07183824 849.1369 0.32374573 1022.6965 181.02466 0 0.06339594 349.91553 568.4106 388.3515 601.2493 0 0.058286525 488.41644 832.0839 604.18024 1024.0 0 0.05349078 303.59824 99.792854 365.3115 224.63474 1 0.9923435 191.5954 308.83884 717.2841 1000.92664 1 0.9908284 226.74654 0.0 682.0695 578.25464 1 0.94716775 2.3116379 500.8031 253.0794 1004.75684 1 0.26291803 335.42572 341.49713 711.3337 643.4057 1 0.19858336 229.219 776.03705 686.5082 1024.0 1 0.19533329 210.18399 862.60657 552.5421 1019.87476 1 0.18252908 579.1241 783.3352 763.3547 1024.0 1 0.10897787 196.32672 324.63684 448.347 583.2982 1 0.085712224 209.04976 308.9154 595.1237 628.8579 1 0.061656356 25.120941 503.59525 478.76346 1021.1161 1 0.05015575 468.41986 335.67047 767.79974 1011.7458 5 0.4922252 849.38605 0.2800064 1022.6916 181.0151 5 0.4774802 579.60236 781.6308 763.98956 1024.0 6 0.93354213 197.87637 866.49335 477.04672 1023.3505 6 0.24245614 488.41644 832.0839 604.18024 1024.0 6 0.10214528 240.85179 786.6128 671.1992 1024.0 7 0.22000967 579.9101 780.93866 764.13434 1024.0 7 0.14425786 584.2357 971.2632 634.33496 1022.6797 ,test/2926.jpg
0 0.5903528 858.24756 711.4641 950.77856 844.38745 0 0.39004433 259.19708 330.6437 367.5904 473.5898 0 0.26915374 304.05206 515.6561 727.243 725.5029 0 0.24046819 219.30397 656.8525 263.10358 698.67694 0 0.23348893 563.3038 459.06735 817.196 812.75586 0 0.1781263 393.56122 402.61728 603.91595 705.2705 0 0.17746167 194.67415 438.5579 637.2557 716.7992 0 0.14423122 422.01495 402.92413 848.1103 917.8234 0 0.10448692 197.75513 388.64975 679.837 902.37744 0 0.08707407 303.24658 405.0621 382.50897 500.0898 0 0.06684282 365.36594 432.05298 625.05994 884.0144 0 0.05001237 265.5857 304.95172 457.6441 654.86615 1 0.37110147 419.74182 969.1072 508.7527 1022.2533 1 0.22543181 300.76978 406.369 383.0697 483.80722 1 0.20501459 858.2136 711.33997 950.6344 844.1731 1 0.08534203 253.78192 151.99844 841.13007 775.05334 1 0.051282227 563.3038 459.06735 817.196 812.75586 5 0.29187527 318.52524 300.62497 449.8076 425.73233 5 0.24238642 197.75513 388.64975 679.837 902.37744 5 0.20712477 563.3038 459.06735 817.196 812.75586 5 0.15521283 263.87808 294.19046 458.25833 483.44858 5 0.10006101 218.69568 338.75623 435.4436 598.892 5 0.08038733 253.78192 151.99844 841.13007 775.05334 5 0.07365427 243.4596 526.02563 725.6715 737.68616 5 0.060684573 192.7652 382.00803 370.55975 708.97473 5 0.054633986 460.64383 763.59314 989.20276 1023.5408 6 0.9890919 377.49265 157.57465 847.55676 722.39844 6 0.9835693 107.71411 696.80505 412.3249 1022.6686 6 0.927087 435.46545 765.96783 1012.3142 1024.0 6 0.5032054 789.4559 839.67926 1020.1453 1024.0 6 0.2803919 198.16833 324.6947 678.26654 942.96765 6 0.26915836 371.9132 417.8559 814.14233 722.90045 6 0.21848685 109.0751 690.3638 902.15466 1010.3412 6 0.20499358 393.56122 402.61728 603.91595 705.2705 6 0.18502012 113.25012 768.69763 218.69409 1013.73914 6 0.17308913 326.91882 502.95605 654.3232 709.70984 6 0.113912776 500.24084 758.0556 912.1073 935.04926 6 0.08400264 676.501 759.8154 946.511 854.98096 6 0.0551142 633.44775 734.9342 951.2029 992.08545 7 0.96161497 305.46603 404.46515 393.5405 579.41785 7 0.655395 262.04147 330.38174 359.86673 473.76273 7 0.29381984 260.74573 306.18954 427.03485 596.672 7 0.27257958 220.46301 656.5997 262.7364 698.17975 7 0.27089497 304.7472 404.5684 381.1883 501.84854 7 0.19027942 858.58716 712.3582 950.69165 842.86615 7 0.10733138 306.24347 454.5408 431.13177 594.8501 ,test/2927.jpg
6 0.9985759 506.1493 380.72385 902.9404 681.35315 6 0.9972874 197.65091 530.15594 640.30005 851.5826 6 0.059432644 195.39752 416.97195 903.6586 839.1638 ,test/2928.jpg
0 0.06599071 164.56879 17.13971 769.02344 786.9787 1 0.90184844 165.1312 434.50793 751.11755 785.6068 1 0.70701253 161.74567 22.451721 768.5947 788.1824 1 0.15984052 747.61884 90.87099 782.11884 126.60805 1 0.053321596 967.1696 172.85757 1024.0 384.94467 7 0.87461823 154.8746 25.043182 773.9905 784.1636 7 0.05215129 357.6645 18.701874 733.4948 613.5499 ,test/2929.jpg
0 0.22915635 278.29434 292.23932 521.2125 433.64764 0 0.077397645 307.61865 287.71985 391.07568 435.23535 1 0.99981695 108.42441 207.09172 559.569 679.7168 1 0.2116534 560.8784 313.97382 890.9292 871.2504 1 0.12600568 600.4149 322.0148 809.86475 409.21127 7 0.9557613 564.1067 312.03912 890.31946 875.7652 ,test/2930.jpg
0 0.07328521 270.2659 135.38654 878.32837 839.1117 1 0.062910795 637.0248 665.4304 995.64026 1024.0 3 0.9582748 343.66418 146.09721 877.0055 638.9424 4 0.96505183 260.76947 524.6064 548.164 836.5734 4 0.58163166 261.75293 672.9309 457.9792 839.66125 4 0.3819335 300.60764 140.4812 880.7351 785.30914 5 0.09421436 335.40536 145.33676 877.19446 685.71606 5 0.059790336 262.7113 522.9995 551.131 837.72253 6 0.06887219 636.8263 668.05414 995.7294 1024.0 8 0.05123178 348.66177 145.32599 875.4735 637.9516 ,test/2931.jpg
0 0.80002767 142.69824 391.77493 183.32028 477.6711 0 0.05559137 622.9756 368.2392 705.5719 443.01556 1 0.98631173 67.173706 198.83263 756.4786 703.19934 1 0.9727984 623.85126 368.18002 705.4672 443.02914 1 0.9581942 404.48352 189.1552 801.3218 700.35596 1 0.30616465 505.09027 351.34415 789.7902 696.4335 1 0.051809464 415.33966 210.04178 608.46124 283.35144 ,test/2932.jpg
0 0.9982936 110.69801 939.8187 251.96465 1024.0 0 0.26614735 471.60626 158.77261 554.57513 221.63998 7 0.9999392 233.51328 88.66351 836.10815 835.2483 7 0.12592682 349.90765 110.993164 476.85266 217.92053 7 0.0857539 471.82556 158.6198 554.6405 221.49413 7 0.052357834 343.8115 372.0708 453.18875 488.4831 ,test/2933.jpg
7 0.9989736 437.21216 125.38275 869.43884 643.31305 ,test/2934.jpg
0 0.631121 179.17453 229.39868 758.6987 797.23706 1 0.92326283 483.8739 99.71437 765.79663 362.86505 1 0.08844978 179.01306 174.54385 756.9493 802.91956 6 0.46878797 484.78488 100.337906 764.19336 364.6443 7 0.53643155 178.67545 226.65396 758.3458 797.5211 ,test/2935.jpg
0 0.27242267 118.01761 168.7304 731.2263 630.52344 1 0.7148991 116.957214 168.8472 730.9894 629.81506 2 0.21339054 116.38977 168.6889 730.816 628.6252 7 0.13772564 116.55084 167.84143 737.51526 631.39923 ,test/2936.jpg
0 0.08912215 552.2064 634.0901 632.27 767.1763 2 0.99922955 363.15024 219.68106 658.77905 759.7689 2 0.067589216 478.6772 491.56738 663.4494 773.75635 2 0.050778586 526.6342 634.0727 634.68317 765.5362 6 0.08140295 552.2064 634.0901 632.27 767.1763 ,test/2937.jpg
0 0.96510446 322.50024 380.08246 821.5669 893.7382 0 0.08238924 508.88217 581.59863 818.3495 883.63574 7 0.10841516 321.148 378.13474 821.23785 893.3152 ,test/2938.jpg
0 0.33198342 693.36975 731.44214 930.73145 973.3956 0 0.33044103 0.0 522.07556 932.8444 993.9171 0 0.30006364 103.014694 208.79185 144.6054 281.99536 0 0.19038142 47.92772 269.19965 165.84752 425.56818 0 0.07395422 83.65582 206.24716 135.5232 295.51022 1 0.091649026 700.90076 725.6688 930.6138 985.209 1 0.059028327 0.0 522.07556 932.8444 993.9171 3 0.6567538 516.53906 79.712814 741.157 339.54614 5 0.25909376 325.73065 266.33688 372.96667 323.92978 5 0.21654193 47.550976 269.33994 172.42287 424.8934 7 0.9713675 9.3246155 517.727 908.3823 995.07684 ,test/2939.jpg
0 0.85664815 590.11646 948.30035 630.0215 983.00397 0 0.090972506 563.8885 595.65063 721.6358 724.6135 1 0.10112119 591.2687 947.45496 627.3213 983.2053 3 0.098471954 562.24774 602.1538 716.748 723.29456 5 0.09567581 573.3792 442.7241 696.732 622.4718 7 0.99993825 384.49756 140.78473 813.11084 883.4748 ,test/2940.jpg
0 0.3529686 587.1643 181.07634 711.4772 505.29553 0 0.08970296 2.341301 362.49243 155.92984 1024.0 4 0.9786849 695.1021 82.368866 982.97235 985.302 4 0.9488976 507.37704 183.15149 728.4846 1024.0 4 0.08005089 834.1953 70.89957 981.4636 929.7467 4 0.054666042 723.3432 887.5022 879.86285 1021.999 5 0.36939391 2.798973 355.55328 156.04703 1022.488 5 0.29293504 502.52985 251.94022 727.29315 1024.0 5 0.22904101 529.95593 1009.5678 648.0298 1021.91266 5 0.1888893 116.29466 913.70966 208.60109 1024.0 5 0.080272086 816.73303 900.0979 944.1853 1021.2821 5 0.06393089 832.2717 826.6485 972.905 1022.3641 5 0.054594554 723.3432 887.5022 879.86285 1021.999 7 0.9983802 63.375916 334.85312 555.109 1024.0 7 0.15512468 155.28937 803.89484 493.63898 1018.28046 7 0.10957339 2.798973 355.55328 156.04703 1022.488 7 0.08409347 115.662704 913.4511 211.68242 1024.0 7 0.05395142 391.701 842.8331 515.28253 1022.67114 ,test/2941.jpg
0 0.9456498 858.3832 487.20062 1024.0 900.4665 0 0.51809436 832.06903 249.5675 889.98444 494.10352 0 0.10189152 324.77734 338.5528 687.69586 474.78333 0 0.08751356 804.3457 97.68936 1024.0 912.81604 0 0.06807266 857.3536 479.05783 907.42596 645.8327 0 0.05933909 817.4542 242.92473 968.7324 515.61536 1 0.7584465 309.39236 327.33444 687.19165 478.02493 5 0.069101356 945.77026 90.01225 1024.0 234.82204 5 0.06650529 821.74884 102.99802 1023.21735 532.6135 6 0.0729279 836.9172 237.72153 882.5141 455.82968 7 0.99957424 216.94815 473.21527 775.7844 812.55646 7 0.21033488 1.2112122 130.0118 219.71634 215.73128 7 0.17032166 325.973 338.1997 688.8496 474.44592 7 0.16451697 0.31264114 101.1696 81.447525 242.44273 7 0.13118626 695.8849 295.9327 786.5126 357.4711 7 0.1064755 0.21103668 108.07357 66.62533 193.84521 ,test/2942.jpg
0 0.05730322 936.7576 0.45535278 1022.2817 180.59085 5 0.82478493 537.48096 119.123276 1023.2145 470.33197 5 0.34033477 841.01434 426.1966 1018.2131 541.84216 5 0.3116104 854.5497 454.26575 891.5547 542.8506 5 0.28688604 806.5047 411.77072 1017.48895 495.69217 5 0.26366207 547.4719 307.33667 1024.0 520.86676 5 0.18327056 796.86554 358.35962 1018.9964 464.32147 5 0.1542337 824.1744 114.60553 1017.4367 229.34549 5 0.11164285 800.2322 285.48724 1020.06824 499.68427 5 0.098778285 654.70276 381.276 1021.05273 540.032 5 0.08645317 869.8183 476.98944 1015.03656 569.7154 5 0.06872334 516.5833 210.79675 995.21893 649.0374 5 0.06467258 887.87445 472.8626 1009.7741 527.18744 5 0.05950393 739.3357 400.74664 885.9607 531.3212 5 0.05848107 858.16626 421.0558 1007.4448 470.60657 5 0.05583925 810.66437 425.3681 862.1829 511.83368 5 0.05402027 806.61163 423.2901 896.77313 541.35223 6 0.99974495 438.53485 453.27826 707.98065 846.39886 6 0.090519324 459.40662 449.3463 707.18506 624.23047 ,test/2943.jpg
0 0.102530554 411.30072 555.9257 530.31665 660.4736 3 0.96142644 74.56433 509.34872 422.975 796.12134 3 0.23720413 483.3355 330.17267 945.0401 636.8125 3 0.20273739 70.97885 322.89105 957.65295 781.134 3 0.09848593 706.27637 337.8013 939.5934 629.51953 4 0.89935124 321.92908 403.01666 698.5456 688.25665 4 0.4951102 461.669 327.92694 944.6718 627.78894 4 0.1882946 70.97885 322.89105 957.65295 781.134 4 0.059262242 318.2252 397.9404 465.77872 551.9862 5 0.44817314 383.33466 402.213 691.7264 685.624 5 0.2809143 70.97885 322.89105 957.65295 781.134 5 0.22227293 411.16437 328.76788 947.7016 659.81866 5 0.20872234 73.146194 513.6307 419.722 795.8747 7 0.068804525 412.5015 552.28394 529.77704 663.0891 ,test/2944.jpg
0 0.0930703 667.16626 251.44087 834.1426 333.48965 0 0.0899378 575.86646 450.74554 697.1261 577.7093 0 0.0896229 0.0 522.46655 43.29213 731.72424 0 0.07399861 833.3102 887.80334 1008.55615 1024.0 0 0.055903107 231.74161 234.18292 263.264 269.84705 0 0.05523318 648.73987 447.78943 717.6787 540.0769 1 0.9313958 515.4892 419.91983 729.9078 579.3179 1 0.87771994 140.49506 260.80643 210.02917 355.5759 1 0.8382279 522.38055 422.6065 646.87396 558.2116 1 0.63099 575.0712 443.5401 700.4456 575.31714 1 0.56139165 651.26807 440.4236 714.89575 555.9814 1 0.5469093 621.94556 428.27258 733.8871 541.93896 1 0.2768375 140.80486 250.88931 212.19795 313.7692 1 0.22896981 148.43974 285.7782 204.59999 325.98712 1 0.18978454 954.8568 545.05365 1023.31055 612.3411 1 0.18779157 667.16626 251.44087 834.1426 333.48965 1 0.16845341 147.45523 258.45337 207.20746 293.02997 1 0.14125983 679.1235 518.6514 704.00287 560.4499 1 0.12184493 118.067474 327.1161 167.76599 358.6477 1 0.119533844 833.3102 887.80334 1008.55615 1024.0 1 0.11370875 558.6483 246.59364 680.59717 427.74878 1 0.097833365 168.26166 256.8306 213.58847 303.26303 1 0.091413446 547.44806 230.43657 816.00446 539.0521 1 0.08205095 958.66614 402.2362 1023.7792 610.99866 1 0.067146845 143.3703 285.13232 187.80496 303.9854 1 0.06584263 145.4664 293.9704 204.35413 347.91553 1 0.064915285 194.88528 120.13632 288.7168 214.84283 1 0.05376464 120.71547 283.34006 166.73125 357.07706 3 0.18696328 713.1034 451.19345 741.29736 494.00864 3 0.091625735 646.71375 436.9685 739.85876 529.81525 4 0.050128777 715.2554 473.9165 738.1256 524.113 5 0.94436127 958.7515 398.88995 1024.0 612.7645 5 0.60302633 148.33633 316.6814 200.43222 345.32562 5 0.27151442 145.4664 293.9704 204.35413 347.91553 5 0.1961287 954.8568 545.05365 1023.31055 612.3411 5 0.15833232 679.7265 518.5415 705.9864 554.2621 5 0.14283417 833.3102 887.80334 1008.55615 1024.0 5 0.08747861 454.86032 411.3941 528.6989 479.9886 5 0.071351334 140.0624 247.7037 213.46205 355.04453 5 0.06400759 558.6483 246.59364 680.59717 427.74878 5 0.055743083 195.33748 120.896866 281.77277 217.83113 6 0.5520075 559.6582 246.90283 681.0951 426.61255 6 0.17153288 646.1477 251.96054 835.0836 334.2996 7 0.9984602 38.578674 113.372406 450.40298 740.7931 7 0.998351 400.61444 117.41037 1019.2602 1024.0 7 0.9506906 545.2419 251.38548 823.32355 489.77228 7 0.78041697 575.48846 455.4585 694.19867 578.7838 7 0.77533054 506.0921 109.772736 850.1147 518.5857 7 0.73327947 524.71936 120.796196 804.006 345.4395 7 0.37200615 349.3188 363.73822 552.8523 697.2354 7 0.2217086 550.43677 872.9155 1006.5885 1019.0896 7 0.20604289 948.60876 548.6152 1020.3815 783.6209 7 0.17728457 90.47131 204.42886 144.421 352.314 7 0.1491708 667.7257 248.66034 824.3474 333.28564 7 0.14150518 825.53503 887.7136 1009.968 1024.0 7 0.105382055 84.32885 227.86581 210.57346 353.34952 7 0.09389981 543.94135 202.41139 943.77875 446.64056 7 0.08864961 557.8961 247.01067 681.7566 425.78796 7 0.0695764 521.9411 422.12064 669.2939 557.333 7 0.06367269 139.67953 271.0198 209.93979 356.7053 7 0.06328364 391.08856 119.70166 916.8924 653.20245 7 0.05947574 585.85364 332.60962 637.5565 426.513 ,test/2945.jpg
0 0.10374511 255.53021 734.52716 477.4879 939.2038 0 0.08822842 460.52667 347.68225 504.53198 449.24103 1 0.99610573 411.3542 218.0862 658.68256 599.33374 5 0.8109711 259.77142 736.8114 475.2154 932.97864 5 0.2834834 257.28525 828.4672 379.34604 906.17096 5 0.11252199 257.5059 789.56976 400.60153 931.66 7 0.53437316 259.32114 735.5183 476.82693 933.53564 ,test/2946.jpg
0 0.67042047 473.76944 309.2755 801.72107 736.55383 0 0.056836404 450.2376 536.1252 802.8298 729.4295 1 0.52909994 471.0857 309.2215 801.8279 736.5904 1 0.18184918 453.13712 593.152 803.13367 734.2644 ,test/2947.jpg
0 0.13417564 312.82678 294.85608 753.36914 647.6626 1 0.8877811 312.91507 294.44006 753.0692 647.94415 2 0.38091463 309.12866 295.74585 753.3219 645.9927 ,test/2948.jpg
6 0.2596622 274.60388 403.51077 826.8209 1012.79736 9 0.82241684 109.42218 137.81714 860.59906 437.76776 9 0.052697923 162.41397 14.176636 1024.0 234.40837 ,test/2949.jpg
5 0.19623299 161.24083 386.44833 229.62737 434.9736 7 0.9999074 526.73376 513.28906 963.4813 779.0149 7 0.99916136 46.037857 425.73346 541.85425 799.74677 7 0.99728286 319.15765 305.35107 703.9202 707.2604 7 0.19085309 131.11829 398.97186 171.06223 426.89838 7 0.115716994 160.27924 384.86288 230.08704 436.5435 ,test/2950.jpg
0 0.61109567 384.9713 118.570755 661.97546 411.74945 0 0.16116825 313.69104 331.8669 753.96826 805.36084 3 0.46555814 314.0476 330.097 754.4033 821.34235 3 0.1226176 385.01416 114.5645 660.4656 417.25488 4 0.0796187 315.60162 333.56992 731.7974 807.6769 5 0.6948043 317.42422 320.282 747.51733 821.1924 5 0.39801377 385.0083 115.59418 661.2158 414.22858 5 0.096315555 581.91956 0.0 657.22217 41.27703 7 0.11973256 326.03052 289.19476 746.63416 828.79645 7 0.06215656 385.9351 116.96521 661.271 414.21497 9 0.08378423 385.4416 118.370346 661.8643 411.99927 ,test/2951.jpg
0 0.21811631 718.1267 573.52985 780.4221 614.45404 0 0.07583181 569.31177 333.17496 1009.4739 850.188 1 0.31454515 198.32861 551.31384 638.4393 923.5786 2 0.98428947 418.96912 249.01985 669.55115 583.972 2 0.97772187 195.56818 551.3207 652.843 933.4878 2 0.055332035 563.6449 328.3841 1011.4376 852.00946 3 0.720365 577.7427 334.75507 1010.32446 849.9589 5 0.14833899 419.08603 246.08525 664.4044 591.10645 ,test/2952.jpg
0 0.06179645 426.7579 384.3325 578.68555 623.39594 1 0.26763406 426.43567 383.14514 578.74963 623.3847 2 0.96060574 427.0469 383.9884 577.4372 623.3757 ,test/2953.jpg
1 0.96183497 942.9115 191.05368 982.15686 225.09296 5 0.15454902 864.8959 838.99164 896.0377 881.9556 7 0.99982905 282.85693 128.26672 893.1222 917.06604 ,test/2954.jpg
0 0.9020523 308.596 209.74678 712.4523 640.6437 0 0.50370306 305.34244 203.919 550.35046 563.4499 0 0.41635448 415.7502 340.79364 705.67786 643.72217 0 0.398309 545.4714 430.84485 711.90094 648.7129 0 0.0658798 853.059 148.13556 1021.9555 546.7803 5 0.48613188 504.03687 564.8187 1015.17957 1024.0 7 0.07495382 306.13666 203.48761 544.74347 559.3761 ,test/2955.jpg
0 0.9667437 396.5515 345.98495 652.4181 448.45358 0 0.9290181 575.9027 477.98953 645.4221 531.8141 0 0.75909287 397.98068 574.2643 504.1826 641.0864 0 0.6832175 305.5982 380.6628 406.94745 431.6497 0 0.14624684 321.5 343.16968 654.8491 557.60394 0 0.07617049 401.70447 363.69077 565.14374 468.07303 0 0.07484895 377.1958 439.39072 458.404 492.15817 0 0.061364714 420.41608 327.6693 649.2083 381.65692 0 0.05502645 399.05945 572.2168 607.41724 636.55615 0 0.05144982 497.5715 574.632 586.94946 618.4655 1 0.3257637 398.09695 574.1885 504.01706 641.1229 1 0.050610952 305.37927 381.32455 406.76105 431.16446 5 0.07327155 335.90375 416.1604 540.04675 542.7083 5 0.06793624 449.29114 460.87817 494.6767 501.69855 5 0.05878876 497.5715 574.632 586.94946 618.4655 5 0.055655595 482.6841 446.97778 543.8696 524.1304 7 0.9101471 314.60355 374.60077 548.72766 558.3705 7 0.6781538 317.05536 359.156 633.66656 627.519 7 0.32166183 304.9448 381.04044 406.92648 431.60715 7 0.14304218 377.1958 439.39072 458.404 492.15817 7 0.11980283 576.86127 477.83997 644.3223 532.6082 7 0.117928445 390.00586 573.6324 592.8411 640.4327 7 0.1021259 397.40555 505.70248 638.281 636.99335 7 0.056862004 485.62292 474.59668 641.03406 625.0668 7 0.05411777 497.5715 574.632 586.94946 618.4655 ,test/2956.jpg
0 0.4429342 495.78134 502.68365 599.01666 542.222 0 0.08608818 22.908752 132.5726 1024.0 1024.0 3 0.073234074 24.958038 121.93445 1024.0 1024.0 5 0.8748853 19.710754 120.55441 1024.0 1024.0 5 0.06080031 227.15594 361.7926 1016.37115 838.6881 7 0.056271553 27.473877 278.5288 1024.0 920.7388 8 0.99037814 378.76678 520.67505 622.31494 824.4868 8 0.9687363 579.97144 439.75217 814.8408 723.69275 8 0.53174746 339.83823 612.9419 481.0162 758.0078 8 0.504518 527.0016 472.68195 752.37573 814.24384 8 0.43483534 334.97232 487.5182 794.6279 812.01025 8 0.28083125 497.5884 501.23618 621.1602 769.62463 8 0.15065596 301.7692 611.79114 441.68747 709.09534 8 0.13510448 377.52353 598.6944 430.89102 636.10443 8 0.083113 365.9243 666.1747 480.02512 755.61194 8 0.08155193 494.2884 499.2526 604.7946 542.9196 8 0.06053481 537.6834 494.11185 656.09467 783.5029 8 0.05811715 562.375 596.1464 742.31775 790.889 ,test/2957.jpg
2 0.99990726 374.03516 295.05383 716.3235 666.01636 2 0.2055535 289.98438 351.02466 349.72052 482.01935 5 0.27149367 290.15814 350.74023 347.2721 481.6599 ,test/2958.jpg
0 0.21056505 711.74194 949.6493 766.9453 980.8656 7 0.9997725 295.91522 405.16254 703.7602 772.4843 ,test/2959.jpg
0 0.9854894 167.62314 421.6491 653.26074 700.841 0 0.550775 0.0 778.5265 179.29709 817.2023 0 0.07409178 167.84259 270.96173 819.18396 694.86896 0 0.05841069 257.38165 663.0646 361.4062 702.0847 1 0.055677168 168.42056 422.21005 655.2958 701.5576 5 0.12864468 0.0 778.76215 179.87346 817.268 5 0.097185574 66.8315 140.29256 136.85107 198.87703 7 0.9947648 581.2913 257.64447 873.60944 496.17725 ,test/2960.jpg
0 0.27369305 750.69855 266.85254 806.19 295.33203 0 0.06395667 446.24228 441.45297 471.19083 473.9731 0 0.055229306 743.7761 227.35341 858.41345 302.1742 1 0.8868487 781.90594 229.7807 855.95844 276.77203 1 0.47680318 748.5996 227.64485 856.0825 298.21008 1 0.15017878 782.8331 230.4487 828.67615 265.08322 1 0.112719424 748.4703 265.55905 807.25446 297.36313 1 0.08342437 790.09235 242.84161 844.83856 281.42407 1 0.05819254 91.293365 671.1335 119.78679 717.9799 5 0.31551304 822.2152 271.9328 857.4955 315.40393 5 0.09988098 91.262985 670.86237 120.171555 718.7747 5 0.08344039 446.77942 299.48743 537.43195 446.83783 5 0.073514566 804.535 267.3448 861.581 329.02332 5 0.061274786 445.32748 354.77148 504.0612 453.7881 7 0.99977237 430.599 424.09213 644.7157 800.5818 7 0.99975187 463.64014 181.2985 756.34656 534.8612 7 0.9988508 5.2611084 599.29333 242.71704 993.328 7 0.99808866 165.59538 489.1198 440.23596 972.762 7 0.99727005 636.1617 521.3076 703.60187 612.7478 7 0.9941849 337.83157 430.06488 471.50668 641.7043 7 0.9842584 738.9116 223.79085 878.7982 472.31946 7 0.6441639 682.473 379.14902 820.2583 540.4686 7 0.6089794 406.9918 638.09424 436.62515 730.95374 7 0.42970896 748.30646 267.3038 807.85223 297.1464 7 0.38143575 738.7655 268.39877 812.9022 465.26254 7 0.32714558 7.0882645 608.3844 155.48776 787.8646 7 0.13968514 689.9811 249.74324 847.45044 539.9902 7 0.13888465 53.971405 608.6388 110.264175 667.72437 7 0.1324671 448.38882 443.13278 470.25137 519.50757 7 0.12671876 634.4183 533.6166 659.9145 613.81335 7 0.122490704 742.45544 264.80133 807.5895 320.63922 7 0.114869535 171.07654 496.33487 371.52008 738.63257 7 0.09220151 446.24228 441.45297 471.19083 473.9731 7 0.07999509 744.4971 223.73764 860.7438 325.5591 7 0.061934616 78.53725 607.91986 104.275925 664.53156 ,test/2961.jpg
0 0.2276753 871.6334 440.07635 1024.0 553.98395 0 0.22545637 180.63509 738.0749 244.59688 775.2314 0 0.11287852 373.72482 374.6674 426.36288 409.6642 0 0.10512087 6.153183 511.22507 275.25122 781.021 0 0.102157265 856.98267 633.9087 918.1565 697.3618 0 0.08741586 0.0 583.09094 196.12758 775.63354 0 0.08675588 255.92915 582.9962 273.10437 650.07825 0 0.0771405 612.18726 524.7363 672.87085 595.89844 0 0.06724462 257.20905 732.1269 406.86896 773.89996 1 0.98503613 425.52335 303.64108 583.2334 511.61197 1 0.87580734 262.0721 734.16486 370.12442 773.8139 1 0.7382933 180.33542 738.0408 244.76413 775.2312 1 0.19202141 19.368645 0.97117233 246.94601 57.077564 1 0.18113104 472.9634 599.9025 542.4715 772.3737 1 0.15208112 163.04875 661.0502 260.16785 774.7461 1 0.15146452 258.86508 730.3401 480.5568 774.76843 1 0.1420797 373.72482 374.6674 426.36288 409.6642 1 0.10144232 231.18362 748.6838 279.85364 771.78973 1 0.08733198 166.36362 667.8052 228.85388 747.6948 1 0.07733183 612.18726 524.7363 672.87085 595.89844 3 0.16353701 584.1972 303.3608 627.32574 352.08908 3 0.110147625 548.95306 578.182 624.75226 755.10486 5 0.99100775 615.6728 680.20593 819.72394 780.33594 5 0.9889809 0.84617615 19.948486 253.10825 494.6986 5 0.9771877 632.653 620.9263 904.4932 689.3407 5 0.87355137 564.362 466.70267 753.94037 611.0732 5 0.8642164 591.6488 319.43378 946.8369 469.74036 5 0.8600435 567.75964 421.47983 904.78955 630.28577 5 0.84507763 521.2687 0.0 861.56714 468.05023 5 0.8336548 775.33417 394.43622 809.4356 433.81885 5 0.8248828 527.6713 646.83167 567.57355 763.693 5 0.79509497 622.8468 276.13522 811.34656 367.61826 5 0.7695684 549.12573 573.00336 623.9469 760.445 5 0.7492523 511.56146 856.8609 934.22174 1020.8195 5 0.6462482 750.8113 561.3711 903.0746 635.92395 5 0.6223459 592.7595 341.43 793.2938 438.1062 5 0.58154494 548.08307 746.75714 620.79803 765.8128 5 0.5711416 809.2496 396.05063 985.8687 496.16953 5 0.5703987 815.56396 713.27264 883.3989 769.89813 5 0.5695383 611.2717 525.1104 750.2938 604.0528 5 0.51034707 530.60187 463.3231 608.4025 646.5436 5 0.40982574 598.57855 275.98355 821.04865 443.22598 5 0.3940919 757.72504 313.6648 937.2503 463.68994 5 0.36749402 587.2195 410.83124 823.57556 480.16736 5 0.35024586 533.539 463.93488 645.1608 772.2111 5 0.347723 743.41797 557.1242 913.88354 590.3641 5 0.34371096 984.3473 548.5954 1024.0 674.9704 5 0.33793646 257.52127 429.5048 278.42667 502.6642 5 0.28985268 612.18726 524.7363 672.87085 595.89844 5 0.28645688 771.5215 393.2725 834.53906 469.4598 5 0.27905503 594.7759 409.20932 717.0276 456.52615 5 0.26749867 530.3235 350.11926 945.00903 738.23987 5 0.26110598 533.2786 736.86835 624.87714 764.3337 5 0.24673098 709.66223 429.04807 806.00757 472.28836 5 0.21881798 624.4769 615.87524 676.60596 672.931 5 0.20720898 851.0341 394.6653 1024.0 566.7118 5 0.20233108 526.1359 472.3542 671.8155 631.9349 5 0.18983479 591.55273 340.9079 695.19116 428.39716 5 0.18686704 532.2 650.76953 568.388 697.61365 5 0.17124338 617.5093 616.9433 908.2992 775.30084 5 0.14270593 6.5356903 440.8527 200.02675 522.77844 5 0.13567713 652.525 606.1545 766.74255 671.60187 5 0.13244934 525.1274 667.2112 629.46747 767.0342 5 0.1318988 569.83527 567.1148 621.2857 616.44 5 0.13118601 740.81366 371.96298 913.7663 471.50992 5 0.12775637 725.827 475.3719 907.99243 618.91705 5 0.12050842 599.5736 338.25287 898.9059 557.66595 5 0.12030411 537.40857 451.00543 803.15735 676.1757 5 0.11923955 676.7089 383.96646 695.8875 426.67685 5 0.11539444 5.28479 471.7685 276.44928 794.3232 5 0.10145014 612.5636 513.2579 898.12524 674.31647 5 0.09393699 924.8108 531.8107 954.1138 580.5196 5 0.09317374 658.3764 572.7948 875.4648 685.24146 5 0.08770453 233.11403 424.461 271.5179 513.4433 5 0.0814853 954.93604 394.16016 1016.7506 443.21246 5 0.08075223 583.3363 482.08145 658.46594 553.2109 5 0.07948498 867.08374 405.11295 1024.0 709.8779 5 0.078756325 473.02536 599.21533 541.903 772.3301 5 0.0786368 678.8699 385.50104 851.06226 469.72083 5 0.07804535 636.9825 613.9469 665.8228 661.19556 5 0.07796542 532.7006 490.06317 553.64606 550.1683 5 0.074088566 571.33124 530.76465 620.49786 593.5287 5 0.07327335 126.5594 16.189682 558.3254 478.3675 5 0.06771487 621.1783 672.9519 739.24603 686.6128 5 0.06405277 574.25085 443.6599 637.3728 494.08313 5 0.06301002 933.6491 534.0015 965.89655 578.25543 6 0.8128284 149.60338 508.20465 272.5356 763.21515 6 0.29172766 8.729782 508.14478 274.03052 776.1317 6 0.13125774 170.01187 612.0294 277.8768 766.8815 6 0.11563839 233.73874 640.46545 283.76706 765.6129 6 0.07889308 167.12872 665.8249 239.03192 757.85297 7 0.99881506 253.90598 375.74234 542.6371 775.9154 7 0.9875337 0.6322174 434.85226 78.03596 524.957 7 0.9184449 0.501564 582.6764 186.71097 775.37305 7 0.48713326 873.0951 438.71802 1024.0 555.20917 7 0.30115452 4.462883 577.4222 151.89893 646.25323 7 0.2888481 5.6454926 513.09924 277.21973 779.08386 7 0.18514815 258.86508 730.3401 480.5568 774.76843 7 0.14167427 260.2126 573.0973 540.69714 770.97327 7 0.066995315 372.49283 373.20428 426.835 409.82428 ,test/2962.jpg
2 0.9998673 242.55583 348.09363 736.9954 683.6127 ,test/2963.jpg
0 0.06859774 594.38696 991.31024 675.0602 1021.82855 1 0.11684172 364.7724 393.47977 560.083 490.15598 3 0.25456834 961.7971 276.4648 1022.7245 546.89746 3 0.18321478 954.3863 245.0917 1000.1154 305.96652 5 0.23528723 961.08954 273.93884 1022.6751 547.91614 7 0.9672028 358.08643 285.14276 632.63336 661.2464 7 0.7210808 360.90204 284.576 490.43396 388.04242 7 0.13411738 358.3952 282.81088 573.91656 409.55484 7 0.12501864 366.5614 382.49567 563.6628 489.8307 9 0.55426306 794.3909 504.5342 1024.0 817.1494 9 0.09816415 593.32196 989.7281 674.0413 1022.6381 ,test/2964.jpg
0 0.28945726 230.06085 309.92935 688.6059 605.9812 1 0.5836772 231.4018 309.50647 683.9544 606.8693 7 0.52327746 229.47134 310.0771 685.8898 605.984 ,test/2965.jpg
4 0.07079438 384.89545 290.85834 761.3901 673.50476 5 0.9866449 385.34125 289.80127 761.07196 674.72974 ,test/2966.jpg
0 0.967097 241.41553 883.04193 345.1975 949.1961 0 0.560753 560.0797 591.59314 651.5231 676.6465 0 0.06575827 646.37976 381.22165 733.6244 442.4108 1 0.23452935 560.1889 591.72534 650.9737 676.81384 1 0.074110314 241.12366 882.8032 345.16162 948.72974 5 0.2839587 199.36166 429.2064 818.2438 633.7051 6 0.8940953 658.7577 381.22095 732.01 441.90363 7 0.9667368 194.439 428.91183 820.6732 633.7411 7 0.25448766 593.744 332.6938 1024.0 653.9812 7 0.225289 247.29953 342.34515 986.6859 656.65015 7 0.15089838 199.17767 435.33777 815.9151 845.1852 7 0.103510335 445.45627 743.3861 557.3772 854.7135 ,test/2967.jpg
0 0.65754247 626.54224 895.8211 722.38354 1022.63666 0 0.43028635 626.654 956.6687 686.76495 1024.0 0 0.3690125 538.2767 791.6672 641.8636 840.5181 0 0.3461368 597.8921 817.1148 723.6033 1020.1906 0 0.22123489 535.5383 785.40753 618.69336 877.1777 0 0.17124896 537.1511 789.11017 571.3672 830.53595 0 0.16562887 347.06638 303.90503 368.50076 431.49298 0 0.1031008 558.6873 780.14636 673.97345 836.0458 0 0.0927777 534.17847 837.802 641.2744 887.08374 0 0.07217303 622.51904 903.04285 710.931 975.8395 0 0.055317592 337.72403 790.6516 545.2277 818.9895 0 0.05316998 591.89264 823.8207 704.9919 940.6669 1 0.9935821 357.37143 25.24237 605.41864 582.8726 1 0.964221 283.59778 34.227264 700.8043 882.51794 1 0.9163995 589.26013 455.99982 623.1908 546.95 1 0.7886129 264.68573 785.7062 639.9354 918.44055 1 0.74759316 562.74835 777.2444 673.7425 837.90295 1 0.7422177 290.6916 839.35754 629.91284 911.8356 1 0.5572595 626.44434 955.97174 686.93494 1024.0 1 0.5504733 256.31763 535.5311 693.4734 932.1266 1 0.53309494 246.87302 831.2459 713.8176 983.47406 1 0.44090194 669.9326 455.6152 696.40076 576.6167 1 0.44068876 279.7601 862.6375 646.5818 935.4152 1 0.38550082 351.27374 301.2912 366.6026 430.60425 1 0.28385478 540.2292 778.14307 730.80145 1020.87195 1 0.25518036 578.55426 230.7988 668.2303 540.8186 1 0.20660093 532.5171 783.9887 636.7323 903.6192 1 0.17974207 533.6602 839.08417 636.7519 895.85114 1 0.15276633 571.1819 225.38202 694.7676 769.5553 1 0.15165432 268.98047 789.29956 549.49646 851.02295 1 0.13029529 571.4977 781.01556 642.00464 810.5418 1 0.12685843 432.7036 863.0876 590.2331 909.6236 1 0.12225891 245.82742 701.26697 696.87195 853.58997 1 0.10582991 599.997 475.4709 622.4185 543.909 1 0.105589904 360.835 302.83307 370.74075 434.45172 1 0.10484596 667.43396 459.238 693.80347 517.577 1 0.0989426 328.33215 423.99548 702.82935 807.1941 1 0.09470944 309.8908 899.722 651.5981 945.6396 1 0.09187843 624.8654 896.9393 722.47723 1023.84125 1 0.08563236 331.70032 791.4168 548.3271 823.92706 1 0.07870924 547.4471 796.8434 685.4505 927.0835 1 0.076173685 370.5661 902.61633 645.371 931.0425 1 0.073883444 449.65472 780.1121 709.09955 919.54816 1 0.06806246 1.105133 675.5374 317.28326 1019.98126 1 0.06647671 349.52365 164.59589 405.67203 444.4292 1 0.06466057 590.71765 838.27026 647.2833 933.13586 1 0.0642375 229.87498 848.4598 274.02103 906.3997 1 0.0642103 351.93698 856.4847 552.2645 907.3577 1 0.061795946 360.86975 277.26672 383.7472 444.95752 1 0.060903925 682.36487 473.6517 698.4132 574.33795 1 0.059726167 425.51892 795.9156 637.0748 897.3636 1 0.05732331 657.9525 447.78772 699.1184 746.379 1 0.055075236 489.43753 823.2497 641.17334 919.12823 1 0.054393146 577.07245 827.5615 709.96454 956.49084 1 0.053117506 577.3044 795.2692 635.8427 816.1768 1 0.052806202 293.13837 685.35864 619.384 934.6732 1 0.051300924 241.40529 901.12933 738.1018 1013.0744 5 0.14990827 638.7421 832.98 662.6788 884.2689 5 0.05678582 640.2711 829.1181 702.0227 917.0986 6 0.24905214 533.09247 840.1578 628.1755 899.48883 7 0.31607276 641.3298 828.5524 690.1976 915.5738 7 0.098853335 566.89124 781.0704 723.84326 1021.1562 7 0.087752655 591.89264 823.8207 704.9919 940.6669 7 0.073554896 628.7901 817.49646 717.15753 1016.40845 7 0.056924198 628.1075 816.17377 676.0749 912.95294 ,test/2968.jpg
0 0.33654132 449.6972 205.64108 798.61505 716.38354 0 0.31510654 265.4425 801.94995 332.56696 859.4021 0 0.3106187 571.70776 268.32278 667.8717 301.48624 0 0.06498881 460.76755 251.1488 734.85645 315.53442 2 0.4283751 451.0885 207.29416 800.59937 716.225 6 0.83181113 450.4504 207.3707 799.62146 716.5941 7 0.52316934 691.1378 96.75218 767.2012 149.19078 ,test/2969.jpg
0 0.99618214 229.0815 218.75345 626.5023 610.31506 ,test/2970.jpg
0 0.69275594 286.9707 515.5167 611.1264 715.8684 0 0.3145946 321.1485 230.26205 817.3942 587.704 0 0.078221396 790.9908 12.331253 1022.85345 259.04187 0 0.07161747 678.3357 1.6848831 1004.756 117.86505 1 0.27370387 321.66748 221.8549 824.15894 560.18945 1 0.2424765 287.67123 516.54193 611.3932 715.8912 2 0.9578759 320.83783 220.36781 825.4395 555.39624 4 0.28564838 287.74762 516.4263 611.4715 715.1339 5 0.15674032 708.4488 1.8225403 903.9206 112.441956 5 0.103482075 287.95575 516.0265 611.7803 715.36914 7 0.10895409 288.11627 515.3777 611.2904 715.359 ,test/2971.jpg
0 0.29028094 418.5878 188.76968 549.4695 256.5992 1 0.52465475 419.06525 188.83267 549.93854 256.31647 7 0.9997546 145.6485 123.17151 852.5482 901.52734 7 0.91269815 379.69946 241.94136 591.243 337.97894 7 0.6544101 380.91653 189.68355 568.55383 309.0197 7 0.5480578 419.3702 189.85971 549.91974 256.10846 7 0.5320281 358.72253 36.12648 621.93176 328.52747 7 0.25313544 490.93307 247.4912 597.51587 302.4846 7 0.15904778 381.09116 268.10706 507.37186 338.01685 7 0.15001012 659.69086 305.95593 746.4152 405.99542 7 0.14910486 625.2227 247.90663 771.69684 430.73895 7 0.10033962 524.2739 237.42622 799.15625 436.12958 7 0.062276825 378.8966 289.74826 475.3684 335.7999 7 0.057535995 277.8203 29.073273 699.40137 428.4824 ,test/2972.jpg
0 0.23359185 449.1196 404.5843 629.48486 586.33307 0 0.11121801 589.62885 626.5655 617.2441 650.8382 0 0.052782025 457.3086 517.339 634.6311 734.96826 2 0.07443388 449.06104 404.55844 629.6831 586.40533 3 0.45259765 449.4139 404.34207 629.4833 586.1688 3 0.18062033 461.2671 510.28384 632.9414 738.14246 5 0.63241583 449.44138 404.33566 629.5371 585.35596 5 0.20153141 456.9878 512.15515 629.4905 583.6925 5 0.055763885 461.2671 510.28384 632.9414 738.14246 7 0.28491715 449.51093 404.37006 629.73737 586.3285 ,test/2973.jpg
0 0.49557477 226.38681 177.83487 612.07556 613.3989 0 0.096681915 273.4388 173.93834 520.49756 314.50574 1 0.053321 226.09912 179.8508 612.16907 614.42615 2 0.06734107 226.09912 179.8508 612.16907 614.42615 5 0.77760696 227.5635 180.14552 611.6709 613.9473 7 0.12052857 225.23628 176.61403 611.108 590.55505 ,test/2974.jpg
0 0.94678694 509.53687 942.2154 574.1836 987.321 0 0.7332818 364.6933 882.2991 423.28802 924.6697 0 0.22613989 355.44513 536.0949 578.9685 798.20135 0 0.09165715 580.6062 185.79526 828.8508 596.78723 0 0.06419585 307.8702 281.47733 823.6664 900.43823 0 0.05313163 581.8766 314.94385 861.7268 752.136 0 0.05223355 795.3755 255.43306 817.0205 309.0445 1 0.9448827 262.22885 302.70554 868.6117 1017.4238 1 0.71648884 565.5281 326.29974 888.2473 765.7015 1 0.7141676 723.6006 562.0282 835.9142 740.5604 1 0.57021886 476.16953 520.39795 547.77747 590.1686 1 0.5391564 542.6219 648.16614 694.7813 817.75745 1 0.37160012 374.22604 311.206 461.6108 434.2176 1 0.3705247 546.1124 448.1567 749.4297 811.73926 1 0.32904717 492.67654 448.74396 606.0815 588.58685 1 0.31969947 286.73816 287.75836 590.62305 884.40594 1 0.31769586 539.8082 554.9456 830.44324 891.3206 1 0.30597442 511.42612 43.782104 814.99976 566.03186 1 0.2789821 354.9438 540.1552 578.3288 803.37604 1 0.26208788 378.81662 740.7249 623.3096 874.16046 1 0.24128446 347.73358 667.29584 669.66766 874.8641 1 0.21297851 308.08105 270.30646 469.46777 810.06866 1 0.2052478 577.1122 535.29016 831.36536 756.1758 1 0.20331357 285.95374 742.6427 785.59424 1016.4143 1 0.17281748 381.19504 380.22156 542.5935 547.8012 1 0.17038707 712.9707 485.38428 872.38806 741.5802 1 0.1542526 371.5287 531.5466 581.1801 636.8403 1 0.14327233 520.37427 304.5855 800.4574 576.3435 1 0.14125384 725.6546 657.98517 819.5809 748.9604 1 0.13114338 793.87274 514.3194 853.5617 602.0634 1 0.12947458 801.505 451.81482 870.73486 722.995 1 0.10321531 364.32294 510.6074 723.51886 847.6675 1 0.10030618 475.32132 496.53635 625.8473 625.7908 1 0.09888141 550.7492 714.7307 698.8244 864.8561 1 0.07972446 462.97073 398.0758 642.63416 634.95374 1 0.07256557 583.3715 770.01117 761.2109 870.18915 1 0.06769856 620.6279 774.144 787.3059 959.60077 1 0.06634923 375.2346 313.76685 488.684 537.81116 1 0.0612989 429.4488 113.02243 825.5927 920.447 1 0.06018394 647.31744 49.856323 821.9443 323.5364 1 0.05667914 635.1455 493.85913 851.9424 1001.2418 1 0.054968517 539.6392 713.3671 644.3713 819.0157 2 0.8569765 381.54544 379.51715 545.60815 551.50507 2 0.6775494 354.8 541.6642 580.03265 797.0885 2 0.64925927 374.33472 533.49316 580.4975 635.6648 2 0.114414215 460.48297 419.15384 638.19464 635.6381 2 0.06313479 492.67654 448.74396 606.0815 588.58685 2 0.05773906 354.78952 348.55585 534.2367 801.5253 5 0.35499218 421.81436 255.71245 481.65915 368.30908 5 0.12707737 511.42484 143.07657 568.82983 231.1366 5 0.120899774 356.08734 317.69153 572.05383 565.39325 5 0.09770451 534.8741 364.36877 674.51495 548.3055 5 0.084184006 424.3976 253.72205 536.0002 390.25537 5 0.06829613 506.36136 146.6482 610.0059 380.08173 5 0.055518873 467.83234 200.0217 525.1419 283.81738 5 0.052490897 698.4431 98.377975 819.15295 323.24915 6 0.72543985 516.84106 52.457886 810.8922 570.0888 6 0.4435483 467.89124 199.6764 525.06976 284.2477 6 0.20996855 452.1623 198.02472 577.3189 392.36957 6 0.20527524 506.68872 130.05556 604.4083 382.68774 6 0.19260144 548.2842 82.2306 634.3894 332.4888 6 0.18702762 533.56396 356.5949 679.2949 543.1173 6 0.17799552 592.6783 45.38443 823.75116 312.00348 6 0.14040959 469.79828 271.56073 538.86456 388.39038 6 0.13019583 590.6904 42.92472 728.9087 245.43948 6 0.120665394 426.02216 253.29663 553.4443 390.27808 6 0.09252348 698.4431 98.377975 819.15295 323.24915 6 0.08729502 520.37427 304.5855 800.4574 576.3435 6 0.08230208 517.3015 210.14343 601.96875 334.75208 6 0.070718594 553.75995 89.82643 610.5555 184.02913 6 0.069935314 548.05457 42.039078 711.09717 322.00598 6 0.06507728 474.17737 271.78137 565.16833 348.06085 6 0.05973462 422.6828 254.93481 482.1223 371.37878 6 0.050388437 511.97253 143.26765 569.2748 235.48582 ,test/2975.jpg
0 0.7533642 426.7277 421.07626 541.4891 493.1035 0 0.51916206 611.9154 488.7267 670.4608 523.00934 0 0.22672743 355.86215 487.96564 513.4752 734.9465 0 0.17745428 610.1084 486.60687 693.31836 536.10333 0 0.14499794 237.7958 476.06506 424.44467 657.7644 0 0.119316444 335.6789 428.92276 449.2273 487.70157 0 0.10895086 425.12836 423.94672 728.5607 582.718 0 0.10119358 411.26678 489.35764 509.4933 614.4791 0 0.075235926 389.08478 663.87964 422.5727 722.27844 0 0.074043885 593.6293 441.60104 723.94104 539.88885 0 0.073480755 429.00775 421.8785 549.90466 566.57056 0 0.06969874 417.5973 419.3086 552.0548 711.9219 0 0.067603275 356.28268 663.49304 493.77115 739.02356 0 0.06223813 460.5966 576.8603 642.9657 724.3608 0 0.060329523 459.81012 462.09708 524.6737 493.51895 0 0.053433634 453.69232 674.6408 479.39087 738.6357 0 0.05301045 463.1624 676.5465 490.97894 740.53906 0 0.05247741 273.35016 670.1835 326.70044 707.5005 1 0.32510796 357.82898 498.37982 507.66644 732.63947 1 0.2807196 317.9462 627.69037 380.59726 725.05853 1 0.23145112 240.66953 469.53622 434.85904 688.2677 1 0.1834473 350.0375 623.63617 388.69565 731.3935 1 0.1306086 277.03302 672.5856 327.98492 706.1852 1 0.120780185 356.28268 663.49304 493.77115 739.02356 1 0.114125825 266.18854 635.7053 388.21527 725.5427 1 0.08566337 312.91412 473.92242 414.40234 677.8958 1 0.08085099 349.29718 634.7309 376.8905 711.26886 1 0.07860997 389.08478 663.87964 422.5727 722.27844 1 0.06389278 276.86703 665.474 333.24277 693.588 1 0.05327344 279.38568 668.91284 359.52924 721.9408 1 0.05046979 362.16864 585.5773 477.5797 735.75366 2 0.948837 498.15912 429.36557 725.5545 587.28296 2 0.6466892 238.9307 477.3332 424.64053 660.86725 2 0.61627203 356.19614 490.23776 512.45215 734.3195 2 0.5107045 319.0782 632.5673 379.08496 723.1696 2 0.49088138 235.79843 581.56256 373.0267 666.0241 2 0.2398274 274.00027 633.53906 381.78378 701.7927 2 0.06658514 411.26678 489.35764 509.4933 614.4791 2 0.05110287 350.0375 623.63617 388.69565 731.3935 3 0.83990884 460.18207 575.04193 643.37994 729.32245 3 0.3535231 284.02393 581.5437 648.8916 804.8386 3 0.26973027 458.64493 648.1774 640.40015 737.3487 3 0.16845788 238.86078 475.83035 424.86676 659.6124 3 0.14103009 306.51532 485.76205 512.6172 721.723 3 0.05317868 337.49634 429.69974 425.13544 475.58157 3 0.05193279 398.9521 489.9063 514.9823 594.96075 5 0.32283467 236.69724 583.22766 364.67264 665.8336 5 0.09473818 338.18604 429.79312 425.03778 473.3121 5 0.08838524 460.5566 574.857 644.48047 727.9239 5 0.073959425 238.6513 475.3783 425.8022 664.9054 5 0.050432112 398.9521 489.9063 514.9823 594.96075 7 0.28964823 427.82086 421.50964 541.6851 491.25793 7 0.1329249 429.46948 420.51672 548.07477 577.42664 ,test/2976.jpg
0 0.9999708 320.13055 220.0719 749.3232 541.5268 5 0.9080855 48.96456 294.5856 130.37195 647.4884 ,test/2977.jpg
0 0.21244922 3.4899292 474.77997 68.312 539.1764 3 0.25920352 625.92834 907.70605 649.3137 942.0952 5 0.080442965 281.15228 132.96155 513.2092 383.9502 5 0.062107515 134.91125 5.118759 179.15479 70.20508 6 0.94793826 26.764557 307.39008 624.0525 697.1912 6 0.9237531 229.07095 144.17136 1024.0 751.2311 6 0.6639279 279.28287 133.85223 513.4558 380.57642 6 0.47936997 98.66661 278.69476 193.85677 407.77637 6 0.3991188 179.45752 112.85382 392.5182 417.92267 6 0.25381076 186.54865 225.43944 334.02155 386.70026 6 0.24449532 247.918 117.318085 392.49063 257.68958 6 0.20560291 454.3657 149.60286 742.14954 534.48096 6 0.18002044 95.60579 114.215576 329.44556 375.02795 6 0.15537147 179.15552 143.79077 288.43793 400.78223 6 0.15295422 224.03885 314.531 667.03357 563.51917 6 0.14534783 178.18384 109.97532 312.35205 246.9444 6 0.1372681 440.65173 165.79591 511.62952 362.90442 6 0.13121127 267.30212 217.83755 567.93085 672.4813 6 0.12847698 16.588821 161.75952 508.00812 570.7093 6 0.12418598 17.905151 293.74567 398.5722 543.27966 6 0.12091379 508.52087 159.17032 717.65076 371.80392 6 0.111428164 552.42596 376.92554 1022.1541 745.43616 6 0.111135826 37.333702 282.78534 203.31113 429.28412 6 0.107833095 0.0 289.0817 188.94785 531.8157 6 0.08435431 288.48547 125.90861 397.16412 222.93057 6 0.0805257 295.738 200.76083 411.82236 351.21518 6 0.062705256 223.33932 148.86005 608.407 517.9616 6 0.062352512 83.02994 115.3916 513.0327 419.56256 6 0.055534918 489.72827 294.63995 696.5519 450.66522 6 0.05410175 186.75882 297.4626 313.3925 439.84833 6 0.053390455 99.691956 268.87277 179.41248 345.35703 7 0.99754095 1.5214157 1.3755493 201.10428 320.30334 7 0.8520498 3.5456123 474.81985 68.402954 538.7065 7 0.84048015 2.8320007 290.11884 81.6188 541.809 7 0.42610732 142.98412 71.74797 197.69545 149.56331 7 0.18021494 26.607204 267.77408 60.18088 330.6857 7 0.15171427 215.61143 104.99509 300.51303 213.6416 7 0.10811121 15.625908 267.08804 105.92987 351.2656 7 0.09322352 101.55953 268.74432 180.58722 336.47382 7 0.08124773 72.75404 293.89096 105.294586 324.1954 7 0.0677807 1.1310291 323.4077 43.627243 505.65393 7 0.053329375 24.419586 263.37344 108.93149 441.1487 ,test/2978.jpg
0 0.9325014 482.8417 305.5922 531.58875 515.2854 1 0.6189498 480.69467 589.76 592.00275 744.47485 4 0.07085306 480.68735 589.5479 592.143 744.6883 5 0.9976782 471.81137 470.88748 607.8495 776.34204 5 0.27916384 480.06268 572.26324 597.4217 748.92816 5 0.08673731 605.40186 457.97565 1024.0 993.6075 5 0.06613348 483.2091 305.01382 527.1625 514.26416 ,test/2979.jpg
0 0.051600058 565.8199 467.3764 711.7419 629.6646 1 0.21180208 498.0579 214.52744 521.01624 250.6749 5 0.067207545 498.03336 214.37265 520.15643 252.86172 7 0.9998672 490.33868 224.8841 841.9062 765.7325 7 0.9997416 484.6347 687.5898 719.83026 937.7708 7 0.99884546 252.15108 78.22821 520.79626 608.2849 ,test/2980.jpg
0 0.98049235 166.01755 307.2717 811.77026 773.32324 0 0.40553442 174.05676 0.06461334 327.84232 113.53256 0 0.1134416 160.94135 1.358017 416.90808 148.67415 1 0.09633944 168.29257 303.724 809.76953 775.8103 ,test/2981.jpg
0 0.9824609 811.4115 0.0 1011.98596 172.39923 0 0.18467447 786.6121 564.1939 815.7264 600.0798 0 0.12068542 928.9179 679.9721 991.5401 729.53986 5 0.99974304 441.21393 492.05444 756.7111 703.7261 5 0.99386793 268.875 260.11505 607.30316 699.21326 5 0.13248026 274.3721 429.30243 777.3854 701.56757 5 0.13243385 335.15097 443.69064 359.1409 486.40103 ,test/2982.jpg
0 0.17783369 365.82355 383.93665 709.7226 646.2798 5 0.35770902 366.68988 382.97394 709.02203 646.93024 7 0.6349883 366.4091 384.5621 710.9498 646.2606 ,test/2983.jpg
0 0.99956137 382.836 352.75714 734.63995 575.3747 ,test/2984.jpg
0 0.85410684 460.70563 300.3057 667.06586 356.91983 0 0.71609133 0.86465454 559.51245 94.564125 663.8639 0 0.5405965 19.059208 470.5943 100.52742 536.44824 0 0.47032002 0.14160538 459.5522 99.69426 665.7576 0 0.34940827 460.71783 306.01086 668.42523 333.4245 0 0.27952147 393.28522 336.67804 436.80566 379.8927 0 0.23279703 719.1285 436.43488 1016.4842 553.46454 0 0.17048445 851.5284 317.54135 904.7159 388.7977 0 0.15803775 451.2328 248.62881 669.843 364.66983 0 0.1261338 405.82745 460.65924 449.37842 483.63086 0 0.1033463 632.0752 449.32874 763.39795 478.06586 0 0.087717965 919.31067 411.51096 1024.0 449.8923 0 0.076411456 786.44135 383.98096 856.3105 418.18512 0 0.075633064 847.8827 508.14432 997.15247 555.51575 0 0.073919766 861.6243 394.26886 1024.0 451.27356 0 0.06278172 490.58603 318.65402 613.79004 354.7651 0 0.059925534 643.6831 453.13998 761.4651 500.1708 0 0.057453226 873.2802 374.5597 933.6364 403.88934 0 0.055350777 869.7398 377.55554 953.8005 420.8437 1 0.9894678 136.46121 438.9682 987.0359 822.6336 1 0.97275263 841.8379 700.3331 1023.39294 952.01514 1 0.9259041 115.98686 534.41437 603.6022 807.3132 1 0.9199388 615.44543 288.15234 872.381 375.0428 1 0.9185119 850.4906 227.05377 1022.5707 410.30695 1 0.8356052 364.9903 306.13715 766.28265 475.07843 1 0.78173965 875.32825 303.01978 1021.86304 411.36572 1 0.7456178 731.4247 388.71875 1021.7085 566.83514 1 0.72662073 638.5449 240.07251 907.0403 369.3053 1 0.5874048 599.46606 221.02094 1022.3827 398.72876 1 0.5257616 868.9964 379.02148 953.8923 419.7301 1 0.48582253 0.6403122 457.30276 98.12877 668.4723 1 0.430007 855.81726 676.6924 1002.7925 761.5145 1 0.41374716 365.96182 253.27452 1011.0469 470.3153 1 0.40743163 716.8372 412.31253 1024.0 690.01245 1 0.38265958 541.3386 390.6751 1024.0 781.012 1 0.3793183 661.3926 237.15005 885.954 315.12228 1 0.36020088 864.76074 369.38034 1022.2998 422.54 1 0.32976818 408.0162 460.99896 455.89438 482.05957 1 0.29999182 622.4337 444.88345 752.89233 555.98865 1 0.28933603 407.4596 440.32144 502.2527 464.03513 1 0.2722769 365.66574 315.89532 1010.1116 586.50146 1 0.26050264 458.46936 266.61038 870.7534 391.4824 1 0.2444621 600.7825 332.87256 874.09924 389.68927 1 0.23556061 19.059208 470.5943 100.52742 536.44824 1 0.22458564 409.16068 435.32294 486.1746 480.76947 1 0.20589454 639.4603 449.54312 735.59033 464.0894 1 0.18870702 944.8834 739.601 1024.0 895.5455 1 0.17264946 326.77173 468.0004 729.94104 704.2163 1 0.15808064 849.7985 320.65686 903.012 386.60065 1 0.14886905 648.21704 453.8208 739.0509 470.52167 1 0.14674388 753.12775 283.8739 1024.0 450.5537 1 0.13683346 861.6243 394.26886 1024.0 451.27356 1 0.13624874 455.363 252.58826 665.59045 356.11365 1 0.12970942 873.2802 374.5597 933.6364 403.88934 1 0.12618649 442.15222 301.35764 664.2722 399.07437 1 0.12232458 630.1989 395.14008 803.05 465.528 1 0.12113864 633.2218 445.8626 761.1118 475.6148 1 0.11942102 556.3051 199.83339 1020.5695 550.1959 1 0.1041685 635.49976 429.0454 780.27905 468.34985 1 0.10225536 891.3144 652.8899 1024.0 723.84045 1 0.102031745 596.5257 307.4088 780.9677 431.34705 1 0.10154448 918.5803 298.11688 1020.1061 377.14166 1 0.09344615 112.25603 510.08502 413.29688 681.68646 1 0.091975614 914.2329 410.13016 1024.0 448.31784 1 0.0847295 822.782 314.58914 971.0305 404.01578 1 0.081748895 724.6626 382.2898 859.7611 461.81647 1 0.08148971 755.3463 387.08218 1017.9751 445.0392 1 0.08085226 580.2607 345.99237 771.26227 464.29138 1 0.07822987 644.5656 462.58313 830.0424 562.9105 1 0.07268348 724.9748 691.3238 1022.3211 1019.98566 1 0.07128343 968.1229 382.43546 1023.895 410.99576 1 0.06605405 561.71313 305.6908 1000.1481 427.37622 1 0.06555503 726.081 478.4673 1020.37384 559.98 1 0.0641246 335.92114 416.4521 777.6459 568.74536 1 0.056731284 626.3071 347.07962 769.8285 383.8419 1 0.055198975 758.0171 387.38937 800.28723 455.63773 1 0.052171562 786.44135 383.98096 856.3105 418.18512 1 0.051935818 680.3537 292.08118 863.08905 331.60944 5 0.7658972 0.0 0.0 103.801926 280.05426 7 0.31513262 919.15674 410.43427 1024.0 449.154 7 0.25527248 0.82720184 564.032 94.748245 663.22424 7 0.23630524 0.97532654 453.32416 98.898384 664.1971 7 0.090906955 652.9897 450.3173 762.32855 498.68753 7 0.06338344 11.949951 466.9613 97.4021 549.1252 ,test/2985.jpg
0 0.16521399 386.31342 382.3213 742.3193 549.60034 0 0.11738135 245.81206 382.21008 751.94775 746.32153 7 0.9873777 244.67969 383.54492 750.8363 745.6312 7 0.31675744 386.31342 382.3213 742.3193 549.60034 ,test/2986.jpg
3 0.9988943 279.7177 334.97418 666.5331 742.8112 ,test/2987.jpg
0 0.17713174 191.53711 0.0 338.4958 809.7648 0 0.11435073 486.93344 353.1458 565.2451 370.5877 6 0.9981976 330.93988 213.1618 730.7955 792.0403 6 0.1272811 425.37054 274.79694 585.83246 325.77576 ,test/2988.jpg
7 0.99992025 212.8529 443.5694 868.50745 848.3404 ,test/2989.jpg
0 0.9970209 293.89322 391.87442 418.31723 464.08115 0 0.27492216 305.19156 7.596161 1024.0 970.5403 0 0.072615445 75.790955 355.66788 383.09668 563.6145 3 0.9576628 75.947586 353.7627 380.12274 564.72186 5 0.111984126 74.917435 355.1298 392.31586 564.15295 7 0.90471715 188.76141 32.11844 1024.0 978.15015 7 0.31930095 102.65875 28.143265 678.9768 388.67157 7 0.25368568 98.146454 127.910034 465.48575 406.3056 ,test/2990.jpg
0 0.99943644 210.09294 34.984802 703.3385 995.6966 0 0.23686647 9.643982 0.0 646.4406 309.68695 0 0.084479675 642.50354 4.4078064 719.2174 790.0493 0 0.058300294 4.353157 0.0 230.65701 122.26341 7 0.17784286 5.45636 0.0 231.20822 121.42029 ,test/2991.jpg
0 0.9184984 337.16684 393.44843 748.88306 655.0085 5 0.05060619 622.49896 309.9184 681.12726 325.37592 9 0.1600167 336.32034 393.9768 749.3557 655.277 ,test/2992.jpg
0 0.9945121 236.28242 123.817215 634.253 499.50012 0 0.45714754 560.5378 173.72765 641.00995 223.8785 0 0.43011072 274.92264 330.22842 698.17883 579.249 0 0.36847657 484.66284 136.14536 551.3605 193.2573 0 0.2794186 519.5975 172.17062 639.93085 238.61835 0 0.16972432 669.2334 651.73566 740.3247 689.2486 0 0.15495454 664.1379 613.45465 751.8017 731.84357 0 0.15453461 504.27237 187.60713 590.02686 218.84642 0 0.133563 216.93259 397.56543 261.19846 431.10785 0 0.11979766 373.93616 145.64993 548.2611 227.68335 0 0.11303082 253.13528 538.3284 374.27768 580.5372 0 0.09845522 462.72784 107.84656 635.79596 246.439 0 0.07595437 423.0452 111.06775 631.07904 426.0575 0 0.059638232 450.72577 156.80283 638.7397 225.42441 0 0.059321273 278.89532 461.36746 435.77185 519.9389 0 0.050471418 603.70337 756.0468 630.51135 785.08246 1 0.9963955 615.444 640.9149 912.57104 943.99 1 0.98359513 171.72858 256.0532 331.3393 371.2352 1 0.97100013 505.9654 521.558 811.4013 730.52124 1 0.68126816 225.34471 196.28894 258.39935 221.44467 1 0.55730945 481.95355 114.12981 608.4379 197.05254 1 0.4335499 262.36328 263.55066 326.3797 294.34027 1 0.41857383 606.0492 597.6752 765.33875 727.3119 1 0.34636408 671.4778 620.5628 783.6421 733.25336 1 0.26097092 479.8106 109.06134 636.47736 245.72516 1 0.16049063 623.0162 608.8034 749.83026 675.90424 1 0.14824615 256.9148 538.4608 372.5628 580.95154 1 0.11326248 659.69446 615.7395 752.03235 701.4641 1 0.102424905 217.41333 257.0989 333.20526 299.31906 1 0.09388374 543.61774 165.2333 640.3681 232.28433 1 0.091576286 654.0147 684.22754 850.9185 891.1515 1 0.07966552 248.27095 536.90393 303.9605 575.4713 1 0.064980716 485.16046 135.07616 550.77264 193.46996 1 0.056792047 600.26044 563.89984 778.992 666.7857 1 0.053044394 216.632 397.5899 261.13678 430.7256 2 0.3358095 483.4159 137.93488 551.7086 192.9462 3 0.3112341 776.33575 789.37854 836.13385 866.73987 5 0.24870352 576.7856 340.22537 677.64325 438.47324 5 0.16558261 777.4719 787.2879 837.4961 861.3759 5 0.16159041 275.1252 480.2918 315.63266 512.6324 7 0.9995751 199.93567 498.85855 564.58936 793.44824 7 0.84860605 296.1975 466.6988 431.69397 519.9914 7 0.8393582 430.07056 343.53412 705.6216 585.0258 7 0.7130476 580.09454 335.29565 621.5931 416.37708 7 0.6473893 220.37933 517.2097 379.7583 581.3179 7 0.552234 216.65865 397.59494 261.11447 431.00424 7 0.48248336 256.9042 538.61053 373.6642 580.57367 7 0.24494772 570.0981 341.63644 678.9152 442.22665 7 0.19275773 296.43005 464.62372 478.62048 568.4544 7 0.123525865 229.76437 514.7576 307.89822 578.66486 7 0.07951201 207.07619 521.8454 385.25238 624.4733 7 0.07030687 246.05357 535.68396 300.9948 574.6511 7 0.06311842 560.5378 173.72765 641.00995 223.8785 ,test/2993.jpg
0 0.63765347 0.72214127 908.22565 69.80623 1022.8194 3 0.2611068 376.71393 136.39069 545.697 773.0428 4 0.4557629 376.35275 142.40097 545.46313 758.92615 5 0.75489026 376.97388 133.547 545.45337 774.36664 ,test/2994.jpg
0 0.9530917 245.0232 866.9775 445.3385 1024.0 0 0.4597508 352.6623 875.3882 448.54523 1022.61487 0 0.14596732 227.9087 826.75256 568.2707 1024.0 0 0.09706116 618.61786 357.56958 732.2674 565.8207 1 0.9878235 177.55075 499.00607 645.1594 875.20154 1 0.07660768 192.60902 290.43457 672.52155 573.5876 2 0.9901598 197.79314 310.5509 667.5203 556.23346 2 0.27957585 175.51825 316.38086 669.54266 885.93494 5 0.7978441 166.71516 248.90831 666.05396 379.65753 5 0.5850673 410.42703 81.84945 470.40958 128.20975 5 0.18049645 194.35214 296.6955 688.2356 551.1771 7 0.22504504 619.724 357.39093 731.4386 569.10913 ,test/2995.jpg
0 0.062601514 249.35947 133.8324 910.18604 945.615 1 0.79946136 733.23517 221.6933 810.6534 335.22632 7 0.9739491 257.91855 106.38986 840.16833 942.8533 7 0.37324938 262.25223 126.63228 800.1046 479.6507 9 0.08765615 260.90945 275.89194 913.5078 949.0792 ,test/2996.jpg
0 0.79833835 377.72382 364.74313 424.36182 462.8295 0 0.25418591 378.26154 349.2143 422.92377 557.94507 1 0.9634893 390.8167 259.3709 733.03375 838.1766 1 0.9515344 654.47144 110.48085 877.32263 431.85992 1 0.8813624 377.34314 250.96698 710.8627 474.0879 1 0.26182872 383.92212 127.53082 879.3092 742.6553 1 0.14541966 421.34778 243.90695 720.90015 384.93057 1 0.10336243 418.13843 110.28677 878.6891 462.94864 1 0.0647828 386.9026 248.99324 637.87146 353.84518 1 0.052944005 374.0556 331.97113 745.1451 613.40356 4 0.9318379 466.75977 473.31674 645.8446 827.48425 5 0.48461977 470.8259 455.46625 644.94507 829.14496 ,test/2997.jpg
0 0.25372806 184.64868 374.52866 328.87457 528.81494 0 0.14391355 217.9571 400.6074 295.35016 500.32706 0 0.11716768 265.26102 715.5434 304.44058 805.21954 0 0.09320136 121.749794 364.10736 345.85443 608.8041 1 0.07614544 119.40357 355.95697 349.9314 619.30994 5 0.068430506 547.627 248.76698 675.0632 365.4386 6 0.96236515 121.50524 354.99887 347.54172 621.96204 7 0.99994564 106.484665 578.6744 409.06378 917.4244 7 0.9997229 505.83658 337.96173 713.952 744.19464 7 0.9996928 294.9527 366.63248 526.3614 773.3507 7 0.9983944 740.46985 65.16379 949.45483 445.3512 7 0.2675402 233.49306 402.27725 298.2172 494.47867 7 0.09579949 507.1346 368.5112 564.7826 399.705 7 0.07244956 122.893684 355.67526 347.13394 611.50397 7 0.066624224 497.7522 356.4847 572.14624 477.94742 7 0.051656235 183.30528 383.53683 336.43677 524.7941 ,test/2998.jpg
0 0.75772923 358.41208 357.75192 622.52686 582.73413 0 0.7014535 2.0004272 208.74725 256.23047 301.64188 1 0.12348139 358.0323 358.4944 622.73676 582.71185 7 0.8357732 357.61957 366.4544 623.8996 583.56433 ,test/2999.jpg
0 0.12816595 10.905548 391.89273 653.63965 852.58105 0 0.114910096 797.41187 450.48688 875.0636 478.43048 0 0.10695023 348.0921 391.56995 667.07007 684.78516 0 0.07214792 752.16595 443.35324 882.17755 477.58524 0 0.051016696 686.04205 408.71387 889.8392 483.66608 1 0.41238388 12.533569 389.85883 654.2289 850.7785 1 0.3795607 0.0 153.11981 1024.0 1024.0 1 0.10609267 480.36728 264.18518 1024.0 646.51373 1 0.099082254 309.3169 397.7403 1024.0 1007.70404 2 0.95118934 346.9309 390.18472 668.03705 684.97327 3 0.2240633 10.905548 391.89273 653.63965 852.58105 3 0.17770901 656.8387 467.45483 669.9516 526.408 3 0.16297194 346.5689 390.1277 667.9694 684.61414 ,test/3000.jpg
0 0.2738307 264.92755 327.4906 461.0061 592.6779 0 0.14262988 297.06482 356.87738 726.6321 620.3287 0 0.11079068 625.3984 354.28036 901.174 399.87088 0 0.086773455 377.94287 332.32974 545.49567 464.9847 0 0.08100414 183.2768 723.43726 1024.0 1014.58997 0 0.06289645 419.91132 386.1646 727.0914 772.63824 0 0.05282083 324.58685 334.54126 426.81897 625.78625 1 0.32782727 344.70633 991.4481 475.51047 1022.7594 1 0.05855623 16.47107 731.0022 1024.0 999.1677 2 0.05194594 308.0778 329.25046 634.2042 614.91064 5 0.96186286 305.7102 327.72217 687.99426 618.7034 5 0.3667046 415.03784 332.82373 668.62915 501.96313 5 0.16979243 271.13635 325.6354 507.20538 591.01355 5 0.119033575 302.35373 19.466263 980.9846 425.35364 5 0.108594246 24.76123 727.7084 1024.0 1009.01575 5 0.090405874 419.91132 386.1646 727.0914 772.63824 5 0.07221307 615.92847 351.51505 863.0039 392.91708 7 0.9959001 430.7359 373.2296 1012.52264 828.4988 7 0.8708671 17.424713 10.545776 699.4773 628.5554 7 0.54577535 121.12671 16.972855 994.74146 470.93097 7 0.48655483 419.68326 748.7453 1024.0 1022.872 7 0.30540195 11.302811 105.27261 424.87744 637.84717 7 0.13863109 274.14316 302.6974 357.2308 578.397 7 0.116959795 544.71277 62.172134 1024.0 472.8067 7 0.08609353 369.00156 224.22255 548.32294 343.76074 7 0.08031914 271.13635 325.6354 507.20538 591.01355 7 0.069461815 652.96796 379.27618 993.4566 459.9049 7 0.05613673 283.5353 37.19577 680.1217 341.88074 7 0.052582238 229.09549 530.75024 1002.23535 1007.0381 7 0.051516786 318.0844 259.83725 407.6115 404.38028 7 0.051198475 263.69293 321.93726 319.95258 568.5654 9 0.1695144 193.18515 922.6358 310.37656 1024.0 9 0.12303109 190.87856 962.6107 349.55554 1023.3629 9 0.068987526 271.0829 324.22223 485.48236 589.7565 ,test/3001.jpg
0 0.92165774 345.46887 418.78168 569.10876 764.4847 1 0.071477674 344.4037 417.87964 568.7319 763.8026 7 0.22242197 345.92508 419.10437 569.03973 764.36523 ,test/3002.jpg
7 0.9839512 284.9299 242.18832 830.14856 892.5034 ,test/3003.jpg
0 0.99563867 347.9122 305.69632 639.7877 612.8323 ,test/3004.jpg
0 0.11648754 35.57132 469.15643 202.32373 610.11005 3 0.6901156 421.40808 342.54376 764.57935 728.7408 4 0.14827739 405.73962 339.56927 767.48303 731.5684 5 0.88615626 406.23083 339.97226 766.83923 730.8069 6 0.1060067 153.43138 406.8322 375.83966 760.6418 ,test/3005.jpg
0 0.27210382 459.4569 541.15985 617.5382 616.60724 0 0.15862933 309.4992 80.19656 793.0185 808.6172 9 0.98067987 308.016 110.85043 796.281 812.4712 ,test/3006.jpg
1 0.9945003 309.66425 392.01318 639.6098 828.7357 1 0.9761006 610.904 486.42975 737.7625 643.01556 1 0.8844207 281.308 238.12964 822.7029 830.4138 1 0.7304958 366.99902 402.45184 638.04706 647.2918 1 0.68261814 602.5198 322.5423 844.58154 650.7654 1 0.44393766 310.7961 234.55066 652.355 464.85425 1 0.19590665 567.0461 603.30444 596.98395 656.40515 1 0.15476373 446.37473 269.78912 862.99634 660.419 1 0.14117728 292.15363 245.13431 647.84576 653.0051 1 0.12863715 313.00113 300.61993 812.27356 568.41034 1 0.07847077 303.1376 401.8664 450.71494 601.8995 1 0.075803265 422.99268 387.36423 615.9292 431.00143 1 0.07214627 351.25616 280.53604 591.40594 437.47202 1 0.067790344 280.00836 315.94666 445.41718 710.31726 1 0.05391134 322.3906 524.9015 516.3875 818.4072 2 0.99793077 200.22263 553.2921 316.98526 699.51965 ,test/3007.jpg
0 0.9335891 477.25012 585.22626 571.56335 679.2559 0 0.65633625 454.41772 516.81836 749.1987 688.3987 0 0.44755256 458.89673 138.02122 750.3058 265.61044 0 0.37233883 405.106 308.28473 486.7468 384.97284 0 0.09199781 151.0854 666.47266 416.16302 842.59875 1 0.16385981 477.374 585.29266 571.49963 679.13873 1 0.07690046 151.0854 666.47266 416.16302 842.59875 5 0.7669847 404.96854 308.47845 486.7767 385.0844 5 0.09394008 362.31586 424.5875 562.13196 515.80023 5 0.07357188 456.64288 514.9863 598.7872 550.4374 5 0.061705604 458.89673 138.02122 750.3058 265.61044 7 0.9894623 303.32547 527.14453 555.3286 657.1074 7 0.9793473 155.29984 663.96246 410.57895 844.8255 7 0.9431328 362.59753 424.6545 562.05206 515.4666 7 0.6926588 450.90112 515.6182 748.5464 686.9357 9 0.11135961 453.3828 516.413 750.3474 688.89996 ,test/3008.jpg
0 0.96570545 440.86414 700.89435 537.916 787.0538 0 0.8810546 305.09012 830.5062 383.2773 903.92786 0 0.84569097 221.01114 655.90546 536.9011 836.7961 0 0.82859945 755.4029 463.8205 891.3427 514.09717 0 0.79330486 119.12863 404.8681 977.23083 701.3265 0 0.5717375 460.56668 455.1062 1015.1105 657.845 0 0.56286997 884.0596 485.57977 1013.50464 582.7869 0 0.43540016 234.23419 401.44946 469.8628 534.5185 0 0.3312173 241.38304 397.8042 342.88593 558.2033 0 0.27097622 323.33624 433.75107 671.1977 598.44214 0 0.23075558 629.3534 457.7705 895.9811 511.64642 0 0.22021092 99.10907 280.9011 652.9168 776.20544 0 0.19585462 93.58948 302.65137 364.55972 573.3713 0 0.17727676 224.95227 396.46716 586.74445 740.35645 0 0.13598715 189.60199 482.61377 995.7492 820.9801 0 0.12654948 243.4419 423.74475 954.2228 600.7643 0 0.12578528 371.0676 523.25604 538.42224 599.7691 0 0.101740085 138.61429 369.39297 481.07162 552.8928 0 0.091966026 239.70758 397.08234 566.99066 583.2741 0 0.089561015 625.95013 536.166 772.82086 582.1758 0 0.08699287 743.60144 468.18246 1022.615 577.03656 0 0.084417865 509.6111 459.13666 669.73175 578.1834 0 0.08056668 513.56433 487.912 974.3362 582.64685 0 0.0756718 878.8656 487.7527 947.52783 548.09094 0 0.06393613 490.51175 542.3535 958.5403 665.9435 0 0.057949513 371.88852 524.2254 433.3138 589.78827 0 0.05356933 319.65265 519.7508 435.18878 573.2647 1 0.3087275 323.33624 433.75107 671.1977 598.44214 1 0.25601026 886.3335 485.41815 1013.2903 583.1474 1 0.17319986 263.12854 434.27606 1010.83875 615.59357 1 0.15683238 221.25189 657.14905 536.63354 837.18396 1 0.14367831 305.2847 830.3782 383.09683 903.23315 1 0.104715884 755.164 464.27246 891.4173 514.1196 1 0.071835674 236.81776 400.41394 455.1933 538.65924 1 0.066315316 214.17865 413.35083 728.32477 670.40796 1 0.058695197 532.1672 454.9312 1021.8189 585.491 1 0.055229068 550.19275 462.02948 667.7837 561.01135 5 0.09180773 879.6816 488.57324 947.48175 547.8208 7 0.10248299 755.0317 464.51862 891.50055 514.11896 ,test/3009.jpg
5 0.9974299 77.20035 337.27353 823.00916 861.9396 ,test/3010.jpg
0 0.827062 483.60822 268.9537 865.8902 602.80054 0 0.6495058 260.41345 290.1974 667.7789 720.0252 0 0.052043486 368.91043 705.0728 452.01987 774.877 1 0.47910565 259.91046 287.56073 659.5434 720.7626 5 0.36519733 368.83255 704.38556 451.9562 775.1025 ,test/3011.jpg
0 0.17020237 620.1088 330.1443 659.1829 368.09735 1 0.0971993 620.40906 329.63837 656.4927 369.3377 1 0.056647923 584.6241 314.04504 661.8963 368.06128 2 0.48967963 620.40906 329.63837 656.4927 369.3377 2 0.06761305 588.3146 322.28445 659.15894 368.81216 2 0.06011687 621.2067 347.8614 659.97906 368.26306 7 0.9995999 546.05273 491.22357 802.4917 925.6961 7 0.9992318 291.85776 444.88953 488.1857 789.04004 7 0.99642926 479.59705 498.8329 573.23865 670.9088 7 0.9931375 566.39075 203.0537 768.73035 537.08356 7 0.990855 443.25 579.6712 570.61035 878.0733 7 0.28844398 608.2562 191.63881 764.9497 372.29852 7 0.15109688 485.52524 509.36926 528.0026 595.20984 7 0.1510845 328.666 521.2264 371.0936 586.7601 7 0.11364373 300.63614 453.7579 454.64334 625.92163 7 0.08255499 481.63077 508.98477 535.24194 651.1727 7 0.08099797 482.0855 489.69687 559.8256 597.99646 7 0.07241558 327.61432 519.20013 369.21338 552.0816 7 0.057499483 486.14502 513.4432 515.6014 574.99725 7 0.050383892 430.6574 496.04272 589.13745 706.9529 ,test/3012.jpg
0 0.7201259 216.24994 370.6925 286.15518 456.9701 0 0.27414155 205.78584 287.93747 299.0427 466.93613 0 0.19124103 206.59358 282.79807 394.61176 472.29025 0 0.15762658 123.18779 284.05176 202.7942 441.3166 0 0.098162934 125.728065 384.25174 166.78123 439.36942 0 0.051149894 122.86233 286.2279 306.98352 458.00433 1 0.10761586 190.11734 578.3956 640.2362 699.3541 3 0.1378638 84.74881 279.04453 406.60522 463.83957 4 0.16895714 123.17163 279.75488 401.52594 464.55475 5 0.90751094 200.53049 282.55453 411.45468 463.05685 5 0.8620552 551.75226 119.28781 881.1259 496.28635 5 0.22154029 121.56456 346.52817 206.31682 439.02322 5 0.13139121 61.642 121.83063 892.734 493.86182 6 0.7842437 551.5244 119.91353 881.2838 497.0136 7 0.12558365 125.86175 384.1766 166.85643 439.28525 ,test/3013.jpg
9 0.99436414 153.98355 195.22305 870.0841 895.0282 9 0.6908051 140.96701 282.36694 256.45288 750.2648 9 0.51152825 761.85583 340.37784 870.5503 843.2118 9 0.14314069 139.36848 255.47467 400.9052 784.38763 9 0.088432476 503.6469 193.92764 856.7127 910.8252 9 0.08550301 317.0717 191.06818 676.4829 897.9632 9 0.05355179 688.95026 247.07144 870.0964 864.52637 ,test/3014.jpg
5 0.99982953 381.95453 337.59796 585.8205 739.0236 5 0.1253607 619.04443 355.47534 666.7344 398.66388 ,test/3015.jpg
1 0.12506719 403.5011 382.71478 806.589 774.03815 3 0.7340946 431.67163 363.34958 783.0398 442.75314 3 0.22945258 464.2149 399.27826 780.93756 444.122 3 0.1899475 405.86163 382.5744 804.75006 774.0644 7 0.9649919 408.74384 387.65497 796.2176 775.6086 ,test/3016.jpg
8 0.99991906 461.57056 534.57745 781.69543 773.064 8 0.99955684 403.69507 127.93875 505.72308 594.9889 8 0.9992986 326.4544 493.5563 452.84314 958.4204 ,test/3017.jpg
0 0.08396802 147.57803 817.2984 194.19214 1007.55634 4 0.9994266 356.0567 496.2475 712.7083 670.98224 4 0.23616685 343.91925 134.60132 816.1225 663.85345 5 0.11069308 147.71217 824.23987 195.1681 998.8701 ,test/3018.jpg
0 0.40971383 318.52618 602.4264 390.94006 671.01074 0 0.319196 390.8511 600.80786 570.32904 655.4769 0 0.106290326 318.6123 594.28 594.5246 681.6273 0 0.073445 343.07007 328.92786 637.32153 643.7727 0 0.056593884 570.6727 316.17462 658.32996 432.55988 1 0.13657364 343.67493 314.31903 633.8919 662.6001 1 0.1120693 565.8153 417.77893 634.51697 620.51587 1 0.09242956 503.19745 319.4355 663.4882 435.25525 1 0.0712735 390.8511 600.80786 570.32904 655.4769 1 0.065834746 340.90744 556.6116 590.84595 669.9983 3 0.08490732 253.90155 323.19342 322.81934 404.6651 5 0.115151465 253.90155 323.19342 322.81934 404.6651 7 0.99786526 236.48236 618.94556 762.42914 1023.5702 7 0.9949823 595.05383 70.63817 918.2219 480.8861 7 0.994296 462.9046 1.6961975 652.1823 415.77737 7 0.9930728 682.7183 316.92743 894.79266 645.2176 7 0.9288342 312.1906 268.6328 635.80225 676.8597 7 0.48291546 662.01965 763.57825 754.4938 1022.50977 7 0.47429386 318.80865 610.1408 392.35205 671.4465 7 0.32044837 778.9786 629.0965 872.56464 756.4517 7 0.31789345 305.21976 268.32654 538.50336 549.4528 7 0.27552512 345.64587 395.56985 625.3245 614.5619 7 0.2043723 324.07263 527.53955 590.3346 685.8218 7 0.1562798 383.09674 600.13885 577.08405 658.804 7 0.12839265 242.97987 610.10785 584.4868 884.7983 7 0.12385171 864.30396 327.05402 904.2283 372.0232 7 0.100196905 587.9669 429.4984 825.10144 676.58203 7 0.08754391 567.0067 309.99777 659.2855 430.0878 7 0.07588166 461.9673 6.5759735 564.8236 344.70288 7 0.06237776 525.25665 0.0 646.28156 324.82965 7 0.061268955 626.7649 297.64413 888.8926 824.59216 7 0.059953902 459.18323 697.3433 755.5377 1016.3934 7 0.052344352 466.42664 241.06635 653.25146 446.62408 ,test/3019.jpg
0 0.19485162 392.69534 223.68616 420.32596 250.33316 0 0.123442 359.31473 217.11871 420.24063 241.2262 0 0.117651105 324.66956 215.24493 421.42908 246.14862 1 0.087397814 323.3681 214.83527 421.25098 243.88513 7 0.99939704 348.6717 249.46268 818.5035 782.871 7 0.99850595 92.0484 225.33253 437.6032 617.87036 7 0.9865861 495.68713 218.10983 929.3982 439.92477 7 0.7153367 318.60345 214.92238 430.29706 378.37244 7 0.5834854 718.12555 253.77478 928.88947 444.04932 7 0.3582224 225.12662 210.93509 429.62515 361.05356 7 0.3229397 228.2399 214.307 361.33566 261.74847 7 0.17138286 324.66956 215.24493 421.42908 246.14862 7 0.05072444 327.13495 215.89592 361.36475 243.68742 ,test/3020.jpg
2 0.13449448 360.29974 324.3322 820.7458 746.07623 3 0.6020552 312.6941 222.85388 823.0488 761.98395 5 0.88912356 310.00723 213.62823 819.88416 771.1767 ,test/3021.jpg
0 0.7890621 548.35754 1.1511307 694.5542 150.54333 0 0.7506782 202.8822 267.11935 271.6572 334.83713 0 0.69965285 166.55066 264.8631 271.6995 363.63702 0 0.07725451 230.50128 120.57614 549.7841 725.8491 0 0.05271342 290.7653 545.99115 383.97775 677.4057 1 0.06288145 166.57631 264.85928 270.51666 363.46036 3 0.99990845 616.46484 431.85733 855.9852 839.80286 5 0.9828231 224.65964 124.06311 553.9922 700.8735 5 0.066301346 339.97894 471.01443 559.6806 677.6837 7 0.07949845 224.83179 123.46939 552.1122 699.0397 ,test/3022.jpg
1 0.9945984 263.01883 248.08578 619.12085 536.7739 ,test/3023.jpg
1 0.999419 118.54639 307.04166 834.30273 819.4221 1 0.29709917 150.50945 346.5796 648.7872 678.9238 1 0.17169264 140.39668 448.19574 306.0296 685.0517 5 0.63811725 1.2688103 402.4902 96.010056 1017.48303 5 0.37249675 1.9813423 391.83203 70.16733 669.4878 ,test/3024.jpg
0 0.07832578 225.18561 239.04408 745.4358 509.3506 0 0.06556133 210.50427 231.7461 961.4595 787.14233 1 0.9917759 215.44226 232.95493 956.7405 786.22485 1 0.34258348 223.27173 239.13792 743.701 508.77563 ,test/3025.jpg
0 0.52280986 322.72488 161.41034 695.9779 671.6476 7 0.98144823 321.60217 160.85191 692.442 668.7051 7 0.08089054 302.799 305.55725 754.1923 863.2943 ,test/3026.jpg
0 0.9993794 363.6037 263.47818 917.0771 753.91064 0 0.27515072 523.68787 800.2377 909.89636 1024.0 0 0.14519748 14.328812 495.86383 515.0042 1014.794 0 0.07151802 32.986633 258.92947 924.26965 991.19543 3 0.09103312 14.672897 495.58127 515.6082 1015.84534 4 0.095038325 14.672897 495.58127 515.6082 1015.84534 5 0.13250804 523.68787 800.2377 909.89636 1024.0 5 0.092143975 14.672897 495.58127 515.6082 1015.84534 7 0.15831919 14.328812 495.86383 515.0042 1014.794 ,test/3027.jpg
0 0.5722265 417.5206 456.4635 471.61954 535.3773 0 0.38324183 286.4443 240.89825 406.86514 381.3039 0 0.28875062 416.4811 440.6477 611.192 591.03015 0 0.21158138 289.67212 253.7561 452.76373 453.95764 0 0.09390385 343.49576 308.82812 465.23862 466.4168 0 0.08645078 325.43018 256.63147 643.89764 689.9455 0 0.07570644 547.37866 535.05963 609.5917 623.2504 0 0.057868708 417.16077 448.5219 518.0769 579.20514 1 0.9901822 255.0251 254.17238 698.65265 711.0383 1 0.9512249 540.71344 534.1872 609.7144 623.02106 1 0.5262771 7.2892 37.328583 435.35693 701.4724 1 0.3929452 354.7206 326.20593 651.48486 632.37823 1 0.37380552 414.92712 441.57758 612.4612 587.8785 1 0.24955408 417.6076 456.16412 471.46283 535.2654 1 0.14866231 417.16077 448.5219 518.0769 579.20514 1 0.14255682 434.00568 531.9645 610.68427 619.61536 1 0.07739695 424.7132 526.8239 528.6487 585.8864 1 0.071403965 286.78433 259.0443 568.4071 617.2991 1 0.065100126 322.15146 273.44128 470.33127 462.26337 4 0.15674429 544.6164 121.3591 588.88055 194.81873 4 0.09229626 534.6802 131.13759 617.6189 188.3816 4 0.051962644 506.8077 122.09422 536.6101 160.35219 5 0.98832464 381.3821 64.29693 718.95764 269.7549 5 0.96339846 440.14337 2.120613 724.2963 91.69292 5 0.9357283 371.24387 240.96597 702.7533 398.36252 5 0.44056636 379.9087 0.0 714.3146 475.63214 5 0.29344273 435.43048 0.0039024353 721.8106 18.744053 5 0.22173293 376.02118 215.74117 687.69855 658.2137 5 0.21655373 373.56708 215.55742 695.2424 272.0168 5 0.18137671 433.75464 3.886116 714.12256 186.51743 5 0.17677243 435.58063 2.343584 723.57745 47.201843 5 0.15648732 383.1289 181.65887 695.55994 258.71854 5 0.094022654 368.7464 242.40308 693.6458 281.12653 5 0.07796988 305.35385 265.5507 469.79898 466.834 5 0.07482521 490.47803 41.67102 656.5836 86.233086 5 0.06946091 462.98285 100.96999 686.5793 234.42593 9 0.14249918 527.81006 915.9674 626.4249 1023.00464 ,test/3028.jpg
0 0.48068264 236.48553 499.06656 479.7912 647.326 3 0.9966757 280.27692 326.826 717.8845 652.4622 7 0.06721031 234.77785 498.94928 546.97577 662.9682 ,test/3029.jpg
0 0.25940496 159.81598 291.3725 238.46289 393.5453 1 0.725938 0.0 403.2776 66.941605 543.1503 1 0.3955652 159.21219 291.02612 240.04935 393.86432 1 0.07595614 149.34694 291.0531 254.18391 450.75 7 0.9998522 50.35926 369.0333 269.51184 774.06213 7 0.9997931 532.2898 127.58252 902.4686 556.2576 7 0.9993443 807.4464 334.52875 1024.0 1018.3945 7 0.99897623 409.51666 408.53857 614.7044 722.87036 7 0.9989538 248.5669 357.3916 448.52423 733.74036 7 0.9989022 567.82294 531.4454 861.3068 969.76276 7 0.29727137 121.16987 360.34595 166.37627 395.36267 7 0.1186241 564.23285 546.6516 627.2482 634.0769 7 0.10227984 407.24576 381.63422 455.319 484.61566 7 0.085349485 188.30576 364.98215 596.8342 732.27954 7 0.080086425 993.5199 9.713608 1023.75415 388.38525 7 0.07583576 40.826225 367.21295 226.41556 550.4853 ,test/3030.jpg
0 0.8793252 1.900444 374.35376 189.05444 1017.36206 9 0.9866056 328.56833 76.23764 612.61584 931.444 9 0.3870341 494.28168 350.91687 642.22076 945.7388 9 0.07213802 318.4175 21.837189 482.87668 913.18726 ,test/3031.jpg
0 0.2756222 664.6304 494.09042 692.73706 549.4285 5 0.99137044 288.36633 471.3774 694.5759 622.72314 5 0.10394329 658.1324 492.1424 692.07196 549.4521 ,test/3032.jpg
0 0.24287264 427.18918 435.25592 794.3668 663.7359 1 0.32073653 427.51227 436.53613 793.37885 662.44214 2 0.8402759 427.92395 434.0512 794.2954 660.24945 ,test/3033.jpg
0 0.20562562 338.96674 542.11914 544.0653 659.7312 1 0.1363187 339.46387 542.13635 543.26373 659.5863 2 0.48959425 339.6675 542.1386 543.21265 659.79266 5 0.07717078 339.63498 542.0937 543.0378 659.7963 7 0.6483237 339.31146 541.91846 543.6764 659.8849 ,test/3034.jpg
2 0.99998486 262.78278 344.28326 665.3803 855.1055 2 0.050720476 550.5489 356.19165 658.236 839.41736 3 0.11525138 700.2959 912.394 758.33057 988.5955 5 0.7940159 0.0 1.2261505 142.08301 449.41785 5 0.08579706 700.2959 912.394 758.33057 988.5955 6 0.99243414 0.9660568 755.29 60.98227 1002.962 ,test/3035.jpg
0 0.10945201 348.57086 117.855064 471.69092 366.0113 0 0.053058732 373.1591 353.66177 458.06802 468.49985 1 0.33144724 248.42961 126.21159 360.2678 241.74883 7 0.99981445 401.11124 272.08728 750.7158 909.8738 7 0.9994165 142.85988 210.54373 485.62708 740.47546 7 0.99898344 245.90173 675.3547 355.76678 876.08954 7 0.9682254 460.41315 219.53474 618.6868 353.23505 7 0.74653065 348.91455 116.710434 474.8233 375.43463 7 0.11618245 694.44666 243.62875 757.16406 392.25565 7 0.112095326 260.3287 113.042694 486.6512 449.93393 7 0.07839804 457.42648 276.64987 705.14185 477.31534 ,test/3036.jpg
0 0.8873361 618.9211 841.0862 804.2503 1022.0277 0 0.8769591 495.2092 659.2896 560.105 807.5535 0 0.8179184 666.9395 669.34595 843.39886 870.0051 0 0.81720406 456.5299 844.3017 709.4618 1022.7243 0 0.7564372 323.79065 494.3053 839.48535 798.9772 0 0.738749 815.73395 897.64746 952.60834 1021.9852 0 0.71756727 0.43618774 949.3308 160.29341 1024.0 0 0.64434975 670.4313 669.92065 963.2555 992.67444 0 0.61120206 420.20273 519.81744 964.4708 999.7166 0 0.5826282 606.633 490.58313 670.13385 548.8341 0 0.5429454 626.84625 471.90906 820.83527 604.1765 0 0.49163333 344.53333 553.6989 524.2933 774.08246 0 0.46008897 582.8738 497.17322 840.34937 891.0382 0 0.41193599 428.41028 747.99506 936.46716 1020.1545 0 0.3770506 507.6366 795.2277 545.8445 871.8786 0 0.35858744 635.22595 639.43146 838.9418 1024.0 0 0.2168886 409.0522 911.0655 486.72015 1017.77313 0 0.14287265 411.33197 802.07227 506.89624 1009.228 0 0.13384987 409.04544 800.5965 452.3231 901.1861 0 0.12316693 468.95294 503.71582 737.5534 838.56946 0 0.113056295 584.5145 657.1645 676.70874 847.60126 0 0.07721331 409.5174 917.56714 439.9192 1009.20544 0 0.061032146 576.9993 841.05365 687.4135 1020.14703 0 0.060857046 816.74866 934.6821 913.1354 1023.7605 1 0.057285994 495.35382 657.44794 560.5955 807.1932 6 0.43064323 939.9563 629.3343 971.4601 694.346 6 0.09667419 495.61395 662.52484 558.50287 807.5169 7 0.69151485 408.95612 800.62775 452.7975 899.82245 7 0.67402196 507.6403 794.02313 546.1953 871.67816 7 0.532194 0.0 949.10864 163.67566 1024.0 7 0.28447196 781.22675 692.1495 962.3316 1019.5379 7 0.22210813 592.5034 735.8782 670.7544 854.7322 7 0.1847683 815.10876 875.72894 954.3905 1024.0 7 0.085825056 604.37506 840.2194 804.226 1019.41534 7 0.08223445 462.15796 849.3167 698.7484 1022.4506 7 0.07747785 405.59515 792.2241 533.2059 1014.63525 7 0.07356298 410.06464 803.8931 477.18262 1006.29034 7 0.0608454 408.03894 801.4187 513.6295 906.1771 9 0.41524136 657.8774 451.42587 825.3305 607.61804 9 0.2056005 324.32394 494.97894 838.9425 795.1358 9 0.0901712 712.09265 528.1914 839.375 670.4413 9 0.07089636 582.8738 497.17322 840.34937 891.0382 ,test/3037.jpg
0 0.7100083 309.2173 19.575798 897.8318 199.83676 0 0.35811934 440.41968 422.25946 521.3758 486.42023 0 0.2299785 613.11646 242.21677 757.74927 296.92007 0 0.22624163 313.98456 15.057327 671.7026 152.48956 0 0.09245882 305.57935 17.764027 662.3605 83.8562 1 0.99677616 387.01025 259.61566 998.35046 717.2426 1 0.06352975 200.98557 608.767 279.09845 677.1806 1 0.056433827 440.61557 422.3858 521.03076 486.25775 5 0.9833892 85.580444 662.35333 278.36203 972.653 5 0.89638585 506.33575 54.09568 894.1739 198.67474 7 0.74702346 440.7846 422.3545 521.32806 486.34875 7 0.18166266 315.4956 19.472305 903.20886 196.80142 ,test/3038.jpg
1 0.9874557 60.76703 285.89502 917.1137 684.69995 1 0.3527614 54.81639 283.4685 417.9959 677.67633 ,test/3039.jpg
0 0.9718483 446.6876 84.83777 504.7983 370.2776 0 0.2293562 163.27884 505.03094 217.6102 528.123 0 0.14082365 440.712 425.29272 472.40372 542.6839 1 0.72508925 256.2049 583.3112 613.847 913.9344 1 0.062837675 264.16837 567.4833 617.901 715.235 1 0.05199181 163.11078 505.38464 218.27264 527.96765 2 0.8884674 258.35663 578.296 616.77484 914.7739 2 0.6293858 269.8608 568.9784 622.23755 718.4304 5 0.99513113 229.4756 333.11713 662.57086 650.7526 5 0.26128152 222.56711 582.4978 268.86218 613.5542 5 0.189941 231.05753 400.06277 663.9861 929.8198 ,test/3040.jpg
3 0.99674857 39.44983 88.875244 384.06372 822.2616 3 0.9499538 378.52472 98.432144 931.73944 608.1243 3 0.18500699 229.87604 85.53194 394.30096 197.78981 3 0.10990893 20.423859 104.86807 970.32214 838.7101 5 0.09140889 379.08276 102.60043 935.4258 609.56836 5 0.070122786 228.90514 82.64187 389.16827 195.4013 8 0.07722489 379.30383 102.16258 933.8407 608.73505 ,test/3041.jpg
0 0.5389371 736.89606 912.4789 991.24445 1024.0 0 0.3340225 165.32672 143.91302 471.1858 386.80988 0 0.21241635 755.07556 961.35236 883.6941 1022.9511 0 0.21114606 537.32947 751.71826 1013.41675 1024.0 0 0.18119009 0.8943176 398.47833 178.9134 663.9571 0 0.11120242 173.04218 143.55367 339.45685 324.9881 0 0.08935572 979.7445 199.12343 1023.1183 246.51073 0 0.07726569 0.0 33.702057 441.1647 646.1864 0 0.052856922 643.718 701.55005 909.8251 837.6461 3 0.99941504 337.19885 347.60004 700.5698 737.0125 3 0.14452957 746.92236 912.7577 991.31067 1023.4087 3 0.13170946 522.771 693.79395 1014.40125 1024.0 3 0.110353574 164.69354 143.30975 473.15143 388.60242 5 0.121556595 5.7601852 51.15097 259.40048 668.48975 5 0.08969087 535.65155 768.3032 1014.3592 1024.0 6 0.281328 180.31879 22.400562 336.15466 147.95676 7 0.60787666 1.0885239 393.64264 177.4769 664.6143 7 0.5205927 165.3439 142.83978 475.07065 387.89624 7 0.11962497 5.0326843 2.2178345 289.18848 666.3266 7 0.10855744 744.37683 911.3332 990.9852 1023.5245 7 0.06612407 173.04218 143.55367 339.45685 324.9881 ,test/3042.jpg
0 0.81132525 640.9797 0.0 772.98004 151.14288 0 0.5855818 56.961838 441.02676 239.55492 688.6756 0 0.51874316 0.8771248 537.3261 72.41368 718.55194 0 0.36811665 449.89978 662.9521 573.31537 690.7026 0 0.33004948 421.56482 857.2192 484.9065 876.62054 0 0.16776149 618.0691 4.2311554 774.2396 327.4123 0 0.13765885 447.02975 676.57825 573.4107 697.48267 0 0.118583255 537.66486 81.72351 770.3383 356.2894 0 0.10042503 143.7224 651.8071 211.47911 724.7938 0 0.08733089 144.88678 609.20734 241.92035 745.0693 0 0.08250859 716.56464 99.441605 773.65656 156.55916 0 0.082045175 512.999 550.10565 558.01953 600.2292 0 0.07965353 604.24133 224.37802 624.66235 282.35748 0 0.07307661 645.2345 111.42761 758.85864 159.89862 0 0.058979716 665.09204 33.5242 765.66077 127.952866 0 0.057591684 101.36913 451.98688 182.34955 524.7752 0 0.05170066 703.5711 1.0046959 768.8691 99.55356 1 0.9879802 197.80974 729.7496 391.81116 883.43024 1 0.76294106 546.0048 86.303925 641.0129 145.8872 1 0.56154716 192.60495 644.99176 337.24295 762.9035 1 0.54873294 512.75854 550.476 557.7129 599.1153 1 0.41353562 218.0359 522.02747 339.06625 727.49243 1 0.35396442 65.356476 442.56662 184.52425 526.61597 1 0.26425207 641.79736 0.0 773.2798 155.0517 1 0.19505182 146.2147 599.52716 393.71198 875.17303 1 0.1921087 178.38824 534.91943 355.8933 815.5807 1 0.17699932 311.9282 669.9241 347.57846 739.7427 1 0.14565529 108.42005 441.44598 182.68109 510.33386 1 0.12280225 307.19498 667.69946 382.83682 747.05444 1 0.10305501 54.428856 441.07565 241.38449 689.90045 1 0.07453966 634.1161 0.0 775.5029 297.84335 2 0.8763729 136.4478 606.65076 248.57954 673.0841 2 0.25128317 193.6489 645.07916 333.68704 760.9549 2 0.06546996 145.04968 607.4447 245.6666 743.0459 2 0.063877374 224.60982 618.06586 256.91516 654.13495 2 0.059076782 148.22876 611.21716 367.40973 763.574 3 0.30784565 145.99991 608.1712 241.80649 737.6608 3 0.23558699 147.12108 662.35016 211.37404 724.6418 3 0.10257265 62.37626 440.82364 233.30325 686.46545 3 0.07931335 149.76428 644.60706 328.70007 760.00745 3 0.064264536 156.98953 683.5094 227.96924 777.6371 5 0.8961922 537.56665 94.4693 768.4258 355.06348 5 0.5606492 275.09897 526.6533 412.88834 583.93787 5 0.16209286 432.70224 593.91693 569.91974 693.56415 5 0.10578185 600.239 124.42625 731.27686 350.0129 5 0.10370979 276.0769 531.37805 374.02557 568.34436 5 0.1034383 574.6863 108.5213 646.40686 347.03287 5 0.100074075 615.78925 174.85596 652.25165 304.14288 5 0.09689201 162.22426 691.8324 229.74101 778.10486 5 0.09304533 600.58746 143.09412 630.00653 332.27667 5 0.08757126 518.35254 589.1877 570.2739 681.4218 5 0.07675094 648.0213 132.43774 763.31146 303.26785 5 0.067649424 290.8805 530.74475 403.1504 557.15857 5 0.056954954 138.02893 585.7224 260.1026 675.36755 5 0.05205216 603.04895 223.57773 624.6588 287.86087 5 0.051932484 276.72806 531.3108 366.78885 548.2186 7 0.9995721 383.78632 564.3796 723.4559 927.65643 7 0.9883233 308.13663 535.14264 526.35504 747.78265 7 0.4749843 54.871056 440.5292 241.78021 689.674 7 0.3126976 274.54938 526.29456 413.74756 583.1594 7 0.24176624 512.999 550.10565 558.01953 600.2292 7 0.22966339 1.2653122 537.8513 73.113495 719.0121 7 0.124082536 347.4562 528.5133 513.2898 591.6146 7 0.09445261 537.66486 81.72351 770.3383 356.2894 7 0.08727966 203.06567 516.67694 392.3974 767.79266 7 0.0708652 314.3864 574.523 402.68872 754.6768 7 0.06651217 449.89978 662.9521 573.31537 690.7026 7 0.0663826 432.70224 593.91693 569.91974 693.56415 7 0.06166892 54.479675 515.6145 514.60486 763.24097 7 0.060870714 345.59763 587.1074 554.15894 722.5298 9 0.7061812 0.6534271 538.88104 71.02953 719.48517 ,test/3043.jpg
0 0.29164132 419.5578 0.0 703.363 144.27371 0 0.09043449 401.61383 0.04386902 703.37177 274.20032 1 0.27011165 419.5578 0.0 703.363 144.27371 5 0.26835692 24.160465 0.8672714 132.76608 139.26636 5 0.22263812 262.74088 93.62137 834.4457 714.9531 5 0.06465745 264.85477 76.92474 444.09476 613.3875 5 0.0565957 179.53337 36.488525 556.4319 620.323 7 0.9131302 262.51086 64.01346 840.3966 715.65137 7 0.68334156 406.03696 0.0 700.95496 268.18915 7 0.18450318 16.340439 3.2795944 483.8216 145.59619 7 0.095227055 262.2331 49.477158 650.0558 486.09796 7 0.08953948 433.0477 9.266197 662.9204 154.6326 7 0.081445456 0.0 0.0 714.5315 205.58966 7 0.073211774 209.01765 23.685211 503.2248 649.42175 7 0.05952068 95.080475 17.004791 708.8877 377.304 ,test/3044.jpg
0 0.11556653 576.75903 391.0899 842.35486 580.6089 3 0.9999491 246.65825 211.5784 582.75214 785.82495 5 0.0910207 577.6511 391.58157 841.70874 580.14545 7 0.6521645 577.17786 391.48987 841.64575 580.26025 ,test/3045.jpg
0 0.47794247 687.3448 570.59485 1004.2808 726.9402 0 0.25353312 648.2551 580.47156 942.22046 811.7207 0 0.10054873 236.3765 360.06277 857.98596 807.5305 0 0.082094856 804.9901 570.2929 931.3126 725.6434 1 0.091646545 236.3765 360.06277 857.98596 807.5305 2 0.99661654 245.44147 362.52042 797.8432 810.5425 7 0.12820616 692.5851 563.92065 1023.95447 736.82825 ,test/3046.jpg
0 0.11061344 368.90305 75.271454 486.2153 174.13928 0 0.06917133 954.6531 169.05371 1019.7672 418.1599 0 0.06242134 596.0268 72.53213 811.1458 215.51318 1 0.34411386 881.7291 252.56769 997.0541 410.43292 3 0.07707157 596.3154 71.59267 810.71643 214.88127 4 0.99430686 474.67206 127.6308 810.50226 913.14813 4 0.97383964 3.7309265 121.82736 208.97578 859.7302 4 0.9671437 158.6882 164.75189 481.9503 915.82806 4 0.89802164 0.43104553 96.19237 109.38358 458.86237 4 0.8470026 484.88928 245.49034 573.1277 458.34314 4 0.7699558 368.73108 125.29385 491.581 827.99 4 0.71649146 766.0285 166.98854 908.4582 529.50635 4 0.6261966 872.39 157.39302 1023.62805 419.9478 4 0.5639022 480.3526 124.69586 574.7358 535.648 4 0.3213277 428.70764 161.2443 575.4387 739.14526 4 0.27241847 87.81466 161.09442 217.42218 672.036 4 0.2352845 26.895569 102.55649 193.22159 197.39557 4 0.23075522 879.87286 250.26767 1001.78546 412.82614 4 0.21604069 954.6531 169.05371 1019.7672 418.1599 4 0.21242203 752.442 189.07138 1024.0 994.4297 4 0.1986194 352.96243 153.61984 543.32196 616.2848 4 0.1805735 529.16943 110.31669 591.4811 294.02884 4 0.17328209 425.76593 153.68996 497.3246 615.06055 4 0.16946237 479.1597 140.26326 524.6918 472.24457 4 0.14132182 595.55164 74.56317 810.71423 214.7117 4 0.1360579 0.21083069 99.963745 226.79225 320.98572 4 0.12229323 454.89343 111.557556 540.17773 629.0822 4 0.11829354 869.37286 164.65118 939.6943 415.45123 4 0.06450083 0.15892792 113.401505 249.04782 534.39484 4 0.06422139 394.28406 376.24265 480.31683 773.31323 4 0.062381033 391.5802 176.70468 577.1344 498.2997 4 0.059648667 58.39391 182.39763 109.9823 355.27496 4 0.05565836 543.86316 289.54572 596.44324 374.59332 4 0.05153684 975.87384 241.60742 1024.0 416.95154 5 0.7547832 752.0687 217.89908 1023.327 992.4602 5 0.722895 596.34204 71.79012 811.0027 214.72256 5 0.6504771 165.1972 60.700233 391.66998 205.8598 5 0.1743822 975.47705 238.522 1024.0 412.98526 5 0.17021582 163.47478 62.952263 484.54858 126.55137 5 0.13316439 4.291321 220.54114 201.77199 843.2383 5 0.122703634 766.33826 166.32924 907.7988 539.80396 5 0.09800207 893.61847 251.04813 1015.60126 408.21225 5 0.07245709 368.73538 75.42482 486.33865 173.9278 5 0.054849204 957.8171 163.56339 1019.79156 429.67612 7 0.06538379 975.47705 238.522 1024.0 412.98526 7 0.052720975 0.0 152.88412 52.873512 225.31873 ,test/3047.jpg
0 0.06195954 388.52594 348.01898 717.4703 721.72186 5 0.9755568 387.87018 347.27188 715.856 719.1553 ,test/3048.jpg
0 0.33611968 647.3589 118.03498 804.8584 250.82474 5 0.43176472 370.96057 340.1886 701.70935 689.20166 7 0.87235117 370.61597 340.23962 703.31946 688.5393 7 0.61236554 285.39423 424.46176 360.66785 506.33096 7 0.38275155 547.7156 1.1339111 670.96765 228.36621 7 0.18036911 555.31024 10.156662 824.34125 240.91852 ,test/3049.jpg
0 0.9728756 194.70773 249.44034 268.776 350.86002 0 0.83723253 387.78363 306.78864 540.0311 473.13397 0 0.5477509 309.04346 316.97745 678.24365 488.4188 0 0.32545078 142.66171 249.44066 276.94037 389.9206 0 0.1743842 146.27219 300.47467 701.05493 530.23553 0 0.09192809 209.72498 461.0646 441.45325 559.95764 0 0.066726804 938.5464 547.2833 994.89185 605.16174 7 0.9996424 38.99057 430.19928 866.3906 828.596 7 0.65174174 229.61723 462.24588 382.726 563.79254 7 0.31110916 139.05557 315.4817 227.42212 383.51917 7 0.26857385 134.51602 299.15768 274.18683 388.2363 7 0.06762762 54.765793 310.26562 261.41724 380.56567 7 0.064004086 66.50924 445.05878 204.23773 622.2828 7 0.05826748 217.64291 466.75986 310.48575 559.68896 ,test/3050.jpg
1 0.9995751 151.60117 195.24585 732.4275 585.69604 ,test/3051.jpg
0 0.17428853 581.7689 221.71707 632.0636 283.73477 0 0.06769976 522.07935 202.03598 550.2097 247.97748 1 0.9996848 281.5515 320.71478 631.7567 805.63275 7 0.78165907 581.9901 220.48058 632.11755 282.1944 7 0.10230684 602.3115 221.54079 630.61255 275.8158 7 0.088758394 522.07935 202.03598 550.2097 247.97748 ,test/3052.jpg
0 0.1601318 432.9668 285.79443 725.2589 580.09906 0 0.07047592 457.9633 415.38953 632.2388 610.97876 0 0.06931767 478.36618 4.449692 558.3555 292.50385 0 0.05586485 0.0 771.78625 115.28754 1024.0 1 0.9891866 663.4637 226.49768 964.02594 895.5925 1 0.98877394 286.27478 299.34515 714.3418 873.41315 1 0.86495656 735.22424 235.28093 973.3152 595.9055 1 0.4554253 436.51355 287.3415 730.78687 590.587 1 0.42100573 425.14398 278.33917 720.9504 447.33887 1 0.40386316 252.5672 44.72023 558.3842 501.56415 1 0.3907078 538.4288 60.69864 795.49335 319.8877 1 0.2578378 608.11414 346.13794 739.1771 604.77704 1 0.23657879 230.33887 62.96591 802.3092 573.7052 1 0.21042897 590.51337 295.5792 753.81647 780.91833 1 0.20233953 430.20062 37.724854 809.5942 435.2456 1 0.18428229 387.47113 44.03862 563.4068 414.69965 1 0.112966344 738.9656 255.90723 819.2068 439.33307 1 0.10418637 309.4195 370.73407 416.1657 507.18445 1 0.09329027 228.34573 119.1716 445.36514 848.60046 1 0.0823873 590.2072 249.00526 852.7629 605.3072 1 0.055779755 480.0731 95.817444 851.85974 780.7628 1 0.054330774 428.69977 67.967384 556.0956 310.59995 1 0.050405383 499.5496 410.71198 639.4963 610.8543 3 0.10127695 828.82355 192.22629 862.57733 245.79315 5 0.18232508 0.0 771.7252 115.683266 1024.0 5 0.15589692 484.70477 0.0 558.5621 294.55487 7 0.99972445 27.036484 441.8562 414.19604 982.0619 7 0.14174806 0.0 771.78625 115.28754 1024.0 7 0.07863033 432.9668 285.79443 725.2589 580.09906 ,test/3053.jpg
0 0.3924546 754.8469 423.79626 912.77856 675.5781 0 0.23524731 677.4305 368.09766 923.48126 692.7351 0 0.1805101 378.38562 391.85648 919.78516 687.8596 0 0.16723244 383.02164 411.0728 596.9691 624.34845 0 0.15098299 0.0 0.0 979.22534 968.2823 0 0.07858221 519.55426 399.58142 623.0572 653.4602 0 0.06501689 307.54642 311.27737 941.8937 831.51013 0 0.058962584 504.51495 394.45837 798.7763 666.1221 1 0.057366285 493.26617 387.03937 927.37384 688.3692 2 0.70061207 521.5655 398.43262 623.27203 655.6986 2 0.35295108 515.39233 391.0727 807.93933 666.27924 2 0.19853865 573.6618 432.3484 619.03986 635.2529 3 0.3471448 388.34024 348.94635 913.07605 720.83527 3 0.21740249 680.0369 386.00632 925.0446 688.42395 3 0.16868702 760.661 423.35953 902.16187 666.7556 5 0.39433163 375.84137 336.10077 914.2231 711.53265 5 0.30682403 359.66846 282.65042 529.6823 494.6357 5 0.17562215 680.49506 386.94104 923.7244 688.374 5 0.11925303 3.0832825 223.88464 984.694 975.8071 5 0.11840076 498.64014 394.8313 830.4779 669.4331 5 0.07621097 383.02164 411.0728 596.9691 624.34845 7 0.25279844 391.24802 404.36038 618.6162 642.8723 7 0.13797641 384.9715 379.9809 924.6281 689.2879 7 0.09285327 846.32666 396.79803 922.058 514.76715 ,test/3054.jpg
0 0.050878495 354.5525 62.19995 711.0521 575.2537 1 0.079364784 353.92065 66.92546 706.9697 575.7571 5 0.16816309 353.22644 68.24916 710.29663 575.80634 7 0.99355197 333.12195 472.91888 653.5358 1024.0 7 0.9626386 354.3084 61.32556 711.8923 578.2063 ,test/3055.jpg
0 0.9980292 702.603 63.874023 992.422 886.40753 0 0.9897814 418.09247 390.29138 740.4738 1003.7366 0 0.3019057 404.6711 76.46619 1006.0399 1021.8605 0 0.2579201 830.6986 161.8255 862.47815 208.66241 0 0.12068357 350.49268 195.7897 384.6549 255.285 0 0.10816153 707.0071 63.27073 990.57776 302.78293 0 0.10585498 808.5564 59.5343 998.89856 198.38208 0 0.093643606 831.9935 183.87952 864.27563 208.40189 0 0.09165825 348.38025 727.04297 699.0941 1018.17224 0 0.07142613 642.18646 387.01645 695.38336 422.645 0 0.06277468 820.0384 113.24721 862.7812 211.5926 0 0.061572734 671.0069 363.01013 699.0306 405.6501 0 0.053084325 621.23157 379.8227 698.3922 432.94928 0 0.05296412 613.5979 358.74628 726.8722 472.52972 0 0.05014853 344.59967 210.54349 376.55096 253.27151 1 0.978446 0.09927368 803.7647 30.452604 881.10236 1 0.95282125 794.81903 60.03121 999.85846 197.93628 1 0.8083091 707.38544 151.4283 828.12726 301.19336 1 0.38454166 758.1051 77.059715 828.6769 211.33713 1 0.31000903 762.3185 130.57834 825.62366 203.27423 1 0.2668522 758.8214 76.121544 910.952 205.69586 1 0.22285989 734.7242 61.86772 991.6351 266.61676 1 0.1754836 708.07776 163.2076 765.6915 193.90154 1 0.10236335 424.15576 229.25543 550.8452 341.6681 1 0.085936844 763.20966 159.86523 810.95416 191.85886 1 0.0810719 701.4984 80.288025 868.6354 305.6426 1 0.0802553 729.0537 97.8242 866.9989 210.36397 1 0.07925736 766.0583 163.09653 827.6475 210.20459 1 0.07253606 705.6605 163.73279 771.21924 300.9331 1 0.061003964 790.19214 119.55635 831.88354 210.2426 1 0.06014597 819.0233 97.30661 860.0824 214.41592 2 0.17468038 423.41653 230.43599 552.7083 337.58203 3 0.37423062 421.9944 228.66438 550.70447 344.88123 5 0.5412321 421.89832 228.65395 550.56555 344.98038 5 0.11545656 410.31995 118.63231 508.3056 253.56749 5 0.05409122 671.0069 363.01013 699.0306 405.6501 7 0.9996803 265.37408 198.38078 540.9036 528.93524 7 0.9995432 214.42929 423.29535 475.27756 762.89655 7 0.9987205 310.073 737.8892 472.89844 943.1608 7 0.9624292 404.43402 85.978 701.2824 442.08682 7 0.5203971 409.37094 108.90666 511.51645 254.9575 7 0.4224125 478.44922 89.96322 621.50256 246.94397 7 0.38852036 214.9671 448.90704 241.6485 531.5431 7 0.27124208 404.5509 86.93491 665.4319 274.67 7 0.17045373 411.46423 96.54603 554.0038 309.44125 7 0.16813736 422.249 228.56198 550.5606 344.15457 7 0.13021116 221.16849 427.4453 407.33536 568.8877 7 0.08062124 476.0871 222.20183 688.8245 419.4939 7 0.06712833 258.45813 85.84262 997.4518 981.1266 7 0.062494468 387.11395 748.24426 473.774 972.5668 7 0.055472083 223.84315 193.2297 531.0512 759.3109 7 0.05136322 611.6393 387.8766 702.57556 434.3114 ,test/3056.jpg
0 0.74868315 6.9128113 2.4594116 948.469 700.80286 0 0.41566482 184.26834 126.13507 1018.15283 1000.0883 0 0.3290355 373.58994 174.23016 958.16675 609.96454 0 0.32138014 530.1544 0.0 914.32263 317.60672 0 0.30925268 891.62726 1.8591385 1023.8908 198.75089 0 0.19654274 231.62878 528.9044 1002.2091 1015.46387 0 0.12215602 556.24884 302.32355 600.87006 352.4076 0 0.06164282 0.0 662.0467 294.14932 1021.3283 3 0.9547354 395.74448 335.3421 651.598 586.62006 3 0.07246962 556.24884 302.32355 600.87006 352.4076 3 0.061979227 376.00372 174.62672 1009.4583 654.7691 4 0.09336412 394.80862 336.3462 649.96857 586.2224 5 0.06526843 394.80862 336.3462 649.96857 586.2224 7 0.9346375 0.0 662.09766 294.42905 1021.6282 7 0.24631104 188.53912 121.95276 1018.13824 1014.4667 7 0.19846888 890.95776 1.7806854 1023.84595 199.49806 7 0.13746236 238.04245 522.91016 1008.6953 996.74 7 0.06207684 10.245178 17.792145 946.9387 698.5338 7 0.054887746 373.58994 174.23016 958.16675 609.96454 ,test/3057.jpg
5 0.08862188 407.47577 409.78964 547.97406 634.81335 6 0.08259752 407.47577 409.78964 547.97406 634.81335 7 0.9977011 409.78278 97.54683 756.26935 561.7383 7 0.9970758 247.35869 329.7899 445.7256 629.2219 7 0.98778653 298.78336 178.26913 464.4371 378.86008 7 0.8895418 407.2983 410.44333 548.0175 634.4032 7 0.097667016 0.13652802 0.0 137.35846 356.37018 7 0.076987796 332.8607 28.770111 441.88394 185.12373 7 0.0720295 4.4652863 2.6148834 441.78693 344.55865 7 0.056649644 392.87976 220.3039 469.90924 394.6822 ,test/3058.jpg
0 0.98196054 693.5912 60.724884 848.1498 324.65994 0 0.40735057 591.5029 56.522858 846.10815 392.441 0 0.050383773 303.94287 280.32535 841.5084 661.083 1 0.29378393 279.80746 341.8742 381.70975 476.54272 1 0.290218 277.43073 339.727 531.14166 492.25452 1 0.11961169 303.94287 280.32535 841.5084 661.083 2 0.40760267 279.06064 340.6053 387.10495 476.9532 3 0.15130341 278.4525 341.2761 386.3839 477.02676 5 0.9805015 370.63605 275.2951 843.404 669.13324 ,test/3059.jpg
0 0.12782376 402.6319 375.21024 852.99945 866.93164 0 0.06244369 536.8908 285.6257 661.4134 429.40714 1 0.60471404 461.3479 624.8632 800.35144 859.57623 2 0.7672791 468.1068 632.7434 795.2422 859.588 5 0.9202567 404.46457 368.98676 851.43896 868.74554 5 0.13994998 460.97995 618.55725 801.3854 862.8264 7 0.2973693 397.03217 377.19196 866.49335 805.77216 ,test/3060.jpg
0 0.30392003 364.11752 657.71124 385.39847 762.63055 0 0.29651356 637.2753 451.32404 690.5899 571.8825 0 0.23733158 606.5626 458.67938 699.1532 597.457 0 0.12818441 368.7077 697.1022 384.61298 761.354 0 0.092575185 594.23895 561.48846 703.38605 595.1728 0 0.052779216 361.31323 624.434 381.86646 738.686 1 0.9951584 250.30475 247.40152 862.96173 883.1101 1 0.7660082 358.33752 459.19388 723.46826 769.75757 1 0.75433815 675.2314 432.16034 933.11725 677.3543 1 0.3323108 703.3486 547.2453 935.59174 651.43536 1 0.19972937 305.32037 609.1732 833.1243 883.0304 1 0.09390554 360.2725 615.5849 383.1866 763.2166 1 0.07718907 692.5123 508.24356 916.3434 626.4266 1 0.0721012 634.5627 452.14676 691.81366 574.8111 1 0.0639466 340.24963 357.9259 827.8533 661.0927 1 0.05532129 666.4424 433.85403 854.5923 612.8705 1 0.052047633 361.46973 247.81555 812.6312 548.8081 1 0.05163862 356.70294 625.8182 369.00397 685.04816 6 0.05291273 359.757 532.0749 418.94406 742.5042 ,test/3061.jpg
0 0.061510563 500.27005 375.90622 559.0421 435.17905 7 0.9996462 214.55832 288.9413 935.5383 981.8031 ,test/3062.jpg
0 0.7196329 87.635414 397.5948 308.65277 470.33783 0 0.4081736 7.9294205 454.73862 255.49329 613.8036 0 0.33554113 317.2186 7.7422943 863.28845 375.69806 0 0.23417278 269.38852 291.04843 518.0355 426.96646 0 0.18614067 10.951828 407.0607 396.92432 608.17737 0 0.14726125 14.173996 410.7271 474.83472 851.9063 0 0.14674082 19.578003 5.2446747 884.3637 497.77496 0 0.13912241 403.49124 360.2389 590.0801 479.90936 0 0.13621062 218.7525 600.1162 441.10254 837.0923 0 0.10028123 446.5824 164.68004 1024.0 668.4701 0 0.0883106 391.15326 287.55673 509.27295 414.62656 0 0.07267138 857.19476 580.8417 900.43304 606.4888 0 0.06433364 471.18744 386.36578 825.49347 678.03314 0 0.061675712 388.66147 2.6804504 675.3021 318.31506 1 0.6817069 268.81775 291.24548 529.7311 428.67664 1 0.6615687 408.97195 360.32626 587.06433 479.4423 1 0.59418875 7.0757523 454.90918 254.7091 611.1743 1 0.3657103 7.2611084 400.7678 495.27658 856.60645 1 0.21338686 87.34113 396.63715 310.26276 470.35614 1 0.19970734 256.0006 343.75726 610.2037 495.22144 1 0.18205933 10.951828 407.0607 396.92432 608.17737 1 0.14598522 239.81721 286.16656 584.78595 614.70154 1 0.13414244 195.10779 613.262 472.6994 821.6939 1 0.10535375 390.28076 291.79056 510.8399 415.77634 1 0.09783334 983.18695 574.63226 1023.227 636.89557 1 0.09629958 10.637131 445.255 338.8062 759.37585 1 0.06566105 404.9859 366.3233 510.75616 441.74963 1 0.06142189 366.8955 294.10956 553.3257 471.92438 1 0.06029926 197.30844 364.09872 529.69336 786.6892 1 0.059684545 476.2129 380.80573 812.605 676.69037 1 0.056677632 446.5824 164.68004 1024.0 668.4701 1 0.05212931 187.55667 388.786 494.86282 573.43134 1 0.0517326 962.5928 107.541916 1023.2118 200.46532 5 0.074248254 406.58466 360.14987 586.80853 481.56375 7 0.9834933 406.30762 649.869 531.6053 768.5427 7 0.9497984 336.28833 755.3707 739.2589 1020.99 7 0.8848541 5.1802826 382.70374 508.68573 913.47266 7 0.8610193 510.54312 186.5937 1024.0 647.9685 7 0.85837024 857.7447 522.2853 1002.34296 624.1763 7 0.8406263 487.11847 512.0224 894.888 1002.5959 7 0.6031669 477.38666 396.72034 823.6453 675.1985 7 0.3175162 855.8251 593.4841 994.4563 757.3023 7 0.31344622 7.9450073 689.08563 428.71014 973.8133 7 0.25760153 408.4178 359.56396 592.8321 483.33893 7 0.24310552 197.30844 364.09872 529.69336 786.6892 7 0.22517346 275.54047 298.4771 579.60913 490.6048 7 0.20942642 842.71326 513.62915 997.6301 822.9408 7 0.20638172 24.923737 740.87305 631.3224 1008.91077 7 0.1683019 639.49414 596.23755 1017.0126 1016.2919 7 0.1379988 441.8822 287.40567 877.1798 781.209 7 0.1348162 917.36584 453.30286 1023.12036 577.307 7 0.10526423 246.26978 406.54916 837.32336 1008.44824 7 0.09990093 12.079025 385.9282 443.47424 616.70917 7 0.08329425 195.10779 613.262 472.6994 821.6939 7 0.07577339 94.36488 780.29535 382.65063 956.4283 7 0.06254494 617.69635 300.33875 802.9997 359.10693 7 0.05909072 212.03088 376.39386 507.41034 589.4979 7 0.05863506 982.7787 574.5226 1023.2384 637.3552 7 0.05755821 444.84122 394.1237 633.8563 487.7634 7 0.054093778 5.152176 437.9171 283.33997 611.3716 7 0.05240575 362.58688 756.7857 596.6798 982.36993 7 0.050338615 392.49323 288.80945 508.97028 409.67694 ,test/3063.jpg
0 0.6751139 219.36613 645.5248 527.50684 753.7711 0 0.07666729 532.2537 755.0452 579.09406 782.8516 0 0.07296555 139.05394 279.98993 558.036 838.26776 0 0.062309265 630.9411 297.54706 685.2127 455.6416 1 0.9945504 140.93488 214.03531 562.2617 843.8092 1 0.9908608 549.16235 608.7746 872.0481 1005.10626 1 0.9077855 746.1402 606.56177 824.28644 709.728 1 0.88031685 482.7672 339.7271 689.18604 700.2962 1 0.85415286 487.28427 315.00732 594.3819 476.38977 1 0.78415346 604.1921 215.77345 689.1081 474.91034 1 0.7059048 366.0413 184.58817 479.05203 465.7629 1 0.63929206 178.2435 190.35391 390.53653 440.07443 1 0.6283211 170.20139 265.0413 408.6733 516.7223 1 0.6231127 472.99722 294.3879 523.16846 365.60373 1 0.59688455 216.10043 335.46548 301.02554 406.43674 1 0.55367464 466.6763 262.597 637.1748 475.74854 1 0.5355483 173.56664 351.89545 400.0907 470.5692 1 0.5227921 579.4768 359.91235 640.0697 458.81262 1 0.4861224 656.49646 416.3697 727.9243 603.0631 1 0.46314043 587.45795 230.96312 728.9499 608.6592 1 0.43059874 208.4 241.5118 375.0737 399.82745 1 0.4183899 593.61456 210.7207 652.70135 448.516 1 0.41015083 684.9173 597.42554 722.56036 679.2782 1 0.40231556 305.47125 296.32028 372.03784 385.13528 1 0.32996306 564.3828 251.57617 633.431 458.46277 1 0.31690544 439.75433 225.09798 530.25946 371.81244 1 0.25779122 600.45123 369.413 635.16766 453.35123 1 0.23305897 368.5927 217.08907 624.5143 473.77887 1 0.21634758 197.22614 319.5165 375.24786 416.10788 1 0.20195343 476.1802 256.57684 618.4036 380.2174 1 0.20013283 272.13022 224.69156 370.37418 382.0153 1 0.19901164 681.0953 550.6543 773.4334 685.6655 1 0.14270422 165.96451 311.93796 222.61505 427.4249 1 0.13364534 526.2878 312.9666 634.9532 471.47583 1 0.13106085 155.77684 187.6602 460.77454 647.8562 1 0.12669167 357.10693 199.55827 728.6061 558.123 1 0.11879073 529.72675 656.5618 700.6192 772.0754 1 0.115764536 464.23413 613.0324 815.4623 784.2138 1 0.11366669 378.6665 304.62552 478.67133 457.47202 1 0.105869025 632.00824 313.40152 687.8709 457.18002 1 0.09549413 257.65717 202.9584 482.27936 463.7562 1 0.09535518 482.1288 297.11053 558.9802 381.01154 1 0.09366653 745.2094 604.8561 782.59625 697.65906 1 0.092220224 592.04834 388.22046 621.0609 458.3144 1 0.09083127 584.2909 384.047 632.931 434.51697 1 0.090234935 400.73148 348.34286 469.90848 448.52164 1 0.087403096 604.82697 369.00693 630.3127 414.34854 1 0.08548606 366.4486 204.30219 529.31146 589.6095 1 0.08374174 707.23926 542.29944 795.2488 713.7446 1 0.08124048 604.3873 221.09113 636.84216 432.67358 1 0.08021462 628.27014 311.10535 712.8728 608.94037 1 0.076799646 484.2044 362.99905 524.47943 494.3964 1 0.07625452 410.11285 224.30939 517.5574 453.16486 1 0.07589433 376.5316 315.7459 409.15097 456.53912 1 0.07361113 583.2474 378.0299 606.23065 439.64545 1 0.072759286 350.11285 300.07645 372.2801 373.57645 1 0.06538641 477.2954 367.12732 868.3291 977.2733 1 0.06280566 656.31464 414.0758 705.00397 487.40607 1 0.05932492 382.60593 352.6236 405.8572 449.32843 1 0.05785021 703.6067 556.1334 754.7517 668.6907 1 0.057490125 581.5203 359.77667 615.66974 427.2287 1 0.05663222 606.4569 225.98746 657.0812 383.0627 1 0.055024043 651.46875 373.46207 692.7423 482.99857 1 0.054261748 454.52823 237.59943 560.7621 404.11176 1 0.053023316 546.8069 312.0616 588.0928 452.08804 1 0.050870076 561.31586 348.86154 619.039 460.9103 1 0.050788436 456.7691 242.42401 605.1429 679.1665 ,test/3064.jpg
1 0.9931231 466.12585 508.7919 626.9977 651.6892 1 0.4392445 268.23166 462.46472 638.34705 651.9353 5 0.62098515 269.2707 463.9893 643.36536 652.36084 5 0.18128425 588.2186 554.04083 663.88794 657.0822 7 0.18382435 273.48642 464.03802 580.6743 635.27985 7 0.070980296 587.68036 551.62915 663.5247 657.2649 ,test/3065.jpg
0 0.5469141 508.02954 818.69714 528.9479 857.87134 0 0.09672802 264.8642 776.1993 289.58337 805.8964 1 0.45010063 264.8642 776.1993 289.58337 805.8964 1 0.17336006 508.1474 818.6053 528.96234 857.56805 7 0.99986947 518.6511 211.34149 888.26733 898.3111 7 0.9997296 209.97528 110.99356 566.95233 726.5831 ,test/3066.jpg
0 0.9545752 410.23065 425.75687 663.3924 714.521 7 0.112541325 410.44742 426.27087 663.4197 715.0294 9 0.15357582 410.39996 426.1864 663.49603 714.5469 ,test/3067.jpg
0 0.05459963 250.28488 260.50262 801.8994 617.34143 1 0.9584081 249.83661 262.36798 801.63275 616.5169 2 0.121966004 251.41425 263.73105 800.7087 615.7427 5 0.20466475 252.18823 259.47772 792.3983 620.6171 ,test/3068.jpg
0 0.9988702 276.1635 372.26895 629.5302 672.9248 ,test/3069.jpg
0 0.33425015 442.78113 650.08716 566.73096 768.7383 0 0.11643349 346.34766 311.6053 484.60712 560.38434 0 0.06205124 350.02612 245.99301 542.64197 723.84973 0 0.057768587 426.02466 245.0268 567.0038 780.0975 4 0.6461169 479.63687 282.7807 796.61597 677.7643 5 0.94521785 429.37375 237.13252 582.96063 442.8753 5 0.7169134 426.02466 245.0268 567.0038 780.0975 5 0.28613394 430.04367 233.1573 837.6809 721.8325 5 0.25520608 350.02612 245.99301 542.64197 723.84973 5 0.17205653 442.78113 650.08716 566.73096 768.7383 5 0.13063785 519.4175 336.93243 793.2157 677.4224 5 0.06815048 380.0372 249.15292 610.67456 577.7715 8 0.68457925 522.33417 347.7555 794.65265 676.43567 8 0.099027105 342.12112 304.27307 483.60776 561.0913 ,test/3070.jpg
0 0.3261909 0.36801147 557.9997 130.9754 619.2369 0 0.3107072 365.12622 421.39514 439.74286 470.9369 0 0.272638 136.47916 921.4245 180.84671 957.773 0 0.20606488 270.20728 424.30762 381.34344 465.16254 0 0.1876219 0.0 561.17944 116.73035 577.5321 0 0.09605408 264.72754 1.1181793 334.3307 266.15936 0 0.059407637 0.0 541.73755 118.484314 580.7749 1 0.77543634 136.69302 921.3793 180.57285 957.9365 1 0.06019379 261.29575 422.3295 379.39206 465.40756 2 0.054995567 276.32693 423.6376 384.70193 465.4653 3 0.3810222 364.23624 421.4945 439.97867 470.88684 4 0.6041379 359.34567 422.38226 441.8455 470.72772 4 0.08012812 338.58182 430.89825 384.1241 470.22174 5 0.20817229 352.7407 423.0279 444.13235 470.8346 5 0.06132756 338.58182 430.89825 384.1241 470.22174 7 0.99978274 69.42267 414.1463 481.539 781.98834 7 0.9955877 347.9988 328.80984 844.7722 644.27234 7 0.34423333 72.87084 608.3791 136.13425 691.6092 7 0.26130456 284.2638 347.04312 387.16217 431.20364 7 0.1818759 70.6004 610.22186 163.0454 775.4096 7 0.13644587 286.84662 330.6275 606.81793 638.8514 7 0.08277982 109.36896 313.48013 845.26965 765.36206 7 0.066779956 289.57733 334.30457 474.7901 435.39496 ,test/3071.jpg
0 0.7600687 309.10812 534.54694 505.77066 679.95355 0 0.62120354 483.3526 544.84 628.24664 644.21796 0 0.5941819 274.5457 635.4207 310.1821 663.086 0 0.43525213 324.98584 648.6311 445.96832 692.6959 0 0.3566955 266.64923 581.27405 309.88818 630.2219 0 0.09803069 317.28378 535.4182 492.45987 561.20996 0 0.068120115 485.50772 545.3347 592.7956 596.9762 1 0.3889119 307.0589 534.3214 504.472 683.6554 1 0.22073126 817.1707 439.49924 962.61334 551.4862 1 0.098211326 325.5758 648.6769 445.547 692.7516 1 0.056401458 266.66412 581.7262 309.90027 630.1199 2 0.9562998 816.9661 439.6606 962.3472 551.02875 2 0.32256562 325.5758 648.6769 445.547 692.7516 2 0.27277565 916.5131 441.1737 961.9073 517.76196 5 0.46729642 927.4054 883.9917 1024.0 958.9813 5 0.24955079 483.3826 544.7859 628.7285 644.791 5 0.13627522 0.0 0.0 182.15262 216.35983 5 0.09686885 916.5131 441.1737 961.9073 517.76196 7 0.09956173 927.54407 883.6769 1024.0 959.4092 ,test/3072.jpg
0 0.9975973 1.3056412 684.26044 96.209496 814.3338 0 0.76966876 161.6599 111.63954 479.76935 420.90277 0 0.56971043 633.34625 537.8789 799.3846 725.9431 0 0.11751163 524.2592 718.57697 598.8101 779.2056 1 0.4429601 632.9675 537.7926 799.29456 726.2075 2 0.2158974 633.1772 539.11115 801.44916 726.37775 5 0.88685423 303.0627 414.00156 581.2543 871.81177 5 0.8104624 321.79822 426.7179 606.74915 568.6545 5 0.3733963 161.95525 111.43147 480.09772 424.3473 5 0.31072438 364.51855 528.8081 553.0794 643.80664 5 0.29983434 307.47018 635.35065 572.43726 869.9782 5 0.24595018 349.69077 515.69867 553.3109 737.36566 5 0.22227621 320.2163 631.88995 557.9958 731.7447 5 0.12096255 362.2843 719.1093 580.8552 876.1313 5 0.10229352 346.97574 518.401 466.8633 643.0502 5 0.057037804 382.23462 449.08078 566.72644 603.9628 7 0.14231403 318.8131 424.8132 581.16504 746.9292 ,test/3073.jpg
7 0.99784946 288.1451 342.47046 576.87146 533.74365 ,test/3074.jpg
0 0.7941314 378.10156 8.835888 424.628 41.65622 0 0.63925 921.993 714.8721 967.5175 788.71326 0 0.23827638 732.7118 732.39465 783.6 788.9866 0 0.19671172 757.13165 614.46564 813.2872 678.9653 0 0.111708306 750.9219 332.79694 768.98206 382.35175 0 0.11016272 813.8306 797.13696 924.6984 924.22327 0 0.063354164 720.84247 730.9674 785.5744 845.34033 1 0.9946584 2.5957031 109.993546 390.40247 575.47986 1 0.08312426 814.00354 797.2291 924.7092 924.1256 5 0.97848344 772.5713 552.9487 938.0831 713.65295 5 0.46881285 823.78296 586.88635 934.24646 699.0348 5 0.11762552 775.44275 545.05817 842.38464 643.212 5 0.08915047 867.9868 631.62286 940.8334 712.70514 7 0.9524943 813.8513 796.5112 927.40076 924.2361 7 0.14057781 775.44275 545.05817 842.38464 643.212 7 0.13198557 694.23914 569.57007 757.9247 599.7407 7 0.07585634 690.069 592.3846 756.5398 604.2962 7 0.07521924 816.977 799.59064 847.38947 873.3144 ,test/3075.jpg
0 0.58444214 883.8054 247.01566 956.28296 271.88895 1 0.11516479 883.8054 247.01566 956.28296 271.88895 2 0.9999014 242.9237 369.63855 591.8411 644.942 2 0.26621062 238.68842 496.6427 494.1198 645.0386 2 0.1834549 247.84811 508.2354 413.2969 563.91 ,test/3076.jpg
3 0.99043536 461.1259 575.924 691.1893 749.5245 ,test/3077.jpg
0 0.107514545 41.61084 331.60428 825.22797 937.16724 3 0.76965123 39.15631 336.5072 818.76587 932.2916 7 0.69938695 42.96411 330.926 823.89636 933.74927 ,test/3078.jpg
0 0.2406167 88.06213 442.68826 1024.0 1024.0 0 0.15182857 596.04816 294.7195 683.2139 323.8398 0 0.0551811 12.017258 2.2460327 491.60687 677.91833 1 0.10955387 88.06213 442.68826 1024.0 1024.0 1 0.07811473 198.64665 448.38406 496.47186 718.3633 2 0.9948271 196.74118 449.84692 499.16965 717.911 2 0.06483047 197.69788 447.03903 494.42358 566.6868 6 0.06072482 84.532196 447.54242 1024.0 1024.0 ,test/3079.jpg
4 0.9960006 195.8952 248.26611 618.55255 636.1014 ,test/3080.jpg
0 0.55491793 336.55365 359.08868 689.8194 645.48425 1 0.26801714 334.49103 359.7552 690.1607 646.2612 1 0.2358581 0.0 0.0 618.0553 337.09885 2 0.69531107 335.67917 358.57324 690.17285 645.92413 6 0.21361928 0.0 0.0 619.8883 336.49316 ,test/3081.jpg
0 0.35899854 635.33417 680.14233 767.2696 905.0045 0 0.09882819 207.66074 200.00351 860.3629 902.14355 9 0.9511243 204.16385 203.11703 861.04956 903.79626 ,test/3082.jpg
0 0.15334989 400.7031 633.54016 606.83765 766.18396 0 0.09059484 425.2204 328.05493 583.14355 389.0384 0 0.05592367 395.647 520.67334 596.8457 714.8391 0 0.05463599 405.23096 294.6026 658.1487 459.5871 1 0.12305369 653.4356 280.26343 705.1717 435.7483 1 0.054015227 407.0371 299.60062 644.12805 454.63095 5 0.8663068 0.0 816.04297 218.3906 1024.0 5 0.101414345 254.03195 680.57324 307.29422 725.99414 5 0.056867026 655.53625 285.73508 705.03076 433.05222 6 0.9982199 380.41772 111.80823 641.38007 357.97217 6 0.9572854 336.14728 396.54962 596.4498 586.1788 6 0.95163184 390.51468 612.497 605.3098 854.2493 6 0.8962957 404.94366 292.1812 665.85016 461.83783 6 0.82803434 397.5058 529.0964 600.6179 674.56354 6 0.6006468 395.50656 569.2969 598.36304 758.70874 6 0.5625728 575.56177 308.65027 671.531 457.93475 6 0.40401122 346.41296 350.40964 602.9199 788.63684 6 0.18080564 526.61865 496.97772 597.3522 560.5495 6 0.15536526 377.53925 386.6121 616.6913 473.038 6 0.14478354 525.3134 603.04443 605.9654 681.12317 6 0.12328153 579.76337 326.26965 646.0463 426.7636 6 0.08961618 382.2166 123.21912 654.6452 655.37555 6 0.08871214 509.35596 305.0414 696.58386 457.28354 6 0.077579066 463.9111 629.1913 604.802 749.244 6 0.07174215 398.44528 342.38702 704.2422 503.4461 6 0.05836036 421.665 563.8846 567.6562 641.5761 7 0.99927276 180.6902 648.4354 450.5417 1016.2323 7 0.9989526 679.19385 385.86237 789.8767 656.0152 7 0.9982773 214.00365 497.01184 412.41638 706.7445 7 0.9880876 591.2576 416.27325 695.43536 704.30963 7 0.984361 782.6237 330.63736 910.77936 575.3965 7 0.98168415 649.6162 243.66093 813.1987 438.5008 7 0.9656524 802.38806 267.20844 914.0547 468.3578 7 0.45199436 175.48758 657.12555 273.60056 864.6596 7 0.37160894 641.0139 186.03769 785.5751 263.65176 7 0.18076766 183.71852 657.75555 277.70984 772.6375 7 0.17165545 252.72357 677.59686 311.22308 726.7082 7 0.10643161 652.42505 281.28436 706.7555 432.94818 7 0.09338655 814.3015 275.74774 885.67163 418.1183 7 0.089378 633.0976 413.37042 699.0246 637.71344 7 0.085481 272.17804 656.16095 398.72192 842.0455 7 0.07896692 350.8701 504.0709 430.43405 566.8581 7 0.07440461 602.95886 264.8097 893.96765 654.27386 7 0.05456126 347.00323 493.63242 603.2569 682.05066 7 0.050191354 248.53534 495.04535 333.04785 511.24884 ,test/3083.jpg
5 0.18812445 593.83105 287.63428 665.74927 677.46106 7 0.9977423 230.17603 257.09576 661.7844 676.3732 7 0.2559215 561.4109 272.85593 666.5381 678.6614 ,test/3084.jpg
0 0.08246503 951.3576 772.37 1024.0 890.5437 1 0.19402562 952.3132 773.13837 1024.0 890.37823 5 0.967432 232.9642 298.5549 945.59375 813.32544 ,test/3085.jpg
0 0.21902958 94.92659 3.2524452 174.65022 86.30362 0 0.050940245 275.80417 64.50647 916.5337 962.25256 1 0.9901164 274.34937 66.99292 918.6875 961.8379 6 0.74265844 95.43701 2.95187 174.34549 85.72888 ,test/3086.jpg
7 0.99919873 34.589813 387.21826 811.27563 803.4977 ,test/3087.jpg
7 0.9999404 65.79001 152.18106 467.81113 796.07446 7 0.99980253 518.00696 194.33865 981.69714 789.6262 ,test/3088.jpg
0 0.8083597 490.43588 170.95987 710.62634 761.79517 1 0.3803703 489.85718 169.46317 710.6107 759.65295 7 0.22346406 491.38702 171.85849 711.0506 759.45386 ,test/3089.jpg
0 0.9107013 243.01543 110.17645 593.0103 859.4491 1 0.12274524 240.70422 94.82184 589.6021 865.5252 2 0.19880456 240.70422 94.82184 589.6021 865.5252 2 0.051251404 245.11171 759.5062 572.0208 844.97314 3 0.18539856 249.18628 108.656555 592.0794 863.7914 7 0.26901084 0.0 383.8002 272.35986 976.6278 ,test/3090.jpg
0 0.9167639 113.02831 981.2684 199.94742 1023.64545 0 0.07368299 818.7723 614.2599 1022.6955 985.114 1 0.46596768 817.7011 612.6593 1022.5169 984.82544 1 0.12817983 332.6895 574.1134 1024.0 1003.61633 3 0.065612376 412.94644 657.77155 437.1025 689.5003 5 0.9984748 325.73663 340.86456 711.3654 640.2098 7 0.16906533 116.44982 957.7124 201.82458 1024.0 7 0.079370834 8.728546 956.34155 203.84499 1023.74304 7 0.07339514 0.0 727.6332 206.27002 1018.75085 ,test/3091.jpg
7 0.9958962 171.22153 232.23729 947.8264 739.2615 ,test/3092.jpg
4 0.9836699 362.66782 119.885315 644.79553 864.5871 5 0.17478645 361.9289 121.65094 644.63837 863.00507 ,test/3093.jpg
0 0.98919255 456.30536 252.49234 650.47015 478.29068 0 0.09320251 344.68964 250.65489 641.571 528.24567 0 0.053698216 258.2932 245.07126 644.14166 814.18115 5 0.996494 261.05737 437.22253 608.7032 789.8395 ,test/3094.jpg
0 0.072893515 503.8611 149.34961 876.0287 604.7743 0 0.058227897 366.22443 149.16425 873.0898 900.58185 1 0.99016786 365.468 148.01367 872.5531 896.9663 1 0.2385151 495.02277 157.49577 872.6972 606.1181 ,test/3095.jpg
2 0.9943597 405.66254 386.97644 743.50616 649.5112 2 0.06705029 398.46918 386.60925 731.70953 490.8932 ,test/3096.jpg
0 0.9553391 417.71408 350.0858 680.807 880.93506 0 0.056684658 600.4396 563.67596 623.9739 616.77313 1 0.0975031 417.43085 350.75018 681.1318 880.51886 ,test/3097.jpg
0 0.417071 529.5283 566.9227 637.10144 683.95764 0 0.23375416 732.38324 546.5146 786.06573 569.89264 0 0.07183607 315.67413 475.1385 392.88184 813.9173 1 0.9923179 309.359 473.32886 693.2909 828.756 1 0.3889848 530.60767 566.99646 637.61365 684.22424 1 0.37728837 315.96878 475.12946 393.58908 809.35394 1 0.26676387 627.7054 511.26675 700.29425 835.5737 1 0.094533235 524.71277 514.40796 699.9513 831.2953 1 0.06636095 361.65295 525.7363 576.6847 741.06226 1 0.056082524 732.38324 546.5146 786.06573 569.89264 1 0.054862365 159.19226 470.58575 290.2474 653.5705 2 0.21943504 530.8673 568.3706 633.2074 676.64636 5 0.3172081 530.3324 567.6853 634.33594 679.4054 7 0.13122132 732.4508 546.45 786.26587 570.19244 7 0.11989391 530.3324 567.6853 634.33594 679.4054 ,test/3098.jpg
0 0.7114289 432.0094 724.98334 573.83887 837.9068 0 0.4408154 505.0396 768.23193 754.44 911.3872 0 0.3577255 499.6602 702.8019 545.61554 779.81116 0 0.30057746 747.09204 608.3038 1018.1477 823.4272 0 0.15521242 742.87836 699.97986 940.48334 820.2262 0 0.15405999 717.6731 893.1719 1024.0 1024.0 0 0.15260844 492.0588 633.1875 765.6295 790.3434 0 0.14379892 508.90176 704.806 531.11035 776.87305 0 0.11259106 729.94806 826.8982 792.88116 907.35266 0 0.106907904 511.9225 703.3386 693.4591 785.4186 0 0.056161407 479.63727 680.3683 583.5661 843.9757 0 0.052263465 486.21967 747.8974 527.4212 778.98566 1 0.8876498 749.61 608.20984 1018.12134 823.36755 1 0.88494915 717.56506 893.126 1024.0 1024.0 1 0.80247086 494.72705 635.0932 760.5801 739.73505 1 0.60484153 504.42627 768.67255 756.53906 911.26324 1 0.36189058 742.8335 700.20386 940.4957 819.803 1 0.10801439 514.2142 704.81757 684.81683 786.63055 1 0.0743757 491.76184 623.16705 1024.0 814.7763 2 0.36402553 491.1933 632.5186 764.4797 791.27435 2 0.2802366 742.8746 700.292 940.5911 819.42737 2 0.052726176 523.9803 707.58484 686.24457 787.58777 3 0.6359199 839.0637 900.5315 879.83167 950.5083 3 0.13712056 532.8446 711.4869 692.4059 787.08844 3 0.06850083 717.33484 894.05853 1024.0 1024.0 4 0.21261528 653.7909 712.9299 825.6332 757.9379 4 0.06544358 522.6578 704.11926 743.0594 784.6571 5 0.060288057 667.89966 711.7904 816.21545 757.5759 5 0.058104128 531.6069 711.4329 692.54266 786.64813 5 0.051898997 717.33484 894.05853 1024.0 1024.0 7 0.5816063 432.05023 723.93823 573.90234 839.4015 7 0.12987563 718.0159 893.51086 1024.0 1024.0 7 0.07758346 742.9405 700.1196 940.5336 819.9418 ,test/3099.jpg
0 0.9996069 276.3394 229.40466 687.0559 810.5862 0 0.15465482 495.4963 221.51181 692.10956 428.46652 ,test/3100.jpg
0 0.1625018 415.27777 308.90625 795.0179 610.2535 1 0.9449561 413.8938 308.7036 796.00757 611.6285 ,test/3101.jpg
1 0.99044716 184.9267 163.48259 820.4866 588.7481 3 0.0649355 551.92883 578.06024 606.3186 608.4931 3 0.06146001 477.7792 628.4889 507.09164 673.3108 4 0.06544826 483.17758 578.42664 660.16455 934.9335 5 0.9937784 145.11678 571.08923 486.1772 953.6437 5 0.95567137 481.36743 568.45 802.8507 939.78534 5 0.7265579 628.9503 585.14124 806.96814 883.4635 5 0.5646883 479.76166 579.5887 654.75323 924.5467 5 0.30119106 551.92883 578.06024 606.3186 608.4931 5 0.15077536 481.23743 599.5822 540.698 645.37384 5 0.1375486 465.168 578.2091 560.91296 677.10876 5 0.11174909 298.39157 593.16187 481.7991 935.9762 5 0.1052529 478.23224 596.7193 523.17554 678.80963 5 0.06329489 480.6333 592.4185 515.49475 651.367 5 0.056568768 493.72165 579.4205 553.78235 654.2304 ,test/3102.jpg
0 0.4607552 324.9757 272.8483 385.71277 473.12955 0 0.3901059 206.69717 201.68484 403.45847 483.1041 0 0.37861556 203.53609 196.41089 564.9012 907.2379 0 0.26923466 180.13069 136.69864 222.4749 239.25546 0 0.15789491 412.4107 12.200218 512.8423 217.96149 0 0.088657714 187.13396 0.6269684 551.6523 492.38116 0 0.081220895 198.35344 21.186768 511.43597 279.6755 0 0.06895816 418.49826 194.79288 686.5093 790.9547 0 0.06765477 333.45178 205.64143 413.91852 484.102 0 0.06701137 394.08762 4.7379 535.94244 304.67328 0 0.051972516 291.33508 190.3096 472.24548 498.53238 1 0.9310808 0.0 834.23987 100.98409 1023.6693 1 0.6872061 189.53302 160.58585 757.98615 924.4346 1 0.5789668 198.18234 5.173111 429.4324 270.79742 1 0.41712224 616.7524 195.86533 699.5253 334.84695 1 0.4061738 463.39825 0.0 557.6702 197.99811 1 0.345713 321.20596 2.22921 433.27206 220.66394 1 0.26504102 258.64044 0.066316605 316.14642 34.170685 1 0.20804347 285.7585 0.0 379.23074 49.551735 1 0.18711612 412.67657 6.1124268 519.46814 220.30234 1 0.18205777 438.4577 193.75095 740.58405 908.4204 1 0.1812775 464.06384 352.03683 510.8863 388.91733 1 0.17957118 187.13396 0.6269684 551.6523 492.38116 1 0.14111173 424.8249 0.0 453.29327 139.14844 1 0.13641638 325.99542 18.648407 548.4374 219.40326 1 0.077348255 205.29608 192.4615 480.71924 487.2625 1 0.07723648 288.4317 0.0 319.57086 42.55349 1 0.07417116 563.4491 145.72083 707.9834 344.14655 1 0.05855788 622.04785 203.78735 694.6572 253.56775 5 0.7396045 431.51678 185.57755 672.95404 383.51163 5 0.26490733 179.95647 137.11238 222.46657 238.76039 5 0.050349444 424.91992 170.14557 769.10767 921.7691 7 0.7231843 417.9854 170.27509 771.58124 920.8824 7 0.67599285 433.92438 181.97952 680.6088 383.44693 7 0.61011136 212.28471 209.82861 562.10144 899.79724 7 0.31479192 647.6747 292.09796 687.77026 358.92523 7 0.25786772 558.93555 140.82304 638.4116 268.75705 7 0.10045288 563.2965 142.60333 707.6282 344.38034 7 0.07634964 633.3461 239.95216 689.03265 357.4697 7 0.066660285 208.33725 235.52815 379.0488 477.48108 ,test/3103.jpg
0 0.44196683 86.851746 752.04626 150.58568 781.79114 0 0.40756607 29.683472 274.9058 305.54196 339.15256 0 0.39968237 0.0 260.3343 485.55505 352.58344 0 0.32616767 119.95824 271.33795 479.9474 326.31323 0 0.21490707 322.24695 307.33163 840.2217 495.03903 0 0.20402436 185.41473 273.62875 298.90353 298.58298 0 0.19099943 759.27423 527.79065 846.81696 615.0254 0 0.18811183 575.45123 493.96695 846.45087 615.09766 0 0.18682568 0.0 223.97107 282.6869 356.77466 0 0.12425521 151.04782 263.20642 247.46185 330.18396 0 0.117714226 719.8237 336.05682 867.5525 348.20636 0 0.11201398 465.85907 306.56494 765.33453 333.82623 0 0.11144734 501.85165 307.2837 604.0305 496.73035 0 0.09510509 476.4784 308.78293 876.58167 351.37912 0 0.09418213 49.154137 254.86816 286.59937 412.31256 0 0.083540104 149.26917 278.32953 312.73282 314.99207 0 0.081740506 287.75616 311.34442 910.5162 402.71863 0 0.08044637 163.49106 282.62793 490.27304 463.04327 0 0.07398502 801.1944 533.2051 817.80963 619.0873 0 0.0716452 13.049385 228.20416 247.21222 300.9135 0 0.06829387 705.5152 326.92245 897.6302 352.14804 0 0.05869802 13.741608 276.43927 697.42834 487.32294 0 0.05794311 3.185936 217.56781 248.09244 269.38635 1 0.13902736 185.41473 273.62875 298.90353 298.58298 1 0.093143255 87.27362 752.92773 141.70299 778.86426 1 0.07093677 3.185936 217.56781 248.09244 269.38635 6 0.88675636 218.26624 302.63922 943.7875 521.6544 6 0.59073174 199.56474 285.05304 478.44043 477.97998 6 0.5122173 14.147934 258.6734 481.3653 462.53546 6 0.46606252 534.20605 317.69656 930.43005 538.3944 6 0.44740084 0.0 224.12756 278.65125 355.06317 6 0.4315038 575.4183 494.97458 844.00116 622.4433 6 0.40438065 55.086807 316.3768 263.6836 430.40805 6 0.31776103 341.76917 304.57123 738.219 500.4602 6 0.28265354 864.7298 328.86993 935.86884 498.40448 6 0.24844056 5.9079437 223.04123 247.56827 275.6631 6 0.21374385 227.60811 307.2473 382.71442 475.09802 6 0.17101425 731.0 309.23346 865.8834 339.2522 6 0.16077605 290.2675 378.65387 357.75906 471.14264 6 0.15168631 2.5792542 278.67032 364.11313 351.968 6 0.14930497 6.519943 259.01297 292.80713 429.52872 6 0.13271482 337.7165 312.00974 526.46454 478.506 6 0.105087735 0.0 261.11203 75.53581 365.84372 6 0.08798018 391.0595 315.41702 904.826 452.98642 6 0.0848733 628.9701 549.4294 843.79736 625.59357 6 0.07724557 534.5153 311.97696 725.658 509.25375 6 0.07568768 1.5495644 227.39551 128.84299 257.36026 6 0.06551389 374.72647 458.91913 887.09045 585.2319 6 0.06265173 184.98578 296.7409 319.41653 470.4284 6 0.06223051 52.805252 297.84692 331.2978 392.937 6 0.058447782 0.0 265.24924 129.08054 325.1741 6 0.056019276 92.0213 272.85712 484.71082 376.75507 6 0.05573528 107.551346 292.5178 296.46503 450.68997 6 0.05134586 65.328926 316.1094 176.64673 349.9977 7 0.11161664 86.88661 752.0478 149.72142 781.43353 7 0.06783597 185.41473 273.62875 298.90353 298.58298 ,test/3104.jpg
0 0.5305505 280.2619 500.51953 361.94464 547.29834 0 0.31900027 495.0079 435.89664 543.1917 474.11264 0 0.18392125 792.93823 392.24103 921.6366 505.54022 0 0.10574592 534.4497 410.5427 665.57837 504.88174 0 0.087813035 0.0 473.62482 202.16745 955.43585 0 0.069345154 383.56387 446.2458 459.43246 522.7852 1 0.9939564 38.88376 272.83176 1024.0 877.37463 1 0.98071736 794.0447 391.7579 920.59595 506.31906 1 0.91530335 271.51395 408.54843 527.87964 589.6829 1 0.77092487 329.94827 531.0457 403.5778 590.77155 1 0.6626182 277.53052 490.14624 405.9511 590.813 1 0.6045624 536.2601 412.50476 670.2491 509.12958 1 0.5358714 211.33006 334.43878 599.5304 448.2315 1 0.50791806 59.3013 250.59384 774.21436 696.9337 1 0.48537377 246.65427 429.41846 1022.7064 781.46655 1 0.4755956 473.03058 435.43475 565.65765 549.862 1 0.39422247 442.09998 290.43216 791.43445 565.29016 1 0.3758193 247.70723 401.25867 467.72314 487.6656 1 0.37422898 337.99936 316.39163 485.032 377.00583 1 0.37230775 246.41136 412.46204 362.55835 496.10858 1 0.3204704 222.45699 305.27234 681.67065 490.9654 1 0.2590038 236.46896 341.91638 514.54834 750.4935 1 0.24216512 516.8252 468.50336 566.8894 533.1509 1 0.23663342 433.32806 342.45145 483.77783 365.56833 1 0.21022017 280.58527 499.2739 360.5846 549.2736 1 0.2039925 321.72125 399.72342 446.5614 451.13907 1 0.20364131 228.13794 378.89725 520.5339 453.36722 1 0.1761353 550.40186 481.20184 574.7655 525.78845 1 0.17473641 244.4891 423.28302 288.8796 455.0169 1 0.16817757 94.200165 325.57764 515.7208 501.6222 1 0.16759847 308.51276 454.87448 440.26324 588.98364 1 0.1530058 92.681656 391.50763 576.49524 712.98883 1 0.15268813 244.29762 410.8452 342.41077 454.45325 1 0.15034443 329.08783 317.01608 520.6717 429.65274 1 0.12203615 62.373917 397.705 353.4289 750.60254 1 0.117179655 218.23631 401.4685 296.01807 453.18365 1 0.11713073 263.25894 483.13455 313.5507 499.53818 1 0.11574486 431.43216 366.4676 559.2233 418.0539 1 0.10772013 299.28452 322.61945 594.8966 549.0206 1 0.10275636 337.7812 423.05093 397.43353 447.19498 1 0.102657616 493.95068 436.15695 549.00195 475.1539 1 0.10063839 284.29126 536.1879 354.97632 591.10016 1 0.09945815 536.3152 443.85452 567.34106 479.8918 1 0.09634364 341.733 327.38452 825.07764 652.81396 1 0.094921894 297.64206 500.63828 397.16483 563.81696 1 0.09336311 297.97668 404.8825 478.9348 534.59766 1 0.08757038 555.5269 480.2461 590.27924 522.03595 1 0.08725055 344.3393 507.21252 393.8316 551.0115 1 0.08131049 422.23 403.516 519.2246 447.78174 1 0.07987497 472.4165 336.24026 681.6279 499.31485 1 0.0753205 639.28394 456.5266 680.4641 496.02405 1 0.07426149 421.17673 323.9703 598.13776 459.62125 1 0.0723582 287.87805 543.8194 336.75586 572.51154 1 0.07008341 427.36862 338.9176 557.6414 371.96448 1 0.06198565 560.2517 479.17468 628.7196 519.36334 1 0.059543982 535.48987 479.26163 585.3899 529.66815 1 0.05591818 436.4007 318.53455 481.08105 363.68036 1 0.05332119 221.55907 384.16003 345.21164 450.32166 2 0.9212769 567.17755 479.3659 629.799 518.8533 2 0.7650891 534.61224 411.3772 662.93304 504.71088 2 0.33498865 567.34015 478.1801 590.1944 521.169 2 0.1828814 553.61755 483.103 577.25366 523.73816 2 0.13341558 320.45392 406.46613 507.60834 580.7987 2 0.10049976 547.098 478.97937 590.0792 525.5151 2 0.08476185 563.93585 450.49652 680.66437 506.7162 2 0.072858416 557.64056 479.45166 609.2553 510.69073 2 0.06109369 639.28394 456.5266 680.4641 496.02405 2 0.050777353 269.13034 401.50513 463.42947 501.2896 5 0.41667825 0.033042908 479.35364 201.2948 955.015 5 0.05451196 383.56387 446.2458 459.43246 522.7852 7 0.18535453 533.07306 411.9808 671.2929 505.16928 7 0.06448334 276.96692 492.21136 355.54175 571.33124 ,test/3105.jpg
0 0.3777673 441.21973 0.0 664.02405 131.62598 0 0.2894033 418.4104 505.76453 644.2623 748.59924 1 0.815081 417.98465 506.11847 642.1444 750.0926 5 0.07810396 453.01556 14.863525 894.8277 655.63995 ,test/3106.jpg
7 0.99987733 240.54645 265.06824 772.7771 717.5815 ,test/3107.jpg
0 0.9999647 301.2912 200.65546 722.5058 916.24457 0 0.061376486 340.88025 740.42096 670.20056 913.17596 ,test/3108.jpg
0 0.948128 155.97083 438.48068 458.77185 622.71783 0 0.702407 170.80797 308.43 670.47437 688.2598 0 0.13248248 610.6633 610.8802 679.7501 653.2542 0 0.07653269 529.82837 633.81726 625.8895 695.79504 0 0.06845756 224.82591 607.91266 277.16476 664.70917 1 0.13014458 968.4442 17.551102 1021.2114 456.40088 1 0.07398457 610.6633 610.8802 679.7501 653.2542 3 0.63411665 529.23035 634.67505 628.19275 694.9324 4 0.9948872 255.45943 545.8807 717.03186 705.86346 4 0.6422287 528.6664 634.52484 629.69214 694.28265 4 0.46016747 610.43677 611.20624 680.2721 653.2707 4 0.23078777 468.48627 544.54736 729.1292 661.3154 4 0.060831398 522.3215 615.5779 669.03094 698.973 ,test/3109.jpg
0 0.64844817 200.2156 817.60596 292.9349 902.8562 1 0.49116436 194.64343 817.80316 293.53354 902.8138 2 0.09780085 202.88507 817.341 289.62598 903.5782 7 0.99960905 116.14926 391.5191 836.6719 767.0538 ,test/3110.jpg
1 0.97163105 295.1327 288.24548 759.70996 727.5098 1 0.9520547 328.3827 156.04984 722.4607 564.40015 1 0.8138979 333.90546 140.0797 718.27216 364.5135 1 0.27518436 857.8998 441.50784 890.3124 460.63284 1 0.24357939 12.982574 438.8635 788.13806 1017.62646 1 0.12707238 686.1144 374.82355 762.7417 649.831 1 0.07529814 685.52014 374.49512 738.574 496.80804 ,test/3111.jpg
0 0.51695174 461.7293 300.9011 596.27374 491.2794 0 0.05839656 428.6974 478.46344 681.55457 872.8378 1 0.627054 421.31268 463.21887 681.22614 870.37134 1 0.4978103 410.68713 441.47433 661.0669 624.8939 7 0.5537616 464.2255 299.0866 595.85126 491.92432 7 0.08150588 479.4534 298.72046 514.6611 431.55914 ,test/3112.jpg
0 0.13415514 420.02252 827.80206 517.1024 1021.6236 0 0.11500478 475.6843 250.64076 638.5606 527.1846 0 0.079732366 441.00485 283.51077 638.0757 850.7887 1 0.05935829 438.70468 277.5848 632.4884 852.76624 4 0.9998087 615.67664 386.69293 799.7842 725.1545 5 0.09607473 416.20932 833.5886 517.15857 1021.9734 ,test/3113.jpg
0 0.9938366 380.19278 216.77115 720.4741 832.08887 ,test/3114.jpg
1 0.9897658 650.0297 360.90356 920.70966 850.8501 1 0.989754 570.1305 492.51868 703.8119 802.0272 1 0.36732534 572.12335 366.49777 763.2802 798.38074 1 0.094070114 652.39886 379.21735 738.7807 585.7378 1 0.08839359 567.9366 699.01306 623.74457 777.29565 1 0.084668934 647.3865 364.94934 850.1134 583.88135 1 0.06377992 651.2729 369.16183 785.62396 502.7806 1 0.056351777 578.2216 484.13055 680.22906 619.1573 1 0.055468947 244.39545 242.64723 285.61182 277.1745 5 0.09590119 244.4535 242.5326 285.41602 277.1809 5 0.07380233 344.80194 166.94708 632.4428 622.86487 6 0.95945203 243.1827 157.73755 334.661 221.07816 6 0.20553596 246.11511 243.64465 284.25366 276.64978 6 0.052501302 346.7171 165.54686 631.0842 627.58966 7 0.9988593 129.96466 195.98135 506.5985 822.57104 7 0.997424 0.68694305 261.6598 171.2976 626.1473 7 0.14101136 130.0177 171.65936 361.1008 604.506 7 0.1280846 7.9313354 191.48792 292.9066 615.275 7 0.11447079 1.1222973 270.10913 44.913055 436.2896 7 0.05996101 180.00906 214.99577 238.02402 242.06511 ,test/3115.jpg
4 0.054252885 5.307667 281.70322 75.35864 319.23465 5 0.99864334 2.9868774 242.3436 986.9649 869.7914 ,test/3116.jpg
0 0.99446267 409.1499 220.06671 501.8806 314.43 0 0.34139022 411.46323 220.12405 564.72046 346.6049 0 0.22773461 451.34778 187.912 533.9283 228.44969 0 0.053622738 488.11603 204.71106 531.2429 230.74756 3 0.9685901 334.64258 301.79846 625.39343 679.00854 5 0.2564826 334.74744 300.18402 624.88574 679.5919 ,test/3117.jpg
9 0.9987282 95.408295 552.41034 903.4623 945.46234 9 0.9965952 130.52798 64.61301 955.06287 492.62997 9 0.08127732 316.81287 404.52136 902.6477 498.51154 ,test/3118.jpg
0 0.19318315 488.76 659.154 615.26196 703.9388 0 0.18950653 0.2291565 136.15536 132.3393 312.8872 0 0.07485735 318.77527 311.54575 456.7614 640.8622 0 0.065418154 0.24240112 260.93726 127.43227 328.49548 0 0.06453205 421.94748 255.42888 631.47876 308.84845 1 0.9877117 319.97864 247.58838 826.48755 647.2317 1 0.80449265 0.5523987 135.43051 130.99597 327.1603 1 0.1882668 318.77527 311.54575 456.7614 640.8622 1 0.061964698 2.9250336 0.0 192.83737 131.19064 2 0.059557334 319.71 248.10873 827.26294 646.7329 5 0.85325336 488.90692 659.3436 615.2214 703.93176 ,test/3119.jpg
0 0.13756038 348.27997 557.2492 385.59314 618.8543 0 0.11226797 702.31525 558.55756 743.5914 610.6038 0 0.09852109 848.53235 562.2555 894.73315 704.9009 0 0.06930618 144.26901 633.86914 159.94153 692.21265 1 0.80091923 0.022930145 447.2066 63.127377 575.992 1 0.09989438 170.68054 446.4779 315.474 547.99066 1 0.056766003 0.0063915253 491.23956 55.2538 536.44073 2 0.05370261 0.0155620575 453.7269 61.955307 575.124 5 0.8627734 331.90274 494.2055 381.4669 554.75995 5 0.19129787 217.02547 451.36505 290.60516 526.9815 5 0.17371373 170.32034 480.0612 246.5989 548.51776 5 0.13114516 0.0155620575 453.7269 61.955307 575.124 5 0.09144664 333.84415 491.31485 384.17172 613.0239 5 0.07419312 737.0354 550.4742 789.9066 643.1756 5 0.0657013 175.43875 445.64664 318.86087 533.8407 5 0.053728815 351.1504 552.6542 386.675 617.319 6 0.07362787 0.032865524 447.19635 63.189438 575.7858 7 0.99997175 469.46423 562.5514 657.13477 973.5707 7 0.99982136 143.56398 478.946 372.96625 701.2224 7 0.99981505 377.04926 454.22684 529.7683 700.12616 7 0.99976414 330.69745 282.3348 460.82703 549.31287 7 0.999736 286.55737 605.944 477.88812 871.0928 7 0.99931526 681.37775 507.10193 896.63885 836.1393 7 0.9981299 726.08984 290.5338 863.693 511.1377 7 0.9974807 808.7698 203.18396 986.34985 436.2448 7 0.9969399 594.8482 491.20734 715.606 807.951 7 0.9966204 648.7258 398.8415 806.2826 562.5601 7 0.9911801 456.9103 340.81555 704.813 558.3627 7 0.9898397 45.975174 386.3684 185.33336 653.67395 7 0.98382103 827.44324 386.38043 999.41785 768.51276 7 0.9829237 116.67077 316.82108 285.60385 491.79532 7 0.9827619 0.6344948 565.74506 67.12912 655.42535 7 0.9585206 592.319 247.45554 753.04285 416.19193 7 0.83024836 170.5885 447.3291 310.58453 547.8973 7 0.7587944 702.745 558.7748 743.40063 610.8364 7 0.5525653 219.23703 451.3755 289.9704 526.598 7 0.36172 736.63525 496.1898 826.0089 635.84467 7 0.33649585 442.61566 716.97363 481.36768 852.3496 7 0.26531374 744.4223 500.5613 822.3173 577.7245 7 0.21430853 170.32034 480.0612 246.5989 548.51776 7 0.194891 350.86237 551.4222 386.19897 619.93134 7 0.18176189 822.6638 518.8573 893.912 709.52783 7 0.17618981 847.8478 561.71106 894.33887 705.4203 7 0.15826733 272.5492 433.83582 331.1776 503.98865 7 0.15672317 735.45435 552.3514 789.70996 643.2364 7 0.14728828 733.9066 420.68445 798.9946 524.72034 7 0.13781218 705.5517 522.8905 789.33026 648.95715 7 0.13122307 333.84415 491.31485 384.17172 613.0239 7 0.1184993 55.866734 387.62976 180.80177 488.5631 7 0.11300261 42.992065 329.81195 296.76703 644.64954 7 0.10075577 670.224 387.6786 991.6875 840.7351 7 0.097910255 501.47388 562.6123 635.6748 636.43335 7 0.09548801 46.203743 434.80884 95.542076 537.2669 7 0.09534621 827.04 341.3207 855.77277 409.73825 7 0.09430471 704.73413 526.1211 751.0624 613.1953 7 0.09329559 58.035755 567.5605 73.222336 643.85236 7 0.07358923 1.3782387 451.5559 64.93382 574.75134 7 0.06975838 258.8205 470.48602 377.5506 630.2187 7 0.06574695 665.2158 407.8002 693.4535 438.41245 7 0.063939355 363.24005 566.67535 385.38293 619.0832 7 0.06308691 673.72614 321.9153 732.67926 430.8005 7 0.060161285 522.3996 496.55023 594.1761 576.856 7 0.0591804 719.25385 436.3457 814.42316 598.0674 7 0.054748278 803.0856 426.85583 871.05237 517.4113 7 0.052580267 743.2322 514.632 871.4718 721.17303 7 0.05159566 534.7032 337.02377 590.90546 350.60196 7 0.050144702 638.407 396.96906 792.04065 692.50665 ,test/3120.jpg
0 0.948164 359.68652 456.81757 768.05945 677.2088 5 0.057162832 358.62683 456.5002 768.4241 676.8716 7 0.15173863 358.4074 456.7645 767.2485 677.61505 ,test/3121.jpg
1 0.9923011 340.4751 312.5291 664.2001 723.6181 1 0.24994126 449.11508 440.1764 614.0799 711.13135 1 0.07893341 341.57452 317.08585 526.157 493.7983 5 0.0725801 455.53217 458.64124 605.5588 710.5663 5 0.051802848 445.9975 431.00626 489.16766 458.2878 ,test/3122.jpg
0 0.98511964 305.2125 267.1092 784.4807 961.21783 7 0.516759 304.71637 280.66248 786.9526 957.70874 ,test/3123.jpg
0 0.5534409 0.0 59.65915 507.90704 414.66257 0 0.4901526 362.8534 288.48517 1024.0 664.8927 0 0.45227882 0.0 121.43605 309.4913 384.33752 0 0.40920973 256.73352 38.6252 486.0727 292.71967 0 0.40780926 354.64703 14.050903 1024.0 517.7671 0 0.06550853 0.0 203.81808 211.22656 383.4951 4 0.3430163 792.6553 564.6887 834.9584 611.62976 5 0.055103652 298.4896 78.170074 494.79892 296.02588 6 0.98492104 338.67154 359.4817 600.95337 740.70544 6 0.116887435 369.15845 279.67773 968.28735 714.96454 6 0.106156364 325.37433 48.85904 638.2983 746.26587 6 0.062385153 0.0 130.14575 603.29767 739.26776 7 0.14968303 256.73352 38.6252 486.0727 292.71967 ,test/3124.jpg
0 0.24658102 455.45215 137.50824 875.3263 559.6552 1 0.33157063 451.26782 140.96487 1013.29736 682.1221 1 0.07666227 444.9066 141.93353 882.17236 490.4845 6 0.6094265 452.572 140.80634 1007.9064 679.9111 7 0.9399515 690.228 143.88275 1024.0 656.18646 7 0.054386884 458.1828 142.20801 969.47284 679.58466 ,test/3125.jpg
0 0.31521228 770.1289 315.9481 1019.2245 524.6901 3 0.52039355 769.2682 318.36713 1018.3474 524.136 4 0.99377245 423.76428 319.1235 588.368 912.0818 5 0.119259566 786.78436 868.5178 1024.0 1024.0 5 0.10192605 424.634 318.27457 588.36304 909.9425 5 0.06757564 769.7971 317.58234 1018.5006 523.853 ,test/3126.jpg
0 0.9992779 138.11539 167.93591 759.1354 633.4423 ,test/3127.jpg
5 0.99905926 234.30106 446.02344 803.4783 870.3168 ,test/3128.jpg
0 0.14711583 200.25153 77.85068 560.6843 712.78455 0 0.051811066 507.8089 331.25488 1019.06635 758.9197 1 0.7047176 199.78044 79.89905 560.8476 715.05884 2 0.07944208 200.95897 91.066956 562.3867 714.5716 7 0.40257382 200.33232 92.70294 559.1397 712.33307 ,test/3129.jpg
0 0.6424936 380.14624 356.85034 418.287 402.87756 0 0.39567673 379.61322 272.94928 420.80695 407.22107 0 0.07808667 374.34592 247.7735 635.6138 800.95013 0 0.056752566 466.2962 751.9998 482.8321 797.11285 1 0.5203824 372.67072 245.47336 635.6821 791.02405 1 0.06893427 380.21732 357.2885 417.78848 402.9643 2 0.7750748 372.99097 250.71991 634.7985 793.67584 5 0.06277412 312.55096 155.75845 559.0628 316.2362 5 0.050845154 367.82043 217.99463 633.27246 803.2955 7 0.5055194 523.047 218.50815 623.07227 285.94208 7 0.4328663 356.9213 200.78711 633.2136 801.88763 7 0.31554428 312.28668 151.59323 572.97736 321.01978 7 0.08039364 517.5747 208.55524 632.62146 343.5819 7 0.063119024 379.58023 271.6833 421.25204 403.6703 ,test/3130.jpg
0 0.09082713 382.3246 253.19107 872.30457 867.0182 5 0.7924703 354.70334 217.59677 874.13184 861.37634 5 0.22615415 346.4855 204.35046 465.59042 364.7492 5 0.10298219 360.96783 216.1878 628.95703 564.8604 7 0.7550871 377.77063 245.3092 873.0834 866.8285 ,test/3131.jpg
1 0.07524284 385.11618 71.8431 415.0471 129.77725 1 0.07037192 393.0114 0.0 698.8234 110.08572 4 0.09197701 891.8278 4.830784 970.43744 80.12616 5 0.96612287 707.5751 266.54944 1021.7274 752.4787 5 0.5308654 651.96344 2.752411 1024.0 523.6791 5 0.47499454 393.61847 0.0 685.3504 100.61196 5 0.4525573 400.61676 30.0718 455.68903 122.22553 5 0.36244404 722.0053 280.2267 1012.92377 505.91348 5 0.31674126 439.4902 0.0 573.2341 87.28751 5 0.06643711 566.7528 0.0 617.13525 111.125854 5 0.05739927 774.82837 0.15011215 1023.41064 116.98543 7 0.99984694 208.18298 18.035553 745.8283 1012.67065 7 0.696047 615.2428 12.65004 1018.4768 494.00964 7 0.06910834 392.59027 4.6979904 695.22284 169.74988 7 0.05888747 584.27905 2.886078 733.2842 535.7677 ,test/3132.jpg
0 0.24775843 441.49527 532.9644 671.8489 759.0225 0 0.21548356 831.32324 169.85117 976.80505 281.2602 0 0.10536708 831.1814 75.35725 949.25867 325.47632 0 0.08801282 712.1727 0.84532166 942.9303 178.56131 0 0.061573323 316.1026 926.84863 531.82605 1021.65857 0 0.061363533 850.3534 166.43869 950.2853 249.47922 1 0.33802733 713.0508 3.6113358 942.30835 176.73541 3 0.29364258 712.46814 1.1088562 942.92236 178.48099 3 0.0956794 831.1814 75.35725 949.25867 325.47632 4 0.09619204 712.53894 2.649788 942.5962 177.02765 5 0.27567038 712.46814 1.1088562 942.92236 178.48099 5 0.23521271 868.36005 226.93445 956.4506 292.68567 5 0.1647712 294.41888 482.96588 355.21002 635.3355 5 0.11837909 821.86444 219.3926 1005.70087 326.97968 5 0.09254974 367.9165 890.3739 951.0624 1014.31775 5 0.07491717 851.1979 176.18164 989.56995 304.0538 5 0.072931856 870.42236 251.90016 993.08777 292.97348 5 0.053903632 831.1814 75.35725 949.25867 325.47632 5 0.05236259 802.26013 171.97252 965.3563 256.77017 5 0.050847504 116.267975 153.78891 945.30115 379.83273 7 0.9955526 246.69019 335.41556 898.7821 866.0779 7 0.9148438 321.02264 925.9832 530.1267 1020.7941 7 0.6338826 255.94278 685.6212 821.0604 865.9176 7 0.29721963 244.72043 475.57074 556.8634 872.3731 7 0.19184254 274.8992 412.0315 673.2279 782.68896 7 0.103319325 362.51096 929.1104 533.38257 983.52167 7 0.09136464 88.52528 920.1477 531.1653 1020.0304 7 0.08907518 330.73523 917.7827 927.4929 1011.282 7 0.07641475 806.2659 170.30522 998.45013 313.89923 7 0.054277804 845.3068 169.40875 963.2048 252.38568 9 0.5518535 460.19385 533.86304 667.24646 759.546 ,test/3133.jpg
0 0.28237492 244.60454 336.46848 649.5634 704.01086 0 0.07552099 834.7119 395.52185 910.7267 468.97363 1 0.9326708 243.73299 336.9403 649.6411 703.1189 5 0.34681 834.2497 395.04785 910.96893 469.46655 7 0.73735446 834.47107 395.20468 910.8258 469.4777 ,test/3134.jpg
3 0.9958733 302.32617 198.12897 784.6598 837.7961 ,test/3135.jpg
0 0.60992056 284.77472 829.9583 429.11664 961.1706 0 0.09826923 693.9754 66.14432 733.3359 183.08968 0 0.06350863 291.78387 833.6853 378.95416 918.7506 1 0.12640868 283.80676 830.59546 432.59064 960.9536 5 0.9978623 288.42307 127.167694 812.2174 939.00574 5 0.6396684 278.48862 831.2147 477.70932 957.57837 7 0.33387345 968.6327 343.59113 1017.9457 410.50842 7 0.21546018 283.50623 830.35474 431.0968 960.9397 ,test/3136.jpg
0 0.08044483 258.60052 618.91797 548.86316 886.39746 1 0.6423532 258.40543 610.83704 550.9542 886.589 4 0.9898858 247.00204 89.28357 586.08887 905.80664 ,test/3137.jpg
0 0.36451402 267.9092 358.09088 342.85764 461.53906 0 0.05852729 829.34827 75.215965 863.1708 93.60261 6 0.9998486 609.22394 89.020996 982.5213 459.85962 6 0.999383 89.95088 431.46198 491.30023 978.1514 ,test/3138.jpg
0 0.07441777 452.2085 184.17856 462.06158 285.52005 1 0.2579047 0.42312813 490.94135 54.09675 671.1064 1 0.22317304 0.0 668.7035 104.96271 891.4938 1 0.06991424 714.71686 614.8371 794.9211 772.2784 1 0.06532978 645.8721 642.3579 713.7711 727.12866 2 0.176885 645.451 642.2747 714.3193 725.2358 2 0.059578296 664.0363 665.08655 716.16705 730.65564 4 0.15008292 715.2332 671.5645 785.9876 770.50055 4 0.12952253 662.2219 699.1559 748.3347 763.7865 5 0.9339898 718.5718 663.6139 783.82874 772.0392 5 0.36031535 485.77338 557.44324 594.16046 730.71313 5 0.252199 568.46356 578.0029 601.45807 712.52295 5 0.23975262 645.8721 642.3579 713.7711 727.12866 5 0.17300008 455.0839 643.87634 518.61053 733.3977 5 0.1111635 725.38574 658.7891 778.14624 690.55145 5 0.071747884 468.9563 675.3308 520.30975 730.6537 5 0.068880886 142.31206 635.5924 181.13588 679.90967 5 0.06321788 666.0082 674.87604 715.3613 725.4948 5 0.06027087 139.49579 632.7098 162.80518 681.6862 5 0.055149477 708.88934 621.4647 799.56757 765.723 5 0.053160027 478.94714 602.5497 517.4449 733.8518 7 0.99974877 134.56535 573.43115 381.12213 1019.38916 7 0.9990258 450.59927 554.1789 664.63745 968.582 7 0.9948644 0.0 865.04596 183.67703 1023.6884 7 0.98487574 464.2992 0.0 784.62756 637.2965 7 0.944732 253.67503 308.08823 544.2908 928.2694 7 0.88375735 634.22064 516.95984 854.7402 963.55054 7 0.80242264 0.0 669.55164 104.23449 892.1438 7 0.39732394 256.74432 513.3466 474.93207 905.382 7 0.18497404 353.06396 1.0572052 596.6617 351.40186 7 0.18110302 329.0855 313.39532 669.5053 973.60785 7 0.119627334 144.02693 635.8893 183.9022 679.4004 7 0.11344136 139.21846 577.4406 257.62238 689.5932 7 0.09317452 730.17786 124.51865 800.90234 411.38235 7 0.088163145 388.914 345.0183 864.4488 950.176 7 0.0685009 718.29474 672.31915 784.2358 771.53107 7 0.065427646 343.37292 28.841522 818.15955 882.4248 7 0.054817144 9.90033 864.53845 104.47035 896.4967 ,test/3139.jpg
0 0.062385134 104.832794 231.7533 739.2477 847.9707 2 0.14766699 102.151184 239.61084 752.87994 850.7372 5 0.9751701 105.02069 215.53531 737.45056 852.8346 5 0.8318561 501.0196 119.35745 758.5452 393.66446 5 0.7359147 584.55566 124.30503 759.40784 263.11475 5 0.4914119 506.52167 183.23518 676.4173 367.20245 6 0.06181237 104.17197 231.6972 734.33594 851.01654 7 0.06528213 104.832794 231.7533 739.2477 847.9707 ,test/3140.jpg
0 0.055925757 101.37213 236.93237 850.07434 820.82874 2 0.09583748 94.303986 238.53351 851.56104 819.82916 3 0.7926023 104.186554 236.38763 846.7307 818.11285 5 0.39160228 104.25394 234.92334 849.65 816.65393 5 0.061837833 2.4375687 347.72617 154.44153 525.9154 ,test/3141.jpg
0 0.10371262 601.45044 762.20734 629.17615 815.17267 0 0.08237579 632.73157 664.23126 697.8146 748.0002 0 0.07596866 514.29254 550.50916 561.30585 636.7639 0 0.07022179 354.30267 638.37256 419.5174 706.52734 0 0.05751211 372.94873 356.53873 414.0852 457.20718 1 0.9587157 521.2956 521.35126 662.5844 805.66754 1 0.94722056 373.65137 361.58264 538.7503 534.8772 1 0.9020606 239.12532 571.3522 555.4788 1023.6731 1 0.8942593 517.91736 590.8106 733.58325 921.20514 1 0.843541 479.65747 345.9362 621.4077 525.4845 1 0.8130598 449.23486 466.0798 607.49963 593.0222 1 0.5235205 767.0387 557.14746 847.6627 709.3511 1 0.47368962 626.82227 660.1786 696.74023 794.89514 1 0.43246415 372.94873 356.53873 414.0852 457.20718 1 0.41486087 792.01447 554.54785 874.40826 662.1588 1 0.28761888 446.1787 412.44788 620.18713 647.0399 1 0.28062555 430.02487 560.7687 526.60724 719.6793 1 0.18879616 469.52448 349.17487 616.7161 421.63794 1 0.18299027 449.10754 460.27078 634.0487 774.24805 1 0.18218671 265.27185 596.9546 457.3238 900.63257 1 0.1521134 449.16272 479.2671 767.8961 820.0497 1 0.14372805 341.26593 623.9727 436.62628 763.74274 1 0.14370993 400.2013 351.3904 610.9333 600.73926 1 0.116408266 404.51163 596.25055 536.2108 798.02997 1 0.08911907 550.62067 628.9365 656.44037 811.40466 1 0.08862154 383.924 362.96768 423.92914 441.1113 1 0.07445252 599.75134 664.7055 728.2665 815.1761 1 0.07249195 526.4274 728.0842 566.2531 801.08276 1 0.067914 356.16284 646.54517 414.5999 707.04333 1 0.066712014 735.5518 703.5698 783.6573 735.9636 1 0.06418927 514.6075 553.9033 559.3669 637.72253 1 0.061829977 603.1769 755.2849 629.82947 815.00134 1 0.060373686 629.9682 722.33325 687.6624 793.1354 1 0.056527674 531.6498 765.4953 560.49756 801.7048 1 0.0519383 445.44913 509.9568 577.76416 688.6019 4 0.68185127 333.68768 668.9467 453.21613 854.3637 4 0.49802792 415.7772 621.07324 530.92145 792.713 4 0.44380295 319.7422 662.3857 360.5312 719.3033 4 0.4188105 266.16284 700.4445 390.48993 897.96844 4 0.39525643 338.31015 680.0745 472.69394 783.5352 4 0.22416055 356.31836 684.4583 418.7838 759.7271 4 0.15328386 300.3803 726.5299 434.94147 902.30615 4 0.08608772 327.3941 661.1949 427.6308 767.5163 4 0.08115468 325.9657 664.64105 361.63605 694.4379 4 0.068932444 308.3083 659.81226 351.25702 752.4957 5 0.48354906 411.69327 621.1192 530.10803 791.1506 5 0.33293265 267.4195 706.0321 387.08032 898.4619 5 0.2890863 350.08218 673.594 417.33017 764.9874 5 0.2442718 228.4023 507.57016 251.47365 572.53735 5 0.18656531 278.91882 724.0966 342.59473 860.78143 5 0.16647649 423.45688 650.5184 497.38455 767.13336 5 0.14734136 271.3388 702.7096 332.71265 801.2527 5 0.12002456 272.32812 669.0209 466.3415 889.9492 5 0.11106324 315.646 786.4778 378.43567 899.41064 5 0.084319204 335.63904 671.1365 461.30652 832.3965 5 0.079184756 420.44205 627.6146 481.67575 735.681 5 0.07455847 300.3803 726.5299 434.94147 902.30615 5 0.07113667 331.6996 624.78674 536.2848 845.7156 7 0.9993086 752.6731 374.35065 899.74 655.2277 7 0.9988738 621.13873 482.45886 796.17926 726.4336 7 0.9941445 168.99557 232.74156 417.6378 640.8373 7 0.68073434 500.48367 398.05658 623.88654 510.51117 7 0.6729502 395.40314 537.2999 455.61023 596.23474 7 0.62884957 229.52002 474.9114 422.8429 658.54285 7 0.26619932 169.13979 273.5809 245.07393 577.9678 7 0.14990678 224.74559 504.58624 295.53314 576.1103 7 0.116989374 410.1919 620.4084 527.5605 791.8084 7 0.11345574 234.93188 438.88373 411.7002 586.6031 7 0.08747607 517.0827 415.0243 620.5245 471.94415 7 0.07771456 272.32812 669.0209 466.3415 889.9492 7 0.07452169 227.1712 503.51404 342.83777 649.0825 7 0.051234223 310.25082 581.9172 526.68066 884.2204 ,test/3142.jpg
2 0.9981674 336.86304 280.52893 780.98987 582.9573 ,test/3143.jpg
7 0.9994742 280.61246 31.804718 792.89734 721.906 ,test/3144.jpg
0 0.45830402 70.40892 363.2514 132.24722 410.083 0 0.35658792 182.64912 301.61722 265.18518 398.3893 0 0.16294387 435.2755 914.24493 500.78662 997.1667 0 0.15472244 103.403885 600.0049 198.57207 682.1726 0 0.15444848 312.9087 803.4548 440.4123 981.91034 0 0.15179452 617.15857 225.76303 711.67847 341.32333 0 0.14483665 789.85895 599.9897 828.7276 629.0523 0 0.14327566 658.76984 227.6152 710.221 329.7808 0 0.0963882 362.01923 659.9669 451.06848 797.59436 0 0.07403338 243.87833 809.98193 413.23825 991.287 0 0.07126574 385.42563 717.6166 449.2184 796.03674 0 0.06631335 365.08173 466.98203 439.4245 532.23816 0 0.061508667 296.47656 774.1474 367.01416 813.07526 0 0.05727867 103.706345 570.33405 446.95667 713.66095 1 0.94794106 297.6932 774.3698 367.03384 813.21075 1 0.928401 538.9479 326.9866 684.99756 405.63382 1 0.85395986 220.90088 795.1393 443.84375 1017.10754 1 0.84775907 560.1512 241.46815 713.19135 339.9252 1 0.7760044 199.36166 938.78925 304.6207 1024.0 1 0.7682385 541.55194 252.31804 712.2911 414.0044 1 0.7037975 219.07144 938.5986 445.35037 1023.7537 1 0.6836874 2.012535 737.69727 53.969833 791.1821 1 0.35851276 473.5484 366.66656 519.45886 424.8213 1 0.34212995 244.48917 828.7031 394.35526 986.53394 1 0.32401615 362.18787 659.45197 451.7265 796.77045 1 0.27619216 385.90686 717.4281 448.76935 795.68616 1 0.2602657 246.45033 842.3438 334.7704 936.2098 1 0.25573757 506.03342 287.87637 560.0259 399.9908 1 0.23824278 321.71426 811.8764 438.05264 978.13605 1 0.17967094 551.685 386.79446 652.82294 403.70084 1 0.15763047 533.86945 303.45316 748.87555 455.9448 1 0.14900754 223.62129 960.82654 333.18164 1023.6284 1 0.13846369 269.68854 957.78864 384.30157 1022.071 1 0.12698425 583.85583 307.54056 704.02075 342.48416 1 0.11649097 789.85895 599.9897 828.7276 629.0523 1 0.110098094 558.51 249.53275 637.14734 335.85654 1 0.10457986 587.55237 276.85785 706.48584 329.08508 1 0.099524535 546.99725 321.52353 700.7819 362.16794 1 0.09809601 303.90335 796.9432 374.92227 827.1514 1 0.08670982 593.33685 320.92914 697.8016 336.88306 1 0.0845955 593.5702 314.62503 695.3861 329.58878 1 0.08119868 557.5568 322.66086 782.6182 527.4938 1 0.074100584 113.99904 569.08545 446.0893 708.79346 1 0.073658995 637.9523 356.46567 784.12195 566.6958 1 0.06831937 139.33775 574.04767 397.82666 656.086 1 0.0643131 70.40892 363.2514 132.24722 410.083 1 0.059539124 231.52808 332.4074 338.41302 499.1709 1 0.05742731 544.30414 387.93555 651.3046 429.26422 1 0.0572968 257.41345 872.99347 361.13898 976.8654 2 0.19481532 385.42563 717.6166 449.2184 796.03674 3 0.21817097 659.01196 229.27487 710.0532 318.5742 3 0.06265946 147.54152 663.50745 196.07863 686.2031 4 0.45630834 152.68681 664.58746 195.82927 685.89154 5 0.8237698 477.08243 402.3645 616.9133 469.8365 5 0.43751937 539.92053 324.04382 693.5547 405.2373 5 0.20679301 443.21042 405.94135 622.81934 536.7179 5 0.15658626 188.85193 596.457 320.80582 653.9515 5 0.14459993 0.0 104.907684 223.42577 623.7595 5 0.11827102 362.01923 659.9669 451.06848 797.59436 5 0.115851104 304.1065 351.61795 413.2268 392.12912 5 0.10665209 385.42563 717.6166 449.2184 796.03674 5 0.06923454 546.99725 321.52353 700.7819 362.16794 5 0.061509036 315.856 362.77832 363.56833 390.3053 5 0.05565861 139.33775 574.04767 397.82666 656.086 6 0.99493486 224.76389 316.27243 494.19638 485.77304 6 0.6242077 293.12823 327.59036 425.9095 393.335 6 0.22378954 291.97583 333.7046 367.12115 392.5177 6 0.1835596 789.85895 599.9897 828.7276 629.0523 6 0.12952292 1.9046459 738.8655 50.255013 790.99475 6 0.12636143 333.49786 364.07855 404.4901 388.8722 6 0.122400105 265.82748 319.00418 469.14627 408.13828 6 0.1031602 305.16187 353.48227 407.06305 392.47086 6 0.08830335 297.26703 341.2867 328.6891 391.5023 6 0.059944615 231.52808 332.4074 338.41302 499.1709 7 0.9997886 419.11023 737.3315 761.5668 1023.14496 7 0.99888927 4.73888 565.3426 112.34555 696.91583 7 0.9987803 33.67418 367.99445 323.72772 607.93634 7 0.9983829 519.479 572.6867 817.7717 790.5119 7 0.9763665 522.8864 362.896 810.7675 605.8648 7 0.90699756 102.321884 569.10785 446.5443 709.2828 7 0.79285526 441.10187 410.5983 623.71027 537.28406 7 0.5177806 637.66754 357.95105 795.9699 583.1297 7 0.22220801 300.42847 797.1846 443.27942 987.6636 7 0.22102034 523.2063 437.20105 677.05505 601.62866 7 0.15029258 172.13504 371.1419 319.7187 598.8451 7 0.14563031 181.23184 301.30533 279.63907 399.00076 7 0.11542411 70.23311 362.65744 134.3255 411.53928 7 0.10387974 104.57797 598.7658 199.38623 683.80084 7 0.0955151 525.1921 624.48126 674.30096 736.2736 7 0.08300482 743.90796 388.68082 804.8263 446.83652 7 0.07996773 305.51935 801.4046 372.36682 832.4544 7 0.079768404 775.76013 441.47183 803.7639 476.77023 7 0.070351854 543.09924 324.39288 691.2645 404.85504 7 0.06894899 24.048466 556.2016 103.08653 612.8461 7 0.06807023 377.21796 416.09265 662.5633 577.3032 7 0.06132992 642.4693 512.574 706.9383 558.6039 7 0.060790118 298.49832 771.8364 368.59543 816.55566 7 0.06061354 652.97095 523.48083 695.05347 558.15454 7 0.059637837 317.1845 800.33746 410.3463 866.8952 7 0.05480666 443.7494 445.30762 563.8474 532.97894 ,test/3145.jpg
0 0.25673363 609.41223 354.6939 642.0005 433.68744 0 0.14487019 353.73926 353.45404 402.59186 419.3609 0 0.063539125 357.1984 370.2089 389.97525 419.0488 1 0.9964784 148.23431 391.23907 389.25684 693.4982 1 0.9940076 422.5083 540.5574 912.2833 913.68274 1 0.98669994 559.4229 154.40279 634.25665 435.63776 1 0.9787458 354.99237 281.10477 513.1762 594.22266 1 0.61957717 609.41223 354.6939 642.0005 433.68744 1 0.59125555 142.93634 297.00555 505.49945 727.5157 1 0.5865029 607.07135 203.92293 695.51996 432.2406 1 0.49127275 130.60199 652.35913 424.67072 758.59875 1 0.39019945 509.01825 251.59863 574.3901 569.92194 1 0.36206976 539.6492 436.24518 644.22644 507.29437 1 0.34817183 565.56104 333.47635 614.88196 436.86203 1 0.3341677 280.25635 227.61244 560.68567 698.2467 1 0.32367834 514.3216 191.8365 553.69464 360.79803 1 0.30308548 519.3473 168.14449 641.1843 557.17944 1 0.27204722 506.89053 195.9509 799.1981 594.95105 1 0.25568902 453.53857 272.2875 520.52106 561.7621 1 0.24430756 134.21497 595.1862 534.8864 764.69147 1 0.23795447 533.35565 326.70673 644.13654 535.1422 1 0.14563274 474.68762 268.2569 544.4777 580.4045 1 0.14543459 450.1954 191.52347 905.58093 880.1011 1 0.14197919 312.09097 0.0 541.949 314.69037 1 0.13184312 404.96173 250.91908 571.54034 584.0456 1 0.13124362 382.82852 594.5332 449.3395 672.3572 1 0.12271118 437.8327 705.15894 804.09357 914.19434 1 0.12246617 387.0453 419.50867 515.42316 596.7975 1 0.11625759 524.4705 424.9234 647.5501 556.88043 1 0.11456594 449.08057 256.94708 656.90674 526.04474 1 0.108935356 644.3492 229.71822 690.96466 298.02197 1 0.10001818 509.29218 200.96681 563.97125 438.87238 1 0.09987537 167.57825 414.76868 358.89777 571.7948 1 0.083277985 327.58478 330.50702 640.501 601.19867 1 0.08171191 197.68112 665.4523 388.00662 714.36804 1 0.080116816 380.22852 586.9685 423.33667 610.78516 1 0.07113659 546.2437 198.77542 574.21674 340.29227 1 0.07056211 317.8719 11.450012 637.6367 540.15497 1 0.06557669 328.86273 334.80545 489.93945 694.9569 1 0.06522123 605.1423 178.01994 643.66266 451.22852 1 0.058427755 148.31519 538.9666 448.03754 707.4554 1 0.057537902 606.935 357.05646 626.08344 436.17047 1 0.054331955 369.68054 584.4094 471.75006 697.0206 7 0.053195145 336.5039 379.4504 361.0053 425.3654 ,test/3146.jpg
0 0.7815928 184.87393 369.35016 939.4934 619.57025 0 0.4889035 427.76114 399.94916 903.6007 558.58484 0 0.21476327 189.91959 489.82343 505.5062 630.3073 5 0.23522294 190.56183 491.1899 500.05334 630.3019 5 0.057705756 431.00067 399.13165 906.37604 558.0655 7 0.4059647 426.65863 399.81952 901.0557 560.7 7 0.26644948 175.11572 386.318 922.05725 627.61816 7 0.13586147 192.07495 491.48328 498.87756 630.25696 ,test/3147.jpg
3 0.58520216 237.43504 366.6524 509.2953 679.35126 4 0.07564462 240.10587 366.3949 508.53036 676.9669 5 0.58827436 240.25684 367.39185 507.5954 677.4851 8 0.17550981 239.66878 367.0744 508.23846 675.8945 ,test/3148.jpg
0 0.3894012 584.5939 319.1634 667.73474 416.65723 0 0.36192676 142.43954 444.50693 212.6655 581.8436 0 0.33148372 246.42383 881.45044 357.56323 890.9645 0 0.29659563 243.6637 484.3307 306.83643 568.92236 0 0.26942807 867.27747 95.32616 930.64355 164.0736 0 0.26576057 513.261 491.56927 553.9214 517.8519 0 0.2591126 214.09692 872.5007 359.24835 891.936 0 0.23309416 118.905106 357.12262 326.53204 694.38727 0 0.22920284 949.94586 141.56828 1022.8194 214.10399 0 0.22249521 217.11208 868.05457 255.9734 902.2604 0 0.17731881 145.92868 446.16068 199.2109 525.28235 0 0.16303213 27.590927 135.82727 92.796165 279.47794 0 0.13161628 200.28305 365.64685 327.63797 618.4866 0 0.118884645 137.1377 442.81113 292.29965 568.3147 0 0.11558178 138.49188 451.90945 255.12793 654.14923 0 0.11443714 135.62807 441.7867 184.73692 509.478 0 0.11190048 309.3623 483.0951 805.8264 877.1421 0 0.101613075 213.15802 410.13974 305.9046 563.70654 0 0.09670543 201.76453 449.6407 248.32922 549.98364 0 0.091563195 191.0902 404.63718 237.83388 474.7626 0 0.08953909 302.28543 517.34186 340.6097 633.20734 0 0.08699404 314.5919 522.97614 338.1202 578.6811 0 0.07749489 201.97472 450.78415 226.66371 509.0438 0 0.072117575 271.70444 505.0146 315.9608 623.0264 0 0.07159327 178.3479 626.70526 255.98868 681.63995 0 0.07032255 233.29514 455.05133 331.91672 614.8077 0 0.06888673 894.1958 229.17113 1024.0 566.17975 0 0.06775465 198.87376 398.9084 264.5927 468.33112 0 0.05974571 159.94766 539.9472 246.20013 679.34955 0 0.056863084 282.8343 460.3335 321.4897 630.4175 0 0.053923067 199.11464 450.53445 236.78093 476.2477 0 0.052469354 242.17816 875.82117 356.92255 886.25366 0 0.05224689 142.69458 394.44388 296.13702 515.33984 0 0.05165295 140.74606 448.47266 160.61182 507.1808 0 0.051195204 246.19315 556.1937 313.39066 604.5061 1 0.8303921 217.00195 868.36597 255.08575 903.28564 1 0.7866342 119.47321 325.91107 304.86484 701.66486 1 0.54289424 513.24963 491.50827 554.00244 517.9666 1 0.32337806 135.72522 452.8465 283.5154 571.3575 1 0.31649926 893.6707 225.1124 1024.0 566.291 1 0.3040281 128.46695 429.6595 257.45248 686.4816 1 0.28826302 949.94586 141.56828 1022.8194 214.10399 1 0.28773126 213.15802 410.13974 305.9046 563.70654 1 0.22698277 584.4243 319.33926 668.114 416.6174 1 0.21949494 172.17648 355.16852 321.2793 592.55786 1 0.21819837 243.6637 484.3307 306.83643 568.92236 1 0.20363182 119.23348 450.9753 193.01257 694.86707 1 0.13123818 214.09692 872.5007 359.24835 891.936 1 0.12603918 791.1878 0.11432552 889.3365 19.23745 1 0.12261976 198.0559 448.96384 245.54085 552.12384 1 0.10358534 184.52367 599.94666 248.82579 684.7019 1 0.09999777 142.69458 394.44388 296.13702 515.33984 1 0.0990406 199.70667 449.14804 281.78522 534.7679 1 0.09662029 221.03394 0.0 555.8456 542.91534 1 0.086442865 141.95656 448.4406 221.33247 563.1813 1 0.08284713 139.93077 501.63748 175.78288 696.1019 1 0.08140556 243.7954 402.8128 324.34326 619.1998 1 0.07972639 264.81503 392.28827 318.60507 511.3647 1 0.06739806 198.87376 398.9084 264.5927 468.33112 1 0.06728633 153.75923 537.8398 248.26106 681.25555 1 0.06358411 199.11464 450.53445 236.78093 476.2477 1 0.058354113 134.96686 348.4735 272.57175 560.61127 1 0.055635095 174.86545 469.57642 332.4768 587.84814 1 0.05489136 240.45248 568.9122 299.69724 610.8077 1 0.05022564 201.97472 450.78415 226.66371 509.0438 5 0.9863913 1.107132 850.191 194.2446 1024.0 5 0.27026224 949.8278 159.67673 1022.6075 214.82791 5 0.05757613 145.92581 591.5188 176.7355 690.63916 6 0.9849696 607.36304 278.73517 826.7333 655.34296 6 0.76180446 582.2247 278.638 718.1246 415.544 6 0.21469292 584.53186 315.07455 668.355 416.98636 6 0.11816022 325.59723 502.33066 795.1955 887.8197 7 0.97953314 162.8166 538.63245 249.62529 657.99207 7 0.9684824 753.9777 114.362 1021.7874 778.8147 7 0.78372276 865.10376 180.68321 1021.36914 585.7617 7 0.609869 866.4931 95.503456 930.8194 163.58939 7 0.30683556 766.37177 132.51706 942.8747 521.07275 7 0.27244776 584.40784 318.92786 668.4166 416.65778 7 0.15282501 616.36053 294.52338 1011.47076 758.20306 7 0.1430736 234.16571 389.619 317.63953 571.18604 7 0.0930867 26.03814 140.61545 92.72819 278.20157 7 0.08696594 200.8959 399.50134 316.4714 514.16156 7 0.08072759 791.1878 0.11432552 889.3365 19.23745 7 0.06421009 121.32981 333.589 319.12048 683.21857 7 0.062061734 264.81503 392.28827 318.60507 511.3647 7 0.06052278 232.89243 409.10202 297.80118 523.45715 7 0.05547652 136.09045 459.26065 250.97308 662.72473 7 0.053942014 748.8545 305.94653 884.2014 710.4794 7 0.05188824 810.4917 134.83861 1024.0 211.58229 7 0.050958112 200.28305 365.64685 327.63797 618.4866 ,test/3149.jpg
0 0.30657586 20.389465 221.60852 782.3764 921.33203 0 0.0922593 5.0562897 638.6721 401.85284 902.8917 0 0.07415775 18.799866 714.59204 758.1721 917.1542 1 0.8386132 677.7716 282.2819 804.4203 760.51245 1 0.4334221 18.594086 222.2897 790.68835 920.5624 1 0.101230726 25.659424 628.44025 819.9463 918.8953 1 0.074058175 562.899 267.73547 812.5728 775.94836 1 0.06983596 725.9258 740.4118 1015.83386 1024.0 1 0.063153945 291.46283 630.73114 808.4661 835.538 9 0.8896345 25.139496 224.99103 789.8137 910.7436 9 0.875927 942.1574 920.19653 1024.0 1024.0 9 0.47089392 776.6345 452.9833 1023.94824 761.9021 9 0.089720026 977.85864 703.212 1024.0 816.0225 ,test/3150.jpg
0 0.0787917 415.00183 543.7592 548.2156 727.9224 7 0.97851515 415.5576 543.3383 548.8107 729.26996 ,test/3151.jpg
0 0.12078865 231.08516 404.22815 680.1441 600.22156 1 0.98828566 228.68883 402.83038 682.6509 603.21484 1 0.49672893 236.60938 408.23828 423.8485 596.80426 1 0.08783656 305.77487 404.79327 387.91782 532.7513 7 0.36198997 230.56508 404.16745 680.00183 600.33624 ,test/3152.jpg
0 0.25527692 658.5251 387.87326 779.1535 591.45776 0 0.15316992 630.87463 343.372 997.40857 899.8752 0 0.09488025 647.36743 441.89508 691.70605 584.10956 0 0.07641484 476.6756 301.911 561.29254 504.12897 0 0.06222776 753.2113 486.12137 850.56616 626.7101 0 0.050309543 642.6678 384.72833 772.3243 501.0299 1 0.9423033 625.42847 340.22592 998.07263 898.2235 1 0.49932653 779.32794 402.25122 928.13983 625.735 1 0.39490458 686.0287 347.13135 924.89844 627.6927 1 0.29668257 647.36743 441.89508 691.70605 584.10956 1 0.20660678 210.6881 270.5584 246.35732 308.4065 1 0.16905832 642.28253 385.6479 779.2474 594.0041 1 0.08243902 476.6756 301.911 561.29254 504.12897 1 0.06974419 640.4238 391.7211 713.2905 584.62024 1 0.05156787 632.87665 381.11102 778.5673 474.02576 4 0.063719854 203.31754 271.34814 248.306 310.46228 5 0.15637791 219.7725 184.48578 386.18268 311.75583 5 0.155221 476.02203 640.4401 551.3293 727.05585 5 0.10512643 277.84055 188.38443 367.8699 334.2089 5 0.10492723 298.97375 235.98337 356.2849 304.97256 5 0.091851115 203.31754 271.34814 248.306 310.46228 5 0.06954926 400.17093 18.362122 417.567 89.51303 5 0.068801716 435.47937 451.78897 533.08295 579.6824 5 0.066144474 204.57669 136.9023 513.563 546.6569 5 0.051337156 399.2078 1.4049072 449.60623 90.280846 7 0.9986879 574.21533 50.60289 735.46216 416.07257 7 0.9984647 111.14838 8.539001 664.76965 963.3364 7 0.99469924 762.3115 520.7749 847.05676 627.4956 7 0.41938516 661.53125 385.8755 785.4866 595.8868 7 0.33737236 321.14035 2.3871765 605.3655 626.2721 7 0.116417624 730.1518 472.7588 851.29755 625.5067 7 0.11399664 648.59436 441.34244 693.4551 583.6601 7 0.09848837 146.72765 140.0113 524.2321 564.70416 7 0.09700004 701.49207 519.64056 744.5271 593.42633 7 0.07232044 632.82526 336.25482 1006.2823 899.8183 7 0.06902032 662.2445 373.1403 873.93726 622.8694 7 0.058397263 584.24225 60.214806 717.2873 162.18372 7 0.057259567 208.094 161.25569 357.70514 320.36548 7 0.05678455 182.67665 474.3707 653.10583 925.72046 ,test/3153.jpg
0 0.9022018 454.64856 455.07645 644.303 574.29333 1 0.28756142 456.58792 454.77667 645.0261 574.80853 1 0.24644767 17.634857 305.54974 1016.48145 725.07416 ,test/3154.jpg
0 0.7687564 84.246826 58.79718 260.37793 268.85876 0 0.14527269 231.67398 52.302383 285.44083 128.40909 0 0.056701135 364.10284 645.63666 425.3612 756.6724 1 0.40825188 93.82182 56.69149 267.81274 268.80673 3 0.9997769 369.32126 324.4792 821.95715 704.88446 3 0.13469805 348.42242 389.12347 429.03613 753.61346 3 0.057252504 642.7514 345.51077 816.3538 692.80457 ,test/3155.jpg
2 0.36437824 155.18677 341.53458 694.3364 716.974 3 0.9512181 147.68692 331.30496 692.2634 708.22876 4 0.9962419 473.6 729.8902 536.72375 762.7375 4 0.88735926 392.6115 948.56134 471.46765 1024.0 4 0.38933125 495.63818 961.55646 585.0563 1022.58356 5 0.1073455 152.61426 333.15637 690.50995 715.6089 ,test/3156.jpg
8 0.999841 423.00046 537.4414 665.1245 613.38464 8 0.9997563 567.0092 181.63098 811.67096 282.5245 8 0.9880647 637.854 499.76917 832.34937 685.2427 8 0.9579027 665.8911 347.8819 892.79736 488.57483 8 0.9077641 620.8316 385.35394 814.1783 566.96545 8 0.33915544 642.8586 496.66962 812.31854 567.8387 ,test/3157.jpg
0 0.52158976 462.9356 268.8841 607.65265 329.17218 0 0.17571887 351.2363 276.5824 869.5437 630.73486 1 0.6435816 462.03464 269.21228 607.9145 329.18353 2 0.13414128 461.75354 269.30463 608.1139 329.13287 7 0.95931727 354.81668 281.3448 876.28235 635.1226 7 0.05686287 462.27332 269.22983 607.5282 329.23398 ,test/3158.jpg
0 0.14507638 104.19951 742.31836 387.73627 951.61707 0 0.05556256 334.21964 454.9906 623.5757 670.2766 1 0.81627774 104.5222 742.66113 387.7508 951.19824 2 0.2767723 101.89392 744.01587 388.19537 951.6465 5 0.06586542 104.081314 742.4018 388.32086 951.6691 7 0.9710896 334.4624 456.2477 627.2072 668.9208 ,test/3159.jpg
0 0.0696483 182.11017 423.67252 313.653 531.69 2 0.44602847 450.03326 365.93414 885.0184 806.62506 3 0.658008 446.07565 364.0557 887.4717 805.6432 4 0.31197205 361.292 479.7492 492.8034 677.65497 5 0.46549478 444.8177 362.2077 889.66266 804.63324 5 0.23062575 359.5711 477.45068 492.77002 668.26294 5 0.050479677 355.75214 401.12778 524.04047 706.5226 ,test/3160.jpg
0 0.83712643 173.41989 353.01178 819.7648 604.6352 1 0.33902216 170.86569 352.5217 818.70386 606.26636 ,test/3161.jpg
0 0.9831662 787.61676 331.83502 948.7657 414.42792 3 0.99959403 312.5909 278.3326 683.40234 518.8276 7 0.1068629 789.5657 331.1898 948.7184 414.32578 ,test/3162.jpg
0 0.8121891 617.6484 187.02698 723.868 230.64328 0 0.5707974 593.9802 241.42165 686.12805 323.32178 0 0.29474422 582.1444 194.103 694.98047 331.58426 0 0.09001433 562.9778 195.72307 608.49084 258.85507 0 0.08167525 589.40796 184.81839 720.3718 253.69809 0 0.069821425 394.44684 192.64526 684.01373 373.0932 0 0.069070205 543.03375 200.9136 650.3304 255.73917 0 0.06440239 436.18784 260.50775 665.3718 351.48907 0 0.060388427 664.22675 367.67377 808.9666 503.68964 0 0.054284915 592.1429 193.79489 637.15826 263.6603 0 0.051093034 592.54376 242.24307 651.02325 260.5164 1 0.7116276 661.89594 367.25827 810.42694 505.46255 1 0.34919718 594.1548 240.94962 688.3639 324.71902 1 0.09465018 436.18784 260.50775 665.3718 351.48907 1 0.09023931 730.29877 386.63794 810.9462 504.58624 1 0.08351079 591.8354 286.8846 687.0468 335.2357 1 0.06296578 540.4398 193.55266 693.9702 333.3957 1 0.06018697 665.8531 282.55643 687.9434 331.9454 2 0.46684912 663.71234 367.53616 808.86945 503.98306 2 0.17408247 594.1082 237.55748 689.69464 331.91748 2 0.103932895 666.51135 282.74377 688.1748 331.10278 5 0.3471733 607.6949 186.03697 723.216 235.70155 5 0.19911501 562.9778 195.72307 608.49084 258.85507 5 0.19856581 554.26 189.26408 723.56287 256.76794 5 0.19056009 582.1444 194.103 694.98047 331.58426 5 0.10456157 662.6324 367.1909 809.4688 504.81564 5 0.096916236 542.12585 195.26628 649.09937 254.87834 5 0.07754617 592.39075 196.43732 611.2562 261.93033 5 0.07079546 589.3693 188.49176 652.0472 262.7106 5 0.058055166 780.2175 409.27032 802.34814 457.99927 5 0.05225193 488.7237 186.58836 707.07733 352.88727 5 0.05033685 430.53256 260.6877 631.86554 355.36203 7 0.9997837 170.82767 196.07376 954.4044 848.25256 7 0.12576671 747.9922 305.2861 924.813 407.24295 7 0.12135102 370.29858 194.8972 688.9419 380.23315 7 0.11814562 607.7615 283.49417 933.8451 515.4487 7 0.079824984 594.85895 242.30243 684.2664 321.35614 ,test/3163.jpg
0 0.2566233 517.67596 279.78687 703.1048 661.091 0 0.109492406 102.68356 7.2763977 857.1621 860.1821 0 0.06099598 367.01306 446.43048 519.5601 643.4913 0 0.054998472 621.77057 575.4159 679.16144 651.9614 1 0.4618505 107.85098 9.869904 861.24 861.4407 1 0.20411861 348.2568 438.9198 665.0553 657.25793 1 0.10353981 225.3792 427.7782 607.5597 695.2733 1 0.06369299 363.123 447.40784 519.43994 643.4651 1 0.05824146 482.1081 619.28656 587.26556 677.2575 5 0.86688876 102.71457 8.965179 858.95605 861.551 5 0.097491525 258.18994 121.84375 736.2889 526.9512 5 0.09032707 515.0972 268.61096 710.6268 670.7441 6 0.3343659 106.10907 10.005493 863.01526 867.3336 6 0.0793653 504.62372 145.42514 860.9836 712.18567 ,test/3164.jpg
0 0.27464113 84.26398 245.71506 855.8722 703.2091 9 0.8221593 83.38638 248.75151 861.166 710.2598 9 0.057537604 94.44287 156.9672 525.226 714.0746 ,test/3165.jpg
0 0.9708472 0.0 0.0 585.83923 492.26617 0 0.9239159 574.41644 781.559 647.4931 843.2712 0 0.5560084 0.17208862 1.4622536 239.25536 127.99933 0 0.28083155 909.3583 439.14264 961.478 477.55176 0 0.15159914 0.33850098 157.0133 395.3213 472.2876 0 0.1267056 0.0 15.596863 809.3857 849.0779 1 0.15129404 574.59607 781.26715 647.01306 843.70197 1 0.12593934 768.69775 53.212166 904.2467 123.86086 7 0.99771154 185.94406 390.1421 821.505 876.0293 7 0.9196717 256.05347 766.8523 470.8907 857.5112 7 0.6259331 193.53752 554.4208 304.5938 702.9093 7 0.37481907 192.48456 662.4905 464.91797 866.0818 7 0.08864976 0.0 15.596863 809.3857 849.0779 7 0.08669563 1.075058 1.9540977 237.34001 129.32889 7 0.059128568 9.314178 0.0 595.2505 594.5643 ,test/3166.jpg
0 0.9989028 364.89874 349.3752 573.4471 577.1314 ,test/3167.jpg
0 0.09099092 480.63956 250.26065 621.25793 454.61533 1 0.9998098 82.75522 431.45477 965.2754 908.742 1 0.102699906 480.63956 250.26065 621.25793 454.61533 1 0.0600812 76.95993 422.15268 233.26529 735.24744 2 0.93334055 480.7236 250.1976 620.9898 454.73795 2 0.07667225 76.95993 422.15268 233.26529 735.24744 5 0.17288361 480.56573 250.0105 621.1436 454.8651 ,test/3168.jpg
1 0.99935275 109.543915 166.65427 857.3362 956.1227 3 0.11291624 252.52118 25.219576 368.15955 82.01296 5 0.29400682 953.2084 490.05185 1024.0 582.42 ,test/3169.jpg
0 0.05096026 267.30756 301.66455 769.32965 883.15564 1 0.1315682 298.206 35.794556 1012.5722 859.24225 1 0.10746488 256.9204 314.9095 807.44385 883.1447 2 0.5817089 409.81677 212.43585 586.7353 459.9187 4 0.06429497 259.15155 311.23795 809.94196 879.99084 5 0.32902148 256.32678 318.39905 802.5194 874.15845 5 0.31355503 410.10907 211.90553 587.42645 462.51636 6 0.54677373 410.39758 211.35739 587.626 463.9647 7 0.8413784 256.52 320.87177 802.65344 874.5434 ,test/3170.jpg
2 0.9990988 317.04614 244.75493 656.0513 727.1877 ,test/3171.jpg
0 0.6500213 677.852 333.83987 859.54474 386.18515 0 0.24610491 455.76526 288.4038 861.2444 391.00854 0 0.21381633 396.66202 372.1146 896.5918 577.60486 0 0.20044637 617.57855 290.52594 692.06683 306.55286 0 0.13830623 396.3781 273.1207 905.5162 872.8856 0 0.06996544 431.60095 459.3748 848.2217 535.44165 5 0.13015911 903.79846 440.24515 1024.0 555.23804 6 0.9978941 399.22754 285.42612 902.9342 864.8163 6 0.84769803 436.49103 286.46768 866.3272 401.06607 6 0.06039821 394.03986 335.18082 900.9771 573.57385 ,test/3172.jpg
0 0.99719065 486.3783 349.86365 700.26794 499.51434 ,test/3173.jpg
0 0.20064555 356.1631 998.8254 441.41382 1024.0 0 0.09711395 776.4961 733.8523 842.81177 806.46094 1 0.9897417 100.63876 141.24094 823.52466 761.0476 1 0.76170295 591.0138 677.6335 888.9852 852.5721 1 0.52289903 734.9968 671.2738 884.5901 852.82153 1 0.51908004 600.24066 792.83105 670.2646 857.6472 1 0.41666827 598.1294 793.24396 637.0432 834.8405 1 0.29930878 448.78107 147.43701 818.6617 744.3278 1 0.29598212 619.0917 724.5736 841.8347 796.0786 1 0.20142162 771.0205 729.70685 848.6909 841.39935 1 0.2005484 602.4098 827.24255 668.7302 856.19507 1 0.19053781 357.84988 995.3563 440.64474 1024.0 1 0.059601404 807.69763 681.9568 884.55005 845.2035 ,test/3174.jpg
0 0.2969736 876.3348 638.2394 1013.5578 808.61584 0 0.11418511 996.68085 639.6533 1023.7474 816.7572 0 0.09215685 86.22961 511.97052 245.95386 945.07086 0 0.06334884 898.8668 659.5366 1002.6604 763.0039 1 0.85337067 87.76975 512.0281 245.94986 944.5215 1 0.31962165 564.19336 0.0 787.1981 40.92204 1 0.068321384 27.963654 0.804224 617.1376 37.684654 3 0.1258794 873.5193 897.5854 908.7003 926.7691 3 0.05484504 802.80286 914.8314 849.0189 951.2617 4 0.94187075 875.9592 924.25006 966.6012 1016.7896 4 0.9237564 871.23987 834.56006 966.8098 885.59595 4 0.87040305 899.426 896.7897 1023.5867 973.4236 4 0.7821015 860.8102 881.34503 1023.8198 1018.6049 4 0.4741362 948.6585 817.0891 1024.0 979.8545 4 0.42948326 867.57294 818.57855 990.8875 898.0965 4 0.35120052 952.4317 878.92175 1023.69965 940.9187 4 0.18467616 861.79517 795.1243 1022.3943 943.5715 4 0.1537477 871.35254 888.9322 942.3789 929.78204 4 0.13905011 900.9112 932.41516 951.5882 967.5383 4 0.13648616 870.9714 894.6905 927.9931 1002.46063 4 0.1343842 886.2492 935.2268 924.85956 996.9923 4 0.0945623 953.34393 830.93097 984.10736 902.06256 4 0.09198971 886.6363 881.1859 961.9151 898.60144 4 0.08597825 905.0902 889.8364 935.4557 935.1615 4 0.08244971 871.24585 895.2144 910.5331 927.1441 4 0.07265379 872.51373 907.88824 909.80414 973.3455 4 0.06328876 928.4859 825.68066 982.03046 907.28406 4 0.062407043 972.73004 816.2174 1024.0 936.8965 4 0.053249445 983.27997 855.27893 1023.3682 906.0189 5 0.9865219 180.6348 514.7967 885.35486 1024.0 5 0.9796566 202.92578 24.802872 883.0791 490.9513 5 0.307173 996.5049 639.839 1023.312 816.97766 5 0.054888964 994.86127 645.04175 1008.7768 793.5088 7 0.81338793 871.2456 638.2898 1018.115 814.0902 7 0.15491807 996.68085 639.6533 1023.7474 816.7572 7 0.07920538 967.1898 639.3972 1024.0 812.8767 ,test/3175.jpg
0 0.42151886 757.30786 1010.77765 821.6494 1022.34564 0 0.3237392 297.64645 551.57135 622.339 732.3848 0 0.22334741 357.5975 441.0648 424.58505 552.96106 1 0.91574913 299.53912 551.864 608.87164 733.24536 1 0.33341128 757.9251 1010.9027 822.7061 1021.80005 7 0.9331935 357.5496 441.2636 424.68826 552.33746 7 0.052192867 757.9251 1010.9027 822.7061 1021.80005 ,test/3176.jpg
0 0.20188902 400.02875 461.18976 688.1414 709.97833 1 0.20889647 400.02875 461.18976 688.1414 709.97833 2 0.92434204 400.663 460.23138 687.45447 710.2392 3 0.85620487 374.71768 348.7406 421.93332 382.9206 ,test/3177.jpg
4 0.9595421 492.97955 228.81033 790.65045 378.75095 4 0.8692541 422.4445 510.02325 523.8989 725.8106 4 0.11427989 167.06128 230.9827 805.82275 416.1572 4 0.07518457 432.9873 600.51996 521.8919 718.46564 6 0.05642727 885.0268 441.433 1023.9577 691.86084 7 0.7491165 173.70273 224.82701 381.84372 412.3871 7 0.14180103 165.97704 228.68051 646.55646 418.87833 ,test/3178.jpg
1 0.96706444 234.09366 356.13266 765.1448 624.82605 1 0.9589906 295.978 572.7787 656.1792 803.6505 1 0.8819828 393.318 560.844 633.3651 611.43066 1 0.48719954 242.11429 448.2059 757.81555 798.9452 1 0.21489076 400.20123 557.5947 629.4809 584.1155 1 0.19370064 253.37189 526.6721 765.6501 647.6859 1 0.18553971 328.66742 597.0299 641.5563 667.5165 1 0.10607011 517.8904 586.5911 619.99036 607.58856 1 0.093043976 425.92245 580.5487 638.20996 616.82886 1 0.078250945 397.59067 548.28613 618.0937 576.20215 1 0.069827974 251.20428 495.7826 651.34296 618.23987 1 0.06649499 306.50354 565.0496 646.5472 632.8339 ,test/3179.jpg
0 0.9730146 163.44563 241.9177 247.77657 303.9938 0 0.89362663 74.51105 818.29675 147.0287 831.9773 0 0.7612972 36.116882 334.706 409.01828 819.84894 0 0.40907118 47.56549 236.31012 253.1972 424.0719 0 0.3992899 301.7973 75.72977 650.9815 614.70435 0 0.35337016 239.49371 219.0611 289.7862 288.5499 0 0.26434276 280.51025 0.0 453.29205 62.474167 0 0.13722542 15.199188 321.25418 278.889 428.88303 0 0.12984149 0.20873547 581.8703 18.040138 645.3559 0 0.124202676 239.82544 211.98854 308.69073 238.49461 0 0.11457513 14.116398 322.5545 123.1384 432.95044 0 0.08961647 302.4229 66.975494 595.5532 381.1466 0 0.08435709 560.1925 102.42598 610.746 164.31099 0 0.06739103 50.320404 90.67499 715.1658 810.3965 0 0.060771495 159.61938 216.02904 306.75803 303.62845 1 0.9979518 625.253 350.4737 1010.0557 710.3389 1 0.988224 191.27374 0.90875244 466.74664 226.23996 1 0.8787925 289.66818 72.15753 683.7219 619.80945 1 0.8041631 0.0 583.6435 22.829556 644.34503 1 0.7974245 277.18845 0.0 454.87265 61.50917 1 0.53590626 274.16708 67.818665 1001.90955 703.90234 1 0.49785116 35.627914 333.03625 409.69562 819.9758 1 0.479661 67.12635 237.80124 252.44995 417.90567 1 0.11396951 301.05365 71.77879 606.82526 408.21265 1 0.10482438 33.246742 471.22064 129.60965 781.8746 1 0.09401528 75.066605 818.04175 147.02983 832.22595 1 0.08608291 20.855515 0.93330383 471.00104 433.8363 1 0.0795042 191.23938 3.4194336 584.2848 331.90732 1 0.07744872 50.320404 90.67499 715.1658 810.3965 2 0.08643745 299.4676 82.275024 680.38367 617.3332 2 0.05589532 438.07504 175.89984 468.36832 226.57797 7 0.31099182 13.850937 325.3596 126.38597 433.4387 7 0.16996102 59.48288 236.65646 252.14648 421.179 7 0.056547035 0.0 583.37714 23.052622 643.56024 ,test/3180.jpg
3 0.99964213 408.0911 184.6148 629.4588 732.05206 ,test/3181.jpg
0 0.08386908 346.34357 592.9858 433.4749 751.06256 0 0.07002455 48.925488 716.58954 113.997314 798.6307 1 0.99964905 42.316597 572.9558 297.50528 894.94666 1 0.98596674 839.56573 151.2559 931.94696 445.6927 1 0.87063724 237.99503 520.7887 439.17587 765.402 1 0.3133175 256.5254 538.7997 600.0091 764.05774 1 0.28911594 56.374016 610.80066 283.0828 729.2964 1 0.1844968 314.83145 550.02686 433.1304 757.4647 1 0.11007946 220.93585 545.7698 344.21808 767.4729 1 0.10447783 27.387299 527.4602 574.0864 896.15564 1 0.082419366 279.7585 632.56335 340.16324 760.3718 7 0.99912995 367.69 278.42932 571.49994 623.426 7 0.973271 526.6748 340.58826 630.35767 550.4327 7 0.25479743 534.7997 346.67102 582.7704 550.7693 7 0.17901675 423.5371 297.41486 624.9674 559.79584 7 0.15952943 446.98395 297.79242 516.16205 354.0797 ,test/3182.jpg
0 0.47378933 523.24994 353.27963 572.66754 384.50235 0 0.20352706 285.45578 529.582 442.58835 634.8797 0 0.055197686 437.33908 371.7138 624.9686 608.4682 1 0.067009024 523.24994 353.27963 572.66754 384.50235 2 0.45444307 437.97214 371.6261 624.7957 608.5209 3 0.9757656 436.75592 370.99557 623.7266 606.1866 3 0.06736608 287.44934 530.26465 443.06946 635.3507 5 0.49448818 291.768 530.6527 443.2845 636.2117 ,test/3183.jpg
1 0.9513876 269.65048 635.86224 737.2567 778.7935 1 0.883619 271.2686 260.7088 750.13586 569.95337 1 0.40679926 277.2757 413.82205 742.4204 536.26385 1 0.40506247 347.67975 263.26904 735.1552 451.7832 1 0.35280186 185.0939 527.1328 713.1792 643.9431 1 0.26434922 379.7104 384.33148 723.5716 444.8224 1 0.24964225 213.97275 286.44824 757.78 782.2385 1 0.22387773 299.354 345.06152 738.03735 491.29407 1 0.21395819 372.90692 337.21158 731.5566 437.09506 1 0.104750134 271.45355 516.49286 710.1624 755.0594 1 0.05993687 305.88354 447.76056 713.6867 659.72455 1 0.05300923 296.62073 526.41693 712.40045 596.9825 5 0.7193904 292.4011 514.36597 725.78906 563.9712 5 0.41704738 277.84842 465.65747 737.3915 559.0132 5 0.24301223 262.4461 257.9488 751.4561 575.0083 5 0.20884518 273.47833 259.64417 527.49207 546.5294 5 0.1127764 181.56299 513.5134 717.8941 647.20483 5 0.102502 268.78882 274.1384 315.9803 571.76794 5 0.06741022 271.81375 265.38812 356.27884 568.9398 5 0.06507261 277.2757 413.82205 742.4204 536.26385 5 0.05212877 229.19086 491.9224 716.89624 590.5342 5 0.0502338 285.689 257.94897 412.93716 561.27783 ,test/3184.jpg
0 0.3582981 441.32574 266.64877 598.54254 789.3031 1 0.46246448 441.66168 267.89948 598.18805 789.2856 2 0.26335904 442.70544 265.48398 597.85986 789.77893 7 0.08168578 442.30432 266.13055 597.8689 790.54706 ,test/3185.jpg
0 0.9989278 311.09158 325.97278 644.3473 729.66235 ,test/3186.jpg
6 0.9995579 223.4813 255.79327 752.9907 893.591 ,test/3187.jpg
7 0.99547774 347.37512 436.69183 820.105 635.0931 ,test/3188.jpg
0 0.07475213 380.86313 680.6292 542.566 803.25665 7 0.99978274 158.81961 239.35828 839.40234 790.03845 ,test/3189.jpg
0 0.98392004 783.1676 229.26477 973.28735 310.18323 0 0.7597946 77.24774 656.9647 198.90326 825.2794 0 0.5401203 668.19775 889.31555 720.83716 942.81104 0 0.4636494 177.85052 248.291 781.7316 528.5578 0 0.22737621 280.90073 10.154556 415.89755 168.3313 0 0.15757556 184.61542 762.2798 250.0556 852.81323 0 0.15095994 0.0 532.9474 37.394356 631.9844 0 0.1466149 686.8056 468.66083 731.8127 540.677 0 0.11424784 858.3174 1.8343582 955.6295 134.23434 0 0.099206254 97.04132 239.51877 785.9654 754.5458 0 0.056447312 100.70601 710.3772 200.22133 781.9149 0 0.05136709 90.70018 674.1609 258.4226 845.7521 1 0.94279087 279.82886 6.1255646 417.00714 166.3864 1 0.32415092 183.12888 247.87033 764.1173 521.7256 1 0.12829195 184.61542 762.2798 250.0556 852.81323 5 0.9987859 99.43442 482.74588 728.0405 752.3789 5 0.9326995 97.22226 240.35945 788.3258 751.13934 5 0.88684976 707.2632 235.44186 796.88306 527.4851 5 0.8142152 4.161316 764.3861 239.2486 1019.1106 5 0.25840667 4.161804 792.3275 62.28763 1010.3135 5 0.17415193 0.0 532.69403 37.44854 632.0203 5 0.16023862 1.8638306 520.5432 243.84346 1024.0 5 0.1369979 179.00037 248.22198 776.40485 527.57434 5 0.11178888 534.53534 242.71469 794.61005 524.8419 7 0.6998634 859.4194 1.6075592 956.22504 132.9402 7 0.094953835 0.0 532.8229 37.410034 631.9512 9 0.20445323 178.52747 248.32974 781.5204 528.8954 ,test/3190.jpg
0 0.9999629 234.1878 263.5182 913.95404 849.2811 0 0.15684918 403.61526 894.48663 681.54834 1024.0 ,test/3191.jpg
0 0.06949299 393.464 321.88647 437.62646 380.09308 3 0.0780748 823.0118 0.0 1021.5173 213.71072 5 0.99987626 373.25983 300.02902 649.6695 771.9297 ,test/3192.jpg
0 0.09979613 605.5936 176.33891 808.41187 587.1483 0 0.082136236 29.211655 0.5111084 312.92407 573.4431 3 0.76988643 324.36237 409.03564 507.11926 831.8683 5 0.5457512 599.74347 178.76602 732.9932 325.31573 5 0.0859277 322.72815 406.14386 505.4436 833.7713 7 0.9909148 264.60632 193.98804 788.8336 729.20776 7 0.13965939 605.38763 177.3764 808.1778 575.6767 ,test/3193.jpg
0 0.3738993 816.2974 605.7856 910.6143 656.1412 0 0.29672062 625.39856 223.58655 704.8296 402.59857 0 0.21238466 577.86566 227.95255 687.3676 445.39798 0 0.12361399 550.15845 534.9002 590.44336 654.804 0 0.10562745 505.2851 391.89056 576.2868 460.5459 0 0.102376014 451.95435 743.1424 512.53564 773.6004 0 0.091789685 380.58136 764.0374 477.9875 796.2564 0 0.09064901 380.4694 739.17694 537.21716 810.1663 1 0.9923949 453.5406 13.910736 812.7232 578.8224 1 0.9844648 217.56967 638.0046 474.09872 848.0147 1 0.97869635 209.55597 650.71704 596.8331 966.959 1 0.8742552 213.54301 635.31384 436.31805 735.9877 1 0.82874036 450.1573 638.0676 558.97266 762.26086 1 0.8287265 168.2406 376.56137 601.8317 949.6669 1 0.7971002 173.46408 332.13562 441.34042 825.219 1 0.7930815 387.85327 458.0855 588.10876 747.37335 1 0.69878185 816.5832 605.9179 910.7043 655.6403 1 0.56656384 545.24756 511.01376 908.7306 808.9752 1 0.5033346 175.43665 341.23523 383.02582 517.42755 1 0.34772673 458.863 740.7978 513.0941 770.8886 1 0.31158695 540.78467 482.7137 629.27515 556.22534 1 0.273263 439.14264 160.97662 501.9817 380.11578 1 0.26768035 378.82034 742.87054 509.384 798.2764 1 0.18913092 230.37938 721.0952 510.46375 831.345 1 0.118186735 183.9165 463.8777 428.27142 733.5498 1 0.09946763 443.43323 157.00015 541.2287 453.25412 1 0.09183024 442.48965 182.50412 496.32944 295.34708 1 0.085530676 380.95526 771.0096 462.02374 797.4462 1 0.0807448 437.89102 740.3598 532.58923 774.8885 1 0.07636311 470.2635 739.9539 535.8744 765.2514 1 0.07330276 565.88586 226.83142 680.6719 450.341 1 0.06414431 555.4338 232.70995 812.89703 567.87823 1 0.057970688 467.95224 115.98062 696.01245 517.09094 1 0.056771297 550.15845 534.9002 590.44336 654.804 1 0.052366458 625.39856 223.58655 704.8296 402.59857 6 0.7591518 547.1288 521.49817 908.28186 810.307 6 0.08169975 209.2268 652.7877 597.01843 966.3623 6 0.06441675 380.4694 739.17694 537.21716 810.1663 6 0.055230442 553.1029 531.35864 801.7706 649.25024 7 0.99847454 0.0 286.94434 212.30655 925.8899 7 0.09373427 540.6473 482.6858 628.56586 556.0586 ,test/3194.jpg
2 0.9975789 199.8724 152.29413 808.01587 875.78766 2 0.09097572 208.13712 162.29172 810.4547 245.83862 ,test/3195.jpg
0 0.4236617 827.9163 469.23965 878.7209 501.1838 0 0.086976975 517.0334 316.9657 877.4733 747.36865 1 0.9605041 516.5801 316.67508 880.73 748.65894 1 0.21540327 821.6844 496.94696 884.5535 707.1037 ,test/3196.jpg
0 0.87549996 589.66315 338.73804 657.66486 368.25635 0 0.12483592 471.83994 201.64908 550.93085 276.5276 0 0.110958405 472.81985 205.18953 624.24884 300.77454 0 0.06102534 379.64136 262.7055 679.08655 332.06232 1 0.99917907 140.50989 158.29584 882.3949 875.262 1 0.9775155 488.7199 92.59891 886.50385 313.94714 1 0.52593297 48.53972 322.1547 236.75154 635.46594 1 0.4040611 91.75966 161.9323 463.55322 623.82654 1 0.38194972 118.47479 93.6553 894.3912 323.68008 1 0.31614596 0.0 237.7072 259.82526 704.26666 1 0.19931597 463.8465 202.35802 670.3566 311.4267 1 0.19742438 590.59515 339.0287 656.8028 365.47992 1 0.14210056 102.99461 195.60957 496.0374 440.51593 1 0.12529764 590.75244 312.0008 827.93445 398.08655 1 0.12372475 1.9191666 334.12183 173.43402 685.00916 1 0.11910831 379.64136 262.7055 679.08655 332.06232 1 0.099519484 654.68744 304.60983 846.64935 878.38367 1 0.09077994 116.71225 151.01984 501.5632 286.09027 1 0.070977196 126.22528 159.4891 689.41614 393.9863 1 0.06334574 395.60703 204.70695 876.80457 340.8636 1 0.05880423 241.35336 240.29297 862.9082 378.17224 1 0.058214772 474.68365 110.974144 713.88153 311.99258 1 0.053534087 916.1515 190.02473 1023.5753 420.5874 ,test/3197.jpg
0 0.95557076 0.0 0.0 403.23553 454.7674 0 0.28149235 228.18433 227.84 701.02576 772.18823 0 0.18892437 577.5387 245.40137 1013.2374 966.21875 0 0.12913719 15.194733 8.098297 715.41724 797.4972 0 0.08414858 556.27856 0.0 1024.0 330.7459 1 0.160551 225.79692 224.53363 722.3035 771.9205 1 0.05411044 15.194733 8.098297 715.41724 797.4972 2 0.9652259 227.57346 229.78748 702.0786 772.9483 5 0.63792384 558.16846 0.0 1024.0 293.83426 5 0.2479723 574.2176 199.59235 1017.74615 981.0252 5 0.15097994 864.2565 139.76956 1020.0856 326.90067 9 0.100309156 574.2176 199.59235 1017.74615 981.0252 ,test/3198.jpg
0 0.13093732 181.89319 291.02484 725.70557 713.6201 9 0.98043895 179.25333 293.61102 724.0354 710.38806 ,test/3199.jpg
1 0.9845821 129.50171 299.1547 790.59845 526.3793 1 0.14282647 141.1058 302.366 772.662 419.73807 1 0.11877266 767.7376 388.12744 896.39935 452.36444 ,test/3200.jpg
0 0.8106958 351.01974 535.6724 917.1532 638.1142 0 0.7803079 188.74802 451.02386 374.97226 739.4476 0 0.6156058 337.5132 531.3608 922.43835 589.314 0 0.46174896 335.1581 482.0696 898.1509 614.0867 0 0.4434703 331.96698 414.56384 924.8205 677.50635 0 0.42678547 326.90082 470.8464 416.7232 592.54346 0 0.41849366 356.29578 549.02893 895.0454 725.1343 0 0.12418774 391.04156 557.0892 898.24274 611.0661 0 0.099615246 182.2646 647.524 351.97626 745.9329 0 0.050999437 408.07968 339.1839 802.0957 779.73334 1 0.92532617 975.00024 855.6947 1023.2489 994.4823 1 0.82413167 188.62979 444.21072 361.55466 736.8163 1 0.7252433 182.32846 648.3685 351.81235 745.4358 6 0.99912137 404.1529 718.27435 892.9804 1010.4047 6 0.837622 282.54578 365.52075 936.01733 763.8871 6 0.58933955 330.34885 446.1258 924.9729 600.07477 6 0.5697411 358.2771 532.1861 897.829 762.50275 6 0.43784907 335.75113 438.68277 903.24036 1007.46484 6 0.2881151 182.29094 648.4994 351.78442 745.2379 6 0.22517066 739.8863 359.10724 929.64056 514.33594 6 0.21344298 916.92633 0.0335083 1024.0 49.215664 6 0.18138912 290.21146 363.53558 948.70447 516.3625 6 0.0861293 446.23932 15.315918 1024.0 297.51672 6 0.058893833 351.9311 389.44495 762.11884 651.0575 7 0.99982125 152.3115 34.877502 753.5502 485.6989 7 0.38755465 524.1398 0.0 1021.95483 90.73221 7 0.20226155 323.6588 356.25983 805.9569 494.5932 7 0.1433981 726.9589 1.1669312 975.82513 87.6858 7 0.051498994 450.18555 2.752182 1024.0 299.11993 ,test/3201.jpg
1 0.28105652 338.73438 610.35614 672.1981 864.6691 2 0.98934525 313.44757 226.15308 710.5379 873.62 2 0.9651613 317.09296 286.3507 698.06274 617.3921 2 0.695084 338.0529 612.0167 672.3164 864.51697 2 0.14581889 321.81702 371.76392 698.5146 435.09833 2 0.08022144 330.5376 342.06528 694.9851 410.13248 5 0.28969944 299.24115 188.14172 709.9952 331.2268 ,test/3202.jpg
0 0.7708845 334.2768 519.92596 499.13593 707.4438 0 0.48110387 462.16608 858.568 721.21356 940.4497 0 0.23175873 468.88147 328.96494 510.76526 368.97836 0 0.16844507 629.40564 349.25024 746.70825 387.42365 0 0.13660346 474.01398 352.87506 515.6874 370.49158 0 0.13592862 703.7583 795.5051 812.44006 915.1621 0 0.1239383 568.4878 630.02747 966.2897 927.87146 0 0.09718513 308.59326 475.3952 431.2574 699.8099 0 0.08887548 445.49048 883.134 632.3955 936.26984 0 0.08859875 447.01 329.20673 532.4645 364.8302 0 0.0871754 335.23163 757.06055 422.86298 808.69836 0 0.08566119 161.61937 290.64444 487.24298 643.43823 0 0.080670856 495.92038 331.92807 537.0699 357.7745 0 0.0714137 587.98987 471.79553 804.87537 582.4385 0 0.059716817 400.86115 264.71997 875.7282 598.057 0 0.05790771 301.44754 330.60626 530.74854 707.6993 0 0.05639387 145.9065 523.8599 513.67816 733.51447 0 0.05069026 371.14087 573.96716 898.13916 844.3583 1 0.92423743 425.0786 341.5374 877.9863 595.35614 1 0.92326665 417.2162 795.3411 598.1052 890.59576 1 0.669778 166.24953 274.35513 462.48334 702.7783 1 0.5107636 457.84528 859.96796 719.3057 935.19476 1 0.50124973 407.81818 330.04938 609.5128 577.2535 1 0.44995233 123.50839 271.49268 968.2556 922.35254 1 0.28075773 100.46852 511.58972 413.51868 820.2007 1 0.2439168 397.82214 299.6189 509.43164 328.57214 1 0.23868485 53.441986 291.34988 567.38696 898.5928 1 0.23857251 302.46902 670.6809 380.43942 729.86145 1 0.164375 317.45688 791.14374 733.2346 923.5733 1 0.15464881 299.5968 722.67126 383.57312 777.31714 1 0.12527855 301.44754 330.60626 530.74854 707.6993 1 0.11712259 459.0697 844.20593 600.4962 896.8003 1 0.113013215 274.9013 526.1411 931.3913 902.38 1 0.11197274 399.2532 291.2966 512.238 372.9644 1 0.10788048 646.8243 0.0 1023.0727 211.18134 1 0.10782056 413.6945 344.8109 516.47107 580.1275 1 0.10736519 396.94507 253.46997 884.3334 516.18463 1 0.09270902 304.93787 519.06824 506.828 719.1338 1 0.09262462 470.1504 263.0331 648.4922 377.78012 1 0.09241573 199.12521 642.463 390.52353 824.2178 1 0.086220734 194.57286 510.12668 512.6234 784.5254 1 0.08521218 382.39398 768.3158 590.0209 844.676 1 0.08085463 279.0163 671.3621 391.3059 765.47345 1 0.077933796 75.66318 266.38068 824.42285 661.55365 1 0.07780161 441.67902 878.1535 630.6165 935.7176 1 0.07329988 334.5489 722.5763 386.2025 759.94727 1 0.07225593 87.02304 687.59326 919.9663 971.97 1 0.06938551 447.01 329.20673 532.4645 364.8302 1 0.06928514 334.3827 757.7768 420.92798 811.55707 1 0.06760031 247.92407 718.761 406.4804 825.17224 1 0.06576384 480.9601 293.61365 618.5442 359.27747 1 0.05963792 458.0437 879.5015 523.86633 898.57025 1 0.05210971 465.53983 326.589 510.45444 368.9497 2 0.053497273 302.46902 670.6809 380.43942 729.86145 7 0.954099 412.2738 219.33438 727.83167 371.38333 7 0.88515663 528.50336 259.0027 721.0273 363.80884 7 0.88041824 367.12784 566.7399 922.07654 889.3881 7 0.87803274 0.0 9.566345 995.09094 379.6079 7 0.675644 583.4811 788.1278 685.1787 867.03345 7 0.61939174 27.418854 544.2428 1000.662 953.39197 7 0.6039228 397.36072 297.72058 510.38922 328.27893 7 0.59547585 21.36966 282.10455 567.194 968.1862 7 0.51872146 417.7268 211.95413 562.6992 325.2227 7 0.4267794 349.548 36.7594 1007.6411 590.9185 7 0.4046085 45.1743 317.88208 536.078 648.2585 7 0.32079905 609.2184 309.5799 721.22 359.5807 7 0.30848214 545.34656 857.02997 716.62634 934.6252 7 0.30534792 364.15375 270.44095 925.0268 918.84717 7 0.2741902 44.907265 332.67975 224.60913 568.69147 7 0.26789823 163.18535 274.4522 452.90155 733.5459 7 0.26254833 715.3651 654.3886 1017.9463 939.8461 7 0.24672368 587.98987 471.79553 804.87537 582.4385 7 0.1758225 671.60223 614.9431 910.17474 919.5231 7 0.16026506 646.8243 0.0 1023.0727 211.18134 7 0.15768121 426.11087 245.16002 541.2157 305.21732 7 0.15334654 375.85083 9.789047 881.047 360.4032 7 0.14030917 18.142014 473.28204 440.70142 895.54645 7 0.1386671 31.657959 180.42136 940.95 567.7523 7 0.13029999 13.025635 2.0499268 578.13074 572.6434 7 0.12992372 400.86115 264.71997 875.7282 598.057 7 0.119667955 437.898 262.5536 502.98218 299.72345 7 0.10938641 72.386444 285.2664 774.65247 735.7461 7 0.08242714 454.47372 326.65668 508.2722 364.3454 7 0.07584959 455.27347 259.44974 652.51184 370.8774 7 0.05854734 65.17561 508.52463 510.1089 725.2389 7 0.058436293 393.75226 281.3823 549.5486 331.87833 7 0.052552667 685.3729 98.300735 1021.9365 595.7006 7 0.05121353 591.8522 84.83014 1020.4242 866.136 ,test/3203.jpg
6 0.99788934 101.845856 186.2926 690.7958 759.3146 6 0.07070004 103.1663 200.8168 209.76569 759.1603 ,test/3204.jpg
0 0.07495526 246.8269 347.72815 835.14514 748.72205 2 0.08998806 243.80634 348.12885 835.5074 751.0013 3 0.9751828 239.92514 348.25128 839.6151 749.1639 ,test/3205.jpg
0 0.7319982 361.32385 365.54425 522.3364 511.09717 0 0.33261627 445.7797 479.34476 724.67786 598.5791 0 0.2628782 2.234085 152.14676 372.52557 501.46292 0 0.17804228 788.60474 740.94226 831.8192 765.4038 0 0.14893039 581.89636 488.81705 707.93567 569.5165 0 0.1206982 341.13324 332.7811 594.9639 521.6207 0 0.10185574 292.34558 285.8639 521.3929 529.04694 0 0.101263404 207.43369 545.29663 411.7001 688.9867 0 0.075812995 340.60773 293.93387 445.07758 363.77896 0 0.066133134 209.432 459.36612 742.7796 701.4464 0 0.057965815 136.29257 223.45508 402.58243 719.6845 0 0.05545168 653.8888 790.35364 842.13635 815.672 0 0.051577065 500.40393 492.6079 590.99634 570.9325 1 0.708566 4.9726715 151.19919 359.73785 499.87296 1 0.20104259 340.60715 295.86084 445.61288 362.81232 1 0.058182403 212.8169 546.61804 410.1817 688.94385 2 0.9944929 659.41693 719.57404 789.2819 796.0423 2 0.44904894 716.73083 486.49664 807.89575 521.2656 2 0.10734943 265.82245 272.5024 445.35333 362.8914 2 0.08411804 340.21674 286.1166 444.55182 361.3743 5 0.9856473 651.65295 452.2106 721.6444 487.0969 5 0.62133986 486.73038 320.734 642.85486 449.9771 5 0.53697133 574.9005 401.0516 614.0729 480.25955 5 0.45755887 717.72723 486.70016 807.69867 521.1032 5 0.21082017 471.64148 307.6001 711.9187 490.1419 5 0.105123974 546.95264 403.48685 605.71313 479.4761 5 0.079925165 478.3496 304.6354 686.67847 405.8906 5 0.06554877 646.2281 455.1036 816.16876 523.9701 5 0.061550695 267.04413 269.7339 446.87976 362.94147 5 0.06101515 500.80005 386.54767 724.522 481.12036 5 0.060788706 624.35895 384.15704 695.835 469.06726 5 0.060296763 593.8087 408.02664 734.349 485.6829 5 0.057417516 527.1661 332.39923 623.14276 421.83264 5 0.056051627 520.46106 392.81882 626.3175 481.45975 6 0.06340651 586.52686 818.5177 677.17175 859.64844 7 0.99178493 44.102753 148.30222 857.23486 934.2781 7 0.8912945 284.54776 129.1549 1008.2777 635.98145 7 0.74196136 0.0 146.50099 372.08997 503.83527 7 0.16066971 450.0514 311.36102 810.7446 516.77625 7 0.13121702 152.83484 254.75 837.9779 687.94385 7 0.1271598 136.29257 223.45508 402.58243 719.6845 7 0.11593313 285.84088 475.29483 774.7663 696.7998 7 0.0731313 444.99695 479.01328 719.1382 605.16626 7 0.056232553 647.03204 449.19318 833.18036 627.1174 ,test/3206.jpg
0 0.63705176 233.84317 152.96274 504.32645 427.05002 0 0.42858472 453.00183 326.73572 797.3191 596.83307 0 0.07907609 266.8849 424.05804 430.5229 549.0183 0 0.07049261 467.6328 338.47757 624.9005 449.3467 1 0.75966716 451.92865 326.28473 797.0567 597.33307 1 0.5403094 233.7668 153.69666 504.10773 426.33173 1 0.10088962 466.8595 338.34683 625.90515 448.74124 ,test/3207.jpg
0 0.9996178 299.96872 304.76337 744.2761 835.9256 ,test/3208.jpg
0 0.052258868 8.790001 0.057891846 236.14719 83.56795 3 0.18082345 698.3366 528.7279 733.11066 563.36926 7 0.9996007 372.16437 237.28148 771.30743 599.68744 7 0.104623586 700.49066 345.5459 742.8381 415.79102 7 0.09558183 9.808098 0.20400238 235.4018 82.61977 9 0.9575689 2.76503 937.65173 201.21703 1021.74854 ,test/3209.jpg
0 0.09894589 92.319046 272.62836 580.10516 904.67804 3 0.94844145 95.861176 268.12674 578.375 911.5503 5 0.49058923 97.38895 267.67285 579.9177 910.2783 ,test/3210.jpg
0 0.23945327 314.48834 521.15436 372.9914 541.30707 0 0.22304885 349.79822 710.8323 428.96277 791.0587 0 0.18392563 717.86084 301.5022 751.1896 439.552 0 0.1557757 291.2854 660.879 466.10577 841.2783 0 0.13903351 350.8746 670.99677 421.76816 761.0662 0 0.12661865 326.5841 661.08795 433.78912 804.1379 0 0.11666061 730.98883 301.868 789.0136 429.8655 0 0.10829606 420.52222 211.59146 642.7262 730.3519 0 0.10110631 601.13306 548.8989 632.2981 642.0314 0 0.09551974 361.0476 711.68866 421.22638 742.87775 0 0.082784764 816.2545 426.49667 861.0591 555.7313 0 0.07741275 632.37665 416.6109 857.4633 733.132 0 0.06944929 287.82483 661.9522 374.05676 789.72784 0 0.067357786 743.6009 331.12738 780.4267 415.8802 0 0.06452272 659.8182 249.78802 751.643 481.61987 0 0.06232998 738.9511 312.23627 776.95245 372.63904 0 0.05924652 563.83356 661.4939 597.0933 747.04236 1 0.964809 423.6159 208.52069 633.65204 737.57587 1 0.8423765 599.7933 547.6864 632.2564 654.59534 1 0.83186036 657.23474 240.12701 752.9298 481.14905 1 0.7025311 737.7927 299.24384 788.8862 429.6955 1 0.6507259 625.6837 524.1388 830.75903 734.1621 1 0.6217066 784.28217 374.9506 812.46014 445.70023 1 0.59143126 483.2946 648.9697 585.45984 840.12585 1 0.50217336 275.35706 403.2083 511.15002 721.8117 1 0.49115872 431.79147 217.07108 575.54224 521.2405 1 0.47351292 819.2592 426.90454 861.73224 554.7425 1 0.44585016 628.2406 497.8405 667.7407 569.2747 1 0.43391323 629.85876 557.51154 674.08044 727.9417 1 0.43037483 624.16284 333.23572 674.26025 579.8388 1 0.3982798 283.95645 247.20139 485.9481 840.9702 1 0.31271344 314.48834 521.15436 372.9914 541.30707 1 0.24553739 626.2992 335.5137 849.3738 736.036 1 0.22032875 773.06067 371.60117 795.3462 434.89816 1 0.21356617 292.28256 660.5716 468.246 841.95953 1 0.18511583 767.91315 334.87372 787.42535 424.8813 1 0.17651024 738.9511 312.23627 776.95245 372.63904 1 0.13492782 646.16547 337.8743 680.2187 499.30887 1 0.1329365 287.83704 662.27386 375.87213 789.2469 1 0.1321046 599.9075 315.8686 639.38306 673.2659 1 0.13065611 529.8157 792.529 584.8727 843.2714 1 0.11895179 629.477 248.12292 773.47174 591.8548 1 0.11464562 592.9015 252.81615 683.6793 664.56354 1 0.108693995 761.49176 334.53223 813.5101 455.47644 1 0.10657009 423.137 470.25644 459.12625 522.3673 1 0.10545452 759.1677 328.16595 783.67993 414.70746 1 0.102974266 718.4291 301.78088 750.886 438.55243 1 0.101037756 273.8575 237.87497 391.63913 407.15427 1 0.08803704 625.5079 437.2642 668.9367 572.73694 1 0.08673453 563.83356 661.4939 597.0933 747.04236 1 0.0843154 611.15967 356.46155 668.77295 681.3163 1 0.07788516 276.51752 457.73648 589.88434 849.7322 1 0.077237286 601.70166 596.5976 630.9155 652.38947 1 0.07619128 271.60358 455.5357 319.38013 532.4436 1 0.07499512 520.3412 246.63591 641.3207 738.4121 1 0.06458318 750.1804 332.14557 780.97473 384.7331 1 0.062218886 373.5873 310.40573 450.5353 358.27982 1 0.061077368 762.44543 333.94165 789.55066 382.24152 1 0.060476054 350.58344 711.00665 428.83643 790.37164 1 0.060132917 657.52216 440.2647 678.86676 501.01642 1 0.058934007 650.6632 273.36148 680.8856 463.75082 1 0.055787463 669.67365 276.0198 719.6248 476.6014 1 0.052195083 530.8887 634.27734 594.74927 857.5929 1 0.052000213 632.53436 276.95215 682.6169 518.3598 1 0.05142002 765.7082 344.4752 797.51984 439.2748 1 0.05132855 689.226 237.00833 748.20917 363.49924 2 0.85788614 273.851 237.83896 391.4018 406.44382 2 0.20345606 288.06674 661.24286 361.8799 787.65204 2 0.17369007 350.58344 711.00665 428.83643 790.37164 2 0.08447356 288.00183 384.87946 376.76044 528.9137 2 0.062301554 423.137 470.25644 459.12625 522.3673 3 0.06261603 298.74246 377.14734 326.88882 415.12933 3 0.060844786 314.19983 520.8512 373.3581 541.7285 5 0.9383005 338.372 339.37183 444.67603 486.66388 5 0.8562656 290.38638 387.39758 382.20206 527.1582 5 0.72760004 294.17194 339.47443 430.8534 528.43414 5 0.3639814 274.72748 237.32155 390.98596 405.10645 5 0.29783142 343.0835 469.33264 407.4309 526.8257 5 0.18016689 297.4681 437.86963 421.27072 527.0078 5 0.13300887 268.61288 235.28783 339.421 345.71582 5 0.070381485 287.82483 661.9522 374.05676 789.72784 5 0.066911936 314.28986 521.1131 373.10992 541.28156 5 0.059870474 324.22537 439.89746 377.90225 526.5752 5 0.057916604 671.91925 278.6733 724.24884 477.7905 6 0.8865238 291.5777 662.8568 468.37445 841.005 6 0.090606086 288.2096 660.72906 363.87317 790.1514 6 0.05069515 744.2598 284.61594 789.3278 429.65402 7 0.9316717 657.98224 411.79175 835.9146 602.3164 7 0.61169213 630.72217 417.13458 860.22644 705.9827 7 0.38413247 672.196 293.64703 721.7343 475.74762 7 0.32204735 354.42642 713.7317 427.80936 791.3021 7 0.18160811 717.86084 301.5022 751.1896 439.552 7 0.1707329 293.89755 659.5994 462.71622 842.0346 7 0.15805139 657.4147 240.30528 752.0083 477.77734 7 0.11183023 326.5841 661.08795 433.78912 804.1379 7 0.06049867 798.09265 437.84515 843.2074 562.4965 7 0.05318865 808.36975 426.54907 861.7483 558.82623 ,test/3211.jpg
0 0.46190622 280.65622 475.6817 370.6962 523.75525 0 0.35193568 744.71277 295.62686 776.44434 339.28397 0 0.33652744 871.72955 519.3911 1024.0 623.9391 0 0.26934138 444.86752 395.71292 627.2189 613.9761 0 0.23566341 283.7212 399.30334 475.42902 577.92566 0 0.13886225 167.28052 2.1516533 271.07477 78.0612 0 0.1381773 459.69836 330.80917 878.848 597.20984 0 0.11463843 873.31 515.5763 1024.0 733.6245 0 0.10499496 640.094 462.87704 859.0394 567.02985 0 0.09887068 109.103264 2.928772 317.63736 77.91206 0 0.09694854 117.62077 71.80458 188.08 101.433365 0 0.09038273 624.9622 338.41373 883.3195 520.4874 0 0.07555033 107.19412 26.191536 224.37009 83.13451 0 0.0568839 112.31923 36.78162 170.84767 75.327515 0 0.052282106 476.8065 378.95013 617.3661 423.7824 0 0.050526366 452.5086 397.41855 684.64984 510.3328 1 0.98796636 488.4704 476.65192 1018.30316 846.3317 1 0.9814594 23.80957 16.830948 555.7819 478.3277 1 0.946967 411.28162 197.64456 790.1582 434.90244 1 0.8923529 456.29413 335.50623 890.5219 520.6569 1 0.8917195 655.444 100.12341 770.0797 201.70187 1 0.7229839 262.9859 3.1703377 534.2247 60.739983 1 0.5614788 640.094 462.87704 859.0394 567.02985 1 0.44020355 451.27075 398.86975 684.0282 508.93213 1 0.39581916 434.10507 394.97165 629.22 613.66833 1 0.38295978 108.50276 2.002945 544.13513 78.529564 1 0.37081718 873.31 515.5763 1024.0 733.6245 1 0.31410375 872.3801 518.2177 1024.0 618.56366 1 0.29646257 107.85363 2.2453537 315.09436 83.436035 1 0.2957215 656.5374 98.44125 795.89655 266.12408 1 0.2767413 115.917885 66.75683 212.42172 97.86829 1 0.26945233 212.35313 0.43419266 318.59088 28.322268 1 0.2650483 425.0827 252.7836 880.58575 619.7462 1 0.2619578 444.82635 401.3891 478.45605 441.63226 1 0.2228271 114.27158 38.689445 169.36441 75.20863 1 0.22024158 483.44806 389.1905 897.1972 748.8841 1 0.20703185 112.21416 39.200066 211.45067 90.40548 1 0.1977773 2.1113358 88.229195 91.51749 276.535 1 0.1308843 93.97237 6.508197 210.41441 32.584328 1 0.1266954 12.487579 8.27121 348.02728 164.8484 1 0.117933735 132.66234 64.83015 203.07155 88.81428 1 0.10945 382.5876 21.695236 823.5726 445.68073 1 0.0912392 103.618744 3.398941 615.0032 241.19067 1 0.070680626 283.9223 408.04965 480.41895 594.88135 1 0.06801477 102.87781 11.613308 217.15588 82.533875 1 0.06188649 110.6132 1.0096531 318.75592 37.227417 1 0.055422265 314.4408 0.63303375 469.67798 51.555614 1 0.051850274 99.25343 16.382088 193.56999 35.05179 2 0.15638645 723.04004 473.03085 862.0477 568.19147 7 0.9990952 239.40224 463.37698 557.3551 937.4668 7 0.9956304 540.3224 0.0 679.3356 235.15872 7 0.6675379 870.6691 519.7999 1024.0 623.85767 7 0.5715637 107.76878 2.5677872 314.95135 79.36333 7 0.51411265 380.77338 425.64056 473.69617 595.56323 7 0.37677404 30.958755 1.6264763 315.9754 114.88864 7 0.33774343 166.89438 2.190548 271.29947 77.83621 7 0.2640051 277.47406 441.93256 474.76636 561.9387 7 0.25543272 116.35683 71.14525 187.04677 101.789536 7 0.1900812 448.35333 424.18167 567.43317 598.29517 7 0.15914477 31.82904 35.258766 214.54327 115.71766 7 0.10364445 280.01138 476.13565 370.6904 531.48785 7 0.093733236 699.98737 462.42313 859.1755 566.08636 7 0.081335664 412.11053 396.1206 633.6423 611.39624 7 0.080066815 84.859 69.42495 207.3754 105.17977 7 0.07334913 483.11798 640.654 557.18256 805.3984 7 0.055394992 461.1235 449.97675 556.9232 508.08502 ,test/3212.jpg
0 0.4811864 293.79245 597.70514 391.62973 643.63934 0 0.3591884 68.38801 585.33716 230.14078 742.76953 0 0.25505638 394.2495 633.66656 650.10205 720.68427 0 0.09899332 421.05124 0.0 472.53726 485.91718 1 0.92533493 340.70734 496.76962 407.36633 547.0468 1 0.34309155 280.7445 541.7024 364.60736 608.2749 1 0.26752105 294.64185 597.7916 392.01953 644.3828 1 0.13691846 279.4602 539.2867 404.93524 635.39484 1 0.09559192 393.03027 633.28546 648.97217 720.8975 1 0.0521938 0.0 415.8744 231.32597 746.3148 1 0.05028966 335.3666 547.3378 370.61044 598.0318 2 0.97825485 376.74774 346.99945 421.73987 383.23187 5 0.20036177 338.66046 544.09 404.75586 604.18646 5 0.05730783 269.02646 608.1919 297.54874 629.13135 7 0.9992015 560.9244 382.36328 947.5212 713.2799 7 0.99805593 177.4092 638.0985 470.00183 812.39624 7 0.98994374 295.24542 471.9312 620.046 661.1357 7 0.7768957 339.2528 543.9261 404.51532 604.4223 7 0.44979325 293.829 597.1991 391.9794 643.1676 7 0.18149659 168.0731 462.347 628.9046 813.92377 7 0.08626739 304.57065 577.9914 624.1083 718.52655 7 0.06202567 295.72916 565.28156 614.22986 655.7756 9 0.10070334 394.60773 633.84283 649.63654 720.8464 ,test/3213.jpg
0 0.9743112 320.61404 103.62253 716.6278 331.74026 0 0.6162454 157.14227 653.07635 562.4667 829.1778 0 0.560209 981.9728 418.31586 1023.9282 510.80743 5 0.19292176 156.69785 652.3445 562.43604 829.2754 7 0.67961127 155.92516 651.5102 561.9319 830.7836 7 0.1001257 319.6588 103.560356 718.15076 331.5242 ,test/3214.jpg
0 0.2330088 215.67627 266.1364 762.4351 734.4053 0 0.21472587 140.01299 334.51065 242.94804 397.35568 1 0.15745425 215.31683 264.44446 764.3826 734.4084 2 0.9729883 209.1659 263.99612 763.41406 729.1362 ,test/3215.jpg
0 0.12488192 295.34805 270.88965 728.82605 753.8187 1 0.98078203 293.0169 269.9831 728.5651 752.30396 7 0.063347004 293.8383 272.53894 728.48315 756.3949 ,test/3216.jpg
1 0.99075353 463.10562 0.0 729.7312 394.00482 1 0.1146365 249.73889 204.61887 448.94067 549.55554 1 0.091824725 703.0075 61.54007 731.6473 196.1889 1 0.081984766 666.8842 47.871048 734.89056 392.95776 1 0.07943168 262.47797 804.15497 438.49573 981.9633 7 0.9989573 227.20432 222.7782 664.9094 1024.0 ,test/3217.jpg
0 0.87542933 45.96808 429.58527 907.9936 506.62177 0 0.054926436 22.88971 430.03394 931.4383 610.4065 5 0.06252838 25.662537 429.36795 912.3911 500.87338 ,test/3218.jpg
3 0.15343378 493.99277 263.1887 713.1865 860.73755 4 0.5333014 493.28668 264.4978 713.59955 853.4916 5 0.75078005 494.0123 260.88638 713.4617 855.12805 ,test/3219.jpg
0 0.8957933 89.25769 172.886 967.25574 661.702 0 0.44888306 919.8478 28.684944 1024.0 135.29547 0 0.087873295 88.11543 165.54115 528.6581 651.0452 1 0.107781015 92.32208 174.5138 970.43414 661.9074 1 0.087089814 920.81665 28.877571 1024.0 133.7081 7 0.5483075 920.3617 25.126862 1020.0603 136.85925 7 0.101584464 89.98721 174.5624 970.6079 659.8362 ,test/3220.jpg
0 0.87736005 217.14406 265.9842 621.83954 760.96356 0 0.6385333 585.9288 331.13635 657.5096 407.78687 0 0.11219359 0.0 167.16235 288.6131 268.11694 1 0.40300608 210.8965 267.1666 606.99744 770.62244 3 0.099984914 585.5055 331.10834 660.2671 407.08716 ,test/3221.jpg
0 0.99422497 250.17528 521.17175 542.7965 679.2936 0 0.5312961 246.20769 538.91235 276.54752 596.09937 0 0.13935769 258.69537 46.78475 326.20795 105.28774 0 0.063305594 606.9734 3.0057297 712.85803 176.91733 0 0.050705817 611.1022 271.56207 748.9607 459.8011 1 0.5839773 179.10931 409.18637 211.78629 501.7382 1 0.1491216 251.14735 520.5802 543.3058 679.63086 5 0.08405262 548.6904 8.155914 1001.37964 542.3727 ,test/3222.jpg
0 0.9653589 143.38373 458.47736 948.27045 967.97186 0 0.95685434 307.1471 140.48706 840.98315 616.7169 0 0.5600659 944.7901 252.96907 1004.6031 279.97256 0 0.4988633 954.7042 158.42293 1013.8439 200.72707 0 0.122221895 971.9999 247.07086 1024.0 330.3183 0 0.10952708 498.90198 19.87265 923.40686 632.3159 0 0.07310952 938.3674 219.21689 995.4285 252.06497 0 0.05852372 551.99585 48.137703 962.5836 271.97833 0 0.05698492 942.88 241.6408 995.2529 254.52196 0 0.055997703 197.44 463.6322 784.1795 615.47095 0 0.050198022 990.0897 148.98497 1022.97034 195.11855 1 0.4953602 953.27 158.19362 1014.5962 200.9258 1 0.13048215 944.6909 253.83145 1004.61035 279.81027 1 0.088644534 937.1957 219.16208 995.52576 251.29105 2 0.12343045 992.2908 149.19547 1023.219 194.80908 5 0.15562597 991.4165 149.5615 1023.60315 195.2879 5 0.11500054 973.2694 247.03085 1023.9717 329.97403 7 0.99198383 538.1593 2.1483765 965.2174 272.5036 7 0.9375756 767.1235 0.0 1021.9162 190.08644 7 0.7237284 181.11621 437.5207 280.46774 522.4722 7 0.6770152 973.195 247.11711 1024.0 330.07074 7 0.58127856 947.24274 151.59299 1023.163 200.70657 7 0.31107983 543.0153 0.0 831.3631 162.36606 7 0.15143816 303.51324 65.848785 941.28314 614.3815 7 0.07264897 143.18109 458.34427 948.5992 970.58704 7 0.061563257 731.2095 8.698502 947.0486 274.9032 ,test/3223.jpg
0 0.096405946 860.7431 899.4093 1024.0 950.8098 1 0.95115244 294.2323 323.01517 725.3252 513.4548 1 0.94547397 44.476288 516.4752 867.7948 699.7344 1 0.7913752 127.94562 493.12604 853.4116 630.85004 1 0.5849193 520.24023 387.5011 774.45825 513.9874 1 0.54845935 313.84802 324.2354 613.89044 427.4638 1 0.480871 384.43488 382.84064 600.6807 424.83337 1 0.33125773 80.7601 376.0763 845.9508 676.9857 1 0.21846217 304.60486 387.81 594.1195 505.27704 1 0.05606184 582.92566 386.83066 672.3281 420.44986 ,test/3224.jpg
0 0.48768964 171.64499 108.17563 860.45605 691.8142 1 0.8967187 169.45258 106.61679 859.1716 692.3391 ,test/3225.jpg
0 0.998278 298.11243 251.56622 828.0902 884.9759 0 0.40906715 18.590279 81.1125 239.34122 426.2627 ,test/3226.jpg
0 0.74321544 479.7055 384.7166 534.8034 423.80756 0 0.23669194 593.78076 590.2675 628.2882 641.1131 0 0.20002475 482.7905 12.048878 513.9574 116.22673 0 0.13499951 483.99084 12.503952 502.497 87.79842 0 0.072665244 466.80038 363.65674 531.32117 424.75952 1 0.9862692 232.57588 332.74783 684.6522 874.652 1 0.5292212 230.72449 348.7579 513.8093 735.89124 1 0.21759048 361.8359 530.90204 687.08435 755.555 1 0.20227519 565.8601 610.84625 628.0209 641.1512 1 0.17831382 579.22687 550.6769 692.3024 683.5781 1 0.17614569 320.4705 598.5381 686.27637 872.06006 1 0.16642666 366.70483 324.45447 686.93835 688.4639 1 0.16467033 587.8816 593.48 626.2262 639.5399 1 0.14163525 525.62524 534.0517 696.86255 763.10565 1 0.13702902 498.0218 617.7864 629.7851 761.1395 1 0.06395056 545.00574 628.76056 632.72156 722.279 1 0.05250715 540.62164 601.24396 701.2591 709.836 5 0.9262177 319.6389 364.62906 500.49838 592.3301 5 0.9246859 442.14655 320.55566 533.1795 442.30444 5 0.22199222 242.87398 344.93225 508.9239 724.28577 5 0.09052406 453.34796 374.7157 530.2821 443.526 5 0.05186839 364.0282 353.24136 660.1931 623.0834 7 0.9999043 551.5134 212.79587 826.2958 611.70325 7 0.9983559 532.7084 33.38153 722.38184 329.26685 7 0.730679 279.8473 779.84686 327.6931 830.315 7 0.12978882 235.63206 350.27466 513.6389 723.05615 7 0.11539931 366.70483 324.45447 686.93835 688.4639 7 0.07508764 596.18976 589.98096 627.5184 640.75745 7 0.051488727 567.7366 615.4483 627.6859 639.68695 ,test/3227.jpg
7 0.994866 192.53162 502.12244 668.4578 684.96265 ,test/3228.jpg
0 0.19049735 421.82327 1.7818489 597.911 51.296875 0 0.055751882 420.60678 24.780449 601.94666 58.731834 1 0.9873279 477.58765 449.2174 840.9944 864.999 1 0.92255753 242.49123 513.37555 300.04346 567.4838 1 0.65804094 530.37335 512.903 647.82684 563.2902 1 0.63989085 572.0602 409.0397 611.22 447.2059 1 0.6172296 449.1781 510.7641 640.81287 665.67975 1 0.21819723 396.44647 31.988014 463.97186 109.116325 1 0.12990172 395.20694 9.883564 604.6177 106.42345 1 0.122331955 401.34265 86.89508 422.7539 172.20337 1 0.08769487 593.3214 279.72253 843.82666 753.4276 1 0.08696907 393.2401 8.058884 444.14612 154.88045 1 0.06006682 433.99127 501.2359 660.4456 841.3521 1 0.056663703 459.36972 646.5756 533.78015 719.8615 1 0.05374575 383.475 4.185234 425.4396 167.2862 6 0.81980807 403.7705 1.9220276 610.0643 50.79642 6 0.5338628 400.78403 2.7246666 608.6728 101.48862 6 0.385191 576.1406 5.0605927 641.6554 89.30784 6 0.2586005 430.6013 34.501015 512.38055 84.40398 6 0.17673616 420.01324 14.426853 535.8054 89.49794 6 0.14916228 420.60678 24.780449 601.94666 58.731834 6 0.1288172 424.44397 1.2478313 596.7341 18.141653 7 0.99980074 243.67436 299.46075 587.08923 617.5847 7 0.99953806 402.5718 30.493347 641.7832 319.82684 7 0.99894077 131.98717 537.84924 627.393 998.5559 7 0.99502134 612.6443 273.3525 842.2477 524.2992 7 0.9142899 467.00223 296.46735 613.4928 418.3352 7 0.16036533 397.42447 1.5533333 611.7268 104.67653 7 0.106409736 557.7481 307.19965 612.7773 440.09076 7 0.06811515 572.44086 358.631 614.9853 452.04935 7 0.06684713 402.45343 1.7871628 615.9544 49.923454 7 0.06671113 125.6989 527.096 460.4674 639.9272 7 0.055913545 571.91113 409.40366 611.4956 447.2203 ,test/3229.jpg
0 0.99953294 341.05884 308.57285 644.2854 565.15063 ,test/3230.jpg
0 0.06422263 322.29797 548.94824 614.50507 825.83325 0 0.05723979 405.98578 203.02623 822.4478 586.3746 7 0.9728387 405.19 203.99088 822.81024 578.98413 7 0.97043735 314.34048 201.86798 818.99243 837.253 7 0.94791985 320.33673 560.9394 608.3395 824.9881 ,test/3231.jpg
0 0.4178719 889.02924 497.20197 918.22406 525.0441 0 0.09447616 754.2087 585.0589 797.66266 606.517 0 0.07296579 79.77533 310.63223 638.2406 722.0753 1 0.99378705 348.6781 568.76575 625.3243 767.7379 1 0.9660827 768.99207 409.79596 1016.103 620.0441 1 0.13324045 75.703674 284.62616 661.7201 753.3409 1 0.13044927 754.0357 585.1999 797.4382 606.4312 1 0.1235508 360.219 611.8349 430.64856 762.0588 1 0.065405466 417.85657 577.84875 583.82104 735.7273 5 0.72477233 691.13275 392.9832 787.54205 484.366 5 0.17410754 695.01733 475.676 780.56116 523.8102 5 0.15217327 741.1529 486.50885 781.1934 521.39185 5 0.08703236 691.28046 424.7873 774.6318 470.5782 5 0.07047918 709.71576 475.91037 753.6833 516.64734 5 0.061771754 526.8406 269.66174 607.80774 342.55627 5 0.05454116 744.8548 420.63452 785.65314 467.6513 5 0.05147429 690.67816 399.3804 758.2142 449.25876 5 0.051392708 934.9198 222.96307 968.2997 243.58426 7 0.98325115 401.3831 150.10081 873.448 398.37195 7 0.9362298 70.35071 152.55893 887.7973 741.9592 7 0.5194219 272.7569 221.61244 705.8297 588.06537 7 0.4833416 78.14908 302.76837 644.95276 724.08234 7 0.30165538 336.81512 132.17332 886.9268 575.0893 ,test/3232.jpg
0 0.2858468 159.05164 211.14636 752.37256 745.58167 0 0.1661236 156.1199 600.5133 737.91626 747.2822 1 0.93003154 158.92004 212.0907 752.64087 748.5799 1 0.17146702 156.1199 600.5133 737.91626 747.2822 ,test/3233.jpg
0 0.09120235 243.60966 418.62585 323.79852 469.4563 0 0.054777388 451.19818 466.93625 641.39764 504.92484 1 0.99864215 648.3167 357.7586 949.8129 598.7977 1 0.99025273 165.57407 398.73846 405.8497 588.31854 1 0.98891896 436.3714 345.45422 636.89667 472.07678 1 0.95625246 427.39087 459.59833 659.8345 597.7004 1 0.9332372 690.5153 401.6223 851.86884 457.39148 1 0.5452697 742.976 437.12747 871.90594 462.29282 1 0.5381424 394.54172 404.06042 445.64554 525.205 1 0.4626143 695.9175 358.05002 894.1113 444.738 1 0.44500148 445.57324 406.42117 618.5513 473.0839 1 0.37659472 394.65588 376.67844 680.4099 586.9833 1 0.30259302 692.28784 413.87067 746.9485 442.42444 1 0.2948537 720.9025 422.0055 866.65875 460.685 1 0.20287095 432.03125 348.95392 880.124 450.34418 1 0.17622618 666.9086 362.49277 911.0855 509.43704 1 0.16839646 831.9145 425.4802 874.113 447.54733 1 0.1640909 713.0659 407.09274 823.89307 443.76584 1 0.15178412 679.817 409.01608 889.0868 489.0804 1 0.122968346 608.45703 360.94595 717.0703 463.03915 1 0.122324094 750.48 448.6143 848.43604 464.1885 1 0.11375344 644.483 360.76367 707.7541 574.26056 1 0.110544905 688.1477 410.40698 768.7838 451.2823 1 0.10784284 748.6964 434.11676 844.32983 454.3139 1 0.10465702 735.43384 419.41818 832.442 442.85532 1 0.082919486 873.8779 364.69046 945.9188 451.4805 1 0.0816236 401.31647 415.97314 665.8515 525.1655 1 0.08125762 748.0733 400.76416 848.38446 443.60803 1 0.080773175 611.5446 386.54495 629.8886 441.3259 1 0.07832851 716.08966 397.4622 840.05646 428.3721 1 0.07563038 755.04626 401.22433 844.24023 416.90494 1 0.06645816 692.6609 407.94855 764.97156 433.95142 1 0.05760495 630.7428 403.5827 660.49 454.08618 1 0.057070203 452.19653 466.71774 642.18665 503.64053 1 0.057007268 201.03534 356.39288 981.82477 597.84216 1 0.056403656 786.62537 402.44684 845.0719 423.26416 1 0.056014903 766.6828 440.4194 851.23785 455.9736 1 0.05416828 799.39056 404.09216 838.16876 448.0174 1 0.05189535 532.5836 359.4523 742.2262 444.96158 2 0.0814049 162.94157 400.0696 417.51257 585.2442 7 0.05532345 742.976 437.12747 871.90594 462.29282 ,test/3234.jpg
0 0.51563644 299.52386 658.02747 404.93237 764.81445 0 0.13722129 490.82922 476.65094 552.2832 564.8813 0 0.09050775 395.02026 614.1312 454.7428 670.98315 0 0.07179025 361.02884 417.95337 465.03018 479.47388 0 0.06678096 491.47995 380.66638 526.62006 441.7685 0 0.055358198 63.73883 538.8565 162.28764 673.013 0 0.053512752 474.49332 652.1239 762.0725 795.07007 1 0.9960593 454.3054 359.88074 936.77563 759.2294 1 0.9827632 109.36046 436.615 436.7152 758.61194 1 0.9034542 181.26746 311.9762 553.1571 652.3698 1 0.7401898 256.75153 477.8806 437.3581 634.4669 1 0.71640295 210.8087 318.43582 541.2396 479.81955 1 0.6185371 127.69768 584.4915 162.63744 609.8902 1 0.49244055 383.75626 638.858 418.2571 670.3339 1 0.4560657 372.9265 394.95282 649.46826 666.71796 1 0.45324802 384.60025 615.1793 456.97482 671.39575 1 0.44977486 117.43094 330.53244 722.0404 761.32227 1 0.3818268 233.40985 439.3493 445.38818 488.21387 1 0.38055462 465.09943 395.8213 568.21954 660.2964 1 0.31752783 433.35938 455.01624 792.5121 781.9055 1 0.2876652 260.78568 376.6422 469.43082 480.04156 1 0.26214072 361.02884 417.95337 465.03018 479.47388 1 0.23504059 379.83563 405.42554 521.3165 619.2335 1 0.18452074 238.79152 435.31793 525.1606 645.0362 1 0.18130733 379.3357 460.78644 459.17834 667.17377 1 0.15285698 227.9814 443.80948 415.873 547.9723 1 0.15226622 239.31691 467.58054 311.3745 542.0406 1 0.14873984 238.2851 461.61746 415.735 491.3201 1 0.14843006 491.46677 476.08533 552.2723 566.12524 1 0.1456017 471.16504 380.58136 732.41895 702.70197 1 0.12776 502.57928 576.684 568.79095 667.0733 1 0.12237953 479.69556 644.9147 768.36865 786.2197 1 0.102177665 379.9303 563.4198 458.66858 676.97815 1 0.096873045 402.11072 443.61462 585.83417 594.4868 1 0.09666441 167.76039 465.87006 296.98358 575.77875 1 0.095684424 240.98837 448.69547 355.58438 582.3985 1 0.08441036 507.25638 394.7663 644.0711 655.6408 1 0.081689425 263.60764 540.8752 296.36966 584.7181 1 0.072433546 299.3316 407.8026 521.95264 487.28015 1 0.063911974 362.57773 573.3666 452.8134 638.56055 1 0.06371915 263.314 478.63882 325.52066 534.55994 1 0.062357154 248.51581 462.8569 384.42102 481.89627 1 0.059707303 244.69644 431.67972 510.74124 505.28024 1 0.056443375 197.84607 545.18286 403.03815 638.2184 1 0.050667502 341.07538 630.26575 419.54742 670.0808 2 0.1448922 263.60764 540.8752 296.36966 584.7181 3 0.074440084 889.04456 977.4345 942.0311 1021.6977 5 0.064067625 490.82922 476.65094 552.2832 564.8813 5 0.057912223 263.0558 540.42126 297.42462 583.9075 7 0.33820826 62.407436 588.5247 162.2856 662.3912 7 0.27053452 298.88266 656.9051 404.66928 765.2205 7 0.11941698 490.82922 476.65094 552.2832 564.8813 ,test/3235.jpg
0 0.997999 564.3867 388.7503 746.66907 506.96924 ,test/3236.jpg
1 0.2047646 0.8713379 540.0591 1017.39874 1024.0 5 0.9992275 127.47766 318.26727 865.5064 679.55646 5 0.9095691 133.39534 314.70184 617.13586 588.37805 5 0.11239434 110.4194 325.20163 191.99634 395.46854 5 0.0651673 50.365112 299.80954 1024.0 1024.0 ,test/3237.jpg
0 0.1003179 60.07086 616.52344 99.535965 660.15137 1 0.61027145 100.11287 666.1578 143.89719 720.9864 5 0.07649389 199.67099 446.794 340.60214 615.2459 5 0.07239252 207.39429 557.6121 257.3153 625.63336 5 0.06732583 229.59567 653.43445 334.7913 705.7731 5 0.05157227 788.55133 616.1274 834.1237 664.05035 7 0.99962974 105.43106 350.71918 920.3052 732.1174 7 0.26917943 56.735397 549.2499 517.2232 796.52124 ,test/3238.jpg
0 0.76624584 905.3645 489.5245 963.479 549.2097 0 0.5784171 199.62503 846.6505 255.9711 876.9806 0 0.199767 708.3535 644.45215 901.3458 908.43726 0 0.14771906 318.16702 135.08203 372.40298 249.13458 0 0.09459851 680.7139 50.544743 738.08356 116.55498 0 0.08552918 423.2917 691.33716 456.34137 736.3148 0 0.08466983 885.6972 839.33374 905.80585 900.7101 0 0.065483734 845.1142 768.39154 902.1412 924.46686 1 0.9980385 50.394287 264.53036 650.49713 806.15173 1 0.9637677 284.6191 560.7174 526.9233 765.6782 1 0.80800194 846.7871 768.698 899.0106 925.01465 1 0.6142623 199.52496 846.4501 255.83826 876.9697 1 0.22220267 408.66592 561.4554 519.6682 724.76715 1 0.19295835 288.52847 699.0117 354.71115 769.73755 1 0.15368752 39.711853 414.84705 488.22552 789.6604 1 0.14317796 905.4285 489.83008 963.69476 548.6881 1 0.09637869 884.1598 840.0687 905.21326 899.7012 1 0.075898975 95.07587 571.3843 510.79205 782.6516 1 0.06250621 874.814 769.72705 906.01666 903.1023 5 0.06566558 708.3535 644.45215 901.3458 908.43726 7 0.9999461 637.8583 14.092621 941.1295 622.5303 7 0.9995542 424.91837 533.81177 958.51013 1023.17834 7 0.82433957 680.8871 49.28914 738.2201 116.72183 7 0.0909494 708.11084 566.6063 964.6212 914.5217 7 0.06266545 905.4925 489.67465 963.75433 548.8356 7 0.056092177 716.92255 646.1014 882.06537 899.66864 ,test/3239.jpg
0 0.4730512 676.9384 869.10626 716.2126 991.9517 0 0.39029482 679.33307 799.8857 730.74396 916.51544 0 0.3093005 677.21063 871.1354 727.9548 914.05273 0 0.2948905 673.8763 803.2397 745.97577 992.5147 0 0.15531042 462.10657 623.1564 525.3588 724.03174 0 0.08541429 603.72925 796.8249 743.4403 1022.1364 0 0.0692318 661.5886 817.9296 686.0758 884.1414 1 0.56809556 317.55978 0.0 409.24814 140.53247 1 0.4010315 251.39041 0.0 393.91208 224.71727 1 0.3933674 287.34158 78.27298 368.55515 131.81238 1 0.33911037 673.11035 804.04803 742.2543 994.50653 1 0.31345016 604.1802 793.29114 747.0277 1021.7993 1 0.2840602 236.56642 136.98775 318.18607 231.7954 1 0.25754014 277.25278 61.50447 358.00906 208.86296 1 0.23297364 257.27893 1.0503731 420.63153 108.75728 1 0.14963481 262.09753 5.872692 352.71783 82.4745 1 0.108688325 660.41565 594.05225 749.21216 1004.7079 1 0.092807196 663.0989 556.66394 712.0099 823.90967 1 0.08796665 271.2045 46.493557 379.6517 139.41333 1 0.08477046 316.0461 0.92861176 364.5928 132.77057 1 0.078948095 679.0869 889.0309 712.0167 980.9044 1 0.07491208 510.84753 606.02875 713.5143 813.15656 1 0.061732322 672.3375 381.82623 723.08203 830.0008 1 0.056311704 259.92935 15.982903 303.82364 134.32632 1 0.055285193 234.40115 47.20382 348.11252 229.12967 1 0.054613184 679.33307 799.8857 730.74396 916.51544 1 0.050753135 678.59595 364.1009 737.02966 1010.87006 2 0.12381118 677.5733 870.02686 730.3232 915.5338 2 0.06528591 679.3999 799.3559 731.0846 916.69525 5 0.9476248 181.21783 711.6969 232.18646 770.3645 5 0.34180197 661.84406 545.77563 712.4306 820.08887 5 0.09012317 676.649 871.2403 730.32794 914.4211 5 0.08524975 207.29105 284.7165 302.288 380.51147 5 0.07763122 236.6539 136.96298 318.0507 232.66556 5 0.06732549 455.91534 622.5543 528.9583 721.5831 5 0.057678327 670.4057 452.3653 722.63214 922.10736 5 0.055535987 677.1158 866.01166 720.3016 994.20404 5 0.052369528 665.51965 789.0151 682.28357 839.4738 6 0.9981122 425.8322 362.04282 696.2243 637.06445 6 0.2323314 441.52032 251.51215 698.43744 859.3116 6 0.12164276 505.86984 626.45294 660.7853 677.23065 6 0.120477326 498.7953 577.7184 708.03015 829.4418 6 0.09133511 428.4517 481.19238 668.1302 630.2988 7 0.9997712 221.97305 700.00415 444.05588 1024.0 7 0.99937904 423.17566 675.9859 701.7811 1020.0159 7 0.9991549 19.3051 408.65265 134.72694 627.65314 7 0.99682105 187.85316 384.71432 462.42664 768.6034 7 0.9960284 340.58725 1.7835083 610.4166 363.89713 7 0.9878093 478.86908 0.0 738.9323 437.36545 7 0.97357225 392.31448 612.6484 512.2905 847.60443 7 0.9625805 295.2813 231.4619 443.96423 493.48407 7 0.45454946 99.64302 351.93768 294.0747 671.8178 7 0.441453 167.12665 397.28683 257.4241 684.6907 7 0.22170304 399.60522 337.84625 486.7002 479.25476 7 0.1996126 178.48857 411.28244 275.431 583.02124 7 0.1239785 209.23665 123.69832 326.3237 430.049 7 0.11663113 186.24168 422.7747 269.80475 490.5211 7 0.113427006 603.5927 811.91644 721.61237 1022.66046 7 0.107301734 195.35733 285.14758 306.83792 379.2083 7 0.09394637 96.10609 364.78027 259.29773 507.14056 7 0.09351721 462.10657 623.1564 525.3588 724.03174 7 0.08762367 661.40076 543.18634 711.80176 820.6872 7 0.06457691 199.03421 221.94458 342.50058 389.63824 7 0.06396667 27.970032 218.35442 329.66724 668.3679 7 0.058494486 475.86392 38.5372 744.63245 987.9968 7 0.056150828 518.30835 605.0458 695.1166 862.79736 ,test/3240.jpg
0 0.9480585 644.2578 42.02691 784.89795 185.82239 0 0.8705539 747.23444 1.6057053 924.8421 195.2977 0 0.39984295 236.49432 2.7878952 289.27417 192.65265 0 0.1863718 632.12103 9.2131195 930.153 250.62679 0 0.07418199 642.47925 551.8675 746.9685 610.4089 0 0.06946361 936.9296 572.4617 973.9532 676.4596 0 0.06194189 474.04108 158.49254 960.2364 263.69806 0 0.054896396 754.7674 503.78302 884.7448 587.8704 1 0.9913182 93.77977 530.6706 433.8861 902.3763 1 0.96851546 664.6004 539.7479 972.7546 755.65454 1 0.96278334 445.1059 118.87514 1012.51556 602.3646 1 0.38282302 515.91473 118.80716 663.96686 178.83023 1 0.15181105 641.6057 3.786728 918.33875 197.24553 1 0.122946784 522.9639 118.26692 660.23785 139.12239 1 0.07840355 642.47925 551.8675 746.9685 610.4089 5 0.534946 105.076614 634.87933 143.80444 713.3066 5 0.3906431 236.60841 2.4453735 289.59805 192.22963 5 0.28521276 405.96924 68.801254 562.7329 143.45737 5 0.18403171 539.2433 120.09934 636.355 135.87749 5 0.16055468 461.26636 140.35117 601.61584 218.57071 5 0.13122703 316.76733 58.124825 378.1949 246.57257 5 0.052014038 316.3584 70.52952 557.60126 246.51837 6 0.052902035 502.094 131.87595 657.95874 178.43533 7 0.98577535 333.37567 457.1457 678.7812 790.8266 7 0.9763714 92.59076 331.28467 581.8172 551.5834 7 0.8685274 680.1903 552.71423 942.1633 689.70776 7 0.59882265 132.37183 336.15823 677.5325 804.0956 7 0.21568081 785.139 577.28564 854.6126 606.553 7 0.107277796 175.02817 472.83957 645.6919 632.1877 7 0.09829476 767.3074 560.00354 931.2102 669.2705 7 0.0917397 362.7682 38.306717 428.8067 252.56493 7 0.071833044 140.14673 144.3416 988.9324 609.46246 7 0.0701551 782.7477 560.5119 894.1128 607.4478 7 0.056658503 160.62721 515.7529 422.01245 564.1333 ,test/3241.jpg
4 0.2199509 366.7636 422.7696 506.91998 682.6774 5 0.988116 366.3822 422.82498 506.72278 677.045 5 0.9861477 426.63928 638.2233 499.43933 681.5517 5 0.06426319 426.25616 638.3752 513.14484 790.0727 ,test/3242.jpg
0 0.7921604 482.9352 441.2865 608.19934 499.739 0 0.6199404 521.3897 346.07645 670.43256 391.19754 0 0.23568758 335.1175 402.67606 446.80963 429.97018 0 0.09720181 388.03378 2.0072784 442.43802 317.10486 0 0.082527764 715.98816 6.183014 794.19055 309.9303 3 0.096316054 312.4223 876.3911 343.87164 905.4292 5 0.9992836 205.21451 419.878 752.57825 811.8337 ,test/3243.jpg
0 0.7125213 190.8548 60.250824 328.4054 255.90805 0 0.36683953 638.9843 123.46795 661.57794 153.85681 1 0.8184788 966.9103 538.4066 1007.77234 588.26697 1 0.090733886 583.05414 43.24022 638.57086 111.03316 1 0.08759478 638.9843 123.46795 661.57794 153.85681 1 0.06571552 568.2543 323.54703 604.50635 348.55472 5 0.12757911 582.87195 42.96528 638.8927 110.79398 7 0.99984086 538.43524 227.48233 949.2187 804.1561 7 0.99979526 96.44298 534.86816 291.24988 997.5281 7 0.9987717 532.3963 58.160614 727.19525 314.13547 7 0.9126031 111.54051 551.62445 172.08086 597.9744 7 0.82873684 518.36743 269.97723 631.5819 349.12903 7 0.15675244 568.2543 323.54703 604.50635 348.55472 7 0.07285355 570.1453 277.29102 630.3448 349.3106 7 0.07037613 639.8546 123.09555 661.22864 153.69589 7 0.06230262 542.6808 238.97415 692.4264 733.395 7 0.057309777 553.82513 285.2647 631.56744 686.133 ,test/3244.jpg
0 0.16652171 300.28436 159.81732 352.28723 218.44284 0 0.10229377 351.17627 808.7512 747.4618 1005.8285 0 0.07677608 355.63733 181.02455 397.3935 213.51512 0 0.06981962 336.6015 869.7774 632.8948 1013.35614 0 0.06255276 302.4009 146.85014 372.58804 205.89656 0 0.051183052 305.05368 194.43382 351.25278 216.50734 1 0.6858406 22.055405 69.09673 419.60852 293.05682 1 0.17490111 300.24213 158.29858 350.96826 218.76358 1 0.16047622 305.1788 194.00812 350.99997 218.07788 1 0.08413197 216.90244 49.190582 277.81686 169.15405 1 0.06653329 202.80713 60.184685 363.78192 171.49008 1 0.06176075 99.08339 142.25307 375.27612 268.5169 1 0.057978034 301.81223 160.65211 335.34622 204.39528 1 0.05504636 300.55582 161.90288 319.652 212.72844 2 0.1444374 355.63733 181.02455 397.3935 213.51512 5 0.10171589 321.83926 21.978241 986.8994 726.0167 7 0.99969673 138.75827 494.20486 767.41406 1003.7073 7 0.36362186 126.87531 0.7856369 270.14822 172.4953 7 0.1330027 351.17627 808.7512 747.4618 1005.8285 7 0.11325694 41.017258 3.3781204 344.46887 171.67874 ,test/3245.jpg
0 0.34503683 674.1199 706.65216 719.76514 747.29706 0 0.3189826 423.73303 499.57928 616.1256 755.6967 0 0.2714409 260.96555 359.42654 321.90567 427.4127 1 0.9949837 103.822586 168.92566 604.9429 837.93506 1 0.2432748 422.94867 502.50748 618.0694 756.4324 1 0.20201474 674.1199 706.65216 719.76514 747.29706 5 0.15923776 581.9099 121.857056 971.9298 715.1221 5 0.06131521 673.2277 704.495 717.32184 769.5065 7 0.743378 423.99924 496.9062 616.77405 755.3337 7 0.066074416 561.9115 492.14325 608.00684 592.0374 ,test/3246.jpg
0 0.9990866 289.5143 140.50183 741.25525 738.05774 0 0.97490954 396.35938 102.26401 636.9093 401.60187 ,test/3247.jpg
0 0.116927445 283.0964 181.93668 926.3231 803.5758 0 0.09205928 41.96161 20.87967 371.60742 772.51355 0 0.0650129 109.94104 21.414581 633.4083 646.87195 5 0.22405384 649.648 312.115 777.3555 483.18286 5 0.06276236 338.80182 377.023 506.61145 543.84045 6 0.91842425 258.93753 465.44748 361.52872 713.3887 6 0.690122 363.5957 511.5663 604.35236 805.3667 6 0.637449 650.5273 312.56165 777.40546 483.20502 6 0.54589003 229.64743 463.80615 390.5991 801.0126 6 0.4919224 316.75516 191.2857 920.4779 795.1319 6 0.42696992 292.56784 463.92966 395.36472 733.2269 6 0.3163057 351.15332 348.24203 734.072 806.65454 6 0.28580666 337.19678 368.45715 538.565 549.6302 6 0.27916062 250.7775 633.85205 355.33365 722.3595 6 0.2774262 441.62537 159.44623 733.43884 397.51318 6 0.27319616 359.69904 519.7442 541.41986 716.0356 6 0.2500064 98.26372 0.527091 178.10063 28.430698 6 0.2472196 450.74597 217.4078 663.944 380.24954 6 0.24566822 280.4346 473.6151 518.1679 730.1334 6 0.23445572 457.86215 538.15845 614.1765 726.3335 6 0.18830933 262.07257 16.658508 618.48706 511.84662 6 0.16933371 16.701172 2.3739014 936.62494 813.6668 6 0.13192905 203.07623 105.7162 368.6906 242.87016 6 0.1230675 338.25653 389.8608 428.35413 533.0728 6 0.107215494 69.61153 14.262146 370.30585 778.16895 6 0.10310766 270.01712 0.0 604.2626 151.17422 6 0.07521925 154.10274 260.07657 602.57886 786.57874 6 0.0726957 301.02374 432.56506 438.14227 797.60144 6 0.072642885 250.90091 575.04474 381.25595 733.3658 6 0.07154775 435.95273 344.60858 665.43005 456.63452 6 0.069563195 619.5374 188.27896 922.5101 495.62485 6 0.069351085 142.66936 92.04738 491.9522 486.4843 6 0.067054875 374.78876 179.3134 673.6634 529.3609 6 0.065359086 290.27643 103.59128 674.66986 392.36017 6 0.0610289 113.1532 37.258682 895.84393 496.48676 6 0.057021957 449.21796 519.2683 543.23193 749.2306 6 0.055399805 403.03357 148.61646 860.3302 508.3003 6 0.055399135 307.52426 639.4491 363.3475 695.72156 6 0.054035157 356.72986 498.14252 474.20795 560.04156 6 0.052617017 235.4248 615.2813 395.30884 778.23016 6 0.05222455 428.2116 417.2312 576.77747 551.2525 7 0.8476615 7.7853394 8.469055 630.1391 745.04474 7 0.60849303 243.52325 176.34628 924.95197 809.61646 7 0.4584893 134.75743 0.0 255.63542 67.262024 7 0.3033865 245.82726 1.4199219 611.5718 489.54648 7 0.13260305 57.936005 11.881805 366.7857 766.9773 7 0.12154025 362.40903 150.4818 925.574 514.1456 7 0.09835115 610.33453 184.0473 920.13226 494.84753 7 0.09016561 113.1532 37.258682 895.84393 496.48676 7 0.062296 205.44974 0.3232193 609.4951 168.03061 ,test/3248.jpg
0 0.963472 251.24123 455.68652 319.61664 567.68634 0 0.9430194 0.0 430.02136 308.48578 565.25464 0 0.55066276 0.6004181 421.2689 116.83716 549.9319 0 0.25263122 547.1 457.58707 631.6919 485.1108 0 0.122932315 686.0575 727.5622 820.67163 877.014 0 0.05400226 583.44977 548.72565 806.3024 751.6574 1 0.15881816 0.0 425.90247 282.6844 565.5625 1 0.15438084 583.44977 548.72565 806.3024 751.6574 1 0.14752506 1.4010773 419.8948 118.7653 553.8999 2 0.96283674 583.32385 548.6649 805.99084 751.51074 7 0.98881614 685.1433 727.27814 820.70935 877.00385 7 0.056593668 582.86676 548.7936 805.6479 751.18506 ,test/3249.jpg
3 0.17151919 191.95358 84.263336 910.8965 1015.3241 4 0.3059219 193.67029 84.98111 906.813 1015.7407 5 0.83386683 193.57825 84.95581 908.5773 1015.2212 5 0.38949576 229.20041 80.58661 873.3285 371.15683 5 0.06265005 220.03952 279.28824 870.6196 533.75977 ,test/3250.jpg
0 0.19990149 67.448395 391.72214 931.36096 754.5012 1 0.9108964 73.9754 376.20203 939.0245 756.5143 ,test/3251.jpg
0 0.70740557 313.26257 361.31406 709.67737 620.178 0 0.5664071 307.10678 358.5315 539.6243 547.35596 0 0.3591096 687.038 46.586975 1018.30927 839.5799 0 0.16599913 302.2877 175.98003 856.8651 662.1136 0 0.12851393 259.37396 34.908203 1024.0 835.23553 0 0.05626552 607.9828 13.625397 896.42114 814.1013 7 0.24610773 317.1126 361.81494 708.294 621.5975 7 0.09083162 302.2877 175.98003 856.8651 662.1136 ,test/3252.jpg
0 0.20939516 98.91023 346.82236 447.53394 752.0155 0 0.10843925 328.3056 433.99777 410.3896 525.3396 0 0.08936396 346.40906 414.2155 781.9597 711.5197 1 0.94980335 98.157 347.1153 449.15106 749.5245 1 0.93334687 343.76447 423.094 782.41046 710.9498 1 0.32897818 104.97415 348.30243 778.77344 758.41986 1 0.05625238 328.3056 433.99777 410.3896 525.3396 ,test/3253.jpg
0 0.9027881 685.32947 242.35593 879.708 321.64145 0 0.84784514 445.34525 256.8513 564.9736 358.19992 0 0.78727317 520.60406 2.770462 1012.6839 421.89954 0 0.3238013 565.1128 233.45154 881.45703 395.1192 0 0.20038907 541.8626 270.83536 783.419 427.49118 0 0.14281906 709.1973 368.73648 792.123 417.15146 0 0.11898528 421.71637 245.82648 834.0424 450.22424 0 0.09619523 611.86646 277.2271 765.44824 378.0266 0 0.06926874 456.2757 261.14856 707.4526 358.96405 0 0.06792804 680.9043 248.10838 837.81726 369.67026 0 0.06446397 525.3185 175.32753 888.8959 350.37097 1 0.98568374 194.1834 39.030296 592.90924 268.50867 1 0.30423072 207.3407 42.658028 470.16693 215.47702 1 0.20413917 179.71426 89.029686 290.82452 159.64996 1 0.1364954 229.0677 92.49215 289.14136 156.87689 1 0.11880371 444.3633 258.9989 568.75146 367.18494 1 0.110693425 281.11017 115.68302 595.104 257.7404 1 0.102180555 170.92744 54.81009 614.44135 467.59042 1 0.100801766 379.1737 135.55476 481.96014 226.18394 1 0.080893405 424.1425 266.8224 654.819 518.6262 1 0.07546575 175.72986 85.51601 240.14954 149.89563 1 0.06814052 230.57649 110.726456 270.06488 154.6162 1 0.06366778 278.12027 7.2764435 995.99854 311.17938 1 0.056611672 72.1243 62.521893 216.20908 132.22443 2 0.9722425 178.46123 89.19053 222.46379 130.26851 2 0.3140516 436.9467 378.80542 653.34 514.61145 3 0.07116357 424.99747 267.55444 653.8761 517.64197 5 0.9997173 425.25342 826.5343 681.51733 971.4541 5 0.9780231 76.28561 62.51091 192.96335 126.408005 5 0.87066805 547.319 283.22992 767.83435 431.5075 5 0.6781186 435.68356 374.35095 651.69434 515.4211 5 0.4843117 427.998 268.25458 766.825 516.7345 5 0.2707699 231.61218 93.28496 291.94293 154.47284 5 0.18836454 260.10056 93.81576 291.58755 147.72409 5 0.09255162 322.33533 237.05026 773.27026 440.15652 5 0.065933555 428.72238 360.74207 576.06256 454.9549 5 0.062332254 549.93945 234.39551 870.28784 427.23096 5 0.054709602 713.9051 368.16815 791.78815 417.83392 5 0.05032212 611.86646 277.2271 765.44824 378.0266 7 0.09800721 611.86646 277.2271 765.44824 378.0266 7 0.054209027 546.145 276.7108 772.5957 430.95572 ,test/3254.jpg
0 0.5813406 257.11276 5.1686525 457.5248 30.424595 0 0.16645001 0.0 696.07855 51.350883 777.58636 0 0.057109084 303.97736 475.867 380.88672 640.82074 1 0.9676325 200.23706 293.26404 693.02094 651.745 1 0.2107744 101.93381 0.11789894 177.80548 21.800877 7 0.6093692 0.0 695.82336 51.521744 777.3773 7 0.05047414 1.8754272 766.01953 49.676357 817.9944 ,test/3255.jpg
0 0.57172024 21.382294 217.00015 464.42667 342.03525 1 0.61771846 30.147995 215.7737 449.90387 340.92923 2 0.16406955 31.849777 215.52246 449.77844 340.77832 3 0.9963995 479.6072 601.0325 758.0176 786.8362 7 0.12839012 18.716736 216.9641 464.16907 342.0245 ,test/3256.jpg
0 0.5008788 318.24524 580.8281 643.94794 779.97156 0 0.13404804 163.38953 567.02203 319.94153 598.4466 0 0.07868653 447.28082 678.9825 568.5571 781.7491 0 0.07558324 324.18314 461.6046 686.4614 753.92664 0 0.051567588 360.22833 663.8101 642.0845 775.6186 1 0.29253343 350.83398 633.438 642.9752 782.44104 1 0.059126776 322.35437 463.62515 686.77576 785.26953 2 0.9990226 159.06013 396.6893 440.25922 604.4041 2 0.8905326 323.78302 461.51053 686.19446 759.708 2 0.06175985 314.80453 579.92065 644.693 780.6692 5 0.09391827 325.24536 463.15024 687.0109 738.0482 ,test/3257.jpg
0 0.99594057 709.3953 348.41306 764.6314 417.29 0 0.92359376 333.19604 786.7429 364.6537 826.4614 0 0.8880029 416.22025 612.04004 467.02798 746.2864 0 0.23030338 0.5475807 577.34576 73.84656 612.9478 0 0.13278243 647.6946 0.0 840.09753 151.38654 0 0.09090339 484.24664 601.63367 623.02045 648.42224 0 0.051582433 353.41223 525.3045 759.85974 823.19366 1 0.36685786 647.88684 0.0 741.6477 148.09357 1 0.3121442 649.3523 0.0 829.0542 152.28624 6 0.9982463 391.90222 265.5691 816.3445 672.92694 6 0.97270906 246.51021 828.1153 687.8308 1024.0 6 0.9263093 341.48956 489.68365 800.5822 828.11456 6 0.37621975 752.3367 423.62384 818.7964 550.0108 6 0.30953687 355.17407 510.32053 692.73584 669.0564 6 0.24486987 708.00726 308.95386 824.1241 417.08612 6 0.1854441 413.44196 600.36005 644.8089 752.5605 6 0.12535936 794.29956 289.59857 820.5593 427.964 6 0.12167799 350.74252 488.78656 475.96518 738.3438 6 0.08568314 618.98956 440.69537 810.894 718.179 6 0.08505135 423.04083 575.4888 655.8067 662.2468 6 0.08205485 432.76068 454.50223 809.37006 672.1086 6 0.055695046 734.2528 295.4306 818.12134 545.6564 6 0.055206273 401.55963 570.8326 703.0932 830.73285 6 0.05287648 484.24664 601.63367 623.02045 648.42224 7 0.997104 657.33466 30.861908 848.64374 294.374 7 0.28448653 647.6946 0.0 840.09753 151.38654 7 0.08226723 704.83234 39.211876 792.51447 122.48493 ,test/3258.jpg
0 0.9591863 0.0 452.51654 308.47144 934.1608 0 0.65933293 594.1221 371.21692 658.2715 394.26825 0 0.2760587 160.85345 831.27094 297.86725 908.7774 0 0.16385259 593.2567 367.29697 658.79663 422.295 0 0.12737736 208.31956 485.68857 267.6543 518.0608 0 0.081352085 801.6805 426.25397 847.54803 446.61475 0 0.060759258 0.0 455.02505 93.72946 506.1968 0 0.057372887 3.071434 421.69308 72.2404 464.94962 0 0.054023907 490.69537 770.21454 562.4782 785.4931 0 0.05061613 951.29224 589.6924 1024.0 719.1797 1 0.99442875 267.79718 492.79236 1000.62946 970.1161 1 0.9515942 484.3896 359.8125 555.20844 425.19257 1 0.95049113 351.97522 420.2956 916.70337 604.5728 1 0.92400825 73.41277 441.1315 187.58398 492.17075 1 0.6078087 337.39044 508.68723 388.5802 608.9666 1 0.5733727 323.2372 569.01355 1020.53503 812.824 1 0.5225694 0.0 459.44257 358.86517 928.3066 1 0.44450566 34.64691 462.0898 385.041 604.0841 1 0.4186199 299.21228 438.83063 985.8563 759.3261 1 0.3288472 998.6906 669.3981 1023.4089 706.6826 1 0.31714633 201.31506 445.2996 385.0656 607.5222 1 0.31289896 856.6735 516.8415 1024.0 577.2586 1 0.30313227 743.30304 425.70706 847.1053 447.8691 1 0.30199376 52.190865 441.77267 181.78702 470.36642 1 0.27399918 476.84146 359.24695 651.7009 424.68402 1 0.21191815 862.84503 507.9615 1024.0 730.2089 1 0.20954654 160.85345 831.27094 297.86725 908.7774 1 0.20646633 205.01788 446.68286 339.39758 531.7215 1 0.18799509 162.29947 486.5248 222.58853 509.4686 1 0.17966115 286.1185 499.84705 389.32962 611.5635 1 0.17341396 701.1907 424.65384 852.24634 456.0422 1 0.1685786 0.0 350.8641 31.479721 413.97348 1 0.16116497 103.60698 480.81677 181.25362 497.56604 1 0.16007926 0.0 458.60938 104.93384 477.67767 1 0.15303251 555.87286 758.56665 700.43646 793.4116 1 0.13717668 378.17603 311.26053 481.94867 423.11362 1 0.12528776 11.641846 438.16425 337.90677 531.68774 1 0.11769478 91.896736 479.8598 222.74313 508.75964 1 0.11484338 2.0912094 421.65265 72.885735 467.55005 1 0.113290384 27.427307 483.83762 392.1607 706.77246 1 0.098104134 169.14665 484.04492 272.87225 517.5046 1 0.096999265 127.47165 465.11804 399.15817 820.5482 1 0.09615181 100.584946 469.6033 185.27147 492.4012 1 0.09544525 427.1943 345.25995 483.43753 424.4087 1 0.09469587 457.9953 362.86752 671.6899 462.05295 1 0.09293623 12.216026 446.9015 193.51279 506.9577 1 0.07926129 802.2133 426.18472 847.5959 446.37766 1 0.07808812 989.42395 659.1555 1023.09265 715.2278 1 0.07602084 89.638016 455.8902 203.94548 483.43707 1 0.075433694 76.611145 479.2154 176.32007 492.10022 1 0.064301476 1.2009735 428.6921 182.35724 485.01913 1 0.06345472 445.3116 400.03906 483.99997 422.67303 1 0.062351078 468.93588 271.00223 502.16415 321.17056 1 0.057776965 10.281129 344.45593 31.23309 401.214 1 0.05774992 28.727577 465.64062 98.90432 479.46655 1 0.057609305 590.2283 369.4093 659.5382 422.14587 1 0.057142653 389.4571 401.96548 672.1015 460.6866 1 0.056550056 951.29224 589.6924 1024.0 719.1797 1 0.05307919 56.817284 441.7132 156.52133 459.00922 1 0.052766573 333.08356 362.2276 916.80756 535.8953 5 0.05928743 593.4717 368.7052 659.9088 397.0788 7 0.48354304 208.31956 485.68857 267.6543 518.0608 7 0.098825164 593.4717 368.7052 659.9088 397.0788 ,test/3259.jpg
1 0.99961805 315.92932 169.35384 733.9536 655.0972 ,test/3260.jpg
0 0.63009155 498.00748 1.1107025 655.03436 100.49502 0 0.56373733 71.02448 817.896 194.64462 1024.0 0 0.36596158 207.15964 472.16824 359.0601 577.04535 0 0.16432935 0.0 742.6493 32.489204 941.24133 0 0.13437621 0.6192093 0.0 239.08429 206.52766 0 0.08966482 20.061825 212.65396 56.701923 242.436 0 0.07534248 80.29008 56.028305 228.86542 209.94707 0 0.07311939 154.47914 745.82153 270.5733 834.2051 0 0.0721239 73.98546 199.79744 103.42514 231.07234 0 0.063868634 0.0 928.42694 20.209198 962.6899 0 0.061735235 236.96458 459.02283 359.21945 692.16235 0 0.057464436 0.0 136.29237 111.97696 214.88768 0 0.056736447 12.449135 747.17334 171.99661 1019.60864 0 0.056555312 98.43875 2.6178894 255.73715 151.24554 0 0.055520993 200.74748 705.8452 252.3987 748.0132 0 0.053179532 254.23866 712.5906 376.55154 803.349 1 0.81926495 0.0 978.3243 52.042168 1022.11163 1 0.8082014 0.0 742.2619 32.633877 933.18976 1 0.64680946 573.625 466.4942 818.34143 914.3195 1 0.074998036 599.8047 751.99176 826.4795 918.5157 2 0.99824214 44.1198 749.16345 163.59618 873.6929 2 0.9777099 158.62315 745.0278 270.0014 835.34125 2 0.8694356 124.74562 580.85767 243.65419 696.8734 2 0.81274796 232.39258 560.4646 356.79767 685.3003 2 0.64282435 575.31433 468.46423 814.3628 899.85864 2 0.41007528 41.40257 821.2019 163.57161 875.65845 2 0.101326145 237.5213 608.7443 354.3858 670.2746 5 0.992661 405.94888 575.598 568.416 674.84973 5 0.6115406 124.64288 580.8523 244.54184 697.4404 5 0.5793194 237.68576 604.96796 356.66013 686.4754 5 0.53543085 244.79855 702.00745 406.86172 829.8701 5 0.45551303 499.3647 1.4006233 654.8486 101.040115 5 0.418742 71.52491 818.23486 193.42499 1024.0 5 0.38828295 201.3735 472.95712 360.71738 574.9943 5 0.28883588 194.33328 704.88184 258.1109 748.9115 5 0.1844399 235.65933 526.4887 358.03024 687.76886 5 0.11772527 155.51355 744.723 270.4162 833.74243 5 0.09480841 43.38964 574.9282 288.58548 696.3064 5 0.08438653 162.95126 702.065 272.6434 766.0948 5 0.058651198 560.69617 603.9617 591.121 657.84033 5 0.051190846 0.0 742.0815 31.949596 932.4251 5 0.051019266 0.0 594.78 166.0269 704.5023 5 0.050627507 403.8302 574.8353 488.91394 662.8573 6 0.952523 9.105743 0.0 399.93707 314.29434 6 0.8643546 3.0520096 0.0 185.06964 199.18268 6 0.17333269 100.08904 2.7233963 256.51263 114.3587 6 0.15599121 0.31822968 129.20189 112.73426 221.78996 6 0.12906188 96.77124 28.937027 210.83887 197.85141 6 0.08373096 213.63376 0.0 402.6591 234.21603 7 0.9900922 0.0 221.65657 351.30554 634.6955 7 0.7144964 245.80684 702.0487 406.91608 830.4376 7 0.09070465 0.0 742.5972 31.973455 939.77203 7 0.057944022 506.08963 0.0 651.88837 99.97258 7 0.057695672 25.559998 458.1495 359.92056 683.4474 7 0.05259489 559.36084 603.4959 615.0709 679.27094 ,test/3261.jpg
0 0.99983764 40.36908 277.421 970.21765 741.4343 ,test/3262.jpg
0 0.057193276 31.367325 499.12405 542.478 666.5113 1 0.99441767 14.114166 506.99457 557.21387 886.85065 1 0.9806269 46.321762 338.49973 531.74445 640.33655 1 0.27186403 500.82004 519.42993 550.21027 548.2787 1 0.14081468 31.367325 499.12405 542.478 666.5113 1 0.05635988 180.06691 426.39935 544.5204 625.26337 7 0.66823286 0.0 734.2054 44.914932 873.8764 7 0.38811824 0.16966724 732.1689 22.469109 871.8105 ,test/3263.jpg
3 0.9995271 345.70117 391.12564 704.0309 645.71606 ,test/3264.jpg
0 0.12089018 814.64404 102.816315 946.59106 144.4169 7 0.9998468 240.97417 124.40764 575.02985 408.66388 7 0.9994517 380.03375 550.2212 859.3426 930.58374 7 0.9993248 116.09172 349.16418 597.30255 681.63025 7 0.9955569 614.34424 215.57855 914.6935 439.8191 7 0.9252293 68.631836 304.1815 194.5358 441.76523 7 0.16546974 124.83305 349.0017 446.38495 579.2544 7 0.08316699 618.1974 223.44768 725.75977 390.41296 7 0.05634514 105.166626 368.31943 859.3266 929.6771 ,test/3265.jpg
1 0.7247185 0.044548035 204.75446 200.27563 606.4167 1 0.22021087 1.4966278 383.83133 181.48605 593.78326 1 0.06782142 2.9937057 417.36554 165.35892 749.50116 5 0.46296328 175.36221 345.46863 892.70447 829.4331 5 0.07426052 0.07144928 205.23602 197.70062 612.3581 ,test/3266.jpg
0 0.10335222 293.32727 177.71487 831.97485 932.8203 1 0.55496126 291.658 180.25284 832.25146 935.4745 2 0.72584677 295.91876 178.87894 833.5356 927.85254 2 0.18986061 363.50323 173.6887 493.3247 221.69966 5 0.99948525 176.27954 542.2718 298.27295 632.1352 5 0.44081226 363.41086 173.68358 492.1088 221.72081 5 0.08530592 292.51706 179.99527 834.1455 932.2645 7 0.17110534 292.51706 179.99527 834.1455 932.2645 ,test/3267.jpg
0 0.8268682 561.1617 373.23444 965.5589 686.0506 0 0.72471136 49.466064 351.06738 962.157 850.3511 0 0.5773128 324.53412 505.74216 887.7248 749.5706 0 0.19135515 89.02966 7.875641 1011.7638 496.4641 0 0.06996177 148.07661 316.9578 650.33984 479.2939 4 0.9040909 148.2013 318.2317 659.42065 478.9901 8 0.11674735 150.60492 320.06686 689.8012 478.4951 ,test/3268.jpg
0 0.069563106 17.887024 538.6847 536.104 997.5077 0 0.052430134 13.06694 542.2159 270.99805 725.3354 3 0.060520507 458.7256 127.0141 843.7582 678.4033 5 0.9979487 455.07483 64.694885 851.76135 985.3101 5 0.19318445 568.98047 72.61203 748.59924 179.00919 7 0.41574565 14.320618 529.98267 538.3289 986.16455 7 0.11468296 23.672272 429.66852 293.28326 612.4013 7 0.0713077 13.06694 542.2159 270.99805 725.3354 7 0.0513989 145.67972 440.9603 282.2728 525.96265 ,test/3269.jpg
0 0.92439973 139.67296 27.790802 223.37407 178.27284 0 0.12759748 453.27057 578.64105 524.3195 606.47626 4 0.99944526 358.2567 320.67096 563.555 584.8364 ,test/3270.jpg
0 0.99910164 341.77838 421.075 562.72485 559.3389 ,test/3271.jpg
0 0.29677668 26.880096 424.20578 343.91806 962.93286 0 0.07388075 415.65735 263.89203 468.12488 343.18488 0 0.07026941 953.58356 433.51236 1014.6899 511.15164 0 0.05422334 346.20718 423.7296 476.9498 589.5911 1 0.77281433 27.126694 423.25336 344.45612 963.2624 1 0.068148 434.6255 652.44916 760.68164 858.66656 2 0.31776205 345.29138 423.65823 477.33783 589.86456 2 0.06266495 434.5698 652.72894 764.2982 857.3234 3 0.79469573 346.1338 423.357 476.9054 589.0871 5 0.9650437 460.28775 0.0 989.3843 756.56433 5 0.9314801 436.0796 652.73456 757.6084 859.4792 5 0.77816045 452.82526 251.64711 867.1055 735.4743 5 0.64996034 415.58322 263.74515 468.1636 343.14737 5 0.19852549 345.93436 423.24152 477.28793 589.7599 5 0.093735225 26.983139 423.53403 343.7472 963.0929 5 0.081514046 569.7192 151.87909 991.4731 518.4009 5 0.07934308 246.65236 221.16333 368.34198 381.8319 6 0.9753032 246.75688 217.36232 366.49753 382.36243 7 0.43252835 433.92426 651.7283 760.31305 857.45435 7 0.068766035 597.3888 2.7609863 987.53906 560.52905 ,test/3272.jpg
0 0.29370865 353.59283 382.9464 663.62006 681.7903 1 0.83055806 353.5293 382.95703 663.52496 682.0709 ,test/3273.jpg
0 0.74768114 312.56775 404.98376 764.224 840.7648 0 0.35246828 593.35974 433.9233 739.0161 564.37714 0 0.21506558 296.40997 189.71277 838.3005 966.88135 0 0.17916715 563.20996 384.4894 801.6919 573.44275 0 0.13875869 430.81815 347.91602 558.0811 564.0275 0 0.111752145 290.41284 404.33698 533.6595 617.6293 0 0.10110358 415.1488 100.49472 852.43115 574.5155 0 0.08313008 425.21912 88.75088 633.58276 233.44037 1 0.8800588 419.36746 110.66576 837.51746 550.7508 1 0.30470815 304.73108 386.4638 825.7916 962.3355 1 0.196658 430.81815 347.91602 558.0811 564.0275 1 0.09848769 594.0269 437.21704 736.9351 563.71893 1 0.092837885 425.66302 88.14536 632.52423 233.33243 2 0.9982982 145.5859 81.47821 432.8616 467.14838 2 0.05460088 404.7255 109.28998 840.8805 550.88715 5 0.45115298 401.6142 0.0 742.1983 138.65053 5 0.06061592 602.84344 397.5303 837.44354 1021.47754 5 0.054570615 427.9845 74.51569 649.526 233.58118 6 0.46979034 413.87146 105.73128 834.34143 574.12616 6 0.32966998 595.9651 435.6971 736.80286 563.50555 6 0.16519356 144.88963 83.02498 433.79834 466.50494 6 0.09098659 577.4761 391.43536 801.16504 571.5161 7 0.10424671 307.75476 412.71793 749.2145 844.9874 7 0.100501485 650.78876 930.9192 771.8133 1023.22546 ,test/3274.jpg
0 0.99784446 301.42303 308.6898 644.625 732.2855 0 0.67563117 478.06726 297.3331 647.7953 510.28122 0 0.08532384 474.1339 356.89792 589.6008 500.36728 0 0.05001894 534.28687 312.953 639.551 460.26282 1 0.059948333 478.06726 297.3331 647.7953 510.28122 ,test/3275.jpg
0 0.111252144 636.3761 499.3965 697.09827 572.6362 0 0.09790935 629.55054 447.0914 678.8507 472.56363 1 0.99536693 152.38138 215.2641 526.98694 633.97955 1 0.9855289 584.89496 51.44873 847.3958 373.20734 1 0.9835618 285.24988 652.38727 533.41846 886.62775 1 0.96008134 501.7072 378.07184 875.6058 616.83044 1 0.93447155 146.96388 378.8727 448.50024 632.2465 1 0.9052046 539.50085 298.9442 866.62634 504.12994 1 0.90365064 180.71826 401.7213 260.61676 451.63416 1 0.8800059 171.30591 156.64862 318.69067 267.67905 1 0.84424114 275.67184 71.04605 408.9883 195.17618 1 0.79220986 481.64417 362.18 875.1526 883.26044 1 0.62939954 522.45197 504.11566 778.5732 903.6291 1 0.4040051 170.82808 123.0491 440.37164 331.6127 1 0.38051704 170.1471 447.0637 352.9909 549.1516 1 0.3792841 184.90411 400.7806 234.11185 442.1559 1 0.30273876 565.4186 570.01105 667.9197 619.3173 1 0.24803983 342.92752 699.2745 497.507 829.2774 1 0.23822856 620.5639 583.99445 672.6954 623.29486 1 0.21457964 156.04205 372.30066 362.32727 554.5282 1 0.21207115 569.54535 569.3394 606.9434 615.70905 1 0.21194693 347.2037 710.18475 414.08658 792.07635 1 0.20312451 592.5405 577.7323 639.4137 617.6461 1 0.19163013 454.66696 457.312 543.9934 637.6813 1 0.15537074 540.08746 564.1102 727.5059 625.8163 1 0.1461304 469.3329 257.90417 573.7783 423.71576 1 0.13559195 276.97397 161.50171 323.01926 204.79456 1 0.12562431 629.55054 447.0914 678.8507 472.56363 1 0.1154062 162.98524 360.4708 527.89233 894.511 1 0.11103073 479.04102 683.8173 530.79443 890.3239 1 0.10540662 256.05325 635.55774 386.83023 868.5084 1 0.10315232 608.9876 349.97894 785.37396 495.63104 1 0.100984596 556.96277 308.36298 712.9104 452.99817 1 0.095863916 526.0132 433.2749 761.2207 623.19617 1 0.09178251 550.3498 561.95026 615.9256 616.7249 1 0.087428786 589.5616 580.8982 703.7236 623.4619 1 0.08653511 176.7078 423.48016 251.34412 450.62103 1 0.07875715 180.32942 367.89902 240.33333 447.08005 1 0.07609797 600.2286 580.3629 666.1678 613.77686 1 0.07377463 467.69452 76.03769 880.69196 618.98315 1 0.065287136 590.80817 570.8873 611.57684 615.98486 1 0.06336955 462.2222 272.47412 613.6403 628.4061 1 0.05707633 571.55145 526.2499 747.3648 620.73755 1 0.053839725 178.70157 205.31036 443.58145 367.73004 1 0.05345552 266.1018 72.32803 429.64142 280.58508 5 0.47314647 189.5206 614.0363 376.95853 875.1646 5 0.09474761 547.0987 279.73132 585.2247 309.92676 5 0.06700934 181.99467 631.71326 533.27325 891.3849 7 0.14945853 547.0987 279.73132 585.2247 309.92676 ,test/3276.jpg
0 0.6360727 664.17053 7.34367 728.23865 87.93997 0 0.5971918 659.5 6.563942 785.72485 90.862854 0 0.29304597 703.9665 7.86166 781.9111 73.32066 0 0.052344877 521.57446 145.67767 614.6216 203.3945 1 0.97014743 595.5798 0.0 931.6608 291.22528 1 0.27968884 664.7158 4.4034157 920.7667 100.03337 1 0.25973505 659.7469 5.4501038 785.60675 91.80138 1 0.1580644 915.8458 0.8872299 1005.9619 152.60522 1 0.12969136 664.8728 7.6732063 727.50854 88.51274 1 0.07248569 704.6182 8.026005 781.6032 73.30623 1 0.058149874 784.43854 1.6573029 914.3366 35.962376 1 0.05623293 916.6972 0.0 966.44745 44.94899 3 0.2097194 514.1774 0.0 612.83514 132.91766 4 0.26700056 488.3614 101.69885 526.1668 131.20575 5 0.9888892 756.7523 5.704342 859.22485 114.04767 5 0.72039163 512.3234 0.0 616.67926 131.6586 5 0.7056029 471.20233 31.083275 524.8451 132.91885 5 0.08357367 497.18427 2.8406448 869.7692 136.86826 5 0.051505126 664.7158 4.4034157 920.7667 100.03337 7 0.99980456 184.55139 1.8444214 802.09436 894.0544 7 0.44750968 664.4697 7.437599 728.3683 87.92966 7 0.28661108 499.69232 118.79977 617.8449 204.52786 7 0.20142984 659.8338 7.1161804 785.7121 92.2429 7 0.09601576 534.7481 146.18932 614.0478 203.49007 7 0.09273078 413.92804 1.4791107 939.0275 299.75043 7 0.06880265 355.8103 163.31017 742.8097 660.55023 7 0.060773272 489.81122 118.81393 687.8027 224.56699 ,test/3277.jpg
0 0.8261103 712.352 556.9408 840.0031 646.7683 0 0.68699944 253.8492 602.1601 622.3417 847.0224 5 0.9964882 373.37308 186.27689 694.5397 421.36514 5 0.38216016 381.2025 0.0 1015.01843 444.0052 6 0.1487622 877.20624 392.83005 1022.81244 551.87604 6 0.11074897 712.2389 556.693 838.24805 645.79553 7 0.40748027 254.16512 601.6937 624.4409 854.35315 ,test/3278.jpg
0 0.90757996 592.89734 552.6909 964.5698 871.5908 0 0.6312177 260.72626 406.5421 426.01154 510.79962 0 0.36459067 503.88184 451.37372 778.4758 736.87714 0 0.3127989 546.3184 432.63275 781.1232 564.054 0 0.22289163 264.24188 461.57214 800.8588 730.27563 0 0.196539 588.805 530.38257 827.4001 748.6804 0 0.064906955 257.97308 637.9768 345.51093 670.7468 1 0.2047674 588.5256 508.26678 965.00665 870.5511 1 0.10345384 199.22607 413.37936 883.23584 821.3926 1 0.074407764 309.07895 402.50836 398.54367 416.01788 1 0.06670265 868.45886 35.22017 947.41016 121.3342 1 0.06516839 500.72687 421.40814 820.2391 590.2384 4 0.31717488 251.33043 420.93344 297.07697 447.9216 4 0.120801225 256.512 414.21124 303.11502 435.54822 5 0.10779619 251.36499 416.534 303.65912 448.66956 5 0.0505831 256.512 414.21124 303.11502 435.54822 6 0.8909183 193.17194 423.3488 793.0121 780.1693 6 0.6443422 149.95752 542.4179 270.88617 689.87823 6 0.46226674 134.7365 506.2647 366.2328 698.3531 6 0.34574217 257.889 579.06775 361.35904 706.0509 6 0.20403542 111.89729 500.69717 296.5573 615.3766 6 0.19525501 190.96722 582.7202 270.51413 692.8849 6 0.19466764 525.13196 432.26712 820.896 593.6843 6 0.19092631 257.22217 510.51816 415.06653 717.0453 6 0.16993591 282.72086 621.9197 674.12024 779.04224 6 0.16104259 237.1119 437.00314 578.5047 741.1404 6 0.1491796 154.64783 544.3593 689.2958 764.71783 6 0.09251938 140.96115 476.03265 551.9486 654.0114 6 0.0758258 382.82083 636.45215 657.5747 736.7363 6 0.064437985 311.49014 492.6166 643.02356 592.9479 7 0.1016039 260.56018 407.23663 428.9201 511.03522 ,test/3279.jpg
0 0.8604572 266.8701 209.86198 761.4641 630.4621 0 0.11687805 98.41478 2.289196 134.33517 104.09665 0 0.05366564 81.794266 0.9588165 125.09305 92.09413 6 0.41879886 271.1703 206.5727 759.2046 627.4089 9 0.1263044 261.7965 208.87003 757.91095 632.3291 ,test/3280.jpg
0 0.08243592 777.3946 413.013 893.6629 537.7861 1 0.078741536 777.3946 413.013 893.6629 537.7861 1 0.0616267 915.5426 322.5654 1020.19226 512.0575 3 0.12348035 979.12787 415.89883 1022.0589 514.4336 3 0.11822802 907.3166 322.65308 1022.10675 474.87433 3 0.06302725 820.318 338.10394 886.12634 433.4508 3 0.05905439 737.83075 329.77704 823.99725 635.47656 3 0.05818177 966.3386 370.9629 1019.8574 668.95825 3 0.057969574 910.0701 323.27435 1017.39716 707.9484 4 0.9950421 135.60278 377.05984 230.11337 780.2561 4 0.9907017 46.95988 384.0335 153.77473 803.51935 4 0.98842084 308.4395 343.09094 389.4154 714.64746 4 0.98454463 386.40533 394.2386 465.6433 716.3461 4 0.9841285 453.7744 363.29932 537.32666 713.0665 4 0.9801722 230.69833 364.75177 316.3264 732.3455 4 0.96667016 532.1815 321.06653 611.2672 749.69214 4 0.95713675 607.83936 331.31955 677.838 705.0895 4 0.9299273 915.97144 367.02747 999.72534 682.3629 4 0.7616759 667.85895 314.37592 747.6192 650.6151 4 0.6088927 878.03784 405.62244 945.83167 714.36084 4 0.50891095 116.31679 384.4272 165.02226 579.49835 4 0.48661777 796.61566 405.29608 892.97455 725.48016 4 0.46761546 674.41174 448.52563 749.37683 711.2545 4 0.38375884 65.4288 414.47653 151.18164 563.0766 4 0.3710046 703.7638 310.3499 752.85486 600.36456 4 0.30381072 605.73303 501.42657 678.98035 688.4222 4 0.23515262 737.83075 329.77704 823.99725 635.47656 4 0.22846544 615.32446 365.9999 643.65686 422.00034 4 0.22695565 50.25482 393.24246 92.408035 567.0355 4 0.19528286 986.49927 487.76276 1023.2838 681.8776 4 0.17707737 576.5723 315.4797 629.57794 599.4457 4 0.17331605 557.8927 324.3438 614.49097 635.7677 4 0.15929559 635.05786 318.9438 719.1411 581.15625 4 0.15749116 129.06158 491.8917 152.40552 552.7522 4 0.15498912 737.2924 342.7829 909.394 715.7801 4 0.1533583 604.6099 326.00165 660.3094 584.5588 4 0.14941067 150.61469 373.641 206.14948 588.1052 4 0.14806347 145.75491 454.39532 161.82849 549.1238 4 0.14656176 535.9874 425.05176 604.68774 668.74426 4 0.14418434 328.89664 371.41556 363.19937 493.80356 4 0.14293647 348.0189 331.09082 414.43033 556.20325 4 0.12425965 966.3386 370.9629 1019.8574 668.95825 4 0.114896424 611.9287 347.27853 651.3623 523.4994 4 0.10944763 968.368 414.58057 1021.90924 517.32336 4 0.1062522 234.11969 528.154 312.4566 725.6806 4 0.10396299 203.36879 387.81195 237.6166 502.18195 4 0.10309423 603.85706 319.5472 755.3644 666.26465 4 0.09775886 136.119 378.06143 179.35597 514.69055 4 0.08990087 613.17737 340.3731 986.9241 719.9659 4 0.08429534 200.08328 373.01776 243.1395 568.0249 4 0.08066332 408.01434 405.72525 437.2859 481.95456 4 0.080082126 315.4566 338.15347 376.51562 574.39526 4 0.079364665 439.99146 382.84485 506.755 562.46783 4 0.079074495 544.49347 386.01486 587.722 631.9952 4 0.07688621 857.9888 322.19098 1015.15 680.0393 4 0.07563036 283.6836 352.87195 317.3216 509.63214 4 0.06529524 218.28488 483.7991 237.74759 555.2664 4 0.06410603 206.34444 496.49234 222.559 556.226 4 0.06351986 750.9602 342.64832 826.4347 514.07367 4 0.06316921 40.834114 383.13486 89.35952 703.2428 4 0.061717007 316.25717 511.09964 383.0319 705.1483 4 0.0608207 889.0294 457.69992 932.09143 590.62256 4 0.06005962 90.10126 432.87714 142.00095 554.06506 4 0.0586942 702.6308 426.6772 744.4589 572.46106 4 0.05744292 925.52765 339.8026 1021.4721 510.85052 4 0.056350168 137.63698 449.57132 170.46547 587.1012 4 0.054401398 901.5856 375.17618 965.13306 595.4173 4 0.05219832 505.66046 321.2406 549.68353 691.5954 5 0.3502574 746.3457 358.28784 895.2202 713.1256 5 0.13592929 910.0701 323.27435 1017.39716 707.9484 5 0.091997534 976.6846 417.60345 1023.0498 514.06696 5 0.08953713 912.99615 325.12225 1021.81964 501.1186 5 0.06836263 777.27344 411.71323 894.22864 539.7036 5 0.06043067 987.33185 499.87054 1023.66437 679.8531 5 0.056954924 966.3386 370.9629 1019.8574 668.95825 5 0.051906757 613.17737 340.3731 986.9241 719.9659 ,test/3281.jpg
0 0.7016538 250.6352 227.3601 791.49115 865.73145 5 0.071086615 247.1416 225.21814 790.7832 861.89294 ,test/3282.jpg
0 0.13927655 450.4332 221.79272 812.0615 703.1998 0 0.121842794 997.4267 193.15651 1024.0 236.75282 0 0.0947253 282.04193 206.1672 880.1951 869.25195 0 0.06625474 321.1176 555.56445 353.9931 609.10693 5 0.7112058 322.11017 556.4197 353.8603 608.84155 6 0.9968773 281.17023 203.16983 881.3698 871.48914 6 0.26808608 451.4999 191.47397 821.84436 697.02246 6 0.11889749 271.52365 532.17834 852.0188 874.2908 6 0.11559672 465.12915 212.58601 883.4232 498.11304 6 0.06162561 706.4072 650.83 852.2739 794.5235 7 0.29825306 322.4361 556.63654 352.48273 608.6624 ,test/3283.jpg
0 0.09299899 177.20874 134.68903 859.57104 906.39276 6 0.19032384 167.17111 111.67035 856.8854 905.0499 9 0.9413058 176.98639 136.26224 859.6695 904.9707 9 0.05799836 191.98224 152.7921 801.50696 545.64813 ,test/3284.jpg
0 0.98162836 407.9145 57.245102 455.58936 313.21924 0 0.62921095 412.48633 466.56335 461.1897 700.0077 0 0.19041394 0.0 521.30347 236.74931 672.2156 1 0.64403623 235.54866 567.12665 713.4287 967.28815 2 0.55598503 231.12128 396.3525 714.47205 979.59155 3 0.14651605 222.12453 338.71356 718.54034 978.4172 3 0.06481833 0.0 522.5132 231.31229 670.22314 5 0.97451484 180.52347 264.72284 738.86975 996.13873 5 0.19992441 167.0122 239.10068 745.1871 478.3923 5 0.101399325 0.0 522.5132 231.31229 670.22314 ,test/3285.jpg
1 0.9968458 279.83823 302.11682 874.8097 805.5034 5 0.053509194 837.8015 430.0871 994.3589 500.1078 ,test/3286.jpg
0 0.88192075 194.07233 668.8456 258.7161 743.06824 0 0.5883205 389.42148 186.97922 850.7417 702.0077 0 0.19645314 196.75453 588.3599 370.7558 741.54706 0 0.08867203 161.49507 569.3536 371.13153 677.033 0 0.06684307 0.0 504.85703 199.99696 723.0103 1 0.14308737 194.10468 668.8699 258.71722 743.1072 7 0.79565734 387.44614 186.51175 850.4617 702.9021 7 0.3616188 0.0 502.3574 184.80211 722.6293 7 0.093183786 8.140915 520.5305 356.9892 721.2999 ,test/3287.jpg
0 0.24930394 729.3572 679.0588 772.08923 773.0041 0 0.22841655 0.0 424.32632 66.49382 696.27856 1 0.9945239 36.244293 282.35468 844.0603 1024.0 1 0.9472603 14.757278 202.51158 399.88385 620.76483 1 0.9223893 319.4591 355.47113 640.3667 647.45496 1 0.86608624 303.16052 237.99187 400.06708 613.4178 1 0.7925526 0.0 774.8732 146.5261 1023.4545 1 0.7739195 0.0 418.66153 65.85925 700.6362 1 0.75110584 379.63953 366.93524 509.76642 588.3395 1 0.54197264 301.52197 349.58594 831.01953 800.78577 1 0.36949253 315.58908 365.85397 431.78445 614.5658 1 0.33771348 29.947144 222.08286 637.45013 807.3877 1 0.21076144 427.12305 342.13837 755.28906 681.63654 1 0.19871095 373.88168 372.41757 442.99893 611.44006 1 0.1625823 361.83453 434.73975 609.3929 588.99445 1 0.15200394 0.0 94.72298 38.948357 423.31122 1 0.14641981 172.35107 252.82541 585.8424 624.15796 1 0.10377139 304.0696 235.82693 349.94656 611.7781 1 0.09910564 729.3572 679.0588 772.08923 773.0041 1 0.09668934 0.0 410.7487 153.19324 1021.84985 1 0.08129007 75.05072 617.94104 764.47925 1021.8622 1 0.07889644 0.0 152.99872 24.634857 388.87036 1 0.07522798 540.182 369.32007 800.333 767.312 1 0.06790985 605.63885 383.32452 726.8997 669.4893 1 0.05968117 305.649 331.62332 330.51697 567.35486 1 0.051481433 386.31827 385.6258 457.9399 539.136 7 0.99050444 1.0606537 0.0 193.66248 161.76851 7 0.9010805 17.848167 114.20751 162.72739 158.64777 ,test/3288.jpg
4 0.083014555 253.6308 387.12592 728.37866 663.5214 5 0.98067987 254.58661 386.9411 722.6769 663.8028 5 0.20261554 885.7972 59.36505 1023.8697 1024.0 ,test/3289.jpg
0 0.30639273 394.51468 264.5245 658.5502 825.0896 9 0.94699854 393.9174 263.75378 659.3783 824.2173 ,test/3290.jpg
1 0.12196313 226.26816 358.66064 738.68225 676.756 2 0.99706525 225.7056 358.59888 738.12 678.38135 ,test/3291.jpg
0 0.059367683 318.84155 323.08392 713.98584 680.28973 2 0.9985557 318.54364 324.02753 713.18805 678.5787 ,test/3292.jpg
0 0.86810887 429.282 588.9029 470.88138 646.2404 0 0.74921644 467.07755 449.29712 829.536 673.2626 0 0.22590183 583.03296 133.18332 721.22754 276.95392 0 0.20687927 443.88535 260.70032 809.39404 684.13947 0 0.15481795 368.859 385.79315 831.2102 902.4012 0 0.11511904 430.40445 586.8184 453.82895 633.9183 0 0.11309588 297.85526 427.83667 360.56094 504.6253 0 0.073223285 549.47406 395.24683 792.8565 745.8834 0 0.06454313 420.15314 585.0215 469.38336 680.676 1 0.9960795 125.10031 26.914215 842.5056 919.2656 1 0.975833 121.951645 344.44495 461.84894 806.6162 1 0.9075452 298.01996 427.4846 360.3216 504.17612 1 0.31270984 379.13776 266.58566 834.9638 913.46484 1 0.23511167 277.77042 34.909943 737.2761 687.5775 1 0.11060697 423.5103 48.28226 482.54767 81.918304 1 0.10545139 429.67514 589.4189 471.134 655.1602 1 0.08825786 440.53714 233.4598 767.0051 693.7366 5 0.10671099 352.8961 83.1492 369.59146 119.22574 7 0.2807907 583.49194 133.48044 722.636 278.49658 7 0.11736511 643.7655 183.60858 712.71265 268.1192 7 0.06984534 430.40445 586.8184 453.82895 633.9183 7 0.056293596 430.12537 588.4955 470.46014 645.63257 7 0.053969253 423.41583 48.226448 482.86182 82.20376 ,test/3293.jpg
0 0.35295916 35.819298 459.18784 251.8082 559.9498 0 0.085965805 900.71375 504.9056 971.5575 545.40857 0 0.064768404 685.1366 475.95526 726.95325 506.8993 1 0.103982784 723.2164 450.2945 861.7692 511.7876 1 0.074314415 900.71375 504.9056 971.5575 545.40857 1 0.06666524 830.35583 488.72177 908.65564 538.19666 1 0.06508032 35.43161 458.70697 251.93652 559.9458 2 0.06123498 830.35583 488.72177 908.65564 538.19666 4 0.05248138 831.9023 488.33865 905.5203 540.90027 5 0.9880782 568.0482 403.27692 692.6345 530.2501 5 0.96989554 687.0795 378.171 821.9389 495.37234 5 0.9635164 678.4129 492.2801 894.154 616.63385 5 0.8058528 535.6525 505.1885 740.1966 636.188 5 0.5678707 489.91174 390.65912 999.5873 722.16315 5 0.54739046 695.5512 420.14426 859.53094 511.15518 5 0.47446084 507.07483 487.7693 905.31506 637.87415 5 0.40070632 696.3663 422.10522 990.56464 580.8666 5 0.3629948 893.9902 544.6165 942.7087 584.36957 5 0.30459827 829.57434 488.4325 907.5703 540.9957 5 0.20157464 497.5475 409.50153 721.93494 642.2901 5 0.17797862 35.073746 459.37408 251.90224 560.3817 5 0.16085155 751.1081 519.7947 889.1098 613.90466 5 0.13638598 711.4008 435.02966 913.59894 536.4027 5 0.10833266 803.8582 487.98425 978.3973 551.55225 5 0.09343431 786.32715 468.7721 926.48694 606.26184 5 0.09189048 759.50854 498.0519 989.296 613.3376 5 0.07097892 574.7782 508.90195 678.25244 527.91797 5 0.059173428 695.03827 440.50858 812.0186 503.76828 5 0.058647852 566.93945 499.6698 681.51965 535.1863 5 0.054119013 680.4246 477.76624 727.1353 507.896 7 0.99753976 0.9364624 376.55536 448.09683 739.6761 7 0.8087322 490.02985 388.18115 1001.9285 724.6261 7 0.32641697 35.43161 458.70697 251.93652 559.9458 7 0.133546 22.26857 374.60834 414.42993 570.5249 7 0.06163735 700.6891 427.093 864.77185 510.25003 7 0.05831109 688.907 400.61523 993.4557 663.31335 ,test/3294.jpg
0 0.979265 853.0882 406.7569 1024.0 1011.6573 0 0.38108358 1003.207 81.086105 1023.4394 172.07092 0 0.16531628 996.258 83.82474 1021.2996 146.15024 0 0.10677601 637.3224 445.46164 756.7195 513.9611 0 0.065222055 489.66345 192.32986 843.61646 576.172 0 0.057132933 995.00275 87.026436 1009.56525 129.53893 1 0.9894164 138.38034 961.57355 257.93036 1024.0 1 0.106946856 528.3403 592.17444 589.4222 635.7394 1 0.055422347 876.4806 401.53998 969.9182 525.6506 1 0.055096626 999.7489 83.2682 1022.303 164.34526 1 0.051627096 996.45764 86.17252 1014.58167 134.04526 5 0.24292986 831.4021 366.45822 897.2012 532.3899 5 0.23994862 489.7566 192.29964 844.1406 581.43475 5 0.2067925 828.3543 374.32626 1019.91095 535.9509 6 0.97744685 490.0407 191.96495 843.1463 577.5699 7 0.99944335 73.923874 472.28717 409.523 874.56915 ,test/3295.jpg
0 0.9996995 316.17886 338.9582 728.9778 552.66455 ,test/3296.jpg
3 0.99845755 401.64597 501.79547 656.40735 838.91766 ,test/3297.jpg
7 0.9985293 273.7626 194.7081 936.3318 763.974 ,test/3298.jpg
0 0.80803657 606.12585 658.1511 660.6638 704.12463 0 0.08716438 419.63928 506.21826 562.6468 565.9227 1 0.3817466 605.86346 658.0942 660.82294 704.2026 5 0.996732 356.42114 0.74614716 729.24023 250.39899 5 0.86881477 221.40924 168.13129 715.8323 584.0187 5 0.09574729 609.4135 26.643692 731.9025 228.64621 5 0.057342846 372.60266 0.0 547.13336 211.35849 5 0.05506268 438.3886 185.60948 695.4113 244.21904 5 0.05238787 380.856 108.32274 711.57825 255.31429 7 0.5272202 218.84348 173.81798 724.2538 583.0882 ,test/3299.jpg
0 0.9999027 338.36038 246.6645 874.8251 720.21027 7 0.13313799 111.61819 281.55304 331.1546 610.89764 ,test/3300.jpg
0 0.09805627 46.849915 144.41025 657.47186 538.07996 1 0.6218564 46.057495 144.70985 656.76697 536.0408 2 0.49866617 49.66983 144.39839 657.3512 537.97565 7 0.11312192 48.913727 143.89507 657.91846 537.87244 ,test/3301.jpg
0 0.15239473 1.7040558 616.6479 63.416122 640.5992 0 0.08977079 3.3624039 289.77808 61.607483 580.94885 0 0.054573905 8.483093 46.207275 998.9077 1024.0 0 0.052743148 18.843231 296.58887 811.66943 639.80554 1 0.49343738 24.624603 301.0147 805.17444 636.8391 1 0.18999101 30.304932 235.72592 979.13293 1024.0 1 0.13400456 3.3624039 289.77808 61.607483 580.94885 1 0.11810267 22.050018 296.5208 722.1011 473.802 1 0.07773494 2.4846191 447.48926 796.21454 609.3207 1 0.061731268 612.17487 380.52747 754.9842 473.5257 3 0.15132238 16.305725 288.38092 896.9719 648.533 3 0.09526691 20.574158 110.65097 965.579 1024.0 4 0.6306616 695.66974 421.11447 1001.68646 682.3445 4 0.079571545 837.1027 442.18045 1002.76105 734.3452 5 0.8653318 21.205383 588.6668 979.8378 1024.0 5 0.40066883 8.483093 46.207275 998.9077 1024.0 5 0.26526752 2.681816 289.7032 61.465485 582.18243 5 0.24009481 16.305725 288.38092 896.9719 648.533 5 0.12418802 695.44183 420.07144 1004.1285 683.338 5 0.08131488 846.9429 443.47482 1016.4215 1024.0 7 0.9380862 11.712463 32.49861 862.54333 403.25952 7 0.30723715 0.29776 42.29126 983.3711 661.03467 7 0.19911781 518.2421 120.14549 992.3863 587.8668 7 0.06465928 20.264557 294.12213 863.0128 639.3196 7 0.054039907 2.842825 289.58212 61.486504 581.4072 7 0.051049918 24.13266 193.87225 980.9564 1024.0 ,test/3302.jpg
0 0.9489781 506.28262 788.94714 612.3799 863.1437 0 0.6405393 472.3629 257.83456 718.4026 356.1622 0 0.49360466 344.34692 257.2598 732.35254 418.1107 0 0.4871926 277.919 507.26385 445.4311 585.4017 0 0.34274432 690.56964 251.96626 800.78143 365.68097 0 0.34083873 342.49173 289.46228 519.20197 430.2177 0 0.31936648 688.896 717.89984 816.22107 815.22003 0 0.2983996 798.824 485.82477 869.96375 533.77905 0 0.27713487 267.3358 696.1236 401.36624 768.28827 0 0.26114467 463.93942 686.93384 492.47092 746.9276 0 0.23287475 354.5581 264.34937 847.824 607.0201 0 0.21122982 692.67847 790.7951 725.5514 827.7751 0 0.20779808 716.79926 254.75934 773.5871 364.63434 0 0.13586418 735.50824 263.386 763.3394 357.35938 0 0.10249017 591.04785 257.32355 714.2599 356.10846 0 0.086474694 396.9338 621.2754 487.33206 679.2864 0 0.05725158 720.9198 641.91016 825.6129 709.40857 0 0.051426906 693.2986 791.5471 794.084 823.76184 1 0.9693849 374.14954 282.81085 842.66943 605.6063 1 0.08074929 341.31708 263.41577 728.7889 417.4558 1 0.07149157 688.896 717.89984 816.22107 815.22003 1 0.06700258 798.42004 486.70502 871.6915 533.879 5 0.12115272 798.6175 485.59766 870.5638 533.8884 5 0.11173007 463.93942 686.93384 492.47092 746.9276 5 0.056221657 267.20084 696.4521 401.48984 768.4312 6 0.053708885 688.896 717.89984 816.22107 815.22003 7 0.99704415 460.0455 588.7826 706.5415 822.2141 7 0.99285734 843.5625 3.3668823 1022.6489 315.35248 7 0.43576473 847.08453 307.47375 1024.0 577.93 7 0.3222062 267.01413 696.26086 401.67337 768.6738 7 0.22807571 343.30035 257.8279 728.7431 419.8146 7 0.171605 413.477 257.56146 726.3665 357.00647 7 0.08102206 611.509 298.1921 715.29535 355.09152 7 0.06711345 798.12415 486.27795 870.48206 533.7272 7 0.05780979 799.5496 488.56943 1018.4113 563.31537 7 0.052034173 342.49173 289.46228 519.20197 430.2177 ,test/3303.jpg
0 0.68843323 642.59076 417.49203 682.97003 453.3511 0 0.44158986 56.918877 213.47159 213.12006 330.82205 0 0.39534956 129.51952 201.30505 205.60811 331.18164 0 0.3518787 383.95688 187.59302 524.0207 257.986 0 0.13184121 984.55945 348.71472 1024.0 529.2969 0 0.07087191 520.7397 200.96118 586.7586 234.6781 0 0.066786945 400.14902 507.64468 560.3391 751.2747 0 0.06503175 289.6725 489.1577 364.96753 502.81372 0 0.055217903 662.5901 174.11203 1022.64404 548.39453 0 0.05274735 196.32211 534.6736 245.58765 607.20667 0 0.051302753 487.27744 239.00366 533.7605 260.28757 1 0.9956098 184.0769 498.16794 600.6985 917.43896 1 0.919823 396.74152 502.2978 574.2181 758.51166 1 0.9017087 580.09454 201.18954 628.84784 253.54599 1 0.866855 196.18158 534.8428 245.7428 606.5575 1 0.76814 501.66492 200.66757 635.39233 261.26895 1 0.6849918 211.64688 581.0194 457.2773 766.9424 1 0.6378704 236.34122 688.9446 430.58163 771.34485 1 0.5940431 225.73753 707.3975 599.41174 915.038 1 0.46337262 891.4031 476.66904 988.2599 544.7341 1 0.33987403 492.37354 505.2221 623.2434 749.20294 1 0.2276713 923.74945 521.663 990.2199 546.7265 1 0.2174778 535.5181 711.31104 580.5468 859.1887 1 0.18887846 235.58684 683.2299 276.18423 775.1713 1 0.17883737 608.48285 203.0479 636.91925 254.39351 1 0.17285956 265.03958 482.17474 556.6765 753.7785 1 0.17212692 354.264 463.97458 403.72354 496.26688 1 0.11003247 337.42685 461.8296 447.03867 499.90228 1 0.1045987 604.63446 203.04784 671.7421 253.43327 1 0.09652424 522.52673 711.7115 602.9695 884.03424 1 0.087808385 916.68933 275.50842 959.87146 290.85773 1 0.083235905 381.8522 187.76242 526.25104 256.71054 1 0.0792105 620.0704 203.89255 640.73346 252.4133 1 0.070200294 254.15378 716.7344 424.76364 758.1753 1 0.06976677 351.69794 173.52557 668.5715 259.1891 1 0.06555801 497.59048 174.53519 665.2208 249.9957 1 0.064311 438.47064 679.28534 461.43518 757.3593 1 0.057519387 642.629 417.90207 683.1094 453.2925 1 0.051404007 289.6725 489.1577 364.96753 502.81372 2 0.96864176 504.30347 202.0018 605.53625 262.44656 2 0.07419752 381.8522 187.76242 526.25104 256.71054 3 0.68651783 352.12473 462.9969 446.70145 498.88428 3 0.36347502 356.00027 175.05635 524.91345 258.99982 3 0.23156165 331.57007 174.57448 700.7561 502.30066 3 0.15599294 354.51074 463.32407 399.68628 493.65915 3 0.06869755 415.9181 273.68405 452.60193 308.4019 5 0.5871621 332.06702 174.28546 700.2468 502.04132 5 0.31550473 326.20242 244.42569 411.15524 462.56613 5 0.28264284 355.91403 174.22966 525.452 259.71716 5 0.23061465 337.42685 461.8296 447.03867 499.90228 5 0.20870166 662.5901 174.11203 1022.64404 548.39453 5 0.1274854 984.55945 348.71472 1024.0 529.2969 5 0.12184148 701.7368 252.03189 1011.02234 354.2051 5 0.11473993 354.51074 463.32407 399.68628 493.65915 5 0.077841386 536.2267 711.01013 581.16504 859.01746 5 0.07191763 625.3585 186.199 675.64636 250.66245 5 0.06198939 289.6725 489.1577 364.96753 502.81372 5 0.05653895 57.115677 223.47383 213.11317 328.60938 5 0.05033438 702.98804 229.38461 952.14246 300.24423 6 0.12852691 513.9723 710.85474 603.02527 906.86487 7 0.48644263 695.7278 173.27173 1018.76685 297.69058 7 0.28966293 382.79114 187.23022 522.3791 257.1179 7 0.21202031 661.96124 184.74301 1018.77606 401.36026 7 0.18901937 948.6364 222.66617 1024.0 286.67838 7 0.08368153 917.94415 275.34384 964.60016 289.6746 7 0.07305773 642.54877 418.04047 682.571 453.30402 7 0.0631077 701.7368 252.03189 1011.02234 354.2051 7 0.05771008 984.7796 355.01318 1024.0 528.1681 9 0.05152778 984.55945 348.71472 1024.0 529.2969 ,test/3304.jpg
0 0.2705672 208.31824 215.52448 836.57605 805.2924 0 0.24320841 204.80582 567.0016 490.10135 781.8657 0 0.054257195 17.115555 849.5121 55.050148 870.75854 1 0.89554876 207.47537 217.06076 835.1581 807.3356 1 0.103050865 199.02187 618.5617 491.45807 784.1794 1 0.07293433 207.4098 553.9679 655.8101 787.8833 ,test/3305.jpg
0 0.9892239 740.8924 774.8132 866.4455 1020.11005 0 0.93598205 289.06372 844.3144 406.03772 888.45026 0 0.82052135 393.04596 737.67834 489.34918 843.8589 0 0.8169761 415.95844 451.85614 570.98645 630.05817 0 0.7352988 282.46558 450.9893 571.99084 671.18243 0 0.29392827 212.76767 346.84558 605.28503 691.7301 0 0.15747869 447.28918 571.1927 557.04114 739.70734 0 0.14878298 298.86023 767.06384 378.76947 796.8484 0 0.1283411 344.65268 845.0372 405.46567 869.1254 0 0.11994085 497.3832 444.33286 534.6142 465.39017 0 0.11559432 102.70796 276.5423 134.1378 458.8448 0 0.10306843 334.62903 2.9465904 478.79883 68.47249 0 0.09553069 485.66693 415.78244 524.56586 444.47116 0 0.091737665 263.58163 785.4259 379.25925 828.84607 0 0.07310537 299.06012 854.21234 374.33405 885.9477 0 0.06888864 321.97595 600.8812 574.7196 704.4612 0 0.058259957 270.8041 771.26733 393.382 881.93396 1 0.9702525 334.96436 3.0146065 478.94086 68.577484 1 0.96689945 309.5835 423.62097 459.39856 533.2288 1 0.467891 216.6768 354.6465 570.11346 674.1238 1 0.17990279 391.75513 737.74713 490.25922 843.7004 2 0.062938236 310.1535 423.58344 459.46283 534.7069 3 0.22142114 101.949234 275.76306 134.24384 459.1809 5 0.99156344 467.13235 350.15894 645.2379 486.61725 5 0.4433438 102.70796 276.5423 134.1378 458.8448 7 0.12392238 393.264 737.4802 489.69058 843.76587 7 0.062769465 215.92627 352.09708 573.48987 679.8356 ,test/3306.jpg
0 0.26639375 696.08344 232.3025 809.5413 310.41516 0 0.21496056 809.3901 321.56458 844.0678 336.04584 0 0.16210368 600.3568 526.23376 669.69824 562.464 0 0.1164995 219.11523 259.76074 408.99414 589.4202 0 0.10729866 369.2906 296.20886 831.23334 470.00952 0 0.09945472 630.68713 233.49048 749.00574 442.674 0 0.056705866 297.16782 273.54214 809.7313 885.52576 1 0.97996294 162.61615 224.92662 431.29767 590.4536 1 0.32925823 381.9799 188.16533 833.08484 467.24994 1 0.21263883 319.71857 195.24802 444.28638 283.9896 1 0.112092815 695.6595 232.17004 809.5854 310.3141 5 0.59614855 847.6086 413.65332 1023.0059 783.1411 6 0.99801123 283.5879 216.55835 815.39417 917.84216 6 0.59996694 396.82953 227.63611 838.1248 462.86084 6 0.14429836 366.44727 316.59192 775.8047 502.97583 6 0.096127935 287.61493 277.5825 442.35193 848.4155 6 0.06682927 678.09344 235.86687 850.5893 471.18695 6 0.05561482 161.83855 221.8755 442.62878 594.04785 ,test/3307.jpg
0 0.9846639 489.00864 61.1416 752.3834 907.52386 0 0.05311514 12.510559 68.49307 744.85913 936.22876 ,test/3308.jpg
0 0.57127297 259.72028 272.33728 724.20984 978.64685 0 0.13836084 295.01367 640.9952 705.89386 967.816 3 0.5745353 261.37085 272.80258 725.51794 978.6238 3 0.10488832 236.14679 271.02994 444.16693 805.1482 3 0.060313348 295.01367 640.9952 705.89386 967.816 4 0.9969759 614.06903 439.1537 718.30096 582.27966 ,test/3309.jpg
6 0.06625676 411.5609 149.3128 518.369 282.67014 7 0.9998994 350.25192 278.0305 1021.1282 950.86084 7 0.9987068 5.301941 234.26651 531.57544 942.2816 7 0.28674188 419.68268 256.45828 586.60315 348.85904 7 0.22336838 611.0391 285.15463 853.9473 353.5278 7 0.14855935 369.06354 250.54556 585.0059 537.8009 7 0.10207421 499.5907 254.46121 584.52014 296.0853 7 0.09205044 276.34857 241.92557 591.40393 825.8187 ,test/3310.jpg
0 0.6781062 328.9591 265.44873 821.10046 732.9216 7 0.7613769 328.1538 268.17358 818.7418 730.3506 ,test/3311.jpg
0 0.8880146 2.2075806 0.0 432.6689 558.7561 0 0.44544804 260.29056 0.0 1024.0 160.3873 0 0.29068932 327.48032 0.084106445 524.7717 159.15793 0 0.2453027 467.6211 0.48495483 871.2954 146.67473 0 0.22287227 790.4425 2.7395306 1023.6029 66.30733 0 0.1344247 184.04988 330.92502 477.24896 607.79846 0 0.11772722 0.41931152 0.0 830.2148 620.01404 0 0.061028697 3.446228 524.22614 372.2806 980.7602 0 0.05479364 753.8038 3.0021362 982.27985 200.69115 0 0.050403595 1.593811 1.7647095 508.39636 991.4368 1 0.5556405 1.9265289 521.71545 366.75525 978.3137 1 0.5442587 345.25726 183.55951 610.50415 411.7641 1 0.19027619 1.8359375 0.0 573.6911 603.12634 1 0.17416123 327.5927 0.10483551 525.9877 159.43533 1 0.15653175 299.12744 0.0 1022.2833 160.18066 1 0.07132626 185.05861 325.24466 477.27124 608.3329 1 0.06351112 176.25525 232.26436 615.18 600.8396 3 0.6193576 188.37816 336.67816 480.2619 611.918 3 0.06912876 211.65201 520.2836 361.61057 683.0772 5 0.20448935 2.4718018 0.0 435.90594 565.41394 5 0.12659323 186.3198 328.44662 476.78885 611.2466 7 0.5618241 818.2674 1.4766464 1022.49005 68.52632 7 0.06953231 1.789032 0.0 444.44067 592.9353 ,test/3312.jpg
0 0.15103658 383.76904 368.45746 481.6045 417.52136 0 0.15079583 402.35004 389.66467 678.0203 837.2811 0 0.08321464 369.52856 353.64258 656.343 547.20197 0 0.051964466 453.3412 342.54102 561.9569 392.27838 0 0.0504176 449.3708 341.76392 642.17535 435.23914 1 0.3928113 398.2152 382.67377 674.8906 837.0108 1 0.0638713 449.3708 341.76392 642.17535 435.23914 7 0.90383947 369.036 354.77884 655.9479 544.1509 7 0.9030003 383.09564 353.8462 678.88275 839.2306 7 0.06648688 382.2871 367.85788 487.39117 416.94138 7 0.06592537 449.3708 341.76392 642.17535 435.23914 7 0.05973403 453.3412 342.54102 561.9569 392.27838 ,test/3313.jpg
0 0.61941236 0.0 0.7162056 151.03758 103.70241 5 0.9978962 375.18933 406.37375 695.5624 808.0491 7 0.06776703 0.0 0.7652054 152.0982 103.25755 ,test/3314.jpg
0 0.45222586 428.1261 242.32858 688.80835 526.7484 0 0.3636496 464.92484 232.74203 680.20154 776.9829 0 0.19378304 392.07965 89.716705 556.48804 538.1084 0 0.121011086 384.7743 90.2294 725.51636 830.8828 0 0.081724554 539.6148 421.3355 608.991 777.0981 1 0.32839411 396.38818 93.7876 680.0692 799.44214 1 0.22464135 542.10803 270.02127 686.50525 800.84985 1 0.18596213 424.4809 218.87062 683.1768 521.5028 1 0.09141024 391.54095 89.905014 556.3768 537.1751 1 0.07996389 260.77893 217.68076 667.5879 915.5067 7 0.10639452 474.24545 798.46606 595.98193 893.08374 7 0.079109415 289.67145 718.8098 596.39746 905.10803 ,test/3315.jpg
0 0.13258512 981.55396 131.73807 1024.0 309.77914 0 0.067666456 932.67145 119.86958 976.6868 284.4751 3 0.87355626 761.6151 260.33228 989.8789 440.94263 3 0.8646575 446.6959 0.0 1007.1233 365.16632 3 0.1539528 916.64624 8.040604 1022.7893 304.3426 3 0.11272675 766.51263 126.34955 1010.5086 433.44434 5 0.9902291 305.13004 101.30006 444.8093 270.25735 5 0.1112177 924.05237 22.502457 1023.40295 270.43207 5 0.06931092 448.0686 0.0 1011.2827 364.10144 5 0.06911134 971.3488 130.38312 1024.0 308.93912 5 0.053411447 275.29742 462.52997 606.2382 669.3475 6 0.9907302 275.09882 464.16644 605.75543 669.4871 9 0.076845415 981.55396 131.73807 1024.0 309.77914 ,test/3316.jpg
0 0.99340856 529.3181 924.81134 576.5282 970.76996 0 0.15293649 479.97925 399.2679 552.4575 482.7078 0 0.082807444 543.50323 525.0365 568.2878 586.9999 1 0.7317453 481.2714 399.2299 552.25385 481.65482 1 0.30499196 136.53236 568.52 212.58638 677.2932 1 0.058591112 299.47626 490.4551 325.69122 538.0346 5 0.34716555 440.17896 451.15192 498.73132 496.62225 5 0.18993773 436.78473 425.9428 506.71466 504.3349 5 0.05116291 481.00687 399.0103 552.21924 482.51086 7 0.9997503 559.8043 133.15405 983.50024 662.8564 7 0.99969244 4.3777924 646.5812 361.56207 1019.5614 7 0.99651223 340.96454 78.63818 600.93304 543.66705 7 0.97248036 212.55357 384.64944 564.68024 1024.0 7 0.96094096 208.57764 349.0904 389.11517 691.8265 7 0.7592385 357.4412 395.12985 579.9345 716.2822 7 0.21951866 478.93573 472.74164 573.4123 733.43 7 0.14430827 243.9411 341.3313 397.45697 534.56885 7 0.10701244 544.5171 521.14453 576.12305 655.58044 7 0.074048065 298.4807 487.4776 332.37567 547.35065 7 0.061401267 543.50323 525.0365 568.2878 586.9999 7 0.05407905 400.12317 438.78516 552.2013 655.5416 ,test/3317.jpg
0 0.56347 456.86746 375.10352 697.4941 664.2604 2 0.9091554 456.22363 375.29236 698.1793 663.56287 3 0.06665716 456.89148 374.96613 697.34863 664.61615 5 0.05879117 456.87024 375.67358 697.645 664.01184 ,test/3318.jpg
5 0.9967379 206.90787 144.46219 799.7588 876.1913 5 0.12935999 0.0 590.5281 229.45824 968.9026 ,test/3319.jpg
0 0.98018104 462.78186 211.27087 859.98083 869.2905 0 0.3099723 70.86656 0.0 231.33742 977.40137 0 0.173908 62.728867 55.30493 465.61133 950.5535 1 0.21493654 466.65033 212.87003 859.4285 875.4695 ,test/3320.jpg
6 0.9779349 278.31055 4.7707367 652.492 303.02435 6 0.0642912 315.07224 193.87422 514.2662 244.74992 7 0.9993224 245.59969 213.9365 572.2745 695.1765 7 0.99887043 580.31665 339.18146 942.8457 1000.0704 7 0.9946977 339.3341 513.18933 615.52936 1013.0947 7 0.67727 553.3779 297.07645 652.4132 523.71155 7 0.37875888 575.69196 440.02017 636.1038 522.57684 7 0.2565337 548.98 284.34448 711.9468 569.0642 7 0.18796314 611.9937 662.88245 657.0423 730.6426 7 0.10636278 580.05585 289.57776 699.74066 465.81 7 0.089093775 569.7535 446.61713 661.2065 586.93024 7 0.087670974 758.7598 923.419 820.11444 1004.95087 7 0.071959764 616.4174 304.04706 718.4495 439.87592 7 0.057155717 640.1411 364.46542 694.3251 423.45267 7 0.052096136 446.4599 241.41382 674.07477 536.7532 ,test/3321.jpg
0 0.88660574 134.60297 33.84427 506.21216 357.9697 0 0.8523908 577.9515 941.59357 785.6014 1023.92523 0 0.84414524 301.03006 674.80444 936.7627 987.41943 0 0.8340364 303.6001 944.5182 472.0028 1024.0 0 0.76733166 5.3217316 244.42575 449.81696 1009.9691 0 0.75821143 21.534637 4.9057465 757.78674 407.77905 0 0.7515133 346.20367 41.51346 1020.77045 756.0929 0 0.56465507 893.6566 541.3192 1024.0 816.3761 0 0.5 4.2604675 0.0 279.7574 536.33594 0 0.40303656 0.0 382.37814 347.6342 862.0841 0 0.3745785 446.25656 961.0073 603.40607 1024.0 0 0.36549184 384.13306 171.34033 496.2414 346.58594 0 0.34457612 8.388512 239.20139 216.49136 477.45865 0 0.16703673 347.5316 380.82642 967.3436 812.2771 0 0.13420255 0.0 833.61743 594.05457 1023.7062 0 0.10679039 264.8499 946.81976 617.3877 1022.582 0 0.10502704 381.23773 348.92474 684.38824 513.6146 0 0.07258702 305.47614 720.62067 634.70935 984.6773 0 0.06389691 275.9475 867.87854 787.05347 1020.713 0 0.061507676 689.1625 396.7718 1021.7755 749.1182 1 0.75557166 368.2159 372.9278 709.95386 762.0041 1 0.11540026 308.27515 942.8736 426.15356 1024.0 1 0.09188268 297.6761 678.4313 926.03094 981.66846 1 0.053050075 284.50012 41.849854 989.6765 986.9888 2 0.5730134 371.65665 422.34412 714.99365 755.1012 5 0.073994674 393.60327 173.29608 477.2937 336.5154 5 0.050563835 348.67117 341.07028 404.37564 451.10574 6 0.390517 304.4208 674.8707 940.27795 987.48157 6 0.08816841 352.42685 341.06064 384.44296 439.2662 7 0.995034 0.39801025 837.27814 400.1099 1021.9129 7 0.36844164 6.8647156 187.29443 450.1306 1002.4376 7 0.28793547 436.21506 961.8849 637.76025 1022.8639 7 0.27553245 275.79898 945.20593 466.3701 1022.3419 7 0.27360967 201.27536 858.21466 399.25803 1022.1004 7 0.12744465 183.403 272.40253 352.7871 398.08807 7 0.11844104 19.055008 306.68182 466.47827 584.6378 7 0.116672605 144.14368 254.38992 249.36981 387.2596 7 0.11445729 559.8879 967.7585 628.29254 1023.98334 7 0.10487392 0.0 382.6795 358.07614 871.2264 7 0.09175035 202.41914 288.42477 265.32428 386.82254 7 0.061281346 923.4092 741.4285 1023.0989 809.951 7 0.056169476 13.763626 257.20276 294.25775 469.01733 ,test/3322.jpg
0 0.4966931 4.845537 630.3414 43.66629 713.5081 7 0.9999279 295.33737 257.73367 786.4347 781.6957 ,test/3323.jpg
1 0.99772984 283.0561 354.51837 645.7111 562.8853 ,test/3324.jpg
0 0.29006258 547.42126 629.50665 594.50586 690.3499 0 0.11289137 630.51886 496.8902 786.42194 735.9565 0 0.060003176 552.73303 660.0296 592.97095 689.8306 1 0.9696853 487.63004 397.27972 776.23975 806.51764 1 0.8782678 480.87595 574.65204 721.1523 809.1993 1 0.5360644 621.1383 446.89713 778.9735 759.3375 1 0.33747268 488.07327 610.62463 696.7427 737.7699 1 0.23414977 519.0109 422.22278 705.4799 704.67114 1 0.2214172 547.14655 628.86273 594.8416 692.54 1 0.17253917 521.0514 593.0484 631.9247 720.8171 1 0.10959951 596.3868 447.41333 719.92303 720.08203 1 0.08740596 710.28345 452.75967 778.36816 523.96875 1 0.08699377 524.1319 619.022 595.283 706.3402 1 0.06277767 545.99896 666.7999 589.0546 704.16235 5 0.5509767 926.5116 265.94748 1023.7739 635.20557 5 0.20717633 209.24738 371.20245 296.5791 503.91968 5 0.15270911 209.21664 440.57397 280.41846 501.22217 7 0.99855596 171.69861 241.28096 499.04858 737.08386 7 0.29162806 330.79883 331.2912 475.7591 380.3797 7 0.22520155 336.0085 326.55347 481.56888 423.21362 ,test/3325.jpg
0 0.9975713 251.76811 338.3256 732.16565 851.7572 5 0.22923043 3.5148926 616.0316 135.56926 1023.21497 ,test/3326.jpg
5 0.9979134 377.4229 280.1776 623.69226 568.698 ,test/3327.jpg
0 0.1447907 324.90207 451.6046 355.61453 514.20514 0 0.08990363 325.74216 361.84225 416.0842 517.1786 1 0.9814383 288.7931 348.0 725.8526 916.8208 1 0.9158712 430.22595 313.57523 520.2055 446.39542 1 0.88309634 242.86517 269.8818 448.79333 445.47495 1 0.832464 427.8455 53.32573 720.0145 419.95654 1 0.771202 480.58282 389.1848 592.8089 506.0263 1 0.59247756 637.7078 372.96027 750.6015 554.6575 1 0.5608149 276.18134 293.22983 497.9931 607.3331 1 0.533443 692.731 308.59674 904.9991 644.2377 1 0.47654876 428.0715 422.5962 543.0549 604.2367 1 0.4442123 620.61334 415.85107 664.4958 553.75696 1 0.41917533 312.48755 363.8593 415.5584 515.6604 1 0.38926047 324.4411 451.88922 356.53076 515.5138 1 0.3741089 395.83405 353.17358 599.3889 624.1573 1 0.35418642 399.3546 353.86017 657.58057 784.5711 1 0.33697447 408.59943 323.03815 712.0761 517.4613 1 0.31014645 550.86707 305.41922 706.1731 472.78116 1 0.24250686 471.00363 397.3739 519.6327 445.6402 1 0.21529928 454.49554 318.67374 601.8599 510.7081 1 0.21081716 482.48273 433.52118 543.0462 516.2257 1 0.19882032 370.21054 246.63371 711.7694 448.78656 1 0.1851596 328.2965 251.3908 718.61206 692.0367 1 0.16858615 338.8365 290.344 631.1711 493.58203 1 0.16195533 540.54755 324.11035 748.566 560.1724 1 0.15229207 608.29193 346.59863 772.4471 675.93616 1 0.14587621 366.53528 243.94891 485.06915 355.92944 1 0.14489153 333.1989 368.78574 478.17096 594.196 1 0.14477022 843.1175 1.2070961 920.0844 84.38837 1 0.13754955 553.43176 356.66714 624.5725 419.84964 1 0.12298612 495.40762 392.94916 599.31335 459.60718 1 0.11931508 375.28024 245.46051 462.60678 299.19067 1 0.11447815 475.1238 321.12 523.0311 444.93713 1 0.10851636 342.7132 377.30313 393.7528 493.7773 1 0.097275935 456.04166 402.8394 549.7428 528.03406 1 0.089284785 437.5772 574.344 474.86475 612.35706 1 0.086995944 683.1979 82.38815 944.978 671.0619 1 0.08468411 374.36673 564.8368 480.6487 712.4907 1 0.07969621 339.0119 583.85315 368.59668 719.50183 1 0.0727987 544.3657 392.15863 614.20984 456.81537 1 0.07273027 366.92386 223.42912 531.3628 501.84174 1 0.07148331 297.8755 511.40002 481.08118 614.4038 1 0.070071205 493.6814 327.03284 524.934 415.87836 1 0.064201474 593.53375 332.59857 694.28094 544.8867 1 0.05542444 517.05493 306.92627 695.19336 401.9035 1 0.053728014 469.81866 407.0486 641.3128 663.0272 2 0.10392046 431.56955 421.18042 542.15936 603.24365 5 0.30354205 342.71475 375.80515 394.50253 493.68942 5 0.08176817 324.4411 451.88922 356.53076 515.5138 5 0.07635907 468.30597 437.88016 545.8208 515.0262 5 0.06763849 323.14996 366.87616 410.75226 517.89636 5 0.058378454 620.61334 415.85107 664.4958 553.75696 5 0.05183686 428.0715 422.5962 543.0549 604.2367 5 0.050175175 364.9212 390.37997 390.7041 475.39273 6 0.99774605 153.49551 401.81995 292.64688 588.88983 6 0.3020543 155.86943 399.64822 277.91446 475.9584 6 0.061516937 186.27559 463.79895 289.20306 587.0521 6 0.05024979 375.28024 245.46051 462.60678 299.19067 7 0.9982565 738.0385 35.78621 917.4465 324.16516 7 0.9954986 897.57886 0.0 1016.7639 183.80957 7 0.96048415 582.3287 7.426285 766.861 299.17065 7 0.7517704 790.77924 1.4018421 841.4323 49.564262 7 0.4147148 843.2262 55.153328 882.9507 80.46931 7 0.30066934 781.41406 0.0 844.266 95.135254 7 0.25880092 582.96655 7.71257 925.23193 325.8329 7 0.24690357 335.64532 364.83527 487.26263 611.6198 7 0.20824142 841.3868 1.0475693 920.81793 89.17845 7 0.20149887 749.9935 21.518684 873.0624 110.00289 7 0.17698434 699.979 3.7920227 861.823 228.8268 7 0.14928523 804.99335 0.0 918.3597 182.413 7 0.14678362 763.6184 0.0 1009.4719 186.13484 7 0.11310053 844.7759 1.3863525 923.60474 47.094337 7 0.10329632 430.36685 423.01007 541.1596 603.889 7 0.09867248 736.6942 25.729347 879.20435 181.57443 7 0.09689342 324.70642 451.50986 356.1034 515.266 7 0.07726207 371.2842 378.37717 575.6715 618.28436 7 0.06970227 780.7124 25.57817 860.90625 79.32742 7 0.06341017 333.4448 363.97015 429.43124 546.4107 7 0.05658297 777.94135 5.544319 912.72845 114.575386 7 0.05415092 866.35565 0.079844475 923.2724 15.251739 ,test/3328.jpg
0 0.06289378 309.51343 8.327591 490.00153 175.51912 1 0.38053462 0.0 674.7278 40.054325 992.2108 1 0.23020019 46.541718 3.4079132 302.08484 294.79968 1 0.14156581 309.4665 7.671608 490.5288 174.72067 1 0.05286269 471.17886 131.26796 518.88824 207.54784 3 0.123169266 388.6339 132.56113 546.68884 726.0581 3 0.07986611 472.1448 126.97429 518.97644 208.69133 7 0.99413234 349.71948 468.25464 676.1095 952.4381 7 0.9607281 236.12187 14.206299 581.59314 875.46735 7 0.3434176 309.78244 7.3953857 491.34366 176.05681 7 0.30904755 388.12363 106.153015 544.87726 740.852 ,test/3329.jpg
0 0.65323156 288.7123 445.3779 408.13474 474.74844 0 0.19321409 665.69257 708.03076 783.5361 764.0414 0 0.10965886 299.01093 447.68765 360.6223 470.2839 0 0.088804975 989.429 442.1285 1024.0 602.3208 0 0.069592945 318.3097 454.13943 400.02594 474.82394 0 0.068406805 1004.1568 495.92093 1023.9534 594.42505 0 0.057046484 1.8411484 577.33167 146.23828 634.9917 0 0.054787453 2.9463654 63.193207 177.81227 611.9419 0 0.050969705 415.11328 196.08601 458.755 247.17049 0 0.050424315 416.94467 205.6394 446.2709 242.02771 1 0.9957437 139.17957 509.11478 447.19824 746.1935 1 0.99210864 365.11694 287.19614 602.2262 436.63638 1 0.9774016 280.08456 360.24786 360.6901 403.943 1 0.95761216 463.01843 127.97655 800.8015 290.28253 1 0.9164406 156.26395 347.48987 823.4574 734.5521 1 0.8458077 340.34363 128.03104 799.44104 445.50974 1 0.7057859 348.60092 283.7553 445.18588 383.10095 1 0.6555885 246.107 96.02477 461.00323 278.99744 1 0.5725528 334.3034 130.08954 462.79572 249.03613 1 0.56003195 446.45422 277.057 535.86304 352.4699 1 0.54458565 350.51544 145.66054 458.28864 402.78925 1 0.50509375 163.68518 128.01886 781.15625 573.5869 1 0.3897676 334.63434 577.6175 398.70642 660.4747 1 0.3690468 310.01962 575.46716 401.6799 595.70276 1 0.32287124 338.56326 376.40155 371.88834 405.55255 1 0.32180384 361.79608 285.53656 530.46466 388.93732 1 0.30924335 416.94467 205.6394 446.2709 242.02771 1 0.29307318 245.38626 95.265915 356.30124 291.3766 1 0.2912238 339.93948 210.62811 434.4705 386.21362 1 0.26528674 368.2224 158.79913 459.0728 220.92316 1 0.26365125 150.33324 556.8028 400.7343 699.20966 1 0.25382924 338.187 130.7402 456.0453 172.82004 1 0.2477356 349.4122 261.40366 719.661 472.5812 1 0.2469737 165.7786 497.69708 423.75375 582.0666 1 0.22375314 314.0843 132.08878 538.2562 370.92416 1 0.21899728 362.52682 191.3106 450.34543 247.93742 1 0.21277168 164.23654 549.332 383.05814 593.191 1 0.19155774 228.99344 552.54236 354.52 574.82715 1 0.17125584 269.01944 569.4938 403.7153 598.4153 1 0.1541811 164.12375 322.4164 718.1958 515.2296 1 0.14571095 325.6684 229.98325 362.1693 393.38364 1 0.13871545 169.418 301.83502 417.48672 588.3465 1 0.124657325 283.48676 224.08754 405.32678 380.6054 1 0.124374084 157.64294 551.4431 370.3977 634.27686 1 0.12285475 328.0733 128.89041 393.47107 384.15347 1 0.114772305 326.89575 578.0889 396.15552 610.1198 1 0.11387123 340.57565 182.76657 470.38004 307.44327 1 0.10568185 313.43723 370.6536 368.65317 406.30106 1 0.10452811 361.5805 139.59262 565.7342 243.69702 1 0.10366893 415.11328 196.08601 458.755 247.17049 1 0.10292524 338.63956 145.40994 398.67953 237.95844 1 0.09654815 295.8934 447.5765 405.30606 475.57065 1 0.09585969 279.93555 299.56012 369.839 406.29657 1 0.094821334 387.75797 158.03151 474.93417 290.1089 1 0.087996215 234.32452 554.11676 349.089 566.25336 1 0.08772909 268.83856 570.0288 363.31775 588.4617 1 0.07935845 291.38095 305.64413 342.7327 363.97324 1 0.079018764 402.39853 183.71802 530.13934 317.71136 1 0.076859675 271.7237 206.23648 356.4646 371.9951 1 0.07515403 353.69608 586.23804 394.71317 607.9702 1 0.07140484 226.64468 94.820465 395.94064 378.36075 1 0.07125963 267.93463 174.84583 480.66626 393.23376 1 0.06881186 235.29991 560.8284 394.0149 593.836 1 0.068588056 394.52423 196.255 454.48535 287.6313 1 0.06416979 991.31067 441.30853 1024.0 602.0671 1 0.062636696 1004.1568 495.92093 1023.9534 594.42505 1 0.06156329 169.73466 326.29736 349.03827 421.37018 1 0.0615594 262.0735 211.63507 444.32153 305.16608 1 0.05474441 274.58817 272.97348 549.74316 400.00302 1 0.05396591 244.10977 564.8528 407.02487 613.55493 1 0.053881776 143.09552 189.51611 467.55164 756.6157 1 0.0525076 741.7763 251.95786 794.6274 310.74454 1 0.052270997 276.4661 550.7371 361.1251 570.6486 1 0.050574403 297.09488 94.97098 330.33835 129.3064 2 0.13139717 374.54236 159.22903 448.0902 203.50839 5 0.3931823 665.7262 708.15094 783.61743 764.02057 5 0.31520274 989.87164 499.7596 1022.0223 600.6715 5 0.09825455 1005.3592 492.36124 1023.0007 597.523 5 0.059151266 446.76608 277.0916 535.076 352.9018 7 0.9997501 772.1887 361.87775 1015.5248 721.74786 7 0.27693823 988.14307 505.1062 1020.16064 598.6902 7 0.22009759 805.414 376.76 938.56146 440.8791 7 0.15289557 990.2798 445.32996 1024.0 606.16003 ,test/3330.jpg
0 0.09089253 668.40283 0.0 720.7456 291.1518 1 0.9964611 241.76108 362.08447 685.9127 889.31555 1 0.7362516 358.15732 428.9198 492.94022 519.3107 1 0.5303691 584.54456 429.97116 641.1295 478.2095 1 0.3696497 464.9086 497.47693 529.4954 526.9341 1 0.2105577 386.61273 288.93304 665.62994 550.15576 1 0.12842898 455.66852 433.26236 646.2353 519.28674 1 0.06361304 330.24207 356.53314 653.6764 690.4924 2 0.70972407 464.5184 497.51953 529.49866 526.76465 2 0.13290806 465.16672 498.45752 528.86694 511.13556 5 0.09370337 464.37982 498.24554 529.76245 522.3031 5 0.056732994 661.91394 96.73595 881.7543 271.0127 ,test/3331.jpg
0 0.6178272 348.84564 371.937 719.7618 808.5552 0 0.5970209 391.57977 825.93976 424.40607 884.5516 1 0.6291897 349.08594 371.45697 720.46423 808.82855 ,test/3332.jpg
0 0.9954953 147.45346 413.71515 791.76855 814.3178 5 0.20187236 1.8662949 461.13055 114.218994 633.92206 7 0.7972962 35.65675 954.2307 148.15108 1024.0 ,test/3333.jpg
0 0.48773307 148.85416 780.94354 200.23337 808.82526 0 0.109551296 172.77356 787.77386 274.7491 827.8962 0 0.057346437 147.63412 755.1408 293.54755 807.8167 1 0.98079497 259.48743 393.45367 594.2506 792.9887 1 0.88196313 125.60754 630.8032 313.1414 797.8074 1 0.87120944 282.25757 263.60547 549.6882 465.43207 1 0.83148503 245.67883 311.18524 494.19025 524.02606 1 0.7544033 355.58307 418.29077 506.63623 517.6905 1 0.67028046 233.47649 364.0744 288.7537 462.51385 1 0.5921383 165.36205 714.95013 583.8316 874.0015 1 0.589822 491.58847 416.1427 516.0539 463.40955 1 0.5086963 230.19363 342.2525 395.05246 520.4316 1 0.4914717 266.5186 831.90814 527.3563 902.65704 1 0.39529857 186.32466 588.14325 570.057 932.48517 1 0.33269155 234.51079 586.7117 291.78995 711.7721 1 0.25969166 698.99615 743.44183 737.3376 807.2454 1 0.25185618 122.428215 632.3081 253.5838 715.6537 1 0.24393982 275.77893 571.69165 588.9825 780.5808 1 0.23147641 202.25963 345.43176 528.34247 654.5115 1 0.22066219 138.6833 266.63455 559.089 781.82874 1 0.18272175 524.1233 810.8107 569.04114 900.93146 1 0.12156104 211.71565 173.45247 548.1151 500.4654 1 0.11694672 149.60533 651.06384 565.19025 806.01306 1 0.10011413 209.5458 653.5275 247.99408 709.9112 1 0.086121194 332.33368 450.71976 519.21655 565.67786 1 0.08509778 149.74292 780.1008 200.01321 808.69604 1 0.077832706 209.53879 289.6158 406.14987 733.4077 1 0.07704029 138.32826 326.42145 309.84137 808.1264 1 0.07167381 186.10814 779.8223 554.50867 917.54047 1 0.05595596 229.7184 343.41226 313.9724 474.10123 1 0.054206166 261.42868 505.87927 508.10623 635.9082 1 0.052140165 488.48007 441.09232 517.13354 463.72165 2 0.060889177 532.20703 811.026 570.26587 879.0885 6 0.99646664 501.06677 137.55833 779.0088 433.70917 6 0.10969069 277.57108 264.4535 529.8593 371.01465 6 0.053827554 182.576 146.44247 510.51947 304.93542 6 0.052404337 197.57849 161.06696 543.7418 478.82117 7 0.9997081 716.77997 549.5267 984.84076 996.71515 7 0.9995408 578.3879 417.77917 798.0253 753.35767 7 0.99934906 720.5839 148.96791 1012.61334 580.9007 7 0.9913038 942.8777 576.612 1023.11646 1019.3591 7 0.97443944 159.96048 362.54623 274.77087 708.005 7 0.97231525 989.05347 373.38666 1023.07385 478.50787 7 0.9436819 948.06165 467.4195 1024.0 612.9411 7 0.9324879 93.06025 226.00172 284.69373 504.27106 7 0.914893 122.4692 631.45044 251.79666 716.3573 7 0.8860701 183.86623 142.32544 509.5534 314.81964 7 0.69388515 867.60693 534.60175 954.7539 709.39374 7 0.6007913 943.4543 610.8269 1023.7933 789.87585 7 0.5940145 938.12665 451.19983 1023.21967 774.9392 7 0.39520428 945.04596 574.92 1024.0 678.5795 7 0.18753877 578.94836 398.6 658.94116 485.32047 7 0.15486646 948.9863 577.78064 1023.4033 613.10144 7 0.14534907 906.2774 671.3407 945.4118 761.1759 7 0.1280646 197.57849 161.06696 543.7418 478.82117 7 0.1203571 577.4298 406.22162 711.97473 471.08124 7 0.115764305 150.21452 780.548 199.48259 809.4994 7 0.10565845 157.96252 348.1196 245.37598 527.5734 7 0.08039942 111.476425 205.05228 301.1009 793.0156 7 0.074869506 161.46277 363.46616 242.82608 458.21732 7 0.07413992 953.55865 905.59326 994.6274 1017.29614 7 0.0641691 906.4584 545.2647 958.1334 708.6768 7 0.054727256 792.1547 528.4736 953.5678 760.99884 ,test/3334.jpg
0 0.9998642 66.36691 249.82068 757.79065 955.093 ,test/3335.jpg
0 0.91736406 0.09051895 319.36618 85.54085 391.13412 0 0.7569894 746.03394 600.76776 885.3252 680.1662 0 0.5475281 122.11687 423.85202 433.3211 506.5513 0 0.51809496 189.92291 192.47757 339.91266 386.41086 0 0.4202251 21.805677 356.49722 70.03334 390.27316 0 0.34255794 1.4852409 397.74927 87.33952 546.81555 0 0.20851153 3.568344 315.45367 429.9024 538.0815 0 0.19354859 95.282 209.24089 373.57758 402.84064 0 0.18820116 12.659561 424.38293 427.35535 546.5064 0 0.17169355 117.420135 204.30708 445.20938 563.5634 0 0.1625399 380.11707 933.19763 795.0337 1024.0 0 0.14446405 867.55756 759.1583 981.446 985.16394 0 0.13339777 668.7934 773.70496 819.491 855.6654 0 0.100233026 65.34009 206.29178 675.2291 415.02048 0 0.084669895 154.65771 399.11563 403.94836 580.0824 0 0.08104605 463.18454 708.4092 619.13763 793.00574 0 0.0804037 161.68634 447.04984 240.3328 463.2319 0 0.08024513 440.4109 797.3647 583.30896 882.4296 0 0.07922153 874.78204 250.53052 1024.0 320.76727 0 0.07329986 30.06604 227.86688 664.2045 558.91943 0 0.0722831 606.8559 325.34283 628.25507 360.46387 0 0.070491076 871.6791 261.8637 1023.7721 294.95966 0 0.06747987 158.289 410.15997 300.91553 444.7171 0 0.05823093 162.07002 586.8549 447.20886 988.05536 1 0.33163157 428.2538 170.1241 479.93863 202.01866 1 0.25246674 610.44653 262.95166 687.3043 314.7812 1 0.22505273 22.259964 411.25275 423.00616 1011.76996 1 0.08904615 0.0481987 319.37814 85.55792 391.24704 1 0.07892107 51.427124 203.7774 653.9107 550.2666 1 0.07354565 453.6587 255.42244 629.7217 406.78314 1 0.06491663 604.71454 260.66577 684.0047 364.44727 1 0.06344923 0.48220444 404.68164 91.5018 542.9546 2 0.38833857 431.6518 170.4435 479.64508 202.35143 3 0.32193136 165.28204 389.35248 222.26974 425.82202 4 0.74554926 714.3699 673.94214 850.4265 755.36145 4 0.080992974 439.7329 935.0524 798.97 1021.9444 5 0.94193316 373.05927 463.07565 519.0678 589.81726 5 0.69830495 381.14282 933.5179 788.0359 1023.6629 5 0.66227555 463.0956 708.4302 619.1714 793.1183 5 0.4548676 451.12958 305.50354 646.8774 405.53174 5 0.30305108 11.697403 439.03772 408.0971 575.2066 5 0.2864207 273.0468 210.8507 620.7862 414.47766 5 0.27440307 22.259964 411.25275 423.00616 1011.76996 5 0.26439545 353.16443 286.91223 654.4598 607.8994 5 0.22451998 131.9835 422.9677 511.1264 586.7449 5 0.1725592 45.577454 432.50058 185.34145 564.8013 5 0.16032936 2.1741486 337.62262 488.01947 611.55664 5 0.1546451 254.0876 197.5022 517.9243 564.1227 5 0.14555322 426.62048 378.7421 507.964 485.0485 5 0.13757393 366.5067 395.37222 564.6197 593.181 5 0.12525725 502.34998 365.3706 1024.0 617.5733 5 0.11629235 112.67436 417.24646 448.43658 524.4636 5 0.10640784 196.07126 269.69193 646.7776 492.55447 5 0.08856657 166.22618 392.45367 222.12926 424.96777 5 0.07927871 66.32147 203.97728 658.4029 560.7865 5 0.07835552 449.71576 263.7955 691.94464 429.90884 5 0.07571764 745.51135 600.6884 886.06287 680.36725 5 0.061234593 871.6791 261.8637 1023.7721 294.95966 5 0.057248857 878.1019 227.92188 1024.0 298.19116 6 0.97857785 279.8701 385.88736 1012.50757 1010.8771 6 0.97611827 460.82678 115.864845 731.7445 305.2347 6 0.9416743 616.3241 76.22792 941.03894 413.29578 6 0.4353463 448.5736 344.35266 1023.3589 800.47217 6 0.35468367 501.9879 369.72708 1024.0 615.87524 6 0.27388495 391.74933 189.97607 475.28906 239.39499 6 0.2403658 389.10797 172.21982 722.24786 351.02676 6 0.23372562 396.27692 110.620544 893.1066 386.40558 6 0.21016955 445.09213 125.09523 977.12805 588.55 6 0.19887629 777.1016 68.234436 955.6794 418.43774 6 0.18672287 58.796066 437.71832 430.3401 1008.7066 6 0.12547056 162.07002 586.8549 447.20886 988.05536 6 0.11458525 143.44705 245.71793 606.9845 941.5217 6 0.113690384 344.47684 703.86426 964.0404 1016.8866 6 0.097868845 880.13416 229.27179 1024.0 296.1762 6 0.07883534 517.85876 254.27771 974.06384 470.26923 6 0.058291737 488.3418 250.7785 625.5093 368.30646 7 0.9917418 829.1275 272.99332 1023.25287 424.30283 7 0.9384363 150.40869 919.7574 437.58527 1024.0 7 0.8841293 876.216 762.5925 979.2232 975.01465 7 0.68987924 897.2941 402.5633 1023.33734 468.30377 7 0.38139945 65.34009 206.29178 675.2291 415.02048 7 0.289486 130.25732 564.92365 445.65753 1011.40985 7 0.2781876 1.6423721 401.3202 85.60813 551.5727 7 0.22703576 878.1019 227.92188 1024.0 298.19116 7 0.22528946 870.7745 260.9609 1024.0 319.44687 7 0.224116 380.11707 933.19763 795.0337 1024.0 7 0.20332426 805.6798 972.80066 928.3423 1023.9457 7 0.16542107 905.1992 767.6742 979.14966 898.5261 7 0.14888673 94.7883 202.594 368.49 391.34875 7 0.14001717 365.6078 201.54688 643.4576 408.9134 7 0.12853046 859.3597 270.84763 1022.79095 351.85825 7 0.12183643 608.85724 324.13232 628.9205 358.98322 7 0.116507754 745.51135 600.6884 886.06287 680.36725 7 0.093037665 453.6587 255.42244 629.7217 406.78314 7 0.0889855 913.6907 276.70367 1022.8861 315.25067 7 0.08640437 1007.0871 354.8887 1023.77606 415.7045 7 0.082991175 30.06604 227.86688 664.2045 558.91943 7 0.07971163 979.9974 309.08713 1024.0 414.50558 7 0.07204192 775.3139 68.450424 1021.2508 463.04645 7 0.06448857 517.26465 256.58313 692.4253 362.87238 ,test/3336.jpg
1 0.9991466 241.37967 543.44415 745.0526 881.983 ,test/3337.jpg
1 0.25829402 944.3426 0.0 1022.0214 85.21486 7 0.99961925 182.5497 420.65952 418.49518 927.57275 7 0.99820614 497.88272 141.85367 917.2435 925.37463 7 0.97417235 505.1513 118.48047 775.8909 634.3159 7 0.24312162 611.7663 109.920876 782.60175 328.81708 7 0.2370672 668.1055 243.62521 871.1617 352.06528 7 0.061814923 186.90727 468.51703 239.31401 560.77423 ,test/3338.jpg
3 0.9999882 402.53638 374.0467 730.8672 756.7641 ,test/3339.jpg
0 0.9350618 350.60492 323.156 761.2546 615.513 1 0.09345848 350.6703 325.15533 760.97473 613.0946 7 0.12070392 350.17578 323.41998 761.1387 616.1156 ,test/3340.jpg
0 0.56483376 656.7351 369.67413 735.36926 439.97266 0 0.2696603 0.5182438 503.64432 56.930992 518.73474 0 0.20895891 0.0 501.94162 57.087658 536.17206 0 0.18109329 682.4732 835.221 723.0894 856.1546 0 0.098159134 200.20303 754.99023 268.0551 824.2136 0 0.082199365 622.3399 364.78452 782.17194 439.2043 0 0.07867268 598.844 702.6019 676.1554 716.3845 0 0.062293015 589.8191 697.4017 646.41113 716.5361 0 0.051858895 786.32275 353.42535 844.2207 431.80103 1 0.9632603 573.72546 467.88147 809.24243 717.8961 1 0.9631072 804.4344 456.7782 960.5744 824.506 1 0.91844183 688.83765 390.03275 809.2925 514.0682 1 0.7092117 668.0818 236.49426 769.438 382.13263 1 0.6899448 561.2457 624.50085 805.37415 774.901 1 0.5925846 589.98065 478.10757 687.0937 551.1592 1 0.5555653 697.6902 522.46136 793.9751 557.5579 1 0.53243667 695.8245 523.7477 715.74384 552.59045 1 0.5306618 653.7469 362.5122 781.0661 442.74518 1 0.4821142 577.35504 697.6374 793.741 770.7647 1 0.34672058 677.73065 445.8213 801.79144 558.6742 1 0.32263833 0.0 501.94162 57.087658 536.17206 1 0.31443033 599.30334 338.70422 772.5764 439.114 1 0.2845916 577.1515 613.6665 606.83105 679.7041 1 0.28367287 0.5182438 503.64432 56.930992 518.73474 1 0.2818129 581.73663 675.6656 611.3256 711.7684 1 0.25161344 786.7433 352.05804 844.0923 432.43585 1 0.2394336 584.36475 516.10596 799.00964 648.57874 1 0.2306543 675.57465 495.82547 800.39716 626.55334 1 0.21766567 683.2569 496.80508 701.2109 549.7033 1 0.2062081 711.0461 511.2724 790.1425 525.71515 1 0.20346534 648.76 366.79166 806.9093 629.9551 1 0.19127306 583.39856 678.47815 678.5609 717.92554 1 0.180176 556.2438 641.0554 586.0808 709.6625 1 0.17662457 813.93677 485.5688 952.28735 665.9693 1 0.17173988 675.5977 707.1205 752.30365 720.3479 1 0.1535668 555.94977 617.02313 605.6818 714.6767 1 0.13652918 600.1978 329.56555 779.065 537.0939 1 0.13474356 696.8827 461.03146 799.25024 512.7563 1 0.13060382 803.5114 544.05176 820.14557 621.76135 1 0.12916227 573.87695 557.3054 609.9502 717.90015 1 0.12781125 585.9167 436.48755 696.4821 683.4335 1 0.11701452 572.7307 616.0747 778.52246 717.11206 1 0.103788465 803.1556 535.9489 830.80194 642.22845 1 0.09645233 598.7628 698.0919 675.00305 712.0304 1 0.09579575 695.5398 500.82153 798.3367 549.47754 1 0.084115386 806.7691 489.2005 838.1248 647.5234 1 0.078712076 575.087 563.0479 599.3726 632.77716 1 0.07771398 577.9004 620.9869 612.53577 714.1363 1 0.07662482 793.23425 474.99454 828.11035 766.21643 1 0.07555015 584.8965 696.5175 756.3264 720.9344 1 0.06711117 723.296 366.00955 844.8634 430.18234 1 0.067004405 741.41486 389.61795 790.0031 414.09213 1 0.05889283 587.9126 531.2611 687.7639 554.15576 1 0.05577611 589.8191 697.4017 646.41113 716.5361 1 0.053846825 816.49304 476.77103 847.26013 644.0442 1 0.05285033 607.4812 377.0192 778.1466 480.52322 1 0.05144253 693.0799 497.10135 717.28925 549.4946 6 0.9776228 352.14075 657.99084 576.6256 948.2268 6 0.9452595 0.0 493.14636 148.86047 684.65796 6 0.34737745 1.7328186 495.12943 134.00732 594.07306 6 0.21150427 599.702 433.64825 687.0415 511.63196 6 0.18390022 0.0 505.29965 64.52309 548.8129 6 0.08480171 8.165039 503.81085 79.04549 615.51447 7 0.9997116 278.44373 351.12872 444.84338 695.07806 7 0.99888927 120.8277 446.05133 279.9215 644.33405 7 0.150465 0.5182438 503.64432 56.930992 518.73474 7 0.13178198 0.17290688 501.75845 57.25936 534.6351 ,test/3341.jpg
0 0.5138796 0.0 51.972664 188.26491 305.4849 0 0.37087268 0.0 28.064392 418.18237 1009.4543 0 0.3144948 369.09598 755.1979 507.74716 911.42505 0 0.25248203 477.0868 28.311707 834.43494 766.2038 0 0.249751 4.020172 7.413574 276.73212 507.19635 0 0.11430799 686.4877 21.003021 806.66077 792.4293 0 0.10938985 0.0 5.784607 545.5138 517.8925 0 0.09959741 222.74301 13.292084 1013.34973 749.8937 0 0.089223646 694.2903 22.182373 991.7444 764.4831 0 0.08658144 0.0 21.412354 804.38336 892.7887 0 0.0844718 320.2205 246.39969 716.7925 898.14307 0 0.08342571 487.31424 430.53104 1023.01514 1013.5276 0 0.06628181 391.84756 689.7177 561.365 899.0976 0 0.05772121 704.51544 542.7896 958.4937 780.0844 1 0.11870326 369.09598 755.1979 507.74716 911.42505 1 0.09604537 0.0 25.569916 503.82367 1020.9192 5 0.8743032 331.95193 372.82877 568.9967 833.2455 5 0.6139893 696.1423 543.4872 821.38007 779.6505 5 0.6087411 506.81348 382.30103 667.9204 851.9647 5 0.5543492 401.29132 359.11438 551.0935 739.7096 5 0.5081293 336.318 406.48047 487.0124 733.21423 5 0.48321953 702.118 86.3587 808.51544 782.1095 5 0.26004946 358.42834 659.471 537.51776 781.3798 5 0.24652205 500.5733 374.51172 572.1491 687.30457 5 0.22576948 320.2205 246.39969 716.7925 898.14307 5 0.16524333 709.0123 394.22406 812.34106 739.9985 5 0.14569734 735.8135 502.90958 819.71313 733.07886 5 0.11934096 322.5979 61.702713 744.2894 418.4032 5 0.11125922 363.27112 640.08417 535.8803 727.63885 5 0.099690504 545.43 26.500244 734.2387 769.0316 5 0.09522504 764.6943 28.474945 994.1845 723.8109 5 0.08922642 414.3489 16.268982 823.42566 546.3483 5 0.084213085 288.3974 11.200836 917.43414 844.74866 5 0.07106571 417.56747 9.943481 481.8453 298.71344 5 0.060571767 748.6616 585.4276 821.80664 755.7335 5 0.05895741 455.97534 4.9853516 720.7532 365.43777 5 0.05787011 607.8865 10.897247 818.0303 771.44214 5 0.053440433 773.1854 539.1653 822.6135 712.1195 5 0.05159725 296.86954 33.388428 566.70386 770.8361 7 0.83038217 674.8369 16.450348 992.8518 768.0608 7 0.6445571 0.0 1.2054749 1002.14655 897.0488 7 0.59776753 2.094757 1.1207085 331.16656 97.27226 7 0.48496172 235.25716 27.37857 703.54846 883.78577 7 0.31342754 0.0 5.784607 545.5138 517.8925 7 0.26278922 0.0 18.55487 500.7005 1016.86163 7 0.24421766 0.0 5.20578 317.88098 237.1279 7 0.24027757 836.0681 0.0 1023.11804 111.34295 7 0.17723173 555.78625 12.4039 895.04224 789.33826 7 0.1725131 310.9606 639.76685 1024.0 1019.63184 7 0.15589856 9.985825 14.359436 333.70844 734.28937 7 0.12642401 362.67285 11.7283325 855.70593 650.7072 7 0.09828985 283.16556 379.05838 994.0763 958.3529 7 0.09728068 668.1512 529.1277 1021.5793 1020.56824 7 0.08587043 327.1079 322.40793 683.6865 890.057 7 0.08219017 215.62514 4.4624786 494.0299 381.39392 7 0.064916156 686.4877 21.003021 806.66077 792.4293 7 0.054979883 976.44885 76.957504 1023.8501 527.90405 7 0.05466031 965.04834 424.3031 1019.6448 664.0106 7 0.05344692 892.19946 0.0 1016.57886 640.3529 ,test/3342.jpg
5 0.99954456 246.99545 277.5205 776.0039 679.63055 5 0.054974835 682.49084 350.7943 779.4169 676.5576 6 0.1194826 891.3123 917.4425 975.80316 978.80005 ,test/3343.jpg
3 0.9985209 217.60619 35.75232 457.86237 338.1348 3 0.88666207 213.83688 105.39838 351.8253 337.42856 3 0.12326161 291.3947 91.64249 434.2494 334.27057 3 0.0872441 314.4262 25.72055 450.11884 164.87642 7 0.99136096 180.39056 467.54175 940.54974 930.7831 7 0.37840384 538.2405 453.28342 941.4663 908.64087 ,test/3344.jpg
0 0.83039343 519.51447 367.5744 653.8193 466.8103 0 0.06761026 613.2255 45.059296 665.64606 87.82503 1 0.43969992 778.1802 284.99564 811.7412 327.16763 1 0.28293717 611.15326 44.07595 666.83673 88.11918 1 0.23036036 631.30206 267.5372 816.9073 329.32028 5 0.95528024 476.30667 72.60064 743.3092 315.06293 5 0.09658444 898.851 400.07672 988.7524 443.75842 6 0.96663785 297.53653 277.81274 820.57214 715.0206 6 0.17126113 550.95996 367.15494 814.55444 707.0011 6 0.09013473 491.8154 74.72006 740.53894 311.58548 6 0.08841435 522.4822 264.91913 787.3557 329.18738 6 0.06657121 555.48175 528.79297 737.1706 709.12537 7 0.99750876 282.8108 478.92432 582.8018 900.90845 7 0.22807811 278.8162 273.8567 826.65234 902.8987 ,test/3345.jpg
0 0.6475324 188.82791 887.0488 512.7715 1024.0 0 0.29719433 331.16187 343.03888 613.5524 740.5916 0 0.29664582 380.26392 375.679 536.7229 586.2823 0 0.17264351 199.07452 888.128 426.94885 974.7681 0 0.05272141 431.19644 921.5919 512.83777 1021.4474 1 0.17976809 331.88507 341.81918 611.1966 757.8656 5 0.88080055 334.33362 347.0693 610.1092 772.18665 5 0.19577588 188.7009 888.3873 513.6007 1024.0 5 0.14894968 341.6592 553.8421 576.5681 767.57135 7 0.16001697 334.79126 342.7281 611.1289 773.33795 ,test/3346.jpg
0 0.09448465 539.21533 584.876 1017.51135 1024.0 0 0.07043247 4.364235 867.6577 106.25333 1001.6908 0 0.061505746 72.98248 188.44682 340.90637 461.85602 0 0.056858618 98.121704 29.099884 978.0022 950.0348 1 0.8434121 99.11655 191.80234 337.4854 446.5082 1 0.7087753 749.4709 277.00204 1024.0 676.1063 1 0.5166698 105.69235 13.05777 999.6703 994.938 1 0.4856421 53.364227 666.3793 919.71533 1024.0 1 0.44070768 580.4148 593.50165 1024.0 1024.0 1 0.40462056 689.1344 36.166306 1023.14465 413.0727 1 0.39724058 289.13925 826.8104 642.5408 1020.74255 1 0.3021306 257.31534 744.7684 768.01855 1021.50616 1 0.15246645 625.13684 701.81696 915.13403 1020.66315 1 0.119505666 534.96594 793.99164 740.0404 1018.1248 1 0.10807695 900.0831 487.92728 1024.0 686.93176 1 0.091405414 0.0 823.27997 720.7197 1021.19415 1 0.07764482 617.3358 281.61905 1006.0626 989.82605 1 0.07039775 747.105 273.68857 1024.0 453.8306 1 0.053121053 822.96045 543.7219 1022.19275 1018.0117 7 0.74480444 107.56738 16.969849 969.431 979.00586 7 0.19665262 539.21533 584.876 1017.51135 1024.0 ,test/3347.jpg
0 0.09610017 321.07452 457.27472 428.9804 534.3648 2 0.1484842 321.05133 457.11575 429.24487 534.14935 3 0.6779039 321.24237 457.2231 430.6355 534.7696 5 0.3509076 321.43204 456.7248 432.2477 534.8915 ,test/3348.jpg
5 0.98906684 391.69177 361.55072 578.57733 650.95197 7 0.108857475 391.66852 361.20996 578.2298 650.349 ,test/3349.jpg
5 0.62862694 252.18347 425.48187 345.2135 602.2104 7 0.99891233 260.9685 408.78116 739.65546 662.2655 ,test/3350.jpg
6 0.067294784 654.57935 325.1527 679.5581 359.62268 7 0.98697054 460.34595 166.60254 663.4133 886.89417 ,test/3351.jpg
0 0.6002558 300.40094 321.38782 699.12524 742.2833 1 0.77771854 303.7446 322.6382 699.77136 741.9114 ,test/3352.jpg
1 0.998173 273.29703 153.41382 839.9254 674.1748 1 0.16384949 0.0 142.38235 1020.71246 1022.2113 1 0.121154346 271.55743 222.78706 399.29382 672.5423 ,test/3353.jpg
0 0.14428818 294.88208 4.7470093 1024.0 456.1739 0 0.08937362 273.51184 419.20135 1013.3198 1014.008 3 0.16236563 294.42142 3.8532104 1024.0 456.6239 4 0.3551282 294.5911 8.3667145 1024.0 456.06 5 0.94490653 273.53864 457.8579 1024.0 1005.9487 5 0.37831563 294.58194 8.972168 1024.0 456.13345 ,test/3354.jpg
0 0.7695483 93.58563 298.32898 788.23267 765.31055 0 0.23121649 650.40356 0.8568897 1020.9015 63.84617 0 0.20027189 387.74405 46.399925 992.1492 142.75916 1 0.08353055 643.0272 2.4179192 1024.0 47.344078 5 0.49592522 99.01669 354.64957 681.7318 759.45667 5 0.16366276 650.40356 0.8568897 1020.9015 63.84617 7 0.1600038 645.9998 2.9174156 1024.0 54.51917 7 0.07464399 107.26636 335.7896 674.6951 765.4003 9 0.45607185 374.2877 52.16526 981.54565 139.99484 9 0.18082453 645.79486 1.2477398 1023.805 38.67935 ,test/3355.jpg
0 0.97799635 230.69182 347.79694 562.9032 718.4266 0 0.96735996 221.25287 265.63934 291.14984 380.52203 0 0.7912138 394.60846 654.88513 455.943 783.6061 0 0.7785229 514.8761 122.152954 818.8595 844.54517 0 0.16379423 236.13876 106.67197 779.44507 856.7522 0 0.0690738 70.70351 419.17624 225.64046 487.04617 0 0.06710856 221.0264 353.87167 550.6144 541.1166 1 0.05439244 69.5436 427.14014 196.35754 484.51227 3 0.5083725 342.68768 776.6223 443.2627 878.90356 3 0.06349925 358.96173 851.8188 436.32568 875.4117 4 0.5488257 513.6478 113.61914 816.8186 848.37006 5 0.5220878 338.80624 770.59845 443.7095 871.0013 5 0.06443837 517.55176 121.95413 819.5875 844.0585 ,test/3356.jpg
0 0.9890252 314.83868 443.14816 630.05786 637.1208 0 0.9869911 195.33652 803.39404 305.6608 890.5355 0 0.93502903 111.08501 744.08435 222.02464 855.1338 0 0.3613226 935.64044 113.214165 999.2896 204.23837 0 0.28667468 105.57331 746.84973 308.87537 890.1465 0 0.07008467 107.36725 819.2105 165.10721 873.63055 0 0.054759823 598.0336 677.8625 633.9362 730.872 1 0.065752834 110.23047 745.55255 226.79587 854.22235 7 0.369929 936.68933 113.80681 998.6946 204.44084 ,test/3357.jpg
0 0.6974006 153.75381 500.0051 583.8043 704.5074 0 0.058769718 626.18396 336.4754 867.6987 594.08276 7 0.8700787 601.5114 431.75128 756.30316 591.8068 7 0.39369944 152.43741 500.07306 583.70483 705.0949 ,test/3358.jpg
0 0.17852472 29.033539 315.53122 944.874 828.2882 0 0.0657803 426.7116 354.16016 517.49585 448.37762 1 0.85685456 24.04358 313.6848 943.32947 837.5825 2 0.1481758 23.46045 314.67468 948.2589 836.6217 7 0.108981766 23.877838 0.0 838.60913 156.76715 ,test/3359.jpg
0 0.346632 427.7769 410.92383 446.256 445.9328 0 0.21852234 2.4331512 0.06600952 503.11084 170.28575 1 0.9982913 488.16217 375.91577 1014.2625 797.3208 1 0.51499075 520.55347 466.47104 988.3269 656.8967 1 0.37885046 650.71094 482.04895 840.19495 574.9026 1 0.1822604 251.29263 461.92453 434.07828 601.56006 1 0.11392889 641.9919 486.1441 884.48285 638.76056 1 0.06705789 797.5322 468.5082 993.8657 635.22363 2 0.059791703 251.66861 463.76968 437.3868 601.1898 3 0.11833061 251.48306 462.1704 434.218 601.3948 5 0.99451303 270.07465 572.25336 403.60095 684.58014 5 0.7169555 251.66156 462.0163 434.78705 601.3349 5 0.063229 417.98584 425.2988 494.9013 568.8708 7 0.82281 92.67002 526.46497 233.66333 672.80334 7 0.8077799 414.70312 414.17044 491.41388 574.59753 7 0.20090434 417.7536 415.86008 565.15967 573.06396 7 0.098265104 96.23263 529.2434 199.0387 616.532 7 0.07797311 252.00076 461.71796 447.96994 601.0726 ,test/3360.jpg
3 0.9995228 302.1432 434.0088 651.86743 718.6316 ,test/3361.jpg
0 0.55930275 812.8631 609.7387 847.11957 635.1617 0 0.46973082 512.6196 436.94608 634.99316 500.5436 0 0.24046622 61.838165 444.66553 155.02579 517.0285 0 0.078493625 67.57646 457.26578 147.16411 484.8726 1 0.98113614 408.38278 451.56998 525.2197 497.8276 1 0.97651434 0.0 436.95374 244.83914 574.3068 1 0.95083666 311.2282 573.40393 478.2578 613.5742 1 0.9026458 595.1616 554.72705 780.1111 625.958 1 0.84804153 71.14187 401.94635 208.42834 501.8199 1 0.8454046 535.9675 536.0201 619.199 597.82806 1 0.8397094 215.31694 580.3435 537.1653 637.7472 1 0.81300354 485.21912 542.92615 938.4481 641.78894 1 0.7347349 69.504715 402.3207 180.87485 446.4861 1 0.6677827 512.3786 436.88074 633.237 501.2027 1 0.65737075 267.79 529.56445 553.09717 592.5294 1 0.61967677 600.4802 549.9061 944.56995 610.43506 1 0.61616766 599.0203 530.7864 946.15924 580.64844 1 0.57983255 606.3027 500.90024 1024.0 552.51373 1 0.5777968 281.52496 483.5185 627.54266 533.91895 1 0.5412883 291.76877 484.89056 536.9426 610.48505 1 0.49339595 578.1643 482.39233 969.3207 633.9629 1 0.45399874 619.38574 479.924 1022.7014 537.8366 1 0.41668412 189.65619 538.5126 625.966 640.78955 1 0.4144539 479.812 531.85876 632.0276 640.98804 1 0.37302902 223.34601 475.34436 978.5538 656.9685 1 0.37142628 478.8545 573.3597 785.01843 647.8389 1 0.35818014 478.30542 571.35986 541.576 631.2633 1 0.3414023 250.92787 481.79556 647.3365 575.3028 1 0.3363752 477.90784 578.3047 627.5665 628.6986 1 0.31269106 733.9811 627.5516 862.896 666.6976 1 0.29415712 749.62494 581.3952 903.2109 629.5848 1 0.28767473 21.42656 429.72833 195.54994 515.3209 1 0.26624742 249.35869 504.19897 593.53925 554.9144 1 0.2499479 481.352 621.15985 633.753 661.62506 1 0.24405922 501.05466 605.63245 886.3214 657.9441 1 0.22728862 295.99976 485.60202 443.3683 522.4452 1 0.21984239 460.5102 580.9039 926.283 672.1169 1 0.2164796 294.57184 450.86652 632.28937 507.06598 1 0.208496 244.39407 511.09708 323.29202 528.9439 1 0.20738295 678.89435 569.85767 929.59 632.2814 1 0.1853735 451.29205 568.81647 534.9633 584.2828 1 0.18257055 154.8367 538.5653 307.7595 574.35095 1 0.18155044 770.35583 582.7035 851.5337 634.8423 1 0.17958684 315.29813 516.79443 517.20123 540.59436 1 0.16712253 321.1524 536.7648 560.0507 563.5303 1 0.16424382 157.80106 451.61072 658.7704 627.09204 1 0.16376644 185.2471 444.87405 236.25073 493.3149 1 0.16176365 62.13543 443.15414 158.10944 515.27686 1 0.16139589 180.90398 474.15546 239.50581 553.0406 1 0.15678252 131.69353 408.88403 194.15855 508.01196 1 0.15506427 599.26337 641.0475 731.7869 656.4573 1 0.15410957 295.97656 506.48972 503.9875 535.4566 1 0.14784308 637.3542 466.70932 1024.0 511.99814 1 0.14240456 156.4186 504.61014 327.1916 586.1466 1 0.1356979 240.67162 509.3059 335.13928 541.5331 1 0.13517144 557.031 624.01465 743.073 660.76465 1 0.12329941 327.6579 526.79865 534.2115 555.2159 1 0.11993781 644.82025 553.40717 882.3591 659.4743 1 0.112473726 757.99445 566.9771 946.9974 602.65045 1 0.111344 395.36465 468.06546 1020.7543 563.57495 1 0.10157432 558.1837 628.53705 627.59814 661.89667 1 0.09896177 121.52202 421.67697 240.46486 503.01474 1 0.0925173 510.08142 478.36194 631.23804 507.6363 1 0.09237762 5.9176636 491.06335 327.33334 576.27783 1 0.09093483 27.353012 529.2124 332.60815 586.3828 1 0.08823224 216.57388 584.8919 277.15613 610.5384 1 0.08399893 539.19214 624.25885 627.51917 648.10345 1 0.083873175 537.2397 619.96313 620.8293 638.22644 1 0.081377946 441.319 524.5481 638.4483 590.54675 1 0.0807505 513.6505 439.3374 1024.0 519.9458 1 0.08063459 713.66766 544.8751 930.201 571.3711 1 0.0780254 450.19046 529.83014 553.80695 542.41876 1 0.07780706 74.35608 413.43335 147.30402 444.26715 1 0.07630283 813.3979 609.5805 846.6287 635.5689 1 0.07505321 732.3007 561.7522 923.2695 588.6459 1 0.07203421 91.848114 511.0435 540.83716 609.80365 1 0.06870139 810.94604 598.0562 896.0929 634.5649 1 0.06858428 622.7546 615.29553 891.7642 666.26855 1 0.068230025 470.73947 532.9467 545.86163 636.92035 1 0.067464575 481.44708 546.8255 559.68427 559.935 1 0.06634983 452.53323 534.93805 554.7231 547.79987 1 0.065019146 740.95105 463.7247 1007.032 496.39188 1 0.06481812 468.99594 539.21686 555.5858 552.67303 1 0.061901346 613.156 541.1649 804.56116 566.2582 1 0.05754221 743.63153 571.52747 824.88947 589.7268 1 0.056361508 496.7185 628.14526 589.0221 662.2107 1 0.055301163 4.886261 443.0314 151.00113 533.3621 1 0.054384746 513.5388 613.59314 620.7157 628.12695 1 0.05343122 699.46155 528.4746 938.45374 559.68567 1 0.052774344 6.2531404 456.28912 29.07125 547.4192 1 0.052004572 139.30605 463.26678 254.82793 578.4902 7 0.19606316 512.6196 436.94608 634.99316 500.5436 ,test/3362.jpg
3 0.076556586 75.61261 315.0929 737.0266 556.69543 5 0.9809425 76.497345 311.32605 701.8264 559.7568 ,test/3363.jpg
0 0.44225597 909.52216 0.0 1018.789 90.13319 0 0.428395 794.0607 0.70290756 927.6766 45.261257 0 0.42631996 833.8668 3.2723007 907.6891 40.841106 0 0.374095 645.5631 786.22076 743.6017 901.94904 0 0.29972753 838.92615 0.5176697 930.47437 68.27217 0 0.13548326 1007.9718 31.32595 1023.3978 125.54757 0 0.105993636 338.34283 281.80835 701.53705 472.96674 0 0.08769765 975.57336 30.608715 1023.1299 96.65117 0 0.07567887 694.7233 0.0 790.9112 18.148525 0 0.06656821 452.6197 733.73694 557.3377 798.5863 0 0.06457379 900.0372 234.72012 992.67035 266.8895 0 0.061533153 355.50742 313.96674 512.41077 439.20233 0 0.05814602 346.15918 174.28918 589.5145 261.6569 0 0.057394456 793.5895 2.0209694 882.56726 69.00186 0 0.055640846 802.8094 0.0 984.4736 73.23045 1 0.9902766 223.62524 566.2235 795.1838 986.38025 1 0.9741765 724.69366 0.0 1024.0 438.38666 1 0.90328175 774.6417 1.6180115 1019.6793 266.28302 1 0.8336742 870.2071 43.0158 1022.05 255.72726 1 0.7480014 453.18155 734.2574 557.01434 798.6258 1 0.7153869 346.27698 282.76035 695.0758 474.17392 1 0.524448 849.10223 0.061603546 1018.71136 82.41278 1 0.27071878 795.5951 0.78089523 913.42004 41.002632 1 0.15767531 817.27734 172.07141 1024.0 425.9049 1 0.15132745 894.13367 230.25536 1010.1482 292.23062 1 0.13377275 972.72644 29.685898 1023.4302 95.36818 1 0.13144875 912.2457 146.07516 990.4114 241.66348 1 0.118717216 838.0776 3.4944458 898.56976 39.904335 1 0.11641558 948.75183 225.87862 1007.781 292.99976 1 0.11019028 562.6301 249.95139 719.7561 421.56796 1 0.0911967 905.5911 130.33037 968.1369 222.02214 1 0.07746963 897.5831 234.31735 996.4961 267.33823 1 0.07705506 899.56616 127.238785 1016.5692 269.58093 1 0.06276174 828.3909 1.4059906 933.39044 56.06407 1 0.060680587 891.60535 155.4553 963.2057 237.5331 1 0.05986564 947.7364 96.77693 1022.62067 249.64519 1 0.05491205 927.69147 1.6224442 1017.34625 90.40844 1 0.050408874 927.64935 176.08078 1020.7845 298.96838 2 0.99830246 543.675 164.33759 660.20636 230.56943 2 0.11630331 327.6577 280.05136 693.37805 475.9153 2 0.055989422 870.63055 42.26232 1022.14056 252.89243 5 0.9964896 965.7003 399.75702 1024.0 496.7735 5 0.99042046 563.7691 256.19647 718.53204 400.66388 5 0.9446536 351.9567 175.10287 573.43506 260.06296 5 0.9185979 301.66663 271.95566 701.9738 476.37204 5 0.30443302 867.548 50.89776 976.42896 113.98617 5 0.2556935 355.77945 174.94427 483.37448 243.85526 5 0.2506228 396.04593 284.1648 585.85596 349.42993 5 0.20003995 872.97455 49.902443 1022.7142 242.98972 5 0.15768304 367.37955 284.78833 599.2299 449.1402 5 0.15446101 878.2278 31.638725 1022.8085 117.278694 5 0.14085531 455.35782 198.26503 576.17944 258.2343 5 0.1366892 876.7532 48.64364 974.78186 72.10235 5 0.09443269 869.24896 44.182747 941.2204 70.08408 5 0.092919245 534.62256 202.05656 573.9204 259.8372 5 0.08362748 1003.5802 51.77517 1024.0 117.422844 5 0.07518404 417.20605 265.11 475.12903 285.51416 5 0.06988364 894.8675 46.718475 1002.83734 96.40892 5 0.0627582 848.0924 0.5288048 954.7722 98.27905 5 0.05998791 883.7673 54.40092 963.28375 83.318306 5 0.05243314 304.85114 319.7967 521.66724 458.93677 7 0.24675764 872.45935 48.24993 1022.323 245.8782 7 0.14219272 904.7892 235.79028 984.4448 263.99893 7 0.071760386 1007.9718 31.32595 1023.3978 125.54757 ,test/3364.jpg
0 0.999882 241.81961 259.3219 755.13904 746.4797 0 0.09180724 210.31491 344.14948 349.58798 728.95184 ,test/3365.jpg
0 0.12584135 124.219666 474.08585 674.8343 721.11395 0 0.09631769 585.0648 286.8015 820.51794 584.9051 2 0.9456369 585.1262 287.4324 821.1997 585.7947 2 0.19030754 586.87604 288.52966 803.06854 441.83533 5 0.11541141 122.829254 474.43323 676.3307 726.9729 5 0.07801602 584.8975 288.6016 821.3392 585.5681 9 0.9529503 124.71768 471.19818 673.94653 725.35736 9 0.20156768 584.7291 288.2981 821.0757 585.4064 9 0.057567954 117.91745 306.29803 837.45935 688.0439 ,test/3366.jpg
4 0.91156435 334.85858 299.10834 589.9844 789.2198 5 0.3381383 333.7631 301.99246 589.29913 789.4149 ,test/3367.jpg
0 0.87368745 423.7598 169.71796 513.63196 304.54654 0 0.45906436 548.9708 324.77686 737.2886 551.2803 0 0.23737475 383.00354 300.6069 580.5315 517.65674 5 0.65811586 549.9427 325.11594 737.2464 551.5363 5 0.642539 383.65405 299.93558 579.9531 517.3014 7 0.05462526 548.27704 324.2788 737.6856 549.4642 ,test/3368.jpg
0 0.9534959 173.77142 28.40268 824.4062 906.4728 9 0.15242232 182.67734 32.900024 826.4009 913.46783 ,test/3369.jpg
0 0.07531263 632.6249 945.0128 674.24585 985.1012 0 0.0691886 354.2321 314.2918 705.53284 513.53253 7 0.9868738 353.81207 313.95322 709.0539 513.40234 ,test/3370.jpg
0 0.46214348 405.1825 129.77547 607.0939 191.8025 0 0.16967109 376.22858 126.10333 776.52716 224.82803 0 0.13282351 210.23581 124.0616 305.11203 412.54016 0 0.05694255 591.25226 165.71136 749.88104 213.14636 1 0.9954992 261.50882 115.502304 840.6698 310.3307 1 0.69211155 209.28282 125.41542 305.3814 411.30823 1 0.14441805 292.8736 280.8247 734.11005 649.1438 1 0.11461663 217.62195 148.38065 260.48627 391.74557 1 0.09950558 355.8424 147.2233 809.1632 227.5998 1 0.09486543 694.36426 261.0206 799.4304 375.26785 1 0.088856444 257.51056 165.3702 283.50598 255.72896 1 0.08654858 215.78278 158.21036 288.79126 343.43637 2 0.99682283 287.7456 281.64172 740.3561 646.80566 2 0.4409697 275.79767 272.27518 733.70337 327.44754 2 0.17368612 266.5749 272.96555 734.4078 385.5068 5 0.06949084 209.6528 124.29605 305.2341 412.0892 ,test/3371.jpg
0 0.9182421 116.193634 240.68869 914.146 724.4668 1 0.094166264 103.670044 249.65498 944.64026 720.6277 5 0.27086747 512.8445 658.94305 667.8407 756.22125 7 0.66832817 530.4186 666.90424 667.86926 754.087 7 0.42251772 483.3413 605.3716 524.6535 661.09863 7 0.096355304 121.522766 236.60898 887.82025 732.66296 7 0.052033972 497.7346 614.712 665.7698 757.6573 ,test/3372.jpg
0 0.15138803 397.93427 515.4466 615.44196 700.16376 0 0.10410121 264.4934 511.7038 604.41284 771.7082 1 0.062014516 397.93427 515.4466 615.44196 700.16376 3 0.11940915 204.17876 438.8316 715.9033 837.81586 3 0.06326162 391.46915 515.84015 614.9478 696.96344 3 0.06074561 264.4934 511.7038 604.41284 771.7082 4 0.12961441 204.17876 438.8316 715.9033 837.81586 5 0.81196356 186.4364 287.80533 957.0853 843.60254 5 0.5927518 204.39716 438.87012 716.5747 837.4409 5 0.080072865 271.64447 476.67236 602.6547 783.6261 7 0.05744921 312.1349 520.2708 597.38434 729.16974 8 0.9578372 420.70468 514.99786 613.5209 684.8659 8 0.83157206 384.60315 535.37573 516.0189 707.1814 8 0.113459796 312.1349 520.2708 597.38434 729.16974 ,test/3373.jpg
0 0.47724506 494.9916 542.6447 787.484 780.56256 0 0.40206882 442.0542 85.70684 709.4136 331.57788 0 0.19814087 365.414 1.5174255 842.0766 322.19614 0 0.15976492 636.40424 581.41986 778.22955 770.1691 0 0.15560815 367.58716 443.4664 853.0398 946.9884 0 0.1257115 342.21085 47.798706 897.3441 988.95447 0 0.10652331 438.62384 124.82951 588.2504 336.63507 0 0.059659816 358.8267 34.088806 811.65845 612.3351 1 0.30416647 201.41608 461.2188 791.0372 983.97614 1 0.14197068 433.77008 50.12567 750.27997 330.75967 1 0.11967123 367.72116 567.1819 741.09033 927.96765 1 0.08324566 287.4377 0.0 865.9026 263.0655 1 0.0744732 209.72171 503.98663 488.93777 867.6993 2 0.13464344 203.60854 503.01843 486.40973 865.7352 5 0.7021367 407.12396 86.0732 742.4515 446.0583 5 0.6474786 195.646 0.0 888.0653 244.15207 5 0.5096338 338.83432 79.024124 924.3358 505.52692 5 0.3391583 190.03862 0.0 450.50488 251.59486 5 0.2616394 842.8074 925.99194 971.42334 1023.3462 5 0.22789444 301.90216 83.0637 389.74713 233.86276 5 0.20238176 229.21588 6.8135986 774.2651 427.87103 5 0.15650758 338.61426 33.465424 831.01 945.75635 5 0.15046887 178.49664 425.852 928.9443 1024.0 5 0.14829011 186.2016 0.0 339.82593 106.19048 5 0.114203684 443.74353 95.33297 695.21875 328.59424 5 0.09969193 954.3723 690.3949 1023.7958 863.036 7 0.08191456 287.4377 0.0 865.9026 263.0655 7 0.057539333 433.77008 50.12567 750.27997 330.75967 9 0.45736727 494.21332 543.3798 788.6119 779.8559 9 0.14350642 394.25073 539.7609 794.12244 914.3226 ,test/3374.jpg
0 0.80773085 640.74414 687.4333 714.78235 756.2696 0 0.30138645 1009.0675 723.11456 1023.3544 801.2205 0 0.21010621 632.16876 643.9255 722.91705 762.01385 0 0.13991033 644.0651 747.3698 714.7928 831.3554 0 0.13479088 594.4062 619.263 643.2463 676.20416 0 0.11789037 630.79803 640.74725 688.68536 680.97516 0 0.09197232 363.3918 267.99756 400.67062 344.9815 0 0.09114553 996.44135 656.06055 1024.0 798.45703 0 0.051722553 628.62897 640.12573 713.8051 700.48804 1 0.65474707 544.1742 537.4007 655.7372 681.5849 1 0.62050706 544.57355 546.0894 604.6281 621.89655 1 0.42167395 886.8542 887.92975 929.0218 1024.0 1 0.37597585 538.69965 597.8559 643.9847 671.195 1 0.26045585 736.956 282.25296 771.7034 327.1802 1 0.24845769 633.77765 646.3423 718.5422 763.4429 1 0.23526528 644.6765 747.5312 714.8467 831.3426 1 0.14093791 1009.0675 723.11456 1023.3544 801.2205 1 0.12670176 593.58527 615.88385 642.3492 676.3116 1 0.09721841 537.7404 555.8474 611.58685 657.8956 1 0.07087213 627.47784 640.41565 711.4781 692.9291 2 0.11656855 645.0322 746.6195 714.7881 830.8407 2 0.10892371 544.65125 547.1241 604.6781 621.86884 5 0.995477 710.7898 712.74286 764.87915 772.0727 5 0.598578 885.8046 887.56824 930.03864 1024.0 5 0.11219095 392.56238 318.30707 551.03015 370.0515 5 0.09212923 367.54846 336.9714 421.4709 361.6346 5 0.08133111 902.7218 913.9149 928.5049 1012.38586 5 0.05827354 391.5795 347.81183 418.01157 388.89435 5 0.052981053 367.09277 336.6471 427.87848 384.88867 7 0.9998367 761.8818 558.9849 1017.46356 866.3538 7 0.99978024 718.6835 232.56557 908.3639 664.15717 7 0.99967754 377.7625 307.14526 553.8052 689.7623 7 0.99955446 552.06744 300.19598 734.8757 627.87756 7 0.9995022 32.97017 145.16159 280.7754 636.0995 7 0.9993851 243.3408 275.23358 403.722 589.9015 7 0.9969555 594.97186 824.25946 919.4146 1023.28314 7 0.99093527 2.0112724 211.85767 90.106445 434.8731 7 0.9050125 986.40247 631.8026 1021.9745 672.037 7 0.7237191 363.6202 268.31375 400.91733 345.413 7 0.65998435 644.4073 748.66 714.784 831.0053 7 0.65758735 982.1845 595.09357 1024.0 797.17487 7 0.51828957 650.54004 302.48633 705.0947 344.68933 7 0.4543836 984.3113 597.09656 1021.3799 678.2212 7 0.44397196 334.76428 442.9092 396.88837 582.1056 7 0.35958096 24.239792 143.88455 200.58119 441.7479 7 0.22492146 330.7973 280.36093 405.25793 590.573 7 0.1237621 996.44135 656.06055 1024.0 798.45703 7 0.10813524 1.2986708 348.72464 17.405258 430.9789 7 0.10728041 781.8989 870.27966 897.50903 1020.551 7 0.106972925 811.9521 231.83536 862.1004 319.90793 7 0.086274914 918.01447 547.7951 1020.88043 801.57697 7 0.08591527 419.47375 362.75046 474.9702 408.29233 7 0.071725465 416.0556 319.26093 548.24 368.34607 7 0.07014929 882.987 888.75494 929.93756 1024.0 7 0.0679235 387.98584 344.12836 424.19922 422.54413 7 0.06269295 0.18947983 214.58246 33.651634 426.39496 7 0.061486512 367.54846 336.9714 421.4709 361.6346 7 0.059195377 626.70544 639.9299 691.7512 683.55707 7 0.05916232 205.48918 221.13022 285.50647 522.43066 7 0.0539406 1009.0675 723.11456 1023.3544 801.2205 7 0.052270096 401.97644 319.01324 544.73474 410.66772 ,test/3375.jpg
0 0.10856019 218.10577 125.576385 669.13306 323.03403 5 0.14825104 0.0 11.560883 228.29956 688.96716 7 0.99881005 214.7041 108.04407 754.39215 834.3861 7 0.95895046 213.81197 125.58107 673.0703 322.3199 7 0.61960137 0.0 10.397736 227.32977 688.87476 7 0.27665997 0.0 0.7344589 144.75772 83.27112 7 0.10181805 0.8628235 0.0 194.6835 152.05655 ,test/3376.jpg
0 0.6987099 55.587387 73.90213 504.19092 899.5414 0 0.2566384 616.65625 402.53586 881.407 905.82446 1 0.8828476 65.16882 593.7302 498.55127 880.7451 2 0.33931446 61.09268 592.95886 501.7571 882.917 5 0.36516055 47.38571 71.31375 506.45493 900.6239 ,test/3377.jpg
3 0.9998053 347.75012 193.41003 653.38324 594.50757 ,test/3378.jpg
0 0.2681146 159.03265 206.80313 750.7959 760.0781 5 0.9124469 156.79782 204.98004 745.5056 766.44104 6 0.06817991 212.97269 214.40814 740.2379 734.0267 ,test/3379.jpg
0 0.17319384 7.538624 641.38574 76.871506 684.53015 0 0.10655983 625.56134 174.13065 664.9012 331.21198 0 0.08096368 774.17487 420.4202 881.86615 554.63354 0 0.05437109 3.746231 616.8073 229.60915 677.12225 1 0.8797317 0.0 487.24237 267.83954 655.1525 1 0.16686185 774.17487 420.4202 881.86615 554.63354 1 0.100447066 3.771576 614.1795 244.65334 673.1972 4 0.9941121 669.1704 213.28769 800.6449 803.0161 4 0.9897007 576.4247 707.55066 645.6406 955.3568 4 0.967346 574.2881 304.34167 694.47046 843.09766 4 0.9449343 298.05804 349.34695 456.27716 964.30884 4 0.9436254 260.00165 298.54425 345.85028 859.32916 4 0.9337507 482.0882 190.47101 587.07074 679.02875 4 0.92959124 389.32962 230.14703 486.35306 724.8465 4 0.91696143 455.50616 531.2008 586.49335 934.629 4 0.28096974 553.1817 552.74097 580.653 680.9861 4 0.23451203 384.93765 382.06506 398.34885 459.78015 4 0.20319165 436.31253 399.06342 487.32858 727.2504 4 0.16759416 485.0055 507.18192 548.1177 708.62646 4 0.12373724 578.3138 731.4213 600.9311 833.8702 4 0.10709358 566.3378 458.76288 647.7321 948.3724 4 0.07738722 450.1604 409.77032 486.03564 476.9723 4 0.07568808 527.1157 641.8089 582.38513 922.892 4 0.06482158 626.88416 731.8737 646.07764 837.957 4 0.060303986 249.66998 352.6251 529.7526 702.14417 4 0.05528671 251.40906 338.52414 402.57336 787.0139 4 0.055123173 483.9019 339.59155 519.39 472.276 ,test/3380.jpg
0 0.17575735 491.93994 364.76886 976.5554 663.63226 0 0.085812666 169.53644 346.09515 977.2381 725.7017 1 0.9735791 169.26581 345.71265 984.4903 718.0845 1 0.23370038 491.93994 364.76886 976.5554 663.63226 4 0.057019632 430.44394 865.4674 478.76047 918.40405 ,test/3381.jpg
0 0.78807414 213.26251 53.71454 830.0937 796.2344 3 0.1689187 213.21613 53.3692 828.9422 796.40967 5 0.6054201 213.72522 53.798615 828.4326 795.8533 ,test/3382.jpg
0 0.22848137 390.87006 762.5071 461.92987 856.223 0 0.116935834 438.55905 179.6109 460.3121 215.31824 0 0.09840151 304.2508 672.9807 402.80896 744.6133 1 0.9897613 150.41534 466.90982 675.7313 924.7201 1 0.9636434 235.31189 140.06163 765.0387 595.03217 1 0.8933823 153.72229 146.11646 761.30096 931.3927 1 0.83360493 254.82837 348.74692 695.4001 592.2025 1 0.47013637 422.18475 192.50847 584.3012 350.3504 1 0.44584236 418.8766 118.1402 761.2648 416.32452 1 0.39705342 262.01105 482.01788 676.7049 743.8752 1 0.342656 195.0726 291.0562 716.54663 705.47797 1 0.18284823 390.87006 762.5071 461.92987 856.223 1 0.12661475 561.0142 155.50926 649.858 210.24852 1 0.11311368 438.55905 179.6109 460.3121 215.31824 1 0.102675885 420.2822 120.53308 659.33887 221.20712 1 0.10181956 402.0937 113.36399 642.36786 356.99557 2 0.38915095 250.03563 350.09906 692.0515 593.7663 ,test/3383.jpg
0 0.09937717 284.8917 452.45267 761.4663 702.6478 1 0.9588894 284.41864 453.6951 760.1595 701.5008 2 0.053962465 284.43036 453.85608 760.10516 701.3865 ,test/3384.jpg
0 0.85449374 222.42549 197.77754 479.19244 523.65717 0 0.17161876 116.24921 233.98355 559.2239 862.1216 0 0.06141341 508.45355 292.9638 838.5671 745.9698 3 0.21505097 118.347015 468.01575 268.35556 849.32117 3 0.2094478 508.45355 292.9638 838.5671 745.9698 3 0.09806986 67.79541 277.43484 832.88336 896.77124 4 0.5007067 509.10684 291.50067 836.9075 744.5977 5 0.6034429 508.76196 290.67847 836.73926 744.68506 5 0.06613355 221.71996 197.78682 478.72632 523.5987 9 0.18558338 221.79099 197.9758 478.91025 524.6831 ,test/3385.jpg
2 0.99934417 343.32288 430.96893 716.40344 830.2873 5 0.70519173 638.64453 430.72534 721.05676 835.27356 5 0.08495063 333.88397 430.99475 722.3433 828.9474 ,test/3386.jpg
1 0.80509347 412.20886 785.7768 1001.4197 871.6982 1 0.8027535 731.6124 765.8154 876.55566 810.6731 1 0.8004577 10.728821 323.1942 387.58102 822.58716 1 0.38434827 724.78406 766.39716 1007.30334 811.5817 1 0.31397256 259.99747 583.28955 1006.52356 854.90796 1 0.20627084 234.1745 666.5308 962.97723 777.09186 1 0.20095608 298.72852 532.5166 1015.65625 676.97473 1 0.104217805 897.2492 794.52203 1024.0 874.4134 1 0.097922795 265.38327 308.9065 1024.0 816.6904 1 0.08531065 388.38953 689.2589 1013.74365 877.16284 1 0.07775602 804.72675 775.08154 1023.0799 873.85376 1 0.061953582 249.06586 737.6167 1009.42426 834.67883 5 0.057004295 237.6482 674.33673 802.73584 771.5611 9 0.9860568 327.7346 324.34122 1006.9468 579.7472 9 0.9173253 328.1089 453.53345 1003.8878 571.7058 9 0.8893793 311.11765 446.05478 999.0 684.67236 ,test/3387.jpg
0 0.49142942 126.6109 428.01337 762.3469 729.8488 1 0.94723266 117.318634 425.7646 763.80725 728.7386 ,test/3388.jpg
0 0.66625184 264.64865 415.45355 507.91275 659.5076 0 0.17091441 48.205963 413.0443 528.558 660.42773 0 0.10527194 40.849213 437.66046 303.59833 532.99585 7 0.5881538 261.84485 416.45056 509.22015 660.0476 ,test/3389.jpg
0 0.8841249 243.48874 228.45224 771.7975 809.4142 0 0.2619037 726.73755 589.3526 860.61304 822.7116 1 0.27914688 242.63156 230.5022 785.73816 810.34644 1 0.18692283 717.2162 588.403 860.8982 822.7563 2 0.14426473 244.28723 230.02722 775.57935 811.0393 ,test/3390.jpg
0 0.77584374 457.915 138.49173 509.56424 218.13266 0 0.051406775 210.82004 279.99048 384.57718 478.45117 5 0.99969685 578.17267 760.42975 691.76373 848.2961 5 0.9980866 330.8348 180.185 602.5719 835.4641 ,test/3391.jpg
0 0.83917683 236.47377 255.37726 284.70264 528.8055 0 0.48686922 202.86589 245.41664 536.5598 544.162 0 0.46298885 145.77661 190.8201 554.26697 712.2893 0 0.39207315 405.89426 237.98035 449.72574 526.00775 0 0.17617463 332.77347 190.5199 513.1891 556.6666 0 0.10825316 400.1128 229.33145 494.1687 528.4381 0 0.10689196 441.15927 501.33862 542.7696 529.0543 0 0.07159303 185.36115 381.06696 580.98944 543.9694 0 0.06495987 203.18112 222.47682 342.12253 544.3762 0 0.06256556 268.39905 280.37216 423.88428 504.5731 0 0.058961704 347.84058 244.76364 428.6067 506.4435 0 0.053368438 226.15138 448.9953 536.7565 523.7124 1 0.9977283 119.36566 175.81616 593.97327 710.4083 1 0.3386665 531.27344 207.628 619.1008 605.8173 1 0.19655374 970.2975 989.45074 1024.0 1024.0 1 0.09156506 446.26758 172.4793 610.3612 606.4361 1 0.06434709 229.6165 181.15685 568.21826 550.66003 7 0.9997857 612.6996 395.359 778.25256 683.70496 ,test/3392.jpg
0 0.30691946 602.209 14.464996 1024.0 245.70587 0 0.27610493 841.95526 6.2383423 1022.231 129.88385 0 0.24355613 609.92834 34.699524 893.9032 156.46284 0 0.15206316 898.1314 4.5063553 1024.0 83.44352 0 0.13643745 839.89465 3.3551521 960.5171 80.1252 0 0.123518236 286.03354 319.32495 564.67664 484.6371 0 0.090855725 538.3476 503.3679 574.4019 555.1183 0 0.0848095 388.793 419.77295 527.08984 464.80304 0 0.08284309 550.9318 406.43515 890.8736 761.0282 0 0.06533026 915.2045 1.2410398 987.2851 13.507454 0 0.051623516 943.5019 5.854204 1024.0 59.38701 1 0.998456 290.5755 138.2211 799.5882 487.62375 1 0.9834214 138.23044 328.87024 597.84644 681.90735 1 0.9714162 512.28613 221.7276 1024.0 805.39703 1 0.9487128 274.80707 426.50775 589.118 667.54755 1 0.7638158 896.2351 584.89825 1023.8812 799.04486 1 0.6717658 144.52594 329.609 394.85187 571.509 1 0.66688204 839.5279 3.4069443 957.1175 79.64278 1 0.44774628 178.62418 218.81418 905.3882 826.28613 1 0.24702111 540.52124 442.3435 591.7262 483.72034 1 0.197332 299.17017 217.52539 602.78015 480.60406 1 0.13415778 842.0108 2.248146 928.309 51.58907 1 0.11654828 550.9318 406.43515 890.8736 761.0282 1 0.05579299 881.4148 258.47617 1019.6669 802.3602 ,test/3393.jpg
0 0.338484 712.45514 902.4863 772.5876 961.09314 7 0.9975159 218.58055 292.9185 593.0012 960.06714 ,test/3394.jpg
0 0.88039744 287.26312 378.60052 517.77954 756.5412 0 0.2108888 0.0 491.5821 179.91403 660.9593 1 0.1676277 287.70175 378.80093 518.19214 756.0205 3 0.13173494 287.6873 378.06842 517.824 756.70917 ,test/3395.jpg
0 0.15564153 391.00165 514.3404 496.75085 669.5312 0 0.0849523 439.00592 530.059 494.70306 678.1601 1 0.11956191 391.00165 514.3404 496.75085 669.5312 3 0.05219988 3.1490173 289.2526 211.29955 556.69775 7 0.9999418 161.66747 502.74197 479.46124 818.07764 7 0.9997677 663.65546 386.54462 910.7441 703.3647 7 0.36398476 306.6167 506.78632 497.08075 672.81647 7 0.10911863 418.26703 519.12244 497.03326 676.73035 ,test/3396.jpg
2 0.99446315 314.33636 193.8262 580.64417 672.92175 ,test/3397.jpg
0 0.9284505 853.0199 205.08925 886.54285 261.64975 0 0.16924414 751.81213 229.10924 814.6249 328.11725 0 0.15072057 447.7267 534.40204 553.3146 643.7204 0 0.09708683 200.12326 900.5484 325.72806 1022.8846 0 0.09007474 410.77393 814.8513 431.77954 1018.33826 0 0.051738 840.5844 2.8359375 1022.634 639.08295 1 0.9876847 290.4127 139.51062 809.9625 620.46606 1 0.94545 138.89325 497.19626 1018.5289 1013.56555 1 0.9128101 133.66571 738.6124 206.73837 877.12573 1 0.84758157 712.0167 328.00464 807.30396 592.17065 1 0.8359856 543.37714 316.53287 807.2453 690.97363 1 0.8065982 410.8114 2.6116486 819.004 151.73009 1 0.6051527 371.74738 106.623215 819.7017 326.69843 1 0.58304167 452.7374 286.76428 593.57654 638.21027 1 0.5628054 141.36758 496.329 636.975 858.8828 1 0.55489445 329.0864 690.46423 830.666 1023.9203 1 0.48972985 760.0888 7.0475464 1024.0 642.5797 1 0.42106467 675.6205 277.03882 983.8513 662.73193 1 0.36524934 642.38477 135.0156 815.4857 657.7406 1 0.35253432 744.7176 159.03226 823.8857 388.99527 1 0.33091968 558.67706 416.00302 942.4224 679.2361 1 0.32249793 139.85959 222.95715 896.4508 877.0432 1 0.30620912 791.0228 238.19197 949.85815 445.622 1 0.2669991 179.12479 587.81445 402.1915 1019.5541 1 0.24903233 455.2175 270.8224 737.26953 666.36304 1 0.21185839 751.81213 229.10924 814.6249 328.11725 1 0.1920896 701.7948 430.7874 810.64685 629.57 1 0.18175386 460.10248 329.36768 1006.96246 918.6747 1 0.17399605 928.3872 444.49103 1020.09204 644.29486 1 0.16563031 829.489 11.561501 885.1633 259.17255 1 0.16322386 449.84814 530.0924 552.3007 644.01184 1 0.146612 511.54065 75.647736 787.93396 151.75337 1 0.13293733 714.13196 154.79396 857.4364 614.6089 1 0.12425688 439.97266 54.47255 723.2639 144.98053 1 0.11972538 322.15405 777.3872 650.4779 1014.22986 1 0.11880081 749.1852 160.27069 967.3677 527.8471 1 0.112032674 321.7587 800.4759 433.40067 1021.1159 1 0.10719195 665.36694 142.6398 836.30347 452.44144 1 0.09134871 257.9784 522.3067 842.54504 895.55426 1 0.080511995 410.77393 814.8513 431.77954 1018.33826 1 0.074546084 740.66516 321.19754 800.2638 377.80807 1 0.07214636 169.0481 652.46313 640.1027 1023.80554 1 0.07086441 853.3027 205.42264 886.34735 261.0724 1 0.070681214 102.91612 737.1469 195.31642 838.2244 1 0.064125545 426.9177 0.0 553.551 113.798416 1 0.056034077 329.10388 931.7728 347.06805 1015.5238 1 0.055650033 908.1146 331.45624 1022.5326 653.3668 1 0.05550842 312.32 153.06334 685.2466 439.06256 3 0.050988752 829.489 11.561501 885.1633 259.17255 4 0.07619004 829.45624 15.556435 884.6988 255.15942 5 0.86814415 321.03104 802.45935 434.20767 1021.3323 5 0.82342786 391.4508 2.0501404 450.06653 125.86039 5 0.16952012 831.0665 12.550194 884.6118 261.6664 5 0.16864611 198.56383 901.287 329.52716 1022.89417 5 0.12446207 410.37225 815.3637 431.3955 1019.5871 5 0.089424066 451.74655 291.70288 599.5008 633.9127 5 0.07767745 928.86017 491.6925 1020.11554 644.251 5 0.07082409 832.5418 18.614784 877.269 116.057976 7 0.0879803 751.81213 229.10924 814.6249 328.11725 7 0.074130304 831.0665 12.550194 884.6118 261.6664 7 0.06024719 447.7267 534.40204 553.3146 643.7204 7 0.054128643 935.21014 503.02744 1021.3586 649.00696 ,test/3398.jpg
0 0.60803086 401.65887 376.5329 710.73285 665.8758 1 0.49440253 403.9193 376.3952 712.897 665.82855 7 0.080725454 404.65546 375.27045 715.1772 666.30597 ,test/3399.jpg
0 0.53980356 617.5603 390.453 735.85815 486.2838 0 0.31493542 621.9762 421.4354 706.43054 484.0084 0 0.05362467 649.45386 395.22406 733.0132 461.85144 1 0.9996111 301.6872 206.15752 732.9897 487.32886 1 0.9985512 244.32089 419.81934 821.32104 911.9021 1 0.46898526 616.9966 390.24924 736.56274 485.61478 1 0.29433957 302.76392 383.77133 426.58844 481.2761 1 0.24569584 314.21426 390.32074 731.77075 492.8175 1 0.2056259 601.8116 230.09277 727.7664 402.57477 1 0.18940236 494.5025 425.88406 702.2453 491.72806 1 0.15011053 499.4065 458.3743 649.173 495.83853 1 0.12299153 655.3014 338.34747 713.2792 384.3766 1 0.122954585 321.96777 416.06976 735.38806 570.1783 1 0.0640903 335.54675 256.7973 652.8813 352.51 1 0.060891274 672.9982 348.55475 696.62335 402.72144 1 0.0559915 520.83844 467.5562 624.0053 493.4688 1 0.055037383 305.8204 387.00348 521.048 496.07605 1 0.05263814 610.6328 285.84406 742.8395 474.02338 ,test/3400.jpg
0 0.051989842 156.02826 138.33911 966.7111 711.2935 1 0.94128376 140.5625 143.94373 965.72864 711.80585 1 0.16853486 187.57597 518.66113 512.17303 724.2782 1 0.076200254 207.53644 331.9887 364.3072 502.7307 1 0.052836034 212.63773 268.1322 988.85095 966.3031 2 0.15998739 169.79623 138.45667 955.4038 714.7806 ,test/3401.jpg
0 0.9999523 214.94666 224.00793 735.0483 862.5094 ,test/3402.jpg
0 0.63787675 441.809 520.5372 631.25946 605.15656 0 0.6336676 910.5604 426.13803 1023.4508 595.0504 0 0.22844204 798.0856 581.16534 895.9675 750.0461 0 0.1919783 747.8176 541.16626 1024.0 986.7638 0 0.1359461 189.95242 335.39618 807.2411 529.73395 0 0.12379409 4.75 364.28452 497.02606 643.0636 0 0.112923004 73.49472 519.4469 643.67236 624.2665 0 0.08310183 814.688 530.8009 971.511 733.3718 0 0.07824039 736.9981 602.2324 852.1989 761.66345 0 0.06644676 476.031 695.64056 619.5542 794.1767 0 0.06584659 261.61844 522.3202 632.7626 602.3606 0 0.06062331 460.518 535.058 747.41327 604.81506 0 0.054705046 801.0914 270.20996 1024.0 469.2978 1 0.99332136 73.649475 47.244568 963.57855 547.6553 1 0.9313434 139.39471 11.126953 751.7699 216.26059 1 0.9206825 44.983276 531.32306 1012.28784 1015.5855 1 0.91706526 591.89685 671.1346 741.4325 775.8077 1 0.90443176 807.16296 532.2823 973.74524 739.44086 1 0.7126457 694.74164 49.934174 1001.2087 242.86313 1 0.6377998 310.34778 663.7832 845.4337 816.7289 1 0.5747959 734.4698 661.9416 855.4251 761.3143 1 0.56816536 763.94617 385.32498 923.93274 561.32007 1 0.46670547 0.0 352.45358 869.11145 639.57996 1 0.46314448 64.61804 31.785309 954.294 297.651 1 0.45835888 164.70941 331.28217 825.577 527.79205 1 0.43708378 801.7853 580.0256 896.562 750.7331 1 0.43393224 406.8852 541.78406 833.6785 776.75024 1 0.4273601 476.031 695.64056 619.5542 794.1767 1 0.33742493 245.67157 555.2598 999.65643 843.3023 1 0.30052653 704.51086 25.294617 1022.5593 588.381 1 0.27892223 875.6416 424.68228 1024.0 594.41833 1 0.27838212 211.06653 726.4364 939.6721 1016.2827 1 0.24872637 474.1334 674.51996 756.994 789.153 1 0.22412518 3.3601608 896.9393 179.13266 1022.91 1 0.22340912 758.64307 371.08124 1018.3583 780.92413 1 0.18032873 625.0659 537.56213 715.4796 566.4595 1 0.17814784 43.18988 203.25192 944.97894 728.011 1 0.17512263 558.56573 600.0596 921.1567 773.58606 1 0.17406031 741.6607 593.59686 871.6475 753.6817 1 0.12394346 758.4331 245.627 1024.0 598.75867 1 0.123355016 314.0545 631.0286 539.19006 827.4886 1 0.12226124 711.0443 536.8556 997.9651 775.98535 1 0.099936165 859.6119 423.04932 955.89105 561.06885 1 0.09477054 269.1723 580.8024 704.8602 822.38934 1 0.09454232 0.0 571.57495 448.22552 971.0896 1 0.07710628 378.07434 601.9521 776.27454 733.50946 1 0.076230265 632.99097 367.8022 940.9082 555.5533 1 0.07596167 73.414276 133.3504 962.32605 370.13116 1 0.067788884 366.80627 704.0655 521.7231 822.4445 1 0.059747756 589.65344 525.6476 799.5736 581.422 1 0.055659216 759.3248 517.2241 1024.0 908.2081 1 0.05032495 506.8614 528.2304 787.20966 604.4122 2 0.061258875 476.031 695.64056 619.5542 794.1767 2 0.056764524 480.33362 695.5967 525.5951 795.11523 5 0.5721894 3.3601608 896.9393 179.13266 1022.91 6 0.17337999 5.0887756 354.87738 455.74185 647.2589 7 0.6614382 5.885071 555.20135 466.94974 955.9548 7 0.33900678 15.790283 520.9194 983.3098 1018.4007 7 0.1923064 266.1043 520.7406 633.3219 604.4448 7 0.1210134 0.0 344.8742 826.16296 639.68274 7 0.0791873 29.316223 517.6541 634.5103 631.85736 7 0.05092531 167.66515 562.4699 608.06616 847.5878 ,test/3403.jpg
5 0.9997434 362.4112 153.44478 544.3703 575.14575 5 0.18663323 396.49655 145.27177 490.04587 178.14983 5 0.07819094 396.69455 146.80255 486.88345 163.172 ,test/3404.jpg
0 0.38617635 132.26901 891.1128 261.4063 1021.81384 0 0.37006912 0.0 905.5562 257.54047 1024.0 0 0.07973579 657.2384 335.3713 960.53186 508.62253 0 0.07301111 635.3727 702.0341 803.0054 792.43195 0 0.07294238 181.5162 636.38745 1002.2488 987.77795 0 0.07168021 113.52829 447.54718 749.59644 958.71844 0 0.056721136 159.31696 575.848 549.91705 807.9335 0 0.050712325 720.88055 711.0969 774.33685 732.6111 1 0.23583561 2.1200562 12.438339 985.436 313.94012 1 0.061632726 154.82529 399.96533 925.53296 801.8767 1 0.056501668 354.20282 565.28064 870.6573 745.162 2 0.72481006 355.2147 680.4243 455.70834 773.2272 3 0.7964587 358.09665 567.79407 892.21094 734.4072 3 0.62803423 773.5698 645.74524 1018.65454 962.6438 3 0.4420335 562.83624 653.4208 1023.2695 979.2623 3 0.4196033 71.31845 425.76166 780.87524 605.0535 3 0.14352946 753.45844 649.35095 900.1967 789.2583 3 0.13790895 641.74457 698.5253 808.789 793.1534 3 0.09508245 723.9319 682.05316 844.2106 792.17633 3 0.09379722 355.78546 680.82495 455.61395 773.4734 3 0.08544101 719.9798 647.2396 1003.7369 799.1538 3 0.07209456 181.5162 636.38745 1002.2488 987.77795 3 0.06347624 657.2384 335.3713 960.53186 508.62253 5 0.37190425 657.2384 335.3713 960.53186 508.62253 5 0.26157016 901.5652 35.39586 1024.0 354.5476 5 0.20439547 979.5016 309.66937 1019.5724 405.53857 5 0.14020462 356.51657 680.4533 455.94254 773.59186 5 0.13597606 776.24774 648.71704 1017.78937 952.69946 5 0.11033837 344.43115 695.00726 373.69373 768.3737 5 0.09946931 635.3727 702.0341 803.0054 792.43195 5 0.09746688 548.50256 726.9112 996.92786 978.44196 5 0.08220311 0.0 905.5562 257.54047 1024.0 5 0.06556415 125.05799 867.66644 318.67612 1023.7194 7 0.983204 83.859436 215.32193 995.56915 763.8419 7 0.8972455 137.72778 584.6179 842.99524 972.87305 7 0.6351588 120.53186 477.29492 899.46497 796.204 7 0.29355454 160.32973 580.25757 540.277 803.20386 7 0.23228404 650.90656 296.56775 1023.0439 649.8102 7 0.21944194 153.03174 213.27261 953.2886 458.41006 7 0.12181754 325.37018 651.34045 1012.16437 983.2523 7 0.09611609 356.37003 567.4865 885.85583 736.11896 7 0.08809129 177.9873 273.61258 461.77032 437.61783 7 0.08712737 494.971 684.47766 562.77203 728.34607 7 0.058010306 676.13165 699.94415 807.89435 795.42316 9 0.14245448 131.7712 887.4352 256.3643 1021.6262 9 0.11488727 10.289978 909.94 192.07292 1024.0 9 0.051773917 0.0 879.6749 320.48712 1024.0 ,test/3405.jpg
3 0.9997383 146.87433 281.9452 688.38873 893.28674 3 0.13191329 454.51617 395.33307 676.23773 879.325 ,test/3406.jpg
0 0.99816173 158.59192 450.49066 633.7839 724.86566 0 0.0897883 173.50504 455.47058 405.73538 685.6139 ,test/3407.jpg
0 0.26477227 174.0614 0.0 1005.15674 157.9224 1 0.09910057 171.46182 0.0 1007.3722 158.72958 3 0.99962616 426.56586 360.22498 639.2072 655.4565 6 0.05438647 173.60449 0.0 1005.4579 158.00934 7 0.31161878 174.0614 0.0 1005.15674 157.9224 ,test/3408.jpg
0 0.89207685 106.90037 401.75006 181.68066 486.06726 0 0.07115018 384.02985 578.03973 418.94098 619.6098 1 0.23673216 106.64979 401.5677 182.1246 486.4555 2 0.99859625 290.17123 288.92963 361.6406 388.44507 7 0.99990654 566.909 203.88196 820.3398 622.8719 7 0.99855787 409.65887 427.68292 650.5135 733.1628 ,test/3409.jpg
0 0.06566237 396.3374 844.85614 463.67993 876.3682 1 0.9977406 204.97858 376.33945 583.8455 851.23083 1 0.34284455 207.21837 606.0676 562.583 850.55383 7 0.9999646 602.70984 202.51639 912.95715 798.8761 ,test/3410.jpg
0 0.28104275 374.76355 466.0252 425.07196 543.88885 0 0.19381075 109.820755 154.1465 131.11151 195.70958 0 0.10084026 858.0554 618.98615 902.6538 653.5003 0 0.084158465 832.49756 579.8155 1019.45105 729.0889 1 0.167248 375.01532 466.5131 424.51202 544.38794 1 0.16492963 853.13824 615.1496 902.8383 655.48505 1 0.10893753 840.87024 576.28357 986.32214 709.7805 1 0.100163154 837.95447 582.74774 904.6533 655.3715 1 0.056774415 855.19086 550.73303 1021.3287 768.53015 5 0.71748215 418.1013 528.43195 473.72427 603.56854 5 0.32607633 374.7456 466.06165 424.85175 543.80884 7 0.99979883 51.90473 159.37186 241.38245 501.8102 7 0.9996265 214.89758 198.26547 436.84845 617.10535 7 0.998125 324.51007 468.72974 490.87665 714.1959 7 0.9969252 752.6444 564.9611 1019.619 890.18317 7 0.9718347 518.60046 494.2868 645.09033 713.8134 7 0.5052073 482.69965 508.04736 559.36285 689.0757 7 0.2715225 859.59906 567.89844 988.44476 714.8744 7 0.24737538 418.29907 528.6653 473.7802 603.8241 7 0.20630996 376.9476 475.98053 481.77524 616.62994 7 0.14573932 902.3321 610.622 978.5341 701.49384 7 0.12605742 61.262867 182.70938 127.47098 239.59302 7 0.07918662 109.92769 152.88959 130.62671 195.87143 7 0.07376733 62.38832 191.34773 103.54996 235.33751 7 0.06327544 863.6873 639.43286 905.31757 655.84436 7 0.061919197 868.2608 598.97656 1023.33514 752.406 7 0.0583169 304.53143 467.9964 466.78986 621.65765 7 0.050601974 373.42786 465.36386 426.15643 543.89325 ,test/3411.jpg
0 0.4585743 586.55835 821.04095 668.9852 912.0837 0 0.15637784 420.29675 332.4323 728.1051 519.4567 0 0.096537754 462.16473 374.02264 683.9854 500.2055 0 0.06727176 427.3175 248.02681 685.0625 609.21826 0 0.055172008 387.39297 322.78244 436.0623 375.41324 1 0.98555577 596.34015 154.30826 782.18317 386.64474 1 0.97077 326.5125 177.07205 819.9549 792.296 1 0.74211395 389.08466 233.63106 692.3643 616.9111 1 0.70654935 230.60608 459.1009 484.21942 822.4981 1 0.67030644 586.69415 821.383 668.8028 911.7037 1 0.5345721 792.5762 401.86075 861.4287 487.83987 1 0.38072714 384.4082 334.7089 481.50366 625.1637 1 0.33769408 420.29675 332.4323 728.1051 519.4567 1 0.30344298 515.8132 136.28404 775.8636 495.09058 1 0.26526186 462.16473 374.02264 683.9854 500.2055 1 0.2179369 221.09644 410.50186 759.5263 809.52136 1 0.17614211 648.2581 276.88876 711.4317 373.11758 1 0.12128093 373.99164 169.98993 647.3798 353.77026 1 0.09747226 593.2451 193.27197 708.95166 393.4914 1 0.06851405 639.117 186.2938 723.48553 364.3372 1 0.06412948 640.1178 289.68738 689.6139 389.82446 1 0.053190902 402.5706 253.8548 625.43945 381.4419 1 0.052329667 362.79718 110.673485 665.3732 294.8738 7 0.104623474 387.39297 322.78244 436.0623 375.41324 ,test/3412.jpg
3 0.99913776 180.53854 170.61755 925.4929 846.0693 ,test/3413.jpg
0 0.13873161 282.8645 366.49377 305.0155 407.8947 0 0.10444236 285.46185 354.0669 315.54913 407.16827 0 0.050622314 621.93964 784.8449 678.1536 813.27203 1 0.9989304 60.932526 356.43246 398.86975 564.67554 1 0.5243238 285.31268 353.53528 334.47687 410.39404 1 0.2175473 200.15372 345.70352 255.41928 382.0906 1 0.19761783 87.597755 375.9773 305.20023 461.40393 1 0.13230716 92.14293 388.2226 134.4102 407.0678 1 0.1126027 91.88799 381.74094 289.91312 406.2498 1 0.0933298 70.180984 386.4871 137.7473 452.60202 1 0.08487974 282.8645 366.49377 305.0155 407.8947 1 0.08107916 621.93964 784.8449 678.1536 813.27203 1 0.07157401 361.32404 478.30817 464.27295 545.9462 1 0.070211336 46.886063 446.86572 476.31775 566.20917 1 0.06005578 63.802353 360.29337 202.82918 462.17557 2 0.06349065 245.495 345.17828 272.87207 382.65552 3 0.9974068 671.2043 605.13257 772.1309 851.38794 3 0.84853065 796.1999 489.59357 906.1359 900.94867 3 0.06256137 279.07373 372.91873 304.40082 411.69418 4 0.986955 673.74896 292.00708 784.5286 663.32666 4 0.8896222 790.90466 324.9139 907.22656 915.67114 4 0.4572248 789.75684 343.92877 905.5696 622.9904 5 0.98535675 876.7301 871.4796 935.801 936.25037 5 0.16938125 790.42267 326.26328 908.5352 914.14307 5 0.10570179 247.20284 345.22736 272.9735 382.6942 8 0.055264924 796.1999 489.59357 906.1359 900.94867 ,test/3414.jpg
0 0.060807176 433.483 444.26602 578.4496 560.75995 1 0.4138378 433.477 444.29807 578.64087 560.5995 2 0.925847 433.2295 444.415 578.83044 560.8909 ,test/3415.jpg
0 0.46743563 762.102 607.9475 873.30524 672.94275 0 0.37011045 120.803955 936.1201 166.27689 973.3579 0 0.27133238 157.08461 688.8189 633.96985 850.2482 0 0.189598 860.6869 606.57587 1023.6543 774.44415 0 0.13958926 936.66125 237.23854 983.1627 266.30197 0 0.11967213 872.2277 236.15286 937.0789 259.81747 0 0.094419554 61.360016 539.4895 725.52905 734.7362 0 0.08402154 941.58136 452.31085 1024.0 490.0208 0 0.08347955 941.7925 477.54245 1023.8801 490.81863 0 0.07966093 788.49243 130.44733 902.07434 225.79437 0 0.077032015 813.581 203.19948 902.92706 242.42116 0 0.07680618 931.5258 463.09653 1024.0 586.62115 0 0.062241647 913.3812 299.59583 962.48267 339.59015 0 0.06202036 208.42445 252.8403 470.99695 432.37637 1 0.98957807 381.38693 244.55486 972.9474 593.246 1 0.97468096 508.24023 212.44937 755.83154 334.47543 1 0.97088784 857.73145 608.1768 1023.2141 773.3306 1 0.81514627 62.44513 521.8921 725.5563 741.71594 1 0.77597874 762.3674 607.7116 873.2576 673.2028 1 0.6507261 912.605 287.93756 1021.49976 480.5968 1 0.62365514 941.9115 452.66196 1024.0 489.25662 1 0.49198368 917.06006 307.76132 949.96655 378.9633 1 0.4659575 881.1563 246.92044 922.62054 374.85715 1 0.4488234 443.52942 235.60036 894.39966 368.79138 1 0.4199133 876.7838 235.1907 953.1019 377.36752 1 0.29860672 909.02026 260.6113 952.8845 293.42087 1 0.24934535 156.71283 688.66187 632.9856 850.31396 1 0.24747506 899.54724 251.53183 941.90295 377.47696 1 0.24426317 913.3812 299.59583 962.48267 339.59015 1 0.18129559 750.81287 239.56442 900.02246 372.9382 1 0.1791018 983.5814 322.67188 1024.0 455.3308 1 0.17072107 898.8939 256.61896 921.3579 364.33636 1 0.1572154 911.4581 297.36465 967.8605 381.10226 1 0.1554273 909.7933 260.0256 953.08527 358.11575 1 0.1406948 396.17 454.51138 993.2938 593.53644 1 0.119344145 865.9171 244.88763 903.3275 370.9391 1 0.11703012 280.754 196.9158 894.7825 440.69327 1 0.10934153 850.30457 243.97638 931.29846 370.24304 1 0.10441316 740.56494 146.11995 1023.3479 473.8604 1 0.0922801 931.5258 463.09653 1024.0 586.62115 1 0.07265675 908.20746 289.19693 1006.01874 338.31082 1 0.069666654 898.9475 279.2004 1016.61536 391.8129 1 0.06897188 941.7925 477.54245 1023.8801 490.81863 1 0.06792628 851.9287 242.7673 1022.60474 436.9929 1 0.064771935 894.89343 320.7114 919.6887 374.9788 1 0.06371333 892.30786 257.70026 914.3645 351.6104 1 0.0632909 872.2277 236.15286 937.0789 259.81747 1 0.058896217 208.84296 255.19989 469.86115 437.28625 1 0.056890957 903.1924 241.4258 978.4253 380.02002 1 0.054684207 898.1711 241.14857 952.118 297.0039 3 0.051650725 120.803955 936.1201 166.27689 973.3579 5 0.8749745 133.67029 186.03986 317.5956 324.2233 5 0.8205472 936.7302 237.21855 983.2118 266.79337 5 0.777293 204.91704 252.47467 470.62415 435.1949 5 0.39652374 120.90451 936.034 166.38022 973.4687 5 0.07737801 47.777252 422.36688 713.20984 784.17413 5 0.069293484 158.12135 688.7174 626.9672 850.22327 5 0.058613002 753.03955 230.2089 887.5353 275.21902 6 0.44010106 959.3135 289.4764 1024.0 475.89383 6 0.27424917 990.2128 323.17606 1023.7719 459.19528 7 0.9659476 0.95630646 927.9533 174.69028 1021.8028 7 0.6513745 791.4786 131.20412 901.882 219.43355 7 0.5074788 642.1582 131.07626 909.4265 276.86255 7 0.45472714 157.45424 689.6146 625.14655 850.8203 7 0.27703494 724.74896 156.7359 785.0645 199.27261 7 0.27629486 117.24274 509.61298 382.70688 562.45294 7 0.22147046 54.91565 425.37573 495.15137 570.3177 7 0.130815 746.0372 199.33777 908.68195 274.35324 7 0.10923584 61.955994 519.72205 724.8688 742.3174 7 0.05002848 813.581 203.19948 902.92706 242.42116 ,test/3416.jpg
0 0.9906364 617.1244 606.9457 944.2777 711.95984 0 0.841013 236.81416 719.9059 552.0919 812.45056 0 0.28869095 595.35114 321.5315 752.89813 352.46002 0 0.21147765 304.11798 283.56915 574.8205 348.5484 0 0.14076717 599.1504 322.247 677.28174 353.9939 0 0.11342452 1007.6933 337.9764 1022.44366 387.59323 0 0.09315661 197.65234 597.3873 947.9625 808.109 0 0.092069186 416.78134 336.0006 953.56506 723.8428 0 0.08981404 464.41095 319.063 767.5306 374.48688 0 0.07134487 468.74893 601.4109 933.6802 744.4496 0 0.061802633 236.61469 665.6887 643.252 811.4973 4 0.21054214 424.6365 339.06412 635.4625 729.5217 5 0.9315393 425.15186 336.38013 635.0034 728.3109 5 0.2491175 426.09784 334.724 953.50323 726.5209 7 0.060883317 595.35114 321.5315 752.89813 352.46002 ,test/3417.jpg
0 0.670742 315.2345 566.633 408.1612 587.8765 0 0.28697833 398.20624 542.30286 457.34772 642.8718 0 0.20284149 314.29913 563.98615 406.47852 613.6092 0 0.17439193 539.91907 654.5981 618.52637 671.1202 0 0.13700157 314.68475 556.13873 460.35077 642.6014 0 0.053422768 287.88904 606.04065 398.7951 625.5813 1 0.9430796 763.2475 835.51746 1021.846 1024.0 2 0.9988802 397.28802 509.40927 719.17426 665.9822 ,test/3418.jpg
1 0.9974726 68.17938 284.7895 911.33795 721.7901 ,test/3419.jpg
0 0.28311703 984.55585 811.0882 1024.0 918.262 0 0.058103986 809.4996 530.54974 1024.0 945.91205 5 0.06978791 21.389374 0.0 1024.0 931.7258 5 0.054861855 984.00836 810.506 1024.0 918.2112 7 0.978909 16.991364 0.0 1024.0 952.26294 7 0.5270172 492.18518 535.9825 1024.0 943.4141 7 0.44962245 810.5307 526.95496 1024.0 959.5719 7 0.22825679 984.0769 815.08295 1024.0 918.5013 7 0.103954576 258.76202 386.60126 1024.0 955.3985 7 0.06571 825.4269 656.9562 928.1317 795.32837 ,test/3420.jpg
0 0.10445467 514.4479 504.6886 879.9398 871.249 1 0.10283437 710.5023 838.5852 741.09766 873.71716 1 0.06477564 552.0605 741.4427 732.1624 869.54767 1 0.056021422 100.73403 887.4235 311.88287 1016.4307 7 0.9940201 10.308594 341.2848 887.25183 979.36536 7 0.77951413 435.14526 367.542 753.59534 544.8046 7 0.77733546 212.57922 269.58618 757.5809 553.7066 7 0.37272143 532.1576 504.07812 880.4148 867.41406 ,test/3421.jpg
5 0.9986358 392.33038 375.76978 613.1928 512.89703 ,test/3422.jpg
3 0.9997751 422.0842 297.9516 702.9939 496.17975 ,test/3423.jpg
3 0.99852496 354.8872 431.89304 626.49164 634.313 7 0.064804636 550.61707 315.3412 606.78357 450.2845 ,test/3424.jpg
0 0.6348463 884.9544 976.2581 935.7541 996.35834 0 0.16765417 629.63464 541.07684 669.32153 603.34735 0 0.09285104 218.14465 294.8141 349.0304 480.9972 0 0.09242643 283.12103 287.73645 314.17737 481.94647 0 0.09078527 357.91513 293.15524 375.5184 375.7852 0 0.050411265 235.5398 186.66182 317.0724 481.91803 1 0.9255243 217.92409 128.7181 458.46783 483.54242 1 0.549177 248.51306 167.94623 418.17896 393.48285 1 0.3783302 237.78531 196.22072 419.66586 306.64465 1 0.21953562 211.52396 288.40674 423.817 481.42236 1 0.21688712 885.1016 976.55334 935.5949 996.15344 1 0.20812458 0.0 685.3597 96.08295 738.39215 1 0.19208817 384.50848 195.62347 458.9583 451.4926 1 0.16690843 216.91177 292.97855 384.28458 410.6536 1 0.15165122 220.2568 291.79822 327.88382 481.19092 1 0.12945811 281.2181 199.09409 406.54752 223.97525 1 0.11576587 288.64685 285.82892 375.99115 379.42285 1 0.1155364 218.57684 108.929695 404.10535 216.54736 1 0.09784061 285.30728 268.3498 402.57816 408.0619 1 0.0739876 355.61267 286.5034 375.52197 331.8116 1 0.068142585 283.76953 220.40262 425.87683 461.60562 1 0.058951825 357.91513 293.15524 375.5184 375.7852 1 0.058265418 392.33722 198.96082 415.52625 278.35162 6 0.5811168 220.34448 109.69859 401.8258 215.34212 6 0.21057823 276.32376 150.08582 390.03006 221.16281 6 0.14546366 334.68427 103.84367 413.1624 204.37975 6 0.13860181 368.72345 146.4607 410.9225 199.89883 6 0.053038143 234.37892 109.85304 385.62317 404.5277 7 0.9996462 758.61383 538.67114 931.68195 889.3983 7 0.9990601 602.31757 523.04443 817.78375 934.11206 7 0.6921166 629.8968 541.75616 668.38385 603.9805 7 0.15342963 885.09094 976.29376 935.7317 996.1152 ,test/3425.jpg
0 0.83093715 232.16646 223.73926 287.70187 366.10474 0 0.17054941 690.9672 271.09793 840.2906 418.81906 3 0.9812448 161.13431 343.05585 407.551 725.4538 5 0.3276744 163.60306 335.52002 407.1448 728.3319 5 0.20227607 232.41106 223.75993 287.36688 365.41608 7 0.09520377 233.58334 224.10019 287.82443 361.03976 ,test/3426.jpg
0 0.8088799 81.04704 195.98578 388.48395 348.09308 0 0.052528862 748.31445 445.76483 799.1925 512.9771 1 0.979629 25.41925 198.32382 546.7068 1024.0 1 0.9683215 497.373 434.24304 955.342 826.9707 1 0.9654456 510.83267 451.32928 767.9935 631.85443 1 0.8702659 529.94464 389.37488 933.3614 634.0886 1 0.74033743 893.4063 266.38605 925.90265 299.7945 1 0.5898527 621.9552 508.39197 946.1033 729.37683 1 0.57425636 676.4946 609.04395 785.4955 682.00684 1 0.4948849 554.5202 392.8708 806.20416 509.58533 1 0.43980604 746.64325 523.1989 958.03754 707.8737 1 0.37696204 511.17627 473.60193 811.64197 752.4302 1 0.2537963 506.1163 517.75995 560.0936 580.7391 1 0.20973714 277.03662 475.82022 439.71442 874.82214 1 0.19943456 302.44965 604.994 377.4834 724.9386 1 0.19327934 510.1556 571.1888 652.1727 727.98285 1 0.19006582 629.199 621.5276 784.7361 718.2682 1 0.15247694 518.44904 519.83374 709.0267 640.1388 1 0.15083696 516.7782 571.60187 748.307 668.055 1 0.14074983 901.8789 281.8047 927.1594 302.45697 1 0.1215744 675.9656 597.25964 733.20105 632.6537 1 0.113280326 610.14087 615.77216 797.78235 786.9693 1 0.09107465 728.10785 602.86383 780.2365 621.37445 1 0.09023043 79.04109 195.87604 388.11462 350.46838 1 0.08354328 673.4283 582.1887 746.2646 642.08044 1 0.07852028 507.83038 513.64923 641.87335 675.31647 1 0.073740974 498.9442 480.44196 657.3849 765.2006 1 0.07014351 655.9554 638.5666 771.4471 694.39276 1 0.063493475 677.6345 569.2093 810.59375 698.72015 1 0.06026124 702.5814 537.4607 852.4259 712.33704 1 0.056280274 721.51996 614.6271 779.32 651.3273 1 0.05573822 790.4594 438.67676 945.99005 653.8302 1 0.05468702 285.80804 523.4796 369.76007 902.32043 1 0.053660892 522.4778 611.1194 616.6748 675.6045 1 0.051366694 646.79193 619.5942 683.4008 640.92474 1 0.050923992 504.29468 534.48267 580.3325 715.46826 1 0.050193366 568.1388 184.49161 931.58386 625.64795 6 0.47273982 617.5938 360.821 792.1744 507.25528 6 0.18134607 625.4192 377.34677 741.6144 439.9094 6 0.11711865 617.3632 275.24088 734.0428 418.94443 6 0.115722775 637.2449 274.772 730.73596 342.74265 6 0.09642725 575.09753 192.53404 927.55237 590.3864 6 0.089122325 576.4078 381.58978 897.231 535.3204 6 0.06918337 624.34973 286.41864 803.99365 473.05957 7 0.92072797 576.527 151.20279 928.996 562.2748 7 0.19206665 708.2321 73.58144 911.8399 298.39166 7 0.094773255 703.2533 74.77695 928.85266 507.7656 ,test/3427.jpg
0 0.12370576 755.03876 652.00275 896.35114 765.28827 1 0.0680645 886.5713 746.8191 1023.6178 887.5779 2 0.058052216 757.54395 653.2952 898.43066 763.9838 3 0.14870982 757.87555 653.3345 900.14056 764.792 5 0.94226176 618.79877 787.2079 792.16315 927.6201 5 0.22580317 757.73413 653.99554 899.77 764.50323 5 0.06596224 885.77594 745.09485 1022.63983 888.96106 7 0.9998634 166.8132 391.25098 696.8993 828.45264 7 0.9157084 757.75183 653.4855 898.2064 764.5244 7 0.8306921 886.1806 745.86255 1022.5739 888.7311 7 0.13581796 617.81177 785.65027 792.2825 927.8252 7 0.059141815 367.0983 0.4508667 561.06885 140.94615 7 0.056370996 901.1705 749.77234 1024.0 819.6692 ,test/3428.jpg
0 0.08978372 411.35486 112.51202 523.65204 242.33923 5 0.997486 249.31705 149.33298 658.4861 955.78357 5 0.13785887 356.1421 46.503647 695.1012 232.69041 ,test/3429.jpg
0 0.08754485 184.42824 416.6076 208.10185 465.15155 1 0.99801385 216.92381 183.80978 711.7054 820.5409 1 0.4943688 184.13464 416.44336 207.7262 465.15015 ,test/3430.jpg
0 0.25823322 248.95828 455.18637 389.6904 586.2219 0 0.11438636 838.52203 561.0335 1000.2222 614.94635 0 0.05705115 686.53986 318.24725 776.1164 460.4795 1 0.89711964 249.18909 193.10684 787.3131 537.9348 1 0.8917444 82.105865 529.6973 385.49414 741.43085 1 0.7199362 969.8837 464.3482 1023.46625 612.28754 1 0.6117643 107.15604 201.61745 721.3102 713.4329 1 0.56775004 234.53445 461.2517 393.30942 593.14404 1 0.4554848 131.39815 277.27924 404.8073 616.23004 1 0.33927038 335.52884 489.7888 455.95706 633.23474 1 0.2812585 443.98804 242.78375 747.9227 535.29553 1 0.24495392 851.80005 558.55927 992.42847 615.008 1 0.23976317 187.76791 537.7839 326.1506 616.831 1 0.14216869 852.28204 517.09344 1018.2867 612.748 1 0.13345616 679.8589 322.30182 772.65063 467.67456 1 0.1261873 929.2208 467.2415 1024.0 570.484 1 0.12441476 969.245 533.6752 1023.9066 599.18176 1 0.12334818 866.8299 558.10693 971.88776 593.3668 1 0.112022184 85.67775 299.95782 482.93286 730.0317 1 0.10561194 617.50085 256.0177 788.86633 469.10345 1 0.08584049 972.0742 561.70886 1023.42737 608.0325 1 0.07269583 371.18018 493.53278 725.2008 651.2017 1 0.06387398 370.70508 487.64825 441.40295 542.4433 1 0.060128108 567.37695 240.86285 712.51794 472.96466 1 0.05931865 357.35217 297.6007 729.64514 609.47125 1 0.05135859 291.78967 582.1452 336.6623 628.91595 5 0.29454637 721.6416 319.73505 774.397 463.5074 5 0.11461791 360.2017 178.58844 392.32584 207.70352 5 0.10847733 568.9531 241.3797 712.251 473.5993 5 0.07731976 661.84875 319.30255 776.00635 472.5163 5 0.05432351 624.64233 523.7407 751.43445 716.14136 6 0.9504598 669.74524 441.0746 989.1655 612.49927 6 0.36177418 678.5808 324.27762 774.0447 467.36526 6 0.17725348 659.8312 438.12335 948.6637 538.39813 6 0.08902905 599.30273 426.0615 893.40784 516.1853 6 0.07882857 568.17365 242.17902 711.10223 463.255 6 0.061620463 770.44073 424.66852 862.0893 447.37982 7 0.94193244 354.74545 500.23682 758.06177 741.9458 7 0.8564955 397.50644 571.6593 988.15735 850.9021 7 0.6614733 966.2465 469.1587 1023.93427 523.2137 7 0.5378703 623.99255 521.2001 751.28564 718.3358 7 0.18322043 669.31226 584.7524 991.11597 822.8177 7 0.17082624 401.8837 582.27057 724.37036 726.59357 7 0.12664111 838.6364 559.89185 999.6934 614.7057 7 0.11674668 249.00931 455.47794 390.00967 586.5639 7 0.11332459 684.1085 546.8841 986.807 722.0483 7 0.108353026 614.84735 432.9878 995.36774 727.88574 7 0.099394985 636.36865 530.85126 750.64453 608.8676 7 0.08563725 854.11926 607.7449 1024.0 664.26953 7 0.05892232 407.3792 634.36115 793.62103 847.71246 7 0.054161694 832.47107 570.0279 1023.7306 689.2745 7 0.053434707 369.11206 521.078 528.4101 686.2897 ,test/3431.jpg
0 0.99957794 373.29218 56.92134 501.59442 135.57613 0 0.28470692 928.1781 97.076355 1022.96814 322.14465 0 0.15460381 209.53004 443.30984 259.61758 512.5176 0 0.071214065 121.71176 430.17566 643.4463 668.1317 1 0.89440125 80.3441 6.173294 541.2272 315.70618 1 0.54206246 84.16733 4.280426 527.6915 126.169235 1 0.18088774 489.9202 428.15466 928.8992 679.9004 1 0.16913398 209.93411 444.83984 260.15475 513.58356 1 0.15798402 115.53786 423.6859 591.4691 667.93054 1 0.14748171 8.32827 353.99347 181.67307 460.5304 1 0.09559484 121.93939 383.10168 914.92316 712.71484 1 0.06841336 113.63926 427.32205 319.44275 522.5495 1 0.06281379 207.5478 443.022 301.85266 528.12366 1 0.06212694 2.9514008 350.50162 185.56346 583.4661 1 0.061138723 927.8536 97.59926 1022.7756 321.87622 1 0.0610799 258.18842 484.21252 297.1037 529.78906 1 0.055090882 509.77032 539.435 710.2873 678.7465 6 0.9987276 92.0126 48.396362 948.8308 684.4423 6 0.33465984 927.96967 97.90483 1022.9881 322.85864 6 0.3267671 98.73834 387.6056 858.5059 679.3938 6 0.3206563 81.35657 9.2565155 541.6183 349.44458 6 0.18234846 124.38121 427.7567 592.49054 660.4264 ,test/3432.jpg
0 0.69298047 501.998 437.51846 539.3173 490.83047 5 0.9971347 217.64427 430.37958 520.7151 645.7255 ,test/3433.jpg
0 0.9418941 223.4367 239.9711 802.89825 838.79736 0 0.12837143 547.6184 225.48177 777.3728 300.9273 0 0.05257013 231.99329 237.49683 795.4879 524.0414 1 0.09339137 223.45837 233.13577 821.06604 845.5421 7 0.07770796 229.81383 386.1515 733.2198 848.7543 ,test/3434.jpg
0 0.81032366 290.40503 362.80637 550.66907 572.17114 0 0.61665964 3.7885437 567.14795 600.5792 1017.2638 0 0.21052423 563.3505 16.488083 648.54865 368.7694 0 0.14556935 290.12964 747.0005 625.13635 1018.1433 0 0.099382244 453.3766 799.87006 875.6249 1024.0 3 0.13534701 290.89026 364.09354 550.1202 572.2085 4 0.053123526 291.25885 364.2042 550.04364 572.3291 5 0.3762898 514.3253 794.48895 871.3241 1024.0 5 0.3131794 290.7773 363.213 550.7804 571.8391 9 0.48260278 1.7138367 573.1483 614.52783 1017.27136 9 0.09508356 519.4342 792.2303 870.9614 1024.0 ,test/3435.jpg
0 0.78115666 414.56287 492.70233 814.24023 669.2723 0 0.348136 70.05594 383.9792 836.75354 651.00946 0 0.1708136 83.93933 378.04633 487.47638 552.46326 0 0.13474931 580.77344 504.193 808.76965 642.7256 1 0.379537 417.85767 495.92487 814.9265 666.92926 5 0.6567436 84.62001 377.0039 472.30017 545.7814 5 0.17544627 418.1277 493.1171 805.2998 669.9522 5 0.11306309 74.1514 383.69183 831.6233 653.69 7 0.35879645 83.7395 378.7526 491.61188 554.49884 7 0.27467078 70.4108 383.8936 834.6643 651.32874 7 0.11051685 418.68298 492.7135 812.6311 668.6904 ,test/3436.jpg
0 0.37715545 337.81567 465.6947 647.9801 751.13464 2 0.9865795 339.18896 466.7657 646.35645 750.529 2 0.055353943 569.3829 460.8109 649.96356 714.38257 5 0.05864743 587.05786 461.85294 645.43445 716.7912 ,test/3437.jpg
0 0.9187867 0.85406494 73.12454 928.4846 964.5021 0 0.11688605 0.0 53.030945 903.7138 289.90173 0 0.07191441 44.552673 751.30334 830.20087 1016.76526 9 0.21909568 0.0 88.033264 908.1948 903.7915 ,test/3438.jpg
3 0.42318404 165.58295 153.07947 861.6037 746.7777 5 0.92239654 164.30539 155.52206 860.88184 745.9756 ,test/3439.jpg
5 0.28224814 893.0088 52.962112 1023.57556 222.06712 7 0.9997565 259.6861 156.83456 768.51324 722.2644 ,test/3440.jpg
0 0.10008392 226.78127 343.29883 280.96597 412.39722 0 0.09314263 408.4391 468.69952 430.62128 539.37494 0 0.060335714 391.37198 463.5354 432.87552 548.3426 1 0.4162692 227.52017 337.46246 374.74155 540.85583 1 0.05966469 226.78127 343.29883 280.96597 412.39722 7 0.99945265 344.28516 1.1427307 882.8335 859.6166 7 0.9967114 42.777176 330.7306 451.10455 895.4319 7 0.14089869 226.78127 343.29883 280.96597 412.39722 7 0.068038024 389.6928 415.20642 596.56036 867.3556 7 0.05278458 438.8478 537.9174 510.53445 640.2476 ,test/3441.jpg
0 0.9206422 511.7213 190.57681 653.1671 341.10123 0 0.8932002 229.8375 778.5393 290.33914 825.99023 0 0.8016408 81.8382 215.13979 196.59961 312.6986 0 0.19978885 4.713318 138.36722 1024.0 891.56287 0 0.17057781 300.76038 563.161 517.8196 885.37585 0 0.16635188 413.01392 169.9964 658.74475 456.89917 0 0.16143005 265.81427 159.74303 684.5239 498.59747 0 0.15851812 339.36182 158.61548 723.3396 354.32452 0 0.13248977 794.38806 559.66486 941.5773 614.6667 0 0.12109435 67.98507 109.594284 231.43234 190.37526 0 0.08730327 66.746 151.61557 1024.0 528.8462 0 0.0831885 206.77014 393.04413 558.58777 884.1176 0 0.077058494 63.69452 161.55156 879.1842 353.2713 0 0.07558776 189.86176 154.6564 739.6966 761.6907 1 0.3039259 993.40015 495.51138 1011.9592 529.3534 1 0.07285267 179.8736 333.86746 919.5336 869.16174 1 0.07208882 198.41469 399.27148 544.1471 833.511 2 0.9988017 602.209 654.1753 889.0386 864.32117 2 0.80536944 207.98796 413.76343 281.22156 496.46472 2 0.062929764 207.88515 402.44247 330.79172 484.27072 2 0.051364854 219.62395 467.4418 270.3496 501.94095 5 0.9877093 187.27055 293.94836 608.20483 768.0836 5 0.94186175 294.0906 294.3792 607.82544 492.91705 5 0.8420307 189.07306 424.10876 486.51917 744.8168 5 0.5066636 4.713318 138.36722 1024.0 891.56287 5 0.18078317 66.746 151.61557 1024.0 528.8462 5 0.112692654 285.1855 401.22678 459.31525 494.21878 5 0.05437106 210.04472 405.2087 308.62662 502.36447 7 0.93373126 719.56323 300.97025 902.9895 482.64297 7 0.09393348 555.54224 304.4152 917.8473 477.0179 7 0.082495406 763.83795 361.16522 885.45074 436.63818 7 0.06275617 300.76038 563.161 517.8196 885.37585 ,test/3442.jpg
0 0.37968758 469.51947 507.0815 499.66913 552.6784 0 0.1521079 643.19464 0.0 1020.4471 581.5083 1 0.051786378 468.96545 506.64218 500.8609 552.3846 3 0.096213296 643.19464 0.0 1020.4471 581.5083 5 0.5493187 457.13287 246.53003 625.7629 443.4276 5 0.4047175 406.29205 198.24844 646.8903 546.6522 5 0.26660573 463.70502 266.8694 590.33746 388.9261 5 0.18717256 441.71167 372.32205 617.41797 469.43533 5 0.18676189 501.03262 322.23267 625.06946 437.59497 5 0.15819131 561.57275 284.5787 632.093 393.17117 5 0.15420882 539.1962 258.84262 634.7514 440.16245 5 0.1509807 412.4151 254.41339 515.62244 483.41437 5 0.13981938 433.28845 374.50336 511.4026 426.586 5 0.11177496 413.79926 353.07874 607.8931 525.017 5 0.10157656 481.74435 333.27618 521.7814 382.29675 5 0.100424126 469.0229 506.43948 500.48602 552.5156 5 0.090305194 434.34476 252.88148 484.76218 430.41064 5 0.0796486 464.75806 259.59396 558.46423 349.8038 5 0.079553716 463.18698 261.36258 518.8636 383.0201 5 0.07197414 424.0287 427.6654 531.33734 523.5003 5 0.0699779 439.90604 395.03217 506.35025 424.79987 5 0.06394062 508.38055 202.90793 645.0356 384.09415 5 0.06357432 412.43933 320.55014 608.95807 455.25034 5 0.06335144 535.9227 347.64807 623.3721 410.67108 5 0.06039746 451.24518 419.02374 607.9548 463.28485 5 0.060276803 436.10953 231.84877 514.7563 377.15216 5 0.0588144 467.79163 311.24994 528.47943 384.39203 5 0.055423006 410.36243 350.72806 529.44586 452.53598 5 0.052551534 560.0359 331.13312 628.0714 389.13544 6 0.9992687 363.63443 484.0247 797.5447 834.11194 6 0.17986242 604.14905 456.9434 834.02356 714.9149 6 0.080672726 439.5123 682.97656 789.4568 833.6179 6 0.07759161 374.83093 525.6487 615.68274 838.2106 6 0.07385551 393.54575 485.94058 606.88226 563.1495 7 0.83242047 406.1108 200.89128 647.98737 546.2147 7 0.07045235 457.13287 246.53003 625.7629 443.4276 ,test/3443.jpg
0 0.18720046 355.6941 300.60712 500.42816 980.1851 1 0.1269051 967.7461 506.99182 1018.81104 758.52563 1 0.08800545 388.76443 296.58148 478.64224 415.8875 2 0.050693814 388.76443 296.58148 478.64224 415.8875 4 0.97431517 801.86536 764.6813 1024.0 1024.0 4 0.9652673 502.24695 181.52136 675.78394 982.379 4 0.91991484 355.58978 296.35272 502.80096 1000.4764 4 0.1715535 890.8396 899.91455 1022.8047 1024.0 5 0.64779806 356.10162 298.767 502.54877 999.68713 5 0.14792962 503.81815 185.84421 677.66956 982.80493 5 0.13336937 388.76443 296.58148 478.64224 415.8875 5 0.079481296 891.2289 899.8163 1022.75793 1023.6649 5 0.05297994 801.8946 764.7573 1024.0 1024.0 6 0.05977555 389.68567 297.23074 478.4131 416.25742 ,test/3444.jpg
0 0.95442617 58.99446 379.81967 462.61005 546.25256 3 0.24924476 707.2525 434.35684 797.9694 502.93198 5 0.9330709 707.6213 434.4092 797.8892 502.94278 ,test/3445.jpg
0 0.10480225 321.3352 645.566 411.29968 682.5838 1 0.86073387 334.29123 269.64758 389.27267 323.33673 1 0.08773733 582.07874 318.60062 1012.78 573.62604 5 0.09891625 576.39905 417.7378 1024.0 867.08545 6 0.43836993 584.27295 319.16992 1013.723 570.5513 7 0.9998828 113.22662 157.48639 516.0593 787.2788 7 0.99767596 463.53506 351.83008 585.863 718.0658 7 0.20590438 271.9549 144.14938 399.19788 323.36957 ,test/3446.jpg
5 0.9988846 182.5789 298.55933 691.2245 621.5985 7 0.053674527 206.4586 292.04932 688.63574 628.56573 ,test/3447.jpg
0 0.05957765 297.80194 268.9052 760.05206 712.58905 5 0.22732504 291.83417 272.68625 749.6435 723.09973 7 0.86434865 297.85767 267.22113 760.7706 710.4012 ,test/3448.jpg
0 0.06163289 523.88715 298.98254 1008.44147 578.8878 7 0.97417724 30.104889 51.31888 688.6233 693.6587 7 0.8001518 490.13266 299.70547 1012.92786 637.0383 ,test/3449.jpg
0 0.08221312 359.69867 287.79022 848.138 689.15955 1 0.97273296 364.2398 299.1219 851.28094 682.62366 2 0.14505036 367.1289 295.15115 850.6156 681.19727 ,test/3450.jpg
0 0.80659723 100.800446 148.9342 175.85373 225.06729 0 0.21836853 1.1105576 722.64825 168.28317 752.45233 0 0.13518848 10.630966 723.4239 285.22662 775.36725 0 0.10240376 739.16504 660.4688 825.13574 728.83746 0 0.102248184 923.2313 593.3614 1022.63403 657.91595 1 0.97710437 412.23962 267.3379 845.9734 630.1764 1 0.97072756 865.05365 585.26904 1021.2696 658.1907 1 0.97049874 872.349 636.05756 1020.43494 759.4251 1 0.9692769 15.271149 224.54987 412.159 471.82318 1 0.92849976 1.0540771 142.34581 138.96123 378.05786 1 0.9164939 263.39703 528.6242 470.3733 762.2983 1 0.89718634 698.57947 661.9756 1020.60046 861.6134 1 0.87601614 0.0 136.89706 102.16646 176.05554 1 0.8296013 4.2366486 475.7229 420.0374 656.59607 1 0.81833 804.9422 514.4918 1022.3249 598.8855 1 0.7980384 0.0 596.4318 332.27295 734.74884 1 0.7851103 6.751419 396.29135 407.8109 567.3643 1 0.78021675 727.9574 487.73563 850.24304 555.87933 1 0.738423 346.5732 300.61642 471.14554 477.22385 1 0.7007555 10.12236 379.1176 447.35168 721.82074 1 0.6860699 205.94968 460.49673 305.19128 524.56525 1 0.6846949 254.20792 540.21466 788.5145 800.5529 1 0.6823998 738.7134 660.4715 825.2694 729.2271 1 0.6673489 740.2219 584.8659 897.99756 734.1591 1 0.61841637 320.98828 399.65866 457.52295 475.52744 1 0.6016964 499.02017 568.75916 730.8595 683.2097 1 0.5874207 24.304214 665.101 311.99316 737.4615 1 0.5422075 0.0 94.974075 99.07243 178.6303 1 0.52711517 438.50848 126.27765 652.8378 342.33002 1 0.51834476 190.793 445.49564 352.69998 526.7385 1 0.48731685 0.5762291 660.11383 55.570698 728.71185 1 0.48294225 548.103 242.20093 1014.49207 559.3883 1 0.46950176 248.52986 650.00226 690.43225 817.1037 1 0.46635282 393.65656 650.8336 751.0379 781.6874 1 0.46315545 0.0 261.2127 464.59485 620.1029 1 0.45281148 535.51025 664.5983 726.0564 771.84247 1 0.435429 8.643677 568.4607 725.6143 880.60803 1 0.42348123 13.712387 533.9202 421.97388 752.3934 1 0.42002603 264.597 774.093 307.37683 799.9227 1 0.41925007 239.21317 411.1658 304.087 463.8483 1 0.3894894 0.0 117.535 639.64465 426.03763 1 0.38888586 401.43936 627.0266 550.9701 754.1747 1 0.3799509 561.39374 751.6053 625.83 807.0894 1 0.37918812 0.0 525.3433 41.045708 624.76984 1 0.3753794 255.21841 489.6398 411.97592 625.79785 1 0.37255418 502.75623 567.24225 688.72156 640.3272 1 0.36304215 406.98596 562.14935 783.93665 722.39374 1 0.3306457 5.449196 293.73773 92.59578 370.86597 1 0.3263637 931.9154 593.72076 1023.25037 657.25934 1 0.32185853 26.92096 322.5971 442.21417 507.04437 1 0.31610465 4.296501 140.4537 180.55237 251.95938 1 0.28374416 367.84378 341.9918 409.06784 397.99875 1 0.28029993 559.3434 752.47235 669.4918 894.8929 1 0.26676655 376.18515 678.3384 627.63226 808.7665 1 0.26618835 7.4567566 587.348 272.28027 662.6842 1 0.26228705 279.7848 715.47046 684.78754 889.07104 1 0.25628546 200.85031 388.12573 384.38705 523.47876 1 0.22891198 249.12823 723.2115 285.60547 760.14435 1 0.22408418 174.16852 428.59903 350.63483 578.4971 1 0.22013015 821.96436 548.8509 1018.43835 765.17084 1 0.2133625 26.728424 653.5524 381.5299 802.185 1 0.21215549 2.1423073 247.9253 123.23212 371.70715 1 0.210839 21.85619 665.7648 58.353428 705.6644 1 0.20863807 1.8037186 414.39243 256.14255 541.0691 1 0.19161552 402.10516 523.6703 754.51227 659.1028 1 0.18902707 124.640625 345.24362 415.99072 625.95056 1 0.1860127 326.67413 322.26007 420.49664 476.9079 1 0.18518886 64.08762 716.80225 310.62274 800.958 1 0.18361172 111.8145 680.48 303.8321 726.82263 1 0.17744544 6.148468 234.47629 263.14664 559.6626 1 0.17274208 249.75523 427.54657 432.6657 690.0391 1 0.15460607 353.4523 303.60193 406.37985 353.14783 1 0.15450881 481.88766 399.53732 817.96765 636.72815 1 0.14739019 404.90158 377.195 461.03085 477.44086 1 0.14507833 730.3177 578.9607 819.3399 729.8954 1 0.14480883 651.9594 553.74097 803.815 664.001 1 0.14333898 0.0 134.67175 105.415924 233.35794 1 0.14272827 7.3747787 378.63422 254.93982 463.73285 1 0.14253028 316.5381 300.4834 410.0348 400.4156 1 0.13733949 58.819992 680.3241 159.75247 724.65125 1 0.12935033 250.82806 337.65485 410.68054 474.68164 1 0.12424633 755.0945 493.0096 1021.1333 665.82495 1 0.11961954 0.0 658.3428 133.39964 739.86304 1 0.115383014 220.84991 402.16174 412.5332 476.8462 1 0.10942504 0.0 96.38818 66.11981 141.7174 1 0.10720311 100.76189 148.84009 175.81389 225.09299 1 0.102037385 503.13412 571.90594 600.7775 634.4124 1 0.09936546 2.1363983 481.55536 353.44733 588.81757 1 0.09793198 131.2019 210.69724 470.27472 355.00223 1 0.09748553 252.45125 725.05493 312.48795 802.442 1 0.09696997 261.9451 721.16547 304.75034 755.6088 1 0.08795581 966.97614 655.6384 1024.0 732.82263 1 0.08429691 75.34714 701.2765 305.69992 764.9994 1 0.083438426 0.0 659.75116 29.640297 722.6678 1 0.082735054 392.17938 555.43915 582.71655 673.91144 2 0.18804723 667.6432 561.1613 792.7864 664.5395 2 0.14729254 867.52563 584.0879 1006.3386 654.2009 5 0.76216495 657.3594 553.9535 802.54443 667.03577 6 0.08616985 867.2511 584.61957 1023.4531 758.54364 7 0.12840335 100.687164 148.94188 176.45932 224.78539 ,test/3451.jpg
0 0.6540519 526.9898 403.98224 748.5723 538.77325 0 0.3640846 462.89297 326.1115 695.536 456.1493 0 0.23342709 499.76886 308.30463 776.13226 546.51056 0 0.21960635 273.0997 360.49225 339.1838 390.44873 0 0.07651773 463.7155 253.68005 730.2233 493.56226 0 0.07370798 221.00223 866.84784 463.07816 1024.0 1 0.98473513 11.453735 654.4964 537.55707 899.1873 1 0.9675058 187.21567 241.86884 879.0398 759.3249 1 0.96494484 2.7391357 153.22906 301.23816 768.2518 1 0.5376584 11.603882 136.2591 727.6573 918.06696 1 0.3794612 525.5762 368.15906 743.2217 539.81946 1 0.34613532 461.36996 249.49023 722.49023 471.83026 1 0.16912092 466.06152 354.3599 711.8672 452.4656 1 0.1293068 501.43433 323.41693 869.4547 579.17755 1 0.115466624 203.90457 314.5321 610.7958 751.35376 1 0.058376722 163.76021 584.52405 531.9173 842.91724 5 0.18790849 972.9796 927.77484 1024.0 1023.7243 5 0.074681215 537.99304 411.51416 748.21716 533.3861 7 0.9882224 812.3102 322.60645 1024.0 666.04156 7 0.59100103 465.8031 356.3795 663.89014 450.71323 7 0.3061178 538.0735 408.1657 747.08215 537.03406 7 0.1094213 501.43433 323.41693 869.4547 579.17755 7 0.061474483 547.9257 357.71362 1023.15045 846.301 7 0.055294655 643.8331 417.22867 735.2418 476.57748 7 0.051011752 178.43176 244.95566 891.96545 765.13916 ,test/3452.jpg
1 0.582798 357.1828 443.91925 560.79034 672.2974 2 0.9725873 309.85507 437.7765 584.02795 672.2357 2 0.06829564 310.49112 469.21277 395.14218 657.5408 3 0.11792435 309.6656 434.97754 595.8386 671.5117 5 0.8536687 529.58813 432.81787 599.499 669.3473 5 0.47679743 312.72043 434.84143 596.77734 671.99524 5 0.1500337 453.58127 437.12317 600.71906 668.4271 5 0.1339608 575.2042 442.16458 599.6594 668.30164 ,test/3453.jpg
0 0.41016725 296.81256 773.7804 574.981 977.3418 1 0.99957746 163.25717 7.539093 779.7184 501.73 ,test/3454.jpg
0 0.7128096 764.5629 272.8116 846.857 362.9456 0 0.60828537 641.91504 657.5352 678.25085 731.81573 0 0.12327138 701.2499 307.79486 802.3358 361.7458 0 0.11956469 628.8282 243.12204 860.62274 549.1804 0 0.100095116 438.68457 819.97766 490.1441 910.2352 0 0.086583346 692.46155 271.43625 853.4431 361.13205 0 0.086365975 402.0607 471.30423 611.60376 685.75665 0 0.06828871 385.65686 646.5533 461.6007 720.3532 0 0.055064186 459.49933 836.78986 479.06268 900.72296 0 0.05205999 691.3854 301.57004 711.90405 355.17026 1 0.9983974 5.6672363 283.43518 219.05647 570.20294 1 0.9906598 70.32712 620.70544 378.27533 945.5834 1 0.98320997 268.04266 557.81696 544.93585 962.4716 1 0.9469709 346.10382 602.83386 466.53436 779.4203 1 0.86014545 611.255 253.11832 862.7367 552.39636 1 0.75249314 399.937 470.38205 615.7966 685.36383 1 0.5467517 45.44745 254.55768 186.98193 371.0863 1 0.43198004 287.5767 570.8256 486.30185 789.8388 1 0.28618017 394.44662 731.332 417.87503 780.4062 1 0.27262616 613.96423 341.20758 730.34644 542.92346 1 0.24117075 385.65686 646.5533 461.6007 720.3532 1 0.16372018 341.21063 685.676 544.09406 967.08325 1 0.1395113 212.40671 368.50177 253.0437 479.69012 1 0.1319046 663.9354 232.62488 717.551 352.25415 1 0.1285917 2.9577942 349.90775 160.64015 384.551 1 0.12215104 0.22662735 377.89395 80.11223 556.74963 1 0.10962743 667.78656 239.94621 821.5418 361.26068 1 0.10697192 389.17007 726.4383 450.86404 779.4124 1 0.10187851 324.86996 601.03973 410.46976 783.7104 1 0.09040119 171.95001 245.49164 261.5849 448.68408 1 0.088809006 713.6338 284.4606 856.16174 547.4155 1 0.08415043 7.428833 340.26184 215.10953 442.8733 1 0.079417996 167.60626 818.52924 373.76575 962.86273 1 0.07793914 701.2499 307.79486 802.3358 361.7458 1 0.06437869 0.0 378.3936 44.246674 426.86392 1 0.05384699 344.9525 609.58105 397.16357 748.1465 1 0.05003854 1.2093773 307.3257 67.04712 378.6165 3 0.47181025 716.45996 280.64264 855.26074 556.651 3 0.32727748 704.20807 308.5798 802.4915 362.68924 3 0.17207828 767.13824 320.78113 798.7222 362.8866 3 0.05388496 739.33765 491.89056 877.7606 701.87616 4 0.08684479 739.33765 491.89056 877.7606 701.87616 5 0.98740363 870.3076 508.5135 1021.5294 734.6359 5 0.98022825 610.26215 509.66034 742.53107 670.20294 5 0.78757894 739.0074 506.006 876.83014 701.9866 6 0.29959548 401.56613 470.8636 612.58527 686.18475 7 0.993652 229.43317 205.30751 397.1629 573.7574 7 0.64793134 823.73126 487.32294 885.9234 577.29474 7 0.20561862 764.79395 272.22076 842.36 362.85675 7 0.149932 737.6607 492.498 878.092 701.3757 7 0.12592687 696.9546 277.76666 853.43835 361.39838 7 0.06091003 701.2499 307.79486 802.3358 361.7458 7 0.05248308 811.39215 487.6275 881.3139 670.3714 ,test/3455.jpg
0 0.86656845 1.6117859 640.1014 242.29033 804.23065 0 0.5176453 331.6971 970.4963 539.8 1023.45905 0 0.1491589 451.0421 460.5902 503.9745 485.4624 0 0.10214466 96.952515 948.1707 568.02844 1023.01935 0 0.09872083 3.1543808 689.1056 161.4158 797.16187 0 0.08218265 396.2273 280.40195 863.266 518.83215 0 0.067583196 119.97811 651.6149 231.02496 778.7 0 0.06208595 376.82855 341.1992 414.5724 377.06534 1 0.81231004 115.26843 944.36206 448.40155 1023.1835 1 0.65253454 234.47342 297.02777 889.7827 716.7966 1 0.5271605 2.5897064 638.9493 238.72299 804.2088 1 0.5223157 374.07642 341.08145 446.67352 444.2023 1 0.18045439 2.7519302 538.0529 255.03302 654.62006 1 0.14272755 366.308 347.0708 510.00168 494.00183 1 0.09441444 396.2273 280.40195 863.266 518.83215 1 0.08547488 375.58633 340.80826 412.7944 382.3774 1 0.078632705 121.10581 651.56433 230.76212 779.15356 1 0.07376968 370.317 303.101 469.63675 459.25336 1 0.064396285 334.1367 970.9031 534.4574 1023.90955 2 0.7842715 3.4732666 538.5083 255.19232 654.8517 6 0.3116889 3.179245 538.4149 254.75227 654.8037 7 0.97651494 221.65146 297.51855 893.32837 720.8177 7 0.192384 451.47937 460.55096 504.2713 485.56293 7 0.17902279 332.89722 970.531 539.04443 1023.3087 7 0.058681376 224.41992 344.0227 396.35864 558.05664 7 0.052684385 420.85068 445.39062 509.1653 486.1394 ,test/3456.jpg
0 0.15344489 154.55627 492.55597 622.8614 718.52167 2 0.8754967 155.05193 492.93286 622.23676 718.09375 5 0.5031071 146.91727 493.64133 697.5465 717.05884 5 0.16076778 595.6609 569.4665 735.93933 674.1296 ,test/3457.jpg
0 0.4035506 338.69998 834.40497 353.251 900.24176 0 0.2972152 406.7121 598.4142 486.07837 675.8679 0 0.11531754 526.5424 773.1745 691.0142 929.7059 0 0.07166102 250.39247 516.14844 586.0894 668.5856 0 0.06384757 242.58293 505.45056 703.45135 863.0243 6 0.330765 676.639 258.68173 852.2775 1024.0 6 0.0686145 687.085 240.62085 1019.9913 1020.53503 7 0.9988243 246.2113 227.69736 698.98535 561.819 7 0.96327543 523.5042 779.1118 691.2443 929.34827 7 0.92955786 240.45839 507.16693 703.1594 862.6674 7 0.79838574 235.34685 213.35092 732.98035 879.7693 7 0.65075743 243.39397 648.92755 284.23602 697.59296 7 0.63741034 413.68408 597.73773 485.33112 678.7391 7 0.5468809 249.43675 519.8521 591.064 669.6374 7 0.29408225 625.2186 878.2788 695.9297 1005.39294 7 0.22642669 255.01398 530.13184 420.44623 674.6521 7 0.12309114 608.002 772.0895 689.86017 906.66077 7 0.099578336 239.38185 645.51276 314.80902 694.28864 7 0.08332287 591.4257 776.4388 697.13837 1008.91974 ,test/3458.jpg
0 0.39343667 498.44757 260.39545 990.6912 661.79016 0 0.1285777 471.2499 722.6556 518.62427 790.16815 0 0.077129066 120.433014 345.67062 208.65033 403.74118 0 0.060811896 37.948273 232.79175 1012.4813 788.0766 1 0.5096222 501.52618 262.0663 988.2181 662.41003 1 0.09982327 41.60948 60.91324 455.81213 367.61185 1 0.06075604 109.226166 255.67981 997.63464 793.4834 2 0.06201633 502.61835 261.82394 989.23553 662.05676 7 0.9544319 24.516693 44.421875 651.7285 812.3022 7 0.38470817 37.948273 232.79175 1012.4813 788.0766 7 0.3599084 499.3038 260.5957 991.6727 661.27094 7 0.25143605 46.225494 60.643005 456.2989 333.5274 ,test/3459.jpg
0 0.52073634 54.63109 461.16174 506.33386 574.5123 0 0.46243638 188.40065 592.1402 276.69553 647.8558 0 0.30965167 659.8817 535.56757 804.505 592.175 0 0.2700531 51.853622 348.29608 505.73926 571.7411 0 0.14761572 710.31805 538.87726 776.7486 569.46075 0 0.12215763 636.93353 526.14087 876.7546 598.5404 0 0.09602582 495.01376 418.0917 514.023 471.72806 1 0.99869555 497.31354 344.074 960.1075 773.6355 1 0.99464476 46.8842 66.44278 503.11823 581.20984 1 0.9906681 37.727356 330.7116 562.6806 844.1976 1 0.7755319 42.440292 299.85022 469.61414 578.30945 1 0.6646155 653.9896 517.09515 876.85925 595.0413 1 0.5809595 660.2677 529.0268 782.74646 594.6722 1 0.5749943 522.032 342.60516 802.3014 611.08905 1 0.19769637 0.5238266 270.12915 190.08017 1008.7084 1 0.09814259 520.0943 489.6342 572.16034 760.22327 1 0.063521765 408.41638 62.99472 500.23004 400.14752 1 0.05750097 573.172 402.91525 801.69946 566.6196 1 0.055557985 54.63109 461.16174 506.33386 574.5123 1 0.0518197 610.6462 439.20142 838.19183 598.58594 5 0.062888995 479.02368 168.58826 557.00574 332.0667 ,test/3460.jpg
0 0.16229425 533.2663 439.7131 666.5723 540.10004 1 0.1195453 533.3639 441.45392 668.62976 536.0893 5 0.08981173 378.15918 344.67603 774.0525 621.0481 7 0.9888525 377.14954 342.78497 773.87585 620.20337 ,test/3461.jpg
0 0.6849901 384.94345 672.6852 604.8002 819.7854 0 0.36057085 395.5106 666.5658 730.9469 858.08093 0 0.16956408 417.6746 794.1031 449.85837 855.83234 0 0.08572607 389.4758 659.9753 562.56445 749.23663 1 0.23893578 385.30057 678.2504 601.71326 815.1966 1 0.12417032 389.4758 659.9753 562.56445 749.23663 1 0.065272294 390.5247 678.4749 478.87766 748.43207 5 0.08891642 467.37183 648.5658 572.9419 694.51624 7 0.99953246 252.21951 217.3169 790.52124 896.7289 7 0.4794618 389.76886 668.4471 766.8599 832.1495 7 0.15102227 384.91443 674.1891 603.987 819.85034 7 0.10585625 416.2429 783.8384 601.4559 860.14124 7 0.06842117 389.4758 659.9753 562.56445 749.23663 ,test/3462.jpg
0 0.7291434 794.6562 776.8115 958.59235 944.7716 0 0.35670668 211.28802 780.8345 497.38855 946.89075 1 0.09248696 211.28802 780.8345 497.38855 946.89075 1 0.052673426 792.23737 776.33325 965.11505 944.50476 3 0.30896848 304.79236 361.81668 803.39246 653.8573 4 0.9962773 205.29407 287.84106 829.0952 652.09375 ,test/3463.jpg
1 0.99327576 263.8346 170.48157 722.3068 960.0232 1 0.84703124 263.0011 556.3232 726.17804 952.15204 1 0.67617404 562.67993 385.8006 651.6079 724.4207 1 0.4001036 545.55273 264.23468 635.65906 446.08826 1 0.10398694 545.1228 224.36218 659.18445 697.46436 1 0.05916246 642.0223 504.0967 666.045 582.11365 ,test/3464.jpg
0 0.21365842 380.7265 101.96614 416.08173 185.39366 0 0.17983973 382.86722 102.06922 511.0309 205.32336 0 0.0801417 376.44412 107.80022 1014.39233 185.35808 0 0.062466156 239.65579 513.8208 902.09863 829.9081 1 0.98694927 170.52328 340.614 885.0443 619.8404 1 0.9023697 161.38913 502.58063 938.621 819.9041 1 0.22211376 218.13556 490.39975 879.925 614.9852 1 0.093345694 383.80588 0.1685791 1021.9187 180.71509 ,test/3465.jpg
0 0.15639825 458.6183 0.0 1019.50085 456.51385 0 0.060534693 193.57184 82.86368 702.0847 952.3684 0 0.051904164 478.93808 63.899445 520.36304 83.832306 1 0.47843018 458.6183 0.0 1019.50085 456.51385 1 0.11120037 189.30228 80.27405 697.8136 945.176 7 0.964421 193.38618 84.70996 701.97345 955.2396 ,test/3466.jpg
0 0.4675181 319.77783 0.0 419.5807 107.184204 0 0.34433478 942.2641 333.70264 1019.5136 383.672 0 0.3307385 858.8071 736.68933 888.0166 789.12756 0 0.21722326 794.75586 601.7096 863.99023 649.0017 0 0.13425991 946.3333 328.818 1020.53937 432.34064 0 0.10969884 865.4297 455.07172 939.61804 595.3925 0 0.102524474 912.36694 469.0761 975.25757 549.4164 0 0.09830922 863.42834 341.94983 975.43994 559.0479 0 0.09824299 871.61053 316.04205 1024.0 432.14246 0 0.097156845 762.4058 508.8838 810.27325 540.067 0 0.09370962 225.75021 6.4598694 480.86264 252.48407 0 0.083634056 896.098 440.40982 973.58374 572.8022 0 0.07012067 916.013 524.4525 956.10284 565.661 0 0.060590617 911.40765 421.61374 965.71564 526.4255 0 0.059183247 883.2677 459.57935 911.9403 525.7097 0 0.059103224 944.10956 332.12634 997.18 370.784 0 0.056498315 868.06604 351.5147 915.2903 422.18445 0 0.0544716 877.52625 451.72354 938.4203 541.93445 0 0.053243604 758.528 345.92612 952.2347 479.02176 0 0.050000984 773.6647 440.22937 808.79407 525.21356 1 0.9964263 646.13074 368.18994 958.1665 832.84924 1 0.918437 756.6451 281.88083 983.16156 569.0731 1 0.8736598 661.7238 388.05322 778.32806 530.8541 1 0.6719087 753.1382 356.77463 833.73193 530.7345 1 0.608897 753.3797 353.51086 913.56744 529.5394 1 0.5520929 731.2126 434.26343 812.6827 536.62744 1 0.51157886 717.20386 386.4599 798.4618 539.4805 1 0.45692456 658.8732 374.3811 901.90424 578.535 1 0.42845106 764.2479 439.9514 833.54443 525.3745 1 0.35348624 731.65045 417.23474 773.6574 535.71136 1 0.28835392 865.4297 455.07172 939.61804 595.3925 1 0.2769967 756.68353 369.62292 839.6375 454.3883 1 0.24289683 944.4686 335.41214 1018.26587 389.42874 1 0.20667808 726.3715 389.53107 764.6108 508.42023 1 0.18547003 784.1848 313.66592 1024.0 439.75107 1 0.18040355 861.28204 486.09283 904.9377 594.8143 1 0.17750037 854.74756 329.92108 981.53406 586.2473 1 0.16745192 696.8102 396.74915 756.6411 523.07874 1 0.15539105 762.4058 508.8838 810.27325 540.067 1 0.12523988 764.532 344.84488 917.2605 452.67026 1 0.11538332 320.51193 0.0 419.9437 103.62308 1 0.1135884 673.67285 398.73187 737.89185 509.7818 1 0.11322141 949.20166 327.55222 1020.7257 431.25076 1 0.08941068 795.6818 440.2829 836.757 521.73895 1 0.07915907 800.8332 371.97113 901.4122 602.0321 1 0.07897403 806.95874 321.23236 958.68164 525.47516 1 0.069706105 883.28705 493.63083 944.2839 589.1819 1 0.069326945 659.5709 445.86526 891.70996 730.1024 1 0.0677921 882.8197 491.4196 916.7693 555.4099 1 0.06315603 675.67615 430.02515 714.4177 484.0979 1 0.056727666 795.11334 603.8708 856.54816 649.6049 1 0.056255482 728.27716 475.5307 749.2203 531.38226 1 0.055046454 883.2677 459.57935 911.9403 525.7097 1 0.053074818 847.57 292.12576 1022.2576 508.15408 7 0.999811 11.447968 355.63345 194.59631 830.3795 7 0.99959415 174.74612 419.1233 320.5576 807.3696 7 0.49660575 961.2985 338.9747 1021.1529 433.6509 7 0.3912665 64.13193 357.65588 199.45593 470.7932 7 0.17083952 979.94635 417.16248 1024.0 451.56122 7 0.111673795 979.1392 361.6439 1023.98663 449.42813 7 0.10832322 762.4058 508.8838 810.27325 540.067 7 0.07135462 942.2641 333.70264 1019.5136 383.672 7 0.05145028 84.948326 410.78088 123.597755 436.096 ,test/3467.jpg
0 0.9978861 58.571503 293.90128 898.71533 878.6062 ,test/3468.jpg
0 0.99984 362.0719 336.07697 690.9336 553.19434 ,test/3469.jpg
4 0.9073635 523.0236 304.5245 662.887 784.36487 4 0.8940405 430.4534 317.69604 547.6186 781.56396 4 0.81313103 643.6595 326.31082 788.5677 795.3429 4 0.78047794 284.59076 372.4398 429.07678 657.9464 4 0.24488968 431.54095 665.6885 547.0905 768.8623 4 0.09301213 487.80188 669.4409 692.3721 775.93896 4 0.07181171 443.62915 659.4122 806.1653 786.59784 4 0.058936093 423.0357 334.3213 788.02106 797.1371 5 0.60193616 284.3315 366.54016 429.8707 660.07263 5 0.48978657 645.4388 323.46506 794.8902 794.87585 5 0.28510758 523.65625 304.45557 661.5919 785.1228 5 0.20005904 430.42865 317.38742 548.01105 782.1288 5 0.17380203 8.075531 557.6794 413.52716 764.14056 5 0.16699053 5.7364197 372.38287 452.94254 765.0284 5 0.09478738 694.2623 0.5574074 920.8573 78.6962 5 0.082521774 431.54095 665.6885 547.0905 768.8623 5 0.07634014 424.5016 333.2867 818.18115 794.80505 ,test/3470.jpg
0 0.9603457 360.00696 368.1908 789.6925 641.232 1 0.08460965 359.3581 369.18243 789.3914 640.7705 ,test/3471.jpg
2 0.9998306 166.46327 300.89114 674.3694 835.6481 ,test/3472.jpg
2 0.99971217 434.68854 386.1909 580.61096 489.67722 2 0.9949955 347.39685 430.15216 513.7222 552.5996 2 0.25688508 343.6487 384.2664 588.16296 550.833 2 0.2068601 395.46512 464.9465 512.88074 555.0159 ,test/3473.jpg
5 0.9989489 257.58548 413.1183 728.32214 738.824 ,test/3474.jpg
0 0.96857643 80.2312 286.17926 940.9019 770.04816 1 0.05876613 88.18793 305.92133 835.5644 777.0706 ,test/3475.jpg
0 0.74509186 710.3568 401.84814 830.734 588.8858 0 0.29918063 623.75464 124.09975 886.3115 397.29822 0 0.29452163 118.21533 69.40732 754.50824 927.5786 0 0.28483477 193.62167 847.099 274.7605 890.0104 0 0.21541941 173.98743 578.4428 265.4797 772.87115 0 0.18140553 423.21576 60.198547 890.22394 408.2117 0 0.1334488 166.65027 657.2653 197.45364 748.81976 0 0.09773998 378.9602 63.488342 748.9387 628.191 0 0.07299203 697.6246 402.35532 772.3547 485.64243 0 0.07238382 146.72682 597.6495 182.37761 721.41766 0 0.070964515 266.711 862.22034 344.5111 937.65955 0 0.055737596 156.22098 463.32584 573.75867 902.41187 1 0.90096676 426.2658 91.246315 453.95764 148.01196 1 0.88939184 621.602 122.37694 887.1911 400.00763 1 0.7279788 53.66519 71.15805 782.5476 954.505 1 0.1450718 193.71938 847.0749 274.65643 889.9948 1 0.1259448 58.00522 369.41418 375.12314 995.6405 1 0.12355387 425.63556 60.34134 891.71234 411.8156 1 0.11747818 731.2569 402.1717 773.7022 486.40735 1 0.0883569 103.67592 465.62933 531.3856 901.17523 1 0.08448635 101.16405 579.7019 187.12263 885.9298 1 0.054534923 93.053856 425.58667 284.2419 879.66064 5 0.22856435 236.26535 348.1598 260.28885 399.20917 5 0.115713835 159.77847 329.15842 245.04337 449.92508 5 0.07340168 195.55357 425.91986 227.88957 453.97046 5 0.06319348 226.64522 347.9512 260.8931 421.6028 7 0.99835795 0.0 259.2386 213.11765 730.21875 7 0.25771153 42.200714 69.69916 761.09143 943.4364 7 0.12273051 623.75464 124.09975 886.3115 397.29822 7 0.087363124 7.7933807 260.6641 239.43375 474.244 7 0.07666449 153.1632 323.78888 241.01097 451.83813 9 0.13735342 173.98743 578.4428 265.4797 772.87115 ,test/3476.jpg
0 0.99976116 348.12555 237.05292 602.1009 544.9747 0 0.070798516 873.4394 911.9588 1024.0 1024.0 5 0.0742984 873.7475 912.19183 1024.0 1024.0 9 0.2774811 873.3868 911.98175 1024.0 1024.0 ,test/3477.jpg
0 0.2958743 479.82672 19.424232 730.7856 194.89383 0 0.13430834 491.61023 19.323303 721.10156 472.9372 0 0.07810893 408.18915 54.493896 734.9499 717.18567 3 0.9903949 402.68256 327.61987 689.09076 724.1703 3 0.27173957 408.18915 54.493896 734.9499 717.18567 5 0.9538374 5.442734 583.73444 279.92865 992.86224 7 0.34065095 529.5785 86.43858 717.45215 410.6469 7 0.121495545 7.433075 586.9905 281.826 1002.18665 7 0.11460351 479.7224 20.114243 731.3054 194.69545 7 0.08590656 1.8583508 682.86255 53.250885 897.42285 7 0.07548692 569.88635 182.82422 713.15137 393.3457 ,test/3478.jpg
0 0.99994826 346.1282 232.91171 913.16943 795.7689 ,test/3479.jpg
7 0.9802555 480.56323 357.10138 641.2191 472.31323 ,test/3480.jpg
1 0.97858113 418.27396 465.18445 542.39746 541.9476 1 0.9506331 261.39 12.628754 483.33984 546.5071 1 0.76608336 270.03162 409.2315 585.99005 662.36566 1 0.6229953 285.58966 244.87227 576.91986 546.5208 1 0.39677235 450.83676 320.24414 593.86633 483.01324 1 0.36011562 453.8043 254.96902 586.7682 364.21164 1 0.28109223 377.8335 120.02959 572.7275 517.88824 1 0.25870106 424.14758 495.85983 532.5422 538.9171 1 0.2527248 483.8262 449.18823 537.9033 473.14545 1 0.22073185 471.3856 466.21024 535.292 479.7103 1 0.18214116 277.13257 303.89642 501.14185 630.43665 1 0.17172198 462.84024 466.49005 538.8944 524.85425 1 0.15087089 417.46863 262.09787 591.2143 536.31055 1 0.13215858 375.65475 281.22717 588.0397 678.7521 1 0.11647453 411.31894 108.5598 481.35916 458.79523 1 0.11595788 446.12408 476.27948 474.05322 534.23096 1 0.11107336 546.1937 340.77332 593.32043 495.4386 1 0.10410499 417.37793 473.71484 473.91382 540.38934 1 0.103380665 428.8363 496.97287 500.12213 527.60565 1 0.096669964 416.07816 503.2625 442.50027 541.633 1 0.09628622 433.12463 492.03058 459.16425 538.815 1 0.09274674 471.05112 453.758 534.8249 482.7838 1 0.09177437 447.06613 283.5716 483.6547 455.89362 1 0.077698715 410.94238 457.29712 492.1172 525.5832 1 0.07336816 300.18988 99.207596 455.69574 433.7326 1 0.07021357 307.3674 443.32053 479.86978 546.51074 1 0.06763865 426.72708 507.8093 495.6514 540.63904 1 0.06636211 434.73734 460.13095 476.632 507.63388 1 0.06286281 392.1996 501.1043 438.3058 543.91315 1 0.06161636 454.56448 477.93964 522.64667 517.1139 3 0.40454015 102.7226 13.2825775 277.1422 179.12039 5 0.050898373 102.97434 12.609932 277.17923 179.23172 7 0.99989593 243.9298 578.55115 597.9818 902.2483 7 0.99907136 613.1803 852.81476 930.603 1024.0 ,test/3481.jpg
0 0.99910766 420.4721 331.96765 623.6879 548.93555 0 0.8831978 319.2512 22.375786 404.3842 152.02011 0 0.3559665 336.0243 337.1172 621.3447 659.60583 0 0.2183662 729.0108 641.36395 769.4578 694.4941 0 0.20615707 318.7606 23.295616 401.50827 87.62184 0 0.12055874 908.1202 910.8891 991.31915 949.0024 0 0.05154405 349.11618 57.621483 405.671 150.70544 5 0.9983619 337.97015 479.68512 511.83447 657.362 7 0.30220675 729.0089 641.2031 769.2383 694.46826 7 0.21316959 320.1984 22.535137 404.34903 150.35449 ,test/3482.jpg
5 0.07578086 100.01692 593.91797 129.15828 625.0282 7 0.99982834 282.225 166.01666 751.7124 758.7506 7 0.7730563 79.484085 100.10606 241.30138 143.60725 ,test/3483.jpg
4 0.0943378 347.8306 115.72861 737.19653 679.65576 5 0.9839408 354.30746 113.05591 736.4944 681.74805 ,test/3484.jpg
0 0.99937433 195.55151 264.29977 749.3831 704.80383 7 0.050312314 195.02081 264.65295 749.58795 701.70306 ,test/3485.jpg
0 0.8798479 464.55002 261.7321 618.705 758.67236 0 0.68324715 782.7524 320.1503 834.0882 528.1874 0 0.54153043 272.18073 510.6592 309.38287 643.01306 0 0.398148 724.0645 387.03992 851.2591 792.7538 0 0.34628463 389.84753 236.33792 685.1201 750.0178 0 0.2554452 410.126 327.3468 778.41785 636.38916 0 0.19998647 398.36133 263.7482 827.5394 519.8572 0 0.17653844 297.67206 368.5548 682.1947 651.7003 0 0.13871892 305.26373 435.4831 807.5771 801.5059 0 0.10448691 343.9826 229.04291 409.60156 413.3709 0 0.08131378 593.121 370.0452 853.7494 800.1372 0 0.07918075 510.82318 284.00256 609.5556 629.6525 0 0.071226135 774.88666 402.0365 854.0489 501.79468 0 0.06568763 720.00854 525.9297 812.0571 795.88684 1 0.9806294 283.9692 251.47733 841.8801 810.66064 1 0.5564333 362.28625 243.54263 819.9512 504.37003 1 0.32168368 343.95532 234.7883 475.62677 398.21933 1 0.22073592 297.67206 368.5548 682.1947 651.7003 1 0.19991118 603.48694 331.46753 830.2245 805.22705 1 0.19656864 391.29 307.10806 837.577 626.81055 1 0.16921254 551.5052 278.2126 827.6486 501.73602 1 0.141425 272.3225 510.0083 309.1905 643.1621 1 0.120507516 344.14453 229.91736 410.3883 407.0628 1 0.09383363 722.19885 347.7725 837.56067 799.0851 1 0.080664314 389.84753 236.33792 685.1201 750.0178 1 0.07857003 560.7501 339.63495 813.91394 605.1226 1 0.05520478 399.1046 443.0412 817.4385 800.5024 ,test/3486.jpg
0 0.24306248 196.96292 175.57028 812.6693 943.4741 1 0.11142524 196.96292 175.57028 812.6693 943.4741 7 0.80335283 197.61511 173.93857 810.4884 941.87317 ,test/3487.jpg
0 0.4285489 823.82513 151.31442 850.59296 204.57294 0 0.3739002 350.00244 447.9033 473.3681 554.38055 0 0.369684 723.45996 372.02228 902.6775 404.9641 0 0.13017073 546.52435 638.3448 577.6795 679.92255 0 0.107724726 322.02887 437.59686 364.56244 539.9959 0 0.055728268 542.75867 605.7874 595.5117 681.1954 0 0.054072294 352.5434 427.85583 473.15662 640.7401 1 0.9621804 608.0406 8.998322 855.4174 278.74295 1 0.903363 455.5623 119.755295 618.9884 349.13898 1 0.6193041 362.30298 414.08075 384.65192 464.08704 1 0.44631568 643.25085 0.0 855.3734 146.86281 1 0.35510406 669.3209 110.79022 872.4514 148.10226 1 0.24109487 632.30817 73.176254 863.47675 149.43546 1 0.14254433 483.9403 133.73033 641.1792 493.4043 1 0.12372894 748.8853 20.125977 851.5074 119.59906 1 0.07209643 723.45996 372.02228 902.6775 404.9641 1 0.06581759 346.03104 270.41342 374.65402 327.96066 3 0.72239184 112.28076 172.83583 219.72565 352.60394 5 0.110196695 500.4469 727.8327 536.66907 761.602 5 0.088957265 452.30664 707.8729 510.41766 788.84827 5 0.069051154 112.42784 172.42569 219.28682 352.97397 5 0.050286777 345.86447 269.876 374.6542 326.87564 6 0.98714733 539.7992 576.51465 737.1029 917.12317 6 0.8529298 681.94507 366.19446 912.17224 489.6189 6 0.7787162 674.6051 470.54095 844.444 680.731 6 0.67592907 629.7571 579.3519 880.2721 796.49866 6 0.25795376 565.21796 569.40515 871.80634 908.1985 6 0.19959073 641.6607 258.97705 925.9213 376.28064 6 0.1579712 610.1076 0.0 858.54706 689.00085 6 0.13940194 618.12915 350.9696 889.7947 680.5751 6 0.13570555 700.78 621.0783 876.52234 769.2209 6 0.11513219 828.38007 51.348717 1024.0 264.4573 6 0.096899346 730.57336 635.4388 876.9431 702.0524 6 0.09083174 668.3912 574.5736 855.9433 693.46375 6 0.08745149 833.19104 488.07953 1022.2329 749.88226 6 0.080253325 788.423 704.1763 871.1644 777.31116 6 0.079417944 615.5317 297.45697 921.9267 507.2459 7 0.99835914 167.02509 651.0835 460.46423 908.8408 7 0.9938305 360.81412 195.28131 526.76483 543.07684 7 0.99009305 517.3799 270.49432 641.11707 574.21484 7 0.9722702 349.4363 514.94824 536.3253 742.7667 7 0.80969477 830.4954 490.00656 1023.6464 752.6741 7 0.49959663 353.42572 521.3146 511.04028 637.7029 7 0.49937552 276.2079 644.4293 462.8369 859.5049 7 0.2660176 823.848 150.28894 850.6134 204.7023 7 0.15401024 724.57043 371.5213 903.59705 404.86548 7 0.09436278 528.3872 276.29834 626.5919 400.55206 7 0.09152091 831.6292 526.5099 869.99225 640.5115 7 0.06945282 352.1147 461.18103 471.75983 557.1734 7 0.06931945 314.56378 629.9909 524.91864 812.1275 7 0.054402 386.59167 795.2778 432.4881 866.38043 7 0.053019296 876.87866 636.2561 1010.8297 692.2634 ,test/3488.jpg
0 0.15612966 522.8461 739.6703 621.1257 873.70544 0 0.07403923 749.25336 136.60115 771.5422 242.9282 0 0.06869876 423.9469 867.31366 488.00342 1005.61664 1 0.9956994 115.76364 24.47647 800.3717 1017.2804 1 0.99003464 157.83472 0.0 783.80194 247.7926 1 0.58836865 181.5177 508.84735 738.50977 1015.79584 1 0.54473555 179.49017 0.75279236 430.45984 29.630438 1 0.47010586 407.6693 0.31189346 663.55347 51.79185 1 0.23149459 721.23944 529.11945 749.11566 624.93146 1 0.17286982 703.4084 521.449 754.2879 756.7571 1 0.16168505 713.4974 68.46158 848.66376 739.4342 1 0.11518674 81.72118 170.13632 212.26065 781.3613 1 0.099564284 395.1389 0.0 871.7654 110.232895 1 0.09187973 689.9803 222.93192 807.0369 811.9302 1 0.08423962 172.95197 248.73236 766.1347 779.2935 1 0.06995354 752.6021 126.91067 773.701 148.31558 1 0.0505204 357.25433 0.0 410.20697 28.414497 ,test/3489.jpg
0 0.27626872 894.49927 961.913 1002.26526 1024.0 1 0.44664693 894.50665 962.4592 1002.0876 1024.0 5 0.99872917 147.3316 369.42072 864.266 714.2143 5 0.08514061 893.8807 961.95874 1002.3808 1024.0 7 0.10793252 894.60004 962.12006 1002.2413 1024.0 ,test/3490.jpg
5 0.99830794 165.32469 52.767944 607.1891 875.5893 5 0.9324662 1.2735653 490.07397 51.01191 754.4313 5 0.12710907 432.1549 4.2580414 633.589 181.23608 6 0.37302768 432.8242 3.885086 633.55164 147.29341 ,test/3491.jpg
0 0.17369004 182.97406 448.8704 373.73877 580.19244 0 0.0760147 231.56989 224.27106 540.3311 600.81146 1 0.9924672 172.51045 116.07382 528.4402 570.5947 1 0.97970515 222.74991 424.90402 309.5367 515.1655 1 0.5677676 167.46622 342.62015 420.50638 575.1994 1 0.28272262 224.54733 419.91 359.12546 542.84937 1 0.1426525 161.32437 354.65735 248.93356 471.3316 1 0.12570377 183.49973 449.35678 374.0419 579.7262 1 0.09105714 164.47348 348.65625 303.53876 509.0091 1 0.07314269 221.65422 423.0096 238.88054 469.43326 1 0.06825997 270.49225 463.9422 306.06464 513.9682 1 0.061040245 235.21964 468.21097 297.4127 506.66855 1 0.05398974 246.52518 477.996 309.64236 517.71094 6 0.92170846 208.62999 260.48737 568.1368 872.2509 6 0.19698443 240.38881 285.7838 562.01733 598.72906 6 0.18975253 172.17415 111.58417 539.2751 584.56854 6 0.050065592 203.69742 451.86313 559.1737 746.84424 7 0.99987555 533.6288 165.04288 831.09875 712.3651 ,test/3492.jpg
0 0.48053098 336.33313 849.18994 459.86334 1022.3093 0 0.20911358 241.71718 276.39987 749.441 635.72314 0 0.09453163 323.7162 856.4132 616.6298 1022.7156 5 0.11739223 746.56586 56.925232 982.0871 371.97818 7 0.96857375 332.1243 858.91736 618.0205 1024.0 7 0.944748 241.54335 273.41864 748.6334 632.8297 7 0.3349267 336.7762 848.1708 460.99063 1021.09875 ,test/3493.jpg
0 0.7888118 786.8938 262.1992 854.7395 406.6536 0 0.29121277 716.2965 203.80273 792.03125 261.85284 0 0.1685359 293.39096 363.85327 327.3815 419.97925 0 0.1280386 711.2124 267.4669 860.9778 413.03043 0 0.1276339 254.23499 450.20728 379.35175 655.34607 0 0.11563849 673.4883 246.85193 773.1421 307.5074 0 0.07995535 734.9894 184.10846 906.2932 433.66388 1 0.22409861 277.2531 361.73206 329.1715 419.31927 1 0.18872347 255.14473 454.64832 381.406 650.8351 1 0.09002464 497.88492 577.5864 589.3922 607.67456 1 0.06423581 362.6035 521.1673 398.47018 575.24347 2 0.06669003 279.282 362.0662 330.41232 420.8884 2 0.059675027 362.509 521.1151 398.25076 574.6272 3 0.10270854 278.4785 362.3734 332.11636 420.74744 4 0.29196116 261.37576 637.3441 332.63156 679.12756 4 0.21610215 254.54445 448.07083 377.94702 661.1956 5 0.9922063 388.5416 601.9813 612.19885 783.63135 5 0.9784052 878.5561 223.52707 1014.35297 365.41092 5 0.97597253 593.22424 467.7176 740.3761 733.2214 5 0.9680388 313.3034 290.75156 451.58282 424.96597 5 0.9556622 360.23718 509.6576 606.0397 615.8544 5 0.93441916 424.13928 227.77185 659.2361 399.78857 5 0.9195107 736.0176 115.614716 971.2435 224.41144 5 0.86049193 164.08072 428.29196 269.21103 627.876 5 0.82638496 673.7389 246.41202 771.6112 307.4321 5 0.8240708 598.03217 235.59433 690.3139 302.77432 5 0.80627775 352.19803 398.02795 691.1548 531.17126 5 0.76628953 602.6434 324.15872 679.8068 379.28226 5 0.75536877 384.5362 493.75027 469.3329 559.2121 5 0.74339056 327.69366 422.50528 385.4875 461.6351 5 0.67311746 254.09933 435.98975 381.29642 677.0283 5 0.6477177 446.2863 499.35883 534.4942 541.02716 5 0.6366741 734.22125 184.5302 905.0007 277.3695 5 0.546765 640.0986 273.68057 863.352 402.27914 5 0.46924722 254.7727 423.2727 391.86847 461.45514 5 0.38025683 834.06635 283.87762 923.0351 369.35974 5 0.32777753 668.18646 372.8713 865.3642 495.38254 5 0.31427464 584.1863 469.97903 804.61523 625.1039 5 0.29734066 647.19946 274.07047 869.8146 523.41174 5 0.29388088 499.5687 231.35057 679.8987 306.56836 5 0.29073676 327.63763 582.8716 392.41534 686.9291 5 0.2721296 445.28574 328.05875 663.1887 397.9694 5 0.27204362 357.70563 516.88873 399.4458 612.8857 5 0.25895032 633.48615 465.87836 714.63763 515.30176 5 0.24889323 608.1061 295.52887 812.4939 385.77856 5 0.2275199 261.12103 636.8746 333.60724 679.3858 5 0.21948262 489.86414 351.791 625.7057 395.5178 5 0.20953596 353.53375 544.55206 452.25342 615.7424 5 0.19637953 367.8172 484.29816 527.5382 546.0341 5 0.19556119 711.03516 308.4381 812.73157 374.55518 5 0.18173182 693.50616 472.418 790.9295 656.07776 5 0.17205302 370.10483 480.58405 415.3809 532.1129 5 0.17132829 841.06964 212.39317 906.618 281.8239 5 0.16716903 252.65103 425.4525 688.4855 704.20654 5 0.15785684 334.69476 386.28653 457.0401 424.61185 5 0.15411092 584.0851 241.2966 908.3627 774.5697 5 0.1528617 476.76636 388.58072 640.6533 427.7028 5 0.14977592 258.9615 413.2319 314.42822 440.8992 5 0.14601669 362.6035 521.1673 398.47018 575.24347 5 0.14585039 269.53714 414.38614 331.32303 434.64883 5 0.14389664 497.88492 577.5864 589.3922 607.67456 5 0.14317413 869.6345 351.58258 925.6515 399.34772 5 0.13799019 278.4785 362.3734 332.11636 420.74744 5 0.13644248 267.64673 426.79602 344.40155 459.23804 5 0.1230592 315.26215 553.87585 430.66284 688.0521 5 0.12164613 462.13953 312.6691 546.66254 366.69247 5 0.1207189 339.11035 280.99933 662.45605 426.0838 5 0.119338244 304.00467 364.58966 465.2076 427.3908 5 0.1179076 716.1245 203.81708 792.08154 261.5893 5 0.116431184 553.0975 403.77448 672.00385 450.00085 5 0.10834136 619.77734 466.80176 811.4197 526.30066 5 0.10489984 544.25964 393.35294 693.56177 488.8876 5 0.10372709 688.4751 308.39566 975.26904 760.19385 5 0.08893586 705.5322 315.81207 761.92554 374.9303 5 0.0862862 500.03723 338.25116 610.1251 375.65558 5 0.085808955 354.10748 521.0476 483.2268 682.3607 5 0.084704325 6.9723816 396.25067 699.74646 1023.9488 5 0.08463345 565.98035 380.84955 900.13025 521.9454 5 0.08402209 744.47864 177.5066 891.11255 226.50945 5 0.078426816 637.3245 445.55063 842.9998 513.2407 5 0.07825154 455.09872 371.6895 679.7957 426.2113 5 0.07760682 654.4424 462.92932 762.69836 688.9064 5 0.07682893 603.53656 371.1698 672.27936 389.37915 5 0.073805 252.7608 410.8714 325.11877 455.8448 5 0.07152773 715.49695 175.93585 1002.5331 321.13284 5 0.06761323 406.41257 492.06143 785.3324 612.678 5 0.06509008 867.62305 354.17737 925.29553 377.1662 7 0.91430384 32.942688 0.0 612.77606 476.59418 7 0.745435 2.2272644 297.51898 1005.06604 1024.0 7 0.42658138 19.688232 520.8612 711.57135 1012.7084 7 0.37478864 817.8298 285.3923 1022.596 853.5062 7 0.33684158 641.7325 301.9414 1019.6463 910.59766 7 0.16828579 353.00623 399.1314 688.77246 527.0092 7 0.14468303 633.48615 465.87836 714.63763 515.30176 7 0.11430032 512.9096 393.0358 696.9799 482.4437 7 0.10319152 466.1275 578.2749 591.6656 607.88 7 0.07764601 588.1187 394.784 712.27106 518.2827 7 0.07581639 307.6196 518.1372 396.50534 688.78296 7 0.07356288 345.79007 402.24634 945.6138 981.4508 7 0.06302542 5.3675385 406.30518 425.4359 1007.4182 ,test/3494.jpg
0 0.9985259 360.61795 561.38885 760.5394 874.41644 ,test/3495.jpg
0 0.91212803 488.67505 80.86095 637.92236 172.77539 1 0.096874155 488.73294 80.753296 637.79895 172.62639 2 0.99821436 322.8442 486.77246 733.7627 759.76514 ,test/3496.jpg
0 0.99614596 309.43533 545.56165 441.93533 572.239 0 0.56343406 360.20825 694.93726 564.64075 895.14124 0 0.48105398 1.3065872 526.9773 131.27771 847.2709 0 0.073806345 313.9509 562.59576 440.9222 573.2205 2 0.9987318 393.89743 340.23886 751.10144 654.9313 3 0.05738058 361.75452 697.75183 565.34247 895.9922 5 0.14573492 361.24475 697.8242 565.5 896.05786 7 0.85768414 19.933609 148.31966 276.0652 586.8127 7 0.08186039 50.705444 152.34903 247.36469 403.89212 ,test/3497.jpg
0 0.20818336 1.1800842 813.18317 78.94957 1022.6663 0 0.06270731 105.78636 373.85223 425.2885 509.87726 1 0.98638135 105.78575 374.34717 423.9179 509.8078 1 0.58690786 0.43443298 817.7684 78.689705 1022.1667 5 0.36838365 1.2123833 817.56934 80.33583 1022.5509 7 0.99646264 367.3869 275.56647 913.1458 655.21216 7 0.3428162 1.2700691 813.9896 80.12981 1022.74744 ,test/3498.jpg
0 0.5566055 245.28697 630.4557 281.28625 660.8303 0 0.35226136 232.53561 626.7559 294.9755 665.78265 0 0.07010824 231.71631 624.9175 267.74515 638.6633 0 0.0688434 215.79529 625.24396 365.09265 716.1857 0 0.06489419 235.63077 616.2604 325.76596 667.81824 1 0.63852966 403.75424 233.93938 438.28934 284.23203 1 0.3143158 194.13535 402.85397 229.74765 603.8122 1 0.2939492 196.15889 402.97632 263.6178 581.4486 1 0.25340503 226.4631 495.43033 301.0748 595.62646 1 0.2427879 194.30162 404.5069 321.66226 528.04803 1 0.092278376 203.1076 515.9861 223.43802 591.9574 1 0.07784768 197.25461 350.66364 314.84012 591.50305 1 0.059113987 215.79529 625.24396 365.09265 716.1857 1 0.05030368 209.6297 412.93677 243.5285 555.75616 2 0.058456525 225.54181 494.74918 299.94092 597.04553 5 0.8682689 204.717 210.29585 297.7245 359.1659 5 0.41999933 206.97661 343.39426 325.06528 527.08386 5 0.33169138 193.11191 403.1106 267.0416 568.4893 5 0.22505598 224.67087 494.73495 308.45425 596.406 5 0.21333188 205.88731 130.68533 415.53223 529.9114 5 0.18638176 201.06915 243.20038 312.49695 604.22363 5 0.16357955 255.77992 582.5473 320.84045 623.84515 5 0.13401642 235.63077 616.2604 325.76596 667.81824 5 0.13291548 231.33298 296.76465 370.29672 511.49603 5 0.118532464 197.156 70.532394 405.85297 374.7472 5 0.0685992 364.0068 224.27664 405.2816 266.7854 5 0.06626122 369.32434 254.66579 405.85803 343.78693 5 0.065903366 0.0 144.33125 381.531 525.84033 5 0.06501729 361.19107 219.90094 404.72647 328.29138 5 0.05669455 377.57474 288.51935 404.86362 321.63477 5 0.052914944 387.61813 258.82037 413.32523 291.87195 5 0.052117955 300.2816 223.25569 403.5776 345.64944 5 0.051866766 242.46863 111.17929 396.3576 302.00058 5 0.051063217 226.51555 586.8899 358.1621 670.3561 5 0.05099786 376.239 310.2065 405.06006 392.121 7 0.9998541 621.4153 533.2367 1017.77856 897.6377 7 0.9996075 367.45374 252.09329 655.4245 798.44336 7 0.9990408 621.6091 366.3738 784.2576 603.28296 7 0.9500318 129.83914 520.826 424.32516 940.15326 7 0.8781129 200.3044 68.90405 411.88104 536.89166 7 0.5478881 221.66852 484.5636 471.53223 753.7318 7 0.36777055 338.93057 65.46878 387.41434 109.59068 7 0.2901023 115.24896 95.59442 447.36548 908.82477 7 0.19910476 332.0509 533.25494 476.90784 749.804 7 0.11699442 224.67087 494.73495 308.45425 596.406 7 0.10910884 227.79657 597.1751 407.32013 705.29926 7 0.09271841 240.98007 577.1587 430.2081 772.1127 7 0.066155024 116.85283 770.00134 247.27953 936.23083 7 0.056761533 239.88763 613.49927 328.52307 666.5674 7 0.050718974 195.24792 72.69924 401.44177 302.2822 ,test/3499.jpg
1 0.9840772 836.9994 260.5186 941.5958 402.42813 5 0.97973585 41.57215 527.0145 219.70273 765.70715 5 0.28456983 116.043976 527.9805 205.86084 577.611 5 0.114133306 124.75522 525.7147 211.0246 644.08655 5 0.1014406 118.68709 528.49384 215.88658 740.4666 5 0.08687908 0.0 679.0263 79.484924 752.9379 5 0.0725522 22.644012 525.7417 188.75298 681.72107 7 0.9998938 157.32455 156.3425 964.72253 863.3373 7 0.9959778 0.0 446.5772 134.26866 683.4837 7 0.92287815 0.0 681.7344 79.40982 752.79956 7 0.7470842 322.60382 901.48193 615.68146 984.77527 7 0.35910746 0.3293457 446.8797 220.40813 767.10284 7 0.13236476 146.18765 161.34224 571.8745 491.39655 7 0.092548065 0.0 414.8572 76.86145 462.43875 7 0.065395124 257.42184 11.024429 309.46725 82.88337 7 0.06045452 112.95741 779.3061 146.50383 812.51373 7 0.05156176 13.086029 522.7378 173.90013 674.8712 ,test/3500.jpg
0 0.11460278 261.80066 255.65166 664.2214 668.50885 1 0.07069243 260.499 256.9837 664.8661 670.0634 2 0.7680976 262.0476 255.38971 662.8735 671.3538 3 0.2234042 259.9604 255.53046 663.6552 670.57684 5 0.38764313 260.40662 501.94464 620.2662 674.9942 5 0.34421694 260.99493 254.42491 663.4031 673.76605 ,test/3501.jpg
0 0.896285 501.8802 596.26013 688.25665 937.2761 0 0.81569326 569.88763 225.55476 993.26227 530.7322 0 0.810133 201.85956 307.74615 296.30783 425.55804 0 0.634227 282.28558 548.25366 752.89813 938.2672 0 0.49830684 568.95776 536.032 856.8032 737.12476 0 0.49792293 192.6889 384.8918 293.3752 424.81143 0 0.4802843 482.79623 659.5333 539.85596 926.1239 0 0.39656743 608.24414 307.2231 887.8395 464.57718 0 0.35704038 281.6308 184.00253 629.59564 361.4727 0 0.3532626 279.10254 187.96297 667.0457 610.2257 0 0.2576829 303.62183 592.25494 669.1352 745.8964 0 0.24603054 484.5777 494.7687 872.68365 942.3751 0 0.22967605 223.98508 317.84174 295.33542 394.66534 0 0.22560197 378.96692 614.76373 513.3054 665.70685 0 0.19897065 327.99036 480.62302 695.4301 614.10815 0 0.19002584 324.51425 192.93639 1001.18054 611.2398 0 0.18196203 193.91864 394.7946 240.11304 423.1694 0 0.1783351 318.0381 528.2982 868.6222 748.50867 0 0.14405407 457.59442 579.69476 602.4017 930.13495 0 0.13363065 195.54477 352.6976 270.5532 425.46738 0 0.115286246 582.3937 586.8916 623.24207 610.27234 0 0.11338157 634.1608 373.7418 984.9954 583.4735 0 0.089817345 271.73572 290.4479 560.5871 360.5129 0 0.068866394 515.5874 617.377 633.2445 751.7902 0 0.066847876 198.66216 360.63824 247.54872 389.3435 0 0.064727455 256.71542 524.1632 316.50748 584.6438 0 0.063480794 364.56863 617.509 539.49866 694.1391 0 0.051920097 293.1244 572.17316 550.41016 662.529 0 0.05068476 261.75238 311.5852 297.3025 362.3379 1 0.83590853 280.74435 295.09326 656.5586 560.86224 1 0.5203519 223.77542 315.69965 295.7809 395.61426 1 0.4485418 568.04114 534.6165 857.8788 737.5511 1 0.2838416 644.4825 431.1405 948.4239 584.2316 1 0.18335365 193.99126 311.27567 296.1573 426.88687 1 0.1102954 327.99036 480.62302 695.4301 614.10815 1 0.10873979 318.0381 528.2982 868.6222 748.50867 1 0.087674 337.7079 554.9805 654.6672 616.5754 1 0.062361795 316.98422 594.2987 604.1033 662.688 1 0.051050723 321.1117 622.3027 529.5122 683.41144 2 0.26285022 130.58305 415.8239 302.4439 487.6281 3 0.07799699 634.1608 373.7418 984.9954 583.4735 3 0.073574275 130.3848 415.80603 302.33588 487.50195 5 0.9211376 17.064468 422.3096 336.89313 692.266 5 0.7963016 275.69174 198.83221 567.11304 350.30658 5 0.40569913 285.04395 121.378296 656.5508 644.55334 5 0.3278837 132.08253 411.16724 315.1499 559.5952 5 0.29552117 577.67926 238.34138 1002.9373 591.4264 5 0.28377324 130.58305 415.8239 302.4439 487.6281 5 0.1425866 634.1608 373.7418 984.9954 583.4735 5 0.1333301 329.70078 482.52167 682.5974 623.69415 5 0.11743603 482.79623 659.5333 539.85596 926.1239 5 0.058220427 261.1612 311.981 299.71277 360.4736 5 0.055796176 283.85416 166.10075 984.5029 617.7408 5 0.05030657 293.1244 572.17316 550.41016 662.529 7 0.11505359 282.2173 181.09683 616.8109 376.44272 7 0.061785683 296.8587 621.96796 525.98065 681.0324 9 0.15498339 280.31314 176.96704 656.89734 623.3322 9 0.077934645 281.5837 185.6519 623.886 354.9084 9 0.056517147 327.99036 480.62302 695.4301 614.10815 ,test/3502.jpg
0 0.7831771 473.57806 422.67892 612.2657 505.27493 0 0.39355075 84.33234 565.7833 175.36328 601.3336 0 0.11801579 509.15298 416.4121 541.68585 442.99768 0 0.07037911 510.997 412.7878 596.24066 485.66745 1 0.09752085 474.99765 423.30783 612.31213 505.3923 1 0.057867434 436.9026 303.4803 612.65564 423.81403 2 0.9983033 436.99408 302.46234 611.9565 424.36237 2 0.2426296 472.6056 423.11285 612.0067 506.34277 2 0.18570207 490.55212 333.73788 613.8004 432.18515 2 0.1779268 535.9152 359.47717 613.11835 427.56897 3 0.4888955 471.73782 423.44876 613.17126 504.92044 5 0.9996909 393.90973 394.37485 502.9873 476.27274 5 0.21495442 475.95538 422.41394 612.57916 506.40448 ,test/3503.jpg
0 0.29965916 890.35486 630.3318 918.9204 666.5729 0 0.20120466 919.7648 723.9299 1022.1715 895.2802 0 0.13629222 923.01324 728.0301 951.4294 759.63544 0 0.093692206 223.388 211.1015 283.731 296.5678 1 0.9972349 43.47989 365.02295 485.82645 816.8224 1 0.97030795 963.2453 52.505806 1024.0 207.10309 1 0.8949315 5.0468445 831.81793 105.06677 991.71295 1 0.754203 95.420715 403.3541 367.99966 483.31564 1 0.63958114 881.9487 0.0 1021.349 132.43393 1 0.2308454 58.448154 444.952 108.9133 488.89316 1 0.15895887 923.08307 727.9429 951.91534 759.8119 1 0.15297237 413.75516 310.37402 462.86905 423.89514 1 0.15234853 88.67929 445.36087 161.7617 482.40903 1 0.09824838 223.37907 213.66063 285.23767 272.44507 1 0.09302114 890.568 629.6877 918.96936 666.8641 1 0.07307293 858.63806 0.0 1021.9547 246.60431 1 0.060865145 65.61372 370.36407 413.0672 502.0243 1 0.05620471 959.7727 58.850143 1015.37585 136.54385 2 0.06935052 890.35486 630.3318 918.9204 666.5729 2 0.06708542 4.626335 830.6696 104.964355 989.7924 3 0.19177084 4.5299644 831.00037 104.83301 990.51526 5 0.7355111 919.4575 724.09937 1022.12085 895.2958 5 0.05777757 261.68823 256.51807 293.37958 404.5207 6 0.99816257 222.6427 110.4498 416.3626 262.91122 6 0.05947712 890.7035 630.17456 919.5725 666.9839 7 0.9998273 586.25586 512.83044 950.28015 1024.0 7 0.99975115 277.09216 176.49176 448.22955 429.08014 7 0.99937063 487.32117 10.568527 737.32324 383.98907 7 0.99872667 5.2921295 171.92647 301.8321 468.7271 7 0.9910789 516.5171 154.54337 961.1515 615.30164 7 0.95882547 679.9188 453.2606 897.5149 597.0871 7 0.48321125 844.17645 456.47583 910.23334 658.86804 7 0.41905737 867.26166 509.1172 910.358 652.08545 7 0.30189312 919.5192 722.7576 1022.95526 895.3797 7 0.2992229 250.681 386.26486 307.0961 428.9706 7 0.20876938 573.0386 560.73444 663.2241 728.32635 7 0.20021991 218.46707 228.6584 292.54404 428.5119 7 0.16459428 505.2294 304.52063 832.3292 621.34973 7 0.136738 587.2779 529.9474 880.972 737.3054 7 0.11441866 732.66956 427.83084 909.5951 673.6438 7 0.08089487 33.317776 135.08623 140.0294 236.10698 7 0.074241444 258.24207 252.96286 300.95294 425.3829 7 0.06832678 179.33261 293.2806 293.11774 433.14047 8 0.09132209 4.850437 831.73236 105.11124 991.19745 ,test/3504.jpg
0 0.83589447 247.9391 433.29175 671.463 689.4436 0 0.46528292 256.07083 254.44359 681.0178 765.27106 0 0.20846237 288.77014 526.9154 623.92096 658.54065 0 0.06385208 463.33282 264.90414 783.3559 514.68445 5 0.9992269 235.41426 278.8072 325.7052 464.14978 5 0.7762417 533.18945 169.2338 688.5657 297.22 5 0.666466 662.37195 135.24011 813.74084 324.82068 5 0.38883823 534.244 125.916595 821.3369 330.5967 5 0.10037738 746.0979 193.9609 805.16455 324.99063 5 0.067618266 393.52884 74.054474 808.0653 338.7152 5 0.058622338 551.2084 272.83673 651.76355 317.17035 6 0.98389363 244.26898 269.20197 678.5095 763.5572 6 0.24797979 314.59424 269.43008 731.0587 576.37634 6 0.22953485 319.7868 22.282776 832.92303 654.3898 6 0.12889907 468.15344 250.0415 798.08386 516.4705 6 0.1058817 540.3919 281.04645 690.63885 690.93115 6 0.060024913 612.1122 309.61252 700.85913 532.8918 6 0.053143978 267.53616 571.1515 663.8833 759.33264 7 0.9465002 341.46863 12.420074 831.423 531.16797 7 0.5605736 540.54126 125.96922 836.87366 518.56055 7 0.41747 393.52884 74.054474 808.0653 338.7152 7 0.13109842 330.11145 57.391396 549.4232 278.85214 7 0.10724629 427.7998 93.16571 533.9663 252.79358 7 0.10081002 463.33282 264.90414 783.3559 514.68445 7 0.05745521 339.01343 10.864304 634.3818 330.54004 ,test/3505.jpg
0 0.7914312 0.0 1.2259216 1024.0 1023.3054 3 0.100584365 418.9732 437.87183 468.65137 513.4827 4 0.99240464 279.3892 353.47635 382.6995 609.67346 4 0.9826559 355.888 312.275 425.49286 540.58636 4 0.9817328 465.58636 262.5023 614.51935 495.72562 4 0.9571849 579.9657 314.63162 675.1565 465.80478 4 0.9483773 407.26373 367.05258 475.22235 453.27316 4 0.89826334 494.0665 571.8439 651.92615 755.8485 4 0.8930423 304.435 685.19867 493.4546 916.44745 4 0.84422517 248.06917 525.1579 451.42773 708.2316 4 0.8185619 560.715 498.118 688.3244 621.6213 4 0.7806927 512.902 712.96173 569.1223 818.8758 4 0.7751133 573.6488 375.88736 715.58167 475.07822 4 0.6216398 410.77118 698.59937 517.03625 870.61536 4 0.5925812 526.8154 430.34964 715.26733 631.0976 4 0.57508814 489.0956 435.91806 701.2324 769.5686 4 0.5321067 418.93277 438.17227 469.0502 511.63956 4 0.49263525 434.6814 455.58514 703.2379 596.40594 4 0.33421245 266.04538 339.86075 421.99728 719.56177 4 0.31374392 340.92252 566.4218 511.387 906.51874 4 0.3040838 414.87363 445.91586 512.63055 572.5222 4 0.30031314 411.91122 359.02145 467.19333 521.84393 4 0.29422024 493.17453 222.17567 565.63696 413.25275 4 0.24013574 391.6158 710.7528 419.85556 763.1754 4 0.2171295 361.79254 574.13995 490.09717 707.3057 4 0.2055332 444.16873 568.09784 558.62665 677.3017 4 0.20218503 408.54034 372.04944 462.8111 423.8471 4 0.19073108 264.3482 549.76416 433.12646 854.46875 4 0.16743743 387.22345 444.48383 497.20892 616.9382 4 0.16607802 286.76776 512.68085 452.36646 627.0224 4 0.15473332 633.71106 377.59906 708.81165 467.59204 4 0.15054302 425.14435 572.2031 514.5439 903.3662 4 0.13561842 398.41656 453.09503 590.7665 588.31256 4 0.12864654 421.66125 365.06903 596.92816 530.23755 4 0.11826975 279.6301 448.43323 406.5284 644.7151 4 0.11661353 418.3257 420.08224 473.88864 566.7433 4 0.11649524 444.76492 469.52893 567.4857 656.2926 4 0.106455736 501.95038 724.3978 523.1501 810.41223 4 0.100758836 420.7496 322.18893 500.88376 456.99423 4 0.08879565 434.42746 763.9865 513.2477 870.74664 4 0.08826342 568.224 307.4486 716.2035 545.31525 4 0.084299095 464.74854 591.92255 535.88007 676.6778 4 0.08292517 458.17606 317.86423 569.7214 490.3508 4 0.0820688 346.57947 588.6549 486.74628 794.93274 4 0.07511698 459.66437 387.08316 491.14294 443.1282 4 0.07489362 345.82172 478.12863 467.68073 666.29364 4 0.07412946 482.19836 304.54926 704.76733 488.4693 4 0.064947076 496.85272 656.86615 597.5528 813.7431 4 0.0612734 419.1837 405.4302 467.44296 445.51547 4 0.06102821 313.20395 347.11212 426.27933 595.9117 4 0.05935825 539.76843 442.69708 730.78284 519.9435 4 0.05718828 358.23975 328.56595 459.08246 614.7135 4 0.056453817 364.71524 348.47324 475.80972 786.0968 4 0.053938054 457.03763 571.3565 500.32413 677.493 4 0.050471842 439.8357 370.14362 489.49335 445.92926 9 0.113714464 0.0 1.2259216 1024.0 1023.3054 ,test/3506.jpg
0 0.8801145 745.005 412.33368 836.5326 523.016 0 0.20502114 635.4617 453.5922 722.81006 502.91385 0 0.06808182 673.3546 460.46912 714.85815 501.64026 1 0.116001435 636.1178 437.33295 739.57263 505.3753 1 0.109112196 744.7361 412.21246 836.7529 523.10034 6 0.15550552 744.84766 412.14285 836.52747 523.21344 6 0.11151978 367.58887 375.7778 434.70813 423.14883 7 0.992126 425.39133 470.99387 604.09216 622.19934 7 0.5147714 426.078 443.6 729.1975 622.6782 7 0.057990078 634.3336 448.3546 720.4104 503.61548 ,test/3507.jpg
7 0.99891937 28.922394 257.02795 1024.0 789.5869 7 0.15042579 228.73792 467.4722 1015.76086 782.56604 7 0.100355 473.59753 470.08484 1004.01965 602.97107 ,test/3508.jpg
0 0.09039204 317.02026 327.73148 459.21332 599.07947 1 0.104891345 320.86432 326.72223 456.12378 596.34314 1 0.07337807 345.37915 332.8603 845.6339 634.98517 2 0.99770844 370.08688 333.54596 845.0502 632.5932 2 0.9192436 317.6366 328.44702 458.7306 597.72296 2 0.30569276 377.9351 355.25006 445.684 621.6258 2 0.06772973 378.8686 495.195 406.97943 621.555 2 0.06620611 315.48587 447.30466 423.8339 590.9764 5 0.18221505 317.92178 330.4624 459.03098 597.2337 ,test/3509.jpg
0 0.40320733 445.30923 500.63214 510.60953 561.7768 0 0.3864042 510.41815 760.49194 756.26935 943.65 0 0.09115952 164.39586 218.74402 370.6302 357.62988 0 0.075593404 323.36807 355.04422 377.0574 386.97147 1 0.07070649 166.0358 140.51758 630.3158 477.5948 1 0.05003442 510.6022 761.0337 754.25415 937.82166 5 0.9530996 174.09666 114.514175 631.5186 488.77722 5 0.05663787 542.7116 422.0827 646.9677 490.1006 6 0.10252109 511.22794 760.41705 753.6769 945.31146 7 0.8433924 511.408 760.53076 754.055 944.2556 7 0.17211688 172.91776 113.336685 632.6343 485.55035 ,test/3510.jpg
3 0.9999548 344.4525 371.32007 594.4232 651.7857 ,test/3511.jpg
0 0.9979918 202.09386 376.49002 565.16504 731.7943 0 0.7964113 219.87976 305.92584 806.6365 739.95514 0 0.062371533 634.95825 236.86516 826.1127 296.74817 ,test/3512.jpg
0 0.2021183 706.462 748.3041 756.961 767.9795 0 0.081297204 892.2702 552.84235 1023.23944 681.9705 0 0.073224105 679.62555 424.0124 1007.6386 766.93353 1 0.9985091 269.5765 236.50958 809.03 760.0079 1 0.6273193 339.1853 227.07779 692.3368 421.46262 1 0.3278813 255.77147 325.72635 335.70215 523.32574 1 0.062003825 758.0417 400.34702 1024.0 610.77423 1 0.05861443 679.71497 366.59003 1021.8871 765.6993 1 0.050969798 470.6549 296.4577 680.13916 406.7118 5 0.6239216 681.8438 532.289 1010.1619 760.461 7 0.9587107 758.6872 427.6618 916.637 582.60187 7 0.837352 748.6804 418.9604 1020.9818 599.057 7 0.67603165 892.2702 552.84235 1023.23944 681.9705 7 0.45788062 676.2051 424.54813 1018.26733 763.25854 ,test/3513.jpg
0 0.6028679 786.78644 280.12427 848.878 390.7508 0 0.23712872 160.38994 754.3076 251.01833 903.06165 0 0.18319377 155.03674 743.505 293.38864 1024.0 0 0.06962125 181.1887 865.5194 294.43405 1020.6471 1 0.11842125 786.291 279.93262 849.00867 390.58258 2 0.9991861 501.539 154.51718 815.9727 561.5762 2 0.06440566 787.2649 280.4745 848.6688 390.65997 7 0.81502414 155.53027 742.30945 293.8674 1024.0 7 0.5252535 174.13739 863.04584 295.87094 1020.3786 7 0.13057524 160.20668 751.2838 255.69856 913.9575 7 0.117427446 786.92084 279.78534 848.78827 390.69635 ,test/3514.jpg
0 0.9984078 146.83035 92.36716 717.9252 873.32495 0 0.22812168 496.14832 85.392426 1022.7495 641.22327 0 0.07162346 538.00964 504.7776 707.8097 658.6998 ,test/3515.jpg
9 0.7743976 181.73013 237.65628 1017.02344 639.8352 9 0.71335995 32.220734 440.49597 949.04285 896.44116 9 0.13606752 370.4346 607.8895 933.93054 891.2377 9 0.1124628 156.84567 226.02827 653.97876 542.2259 ,test/3516.jpg
0 0.20437941 198.29065 85.98865 884.7317 848.9125 1 0.32313913 194.70169 86.1998 883.88477 845.25757 2 0.8639351 197.61731 86.217834 886.21606 846.2455 7 0.07341982 196.77051 84.73068 883.86694 848.7551 ,test/3517.jpg
0 0.17227665 723.27325 367.3282 772.78595 407.09064 0 0.15596648 376.20908 526.444 450.73563 560.57544 0 0.10176004 715.52765 363.1207 771.44073 431.25778 0 0.0766643 499.53262 422.98798 707.8711 500.46893 0 0.06237722 386.6283 453.68643 535.23486 508.8387 0 0.051539794 459.95078 458.2254 519.25684 479.37146 1 0.9947714 323.9111 231.54224 754.0431 453.41064 1 0.9453985 290.45923 410.40408 767.1284 575.0495 1 0.81223136 321.6197 236.07007 470.9519 453.61548 1 0.78641254 397.04517 425.6466 720.54736 506.36755 1 0.59774214 714.49664 361.25958 770.5601 436.9591 1 0.40935788 374.15942 297.6345 742.09937 510.02878 1 0.40116367 386.97934 455.81064 535.04626 508.10837 1 0.29893345 722.7746 364.82507 772.5743 406.64587 1 0.26803693 506.83783 441.81125 694.4274 499.63376 1 0.26764923 352.16086 354.97708 764.9094 465.38803 1 0.21176842 379.65076 416.37018 750.0963 474.89008 1 0.15077233 711.972 333.25058 771.69745 383.15982 1 0.13844 686.2197 343.52505 770.6013 456.5914 1 0.12478586 459.95078 458.2254 519.25684 479.37146 1 0.087795146 451.1615 228.65555 721.4553 399.78085 1 0.074029334 524.18195 453.19785 577.7115 495.26633 1 0.07158351 726.05225 360.92694 770.39417 388.49176 1 0.06795354 663.8238 350.67554 771.2399 552.02875 1 0.06730767 561.2929 350.31293 772.68744 469.4875 1 0.061485726 479.86438 461.68042 526.2903 511.02667 1 0.05614062 431.87842 480.41754 717.4424 585.4869 2 0.123798415 387.3425 454.9865 530.78015 508.80682 3 0.12823097 221.64328 314.45068 266.88733 333.24152 5 0.15030152 331.77753 380.5178 374.26447 426.25363 7 0.0873599 716.9514 364.7384 772.0309 427.73993 ,test/3518.jpg
0 0.14251448 723.5615 64.85048 795.9481 108.336914 0 0.06588286 203.65701 845.8921 354.15488 928.79614 7 0.99948466 179.70499 547.6613 539.8529 932.3814 7 0.99899656 298.72577 42.423904 642.92175 409.1194 7 0.995492 101.03169 182.66043 404.65118 435.62387 7 0.99204105 175.21454 402.72107 438.0901 599.5852 7 0.98498267 389.4958 400.05075 691.7576 548.1972 7 0.071351394 100.14686 185.11432 276.9778 271.96582 ,test/3519.jpg
0 0.27673045 756.243 521.741 890.96454 668.04596 0 0.24511467 585.663 283.6459 615.5789 365.04538 0 0.2219612 582.00146 277.019 667.0148 429.6769 0 0.1961207 216.69035 659.4696 246.99416 772.776 0 0.1352296 610.1909 274.27618 655.3522 400.94128 0 0.107708976 583.3188 279.17523 623.2211 415.63696 0 0.05855758 569.11816 390.55432 590.553 434.80725 0 0.058264237 585.16144 356.05508 613.31647 417.17538 0 0.056092035 572.5589 382.45346 608.0733 426.51773 0 0.052041195 230.13275 665.76416 434.93054 709.6207 1 0.9978892 430.115 587.30054 672.88684 917.00916 1 0.9175736 756.3032 524.35925 890.47424 668.4745 1 0.4660816 688.98724 176.01334 882.70013 450.41928 1 0.436624 581.47906 276.66238 667.62213 428.6652 1 0.37141126 642.94543 300.86285 698.678 430.7508 1 0.19038914 585.663 283.6459 615.5789 365.04538 1 0.14065093 772.9602 385.25806 871.1373 425.29376 1 0.13152838 464.63437 395.37366 558.2512 535.5038 1 0.11361311 572.5589 382.45346 608.0733 426.51773 1 0.11071675 230.13275 665.76416 434.93054 709.6207 1 0.09349049 424.94183 551.1266 522.1514 709.62317 1 0.09235101 812.29816 385.90936 870.28937 415.792 1 0.09215708 664.0623 321.32745 697.03094 390.67792 1 0.08848222 569.11816 390.55432 590.553 434.80725 1 0.08471953 548.80975 662.3556 667.84125 906.9094 1 0.07092208 610.1909 274.27618 655.3522 400.94128 1 0.06822051 650.8819 298.8829 685.49664 336.3981 1 0.06302041 492.51532 525.591 526.8334 580.80255 1 0.059834242 583.3188 279.17523 623.2211 415.63696 2 0.38054353 863.5663 681.03015 915.71936 749.875 2 0.20218948 354.43414 777.954 378.09766 812.3827 2 0.15343726 490.8695 525.4509 527.2485 581.7799 3 0.07498389 928.60394 735.63965 988.8442 801.20654 3 0.05263515 354.46414 778.6917 378.60593 812.0279 5 0.9997285 877.5765 635.0459 932.5157 695.928 5 0.9455815 928.5308 735.6382 988.8472 801.15955 5 0.72610235 863.4642 681.00256 916.90485 750.0325 5 0.71046513 429.13342 554.027 517.8564 705.5138 5 0.5429228 216.71677 658.6694 246.62097 772.7968 5 0.53194976 491.04044 524.8476 527.0756 581.09393 5 0.2802092 461.73453 391.5094 543.74524 534.09784 5 0.19809847 458.73114 394.09442 508.3847 521.8197 5 0.1975564 455.8973 409.28812 479.98508 442.27133 5 0.18751459 354.41626 778.02954 378.03333 811.97766 5 0.18018214 459.85928 563.0827 508.30307 608.32025 5 0.1696782 456.35675 395.58893 541.1653 443.1786 5 0.16715011 486.78622 563.7408 512.9214 621.1436 5 0.12218846 480.56586 522.06976 517.1712 625.3892 5 0.107238635 448.92172 403.3343 479.14438 526.17 5 0.08359531 448.96988 431.2261 469.99393 507.59708 5 0.081887186 479.68735 553.87946 515.1763 603.7133 5 0.07546219 929.3828 736.5921 979.9015 750.53766 5 0.07462476 509.39706 524.6708 526.43506 582.4618 5 0.06612423 457.88422 548.8066 520.22015 619.32196 5 0.05882784 865.892 682.39557 916.9107 704.55585 5 0.05753105 873.06116 669.7254 931.6544 694.95734 5 0.05610453 487.16257 540.98004 518.62366 585.43 5 0.0546006 455.06802 428.99713 477.33987 497.27563 5 0.05118796 539.0882 393.43848 577.16595 443.7735 7 0.9987878 507.04947 399.1327 745.2442 692.4723 7 0.9972308 229.50266 371.30447 453.2302 709.49365 7 0.9815528 648.872 299.92084 758.6414 504.44116 7 0.94670266 686.2776 181.44438 878.15845 441.43835 7 0.82119066 464.65918 395.0579 556.2078 533.6571 7 0.4024136 581.84595 277.15402 666.96375 429.44815 7 0.3574657 585.663 283.6459 615.5789 365.04538 7 0.19091581 772.9602 385.25806 871.1373 425.29376 7 0.15706624 551.3779 393.05807 585.4387 444.04025 7 0.1515735 641.33594 301.75275 701.7611 433.22424 7 0.14632404 579.274 381.5525 616.5014 421.4303 7 0.14065182 610.1909 274.27618 655.3522 400.94128 7 0.13330595 583.3188 279.17523 623.2211 415.63696 7 0.081230834 452.1553 438.85486 472.5007 515.0041 7 0.07877961 431.1499 559.0641 508.8739 703.2439 7 0.069970004 559.8021 385.1989 619.85986 438.98395 7 0.06859642 453.48712 378.21704 581.28204 662.1245 7 0.05673271 576.79004 351.08093 648.8517 422.0553 ,test/3520.jpg
0 0.40752044 187.49118 783.19714 412.4185 938.4507 0 0.32832494 149.05353 770.00757 720.8047 1024.0 0 0.3167201 44.780426 7.4828186 694.32715 350.1648 0 0.20741287 550.75116 26.343231 1015.66156 839.50854 0 0.16749226 107.72514 177.30844 203.60103 253.13669 0 0.13211134 539.9887 552.9534 719.0151 780.02203 0 0.12576148 277.7127 469.33282 963.29645 1000.5495 0 0.095511444 162.99802 697.4585 681.50525 802.6101 0 0.09004292 26.232147 0.0 985.9689 889.1666 0 0.083880305 485.32 6.2615814 696.0374 290.68604 0 0.081363 247.14401 785.0346 477.5272 902.30096 0 0.08061016 100.998344 30.360252 224.51102 260.24918 0 0.08004962 900.02313 0.0 1024.0 139.86028 0 0.078480035 208.54263 808.9247 338.13004 892.3235 0 0.076004684 0.0 0.0 54.43386 216.31558 0 0.068594374 807.5004 2.6433754 923.764 118.45851 0 0.06653648 166.34447 762.2318 650.93726 884.944 0 0.06555637 280.88278 324.8332 649.29956 606.3539 1 0.25364858 893.79266 507.5987 1023.3918 699.97003 1 0.24107428 902.8629 505.13962 1021.8972 610.28864 1 0.1636038 896.177 603.42957 1023.75256 701.3263 1 0.09135523 894.42944 474.3204 1020.6144 979.11694 1 0.091127254 1.1222725 4.6748657 63.17123 306.34555 3 0.9694429 453.79102 423.6347 638.7998 607.7922 3 0.89786077 279.1664 321.77505 592.0032 495.47507 3 0.8681846 628.36066 315.34808 832.5754 740.52167 3 0.79394674 92.394165 338.9754 581.1874 766.56134 3 0.62369955 389.4854 342.02502 643.2729 600.853 3 0.61177677 141.3826 771.13293 720.8838 1024.0 3 0.42795774 27.28714 9.663315 713.0897 410.15656 3 0.4166116 157.5603 697.40784 681.33624 803.52844 3 0.35180923 413.54355 730.86554 663.8545 806.6137 3 0.3087472 535.8284 541.5518 718.3106 793.936 3 0.26074585 517.3299 317.17767 609.534 447.74817 3 0.2446584 619.23883 335.75916 845.35504 545.62823 3 0.24325803 812.0813 3.0431366 923.7068 121.25677 3 0.23809655 444.32538 244.17438 761.342 479.95453 3 0.22127134 160.79398 683.18616 442.23215 805.8054 3 0.20619625 423.01877 324.53748 610.31995 452.2752 3 0.15137918 89.56644 173.66153 683.1615 399.34518 3 0.14809726 26.301697 293.18115 725.4522 1000.8899 3 0.12767853 325.57724 128.65288 686.49524 481.29242 3 0.12485318 8.694855 13.388062 714.81384 801.2965 3 0.12357824 258.28748 190.36923 736.11426 721.645 3 0.12148815 612.8889 379.668 863.59863 969.4425 3 0.11974231 565.68396 185.68407 721.9763 546.5527 3 0.11772936 515.377 322.8415 667.07587 479.6278 3 0.11117964 404.20624 477.5703 468.5907 522.5446 3 0.10869937 302.45663 385.1958 581.8706 726.99097 3 0.10378145 524.5893 328.7816 609.8365 396.6564 3 0.09073745 566.6619 298.88727 702.7465 479.65997 3 0.085574865 96.134186 232.32764 555.35254 482.81635 3 0.05912383 237.68854 565.9913 394.8766 722.92413 3 0.057668537 485.32 6.2615814 696.0374 290.68604 3 0.057226572 163.0824 93.20202 701.53375 329.59302 3 0.055014797 437.74292 292.29816 867.532 930.8184 3 0.0542496 508.14243 95.165985 696.46277 504.62936 4 0.0746797 816.54663 0.0 922.8899 123.642586 5 0.12474037 0.0 767.5184 169.88177 955.5236 5 0.119117625 807.5004 2.6433754 923.764 118.45851 5 0.11531316 157.60587 697.67114 685.68787 802.60535 5 0.07155689 900.2994 0.0 1024.0 140.26833 5 0.06603924 0.0 817.1108 159.51436 900.47235 5 0.06413175 74.35687 6.0283966 694.0055 337.14642 5 0.059175845 1.1222725 4.6748657 63.17123 306.34555 5 0.051031724 146.15707 769.3924 721.06616 1024.0 7 0.40089524 17.825531 7.8360443 719.1843 414.18555 7 0.35042655 26.232147 0.0 985.9689 889.1666 7 0.31381568 564.94885 27.70816 1017.15405 913.37695 7 0.30543405 3.0097733 0.0 221.33301 851.8003 7 0.30381596 162.99802 697.4585 681.50525 802.6101 7 0.2611143 536.562 546.46484 718.6332 785.32227 7 0.21134812 107.72514 177.30844 203.60103 253.13669 7 0.18889482 817.71606 955.42255 1022.0852 1021.00494 7 0.16536422 51.233612 319.4372 666.9452 820.64667 7 0.090897225 1.1222725 4.6748657 63.17123 306.34555 7 0.08984615 77.03668 405.68607 915.1452 1008.68994 7 0.08166529 172.30653 465.44296 581.65137 745.72314 7 0.06816604 68.95187 176.94531 392.159 410.1197 7 0.06472448 3.6004333 5.1125793 580.1389 788.0952 7 0.054488577 160.79398 683.18616 442.23215 805.8054 9 0.21296908 0.0 0.0 54.43386 216.31558 9 0.09067627 900.02313 0.0 1024.0 139.86028 ,test/3521.jpg
0 0.41045702 286.24225 421.66312 364.51184 468.42703 0 0.40619013 610.51605 569.5376 645.5905 630.13513 0 0.27140903 334.91498 558.2953 628.2574 715.0908 0 0.25584233 625.46765 647.772 678.60547 679.48816 0 0.18650445 610.73956 428.36493 747.75616 534.58075 0 0.17151588 608.78094 568.19135 682.71136 647.91583 0 0.13821878 836.23035 444.06927 879.38293 465.28107 0 0.11624374 672.87854 436.22308 759.6511 488.1333 0 0.106442794 225.13638 463.61646 294.26187 537.2741 0 0.10489903 252.67235 414.6557 642.1088 628.0611 0 0.09822752 271.04547 487.81714 392.40826 533.6391 0 0.091530755 674.4009 428.55566 946.9955 522.6839 0 0.080764726 523.84814 522.1991 627.4468 578.04565 0 0.079916805 288.20898 479.56805 687.742 715.8918 0 0.06319457 686.32336 437.23215 720.6738 490.43735 0 0.062395927 261.2137 493.23154 293.2416 536.13916 0 0.061781585 611.439 481.5558 701.1347 534.2444 0 0.059341155 243.96893 487.95743 334.54602 537.097 0 0.058970235 404.65936 682.1564 536.56616 722.3063 0 0.05837315 350.33896 556.39166 585.78186 620.82965 1 0.9968284 266.08456 274.8838 649.5553 621.08057 1 0.5760322 238.28125 427.3853 604.46783 619.24677 1 0.4120717 611.7114 426.50815 741.626 535.375 1 0.1860918 334.69025 558.83057 632.3135 714.65784 1 0.18057096 281.45374 385.39822 718.2765 715.67834 1 0.12542148 271.87003 491.16214 715.5947 628.92426 1 0.10402631 611.439 481.5558 701.1347 534.2444 1 0.0980251 639.8368 437.19714 738.01904 498.57855 1 0.08895972 287.22025 421.88412 364.53806 468.01535 1 0.08414325 239.6401 425.0714 376.2899 530.2036 1 0.080932274 617.01794 414.3594 947.11694 529.84546 1 0.07655863 513.56464 498.1718 745.23627 576.2902 1 0.071987286 226.0018 463.29788 291.57608 536.501 1 0.056731265 643.13354 423.0574 703.0642 513.1858 2 0.18256705 339.37692 561.8131 638.7294 714.28345 3 0.18362983 455.11676 894.4791 494.8933 920.8429 5 0.29018098 673.9654 427.99908 946.1922 522.82166 5 0.08152527 679.1687 439.44775 710.3231 493.38892 5 0.06930871 734.4925 456.66605 900.0815 509.67484 5 0.059212644 639.8368 437.19714 738.01904 498.57855 6 0.7596698 334.43628 559.5045 634.795 717.09436 6 0.08582477 608.45776 567.1396 682.9275 648.4826 7 0.8283025 627.1943 419.64578 946.5816 528.0538 7 0.38710523 286.5635 421.8945 364.32132 467.73703 7 0.20636088 611.0479 427.9021 745.85297 535.2156 7 0.16481842 627.72656 648.08673 678.1666 679.6728 ,test/3522.jpg
0 0.58447677 385.4474 365.6174 600.06903 536.4973 1 0.67425454 385.33694 365.44467 600.0001 536.26355 ,test/3523.jpg
4 0.12294653 455.98248 199.30579 618.18646 764.3145 5 0.9950546 456.89127 194.82098 614.9158 769.9892 ,test/3524.jpg
0 0.15816678 614.7007 581.4903 686.23865 864.4714 0 0.15353131 480.82568 563.00024 505.87183 633.5209 0 0.14898454 494.22992 763.38043 712.4089 958.03546 0 0.1026041 231.03815 855.9071 310.3642 929.8467 0 0.100228764 493.36398 576.8518 709.7449 1017.7639 0 0.08933795 365.78583 608.43976 455.45575 681.2751 0 0.060766436 363.63617 830.318 452.0327 901.1073 1 0.056897033 371.98862 606.778 454.21902 663.9028 3 0.10053853 368.07474 608.65826 455.35086 681.98676 4 0.071358405 368.42194 593.56305 455.5924 682.732 4 0.05816903 362.53598 830.7488 452.34933 902.5337 5 0.69578046 358.96466 830.8654 453.09875 904.8328 5 0.46568286 368.1531 600.72296 455.50882 681.8298 5 0.26610237 186.11606 712.5064 303.7524 822.9366 5 0.20566317 426.77277 574.462 464.55157 622.52277 5 0.20234585 216.35286 756.4676 419.80725 850.5013 5 0.18751149 247.50113 754.32477 373.73148 926.46075 5 0.15997918 226.26685 852.6017 313.07465 932.51807 5 0.1596247 433.8418 615.23285 454.78912 655.5822 5 0.13682118 164.84807 850.7097 330.64038 935.99255 5 0.13557021 213.0039 714.76807 373.05353 838.4912 5 0.12905762 194.04092 801.39185 341.61002 929.6217 5 0.12704292 145.99316 578.0398 515.2981 933.7505 5 0.12686902 194.85718 686.2919 347.48413 807.8987 5 0.10474841 352.41693 829.9409 410.20575 886.5427 5 0.10308689 334.3966 761.66437 418.7342 857.16315 5 0.088137046 313.2922 582.6012 460.78006 711.8906 5 0.08057845 212.92752 661.4108 446.10477 793.5899 5 0.078463376 450.5187 604.98505 490.56418 662.3111 5 0.06736207 229.12846 716.702 297.06848 806.21497 5 0.063010275 253.7424 768.43884 341.76218 838.1199 5 0.062390313 159.56813 729.37286 284.0423 848.8726 5 0.06021719 268.48383 699.2162 424.94995 847.20215 5 0.05637908 291.32648 755.60657 421.03735 896.22156 5 0.05227701 381.29678 609.44824 455.25314 656.63904 6 0.9991534 454.89548 322.63574 717.0404 613.2947 6 0.8878706 486.37628 568.27136 703.79047 832.8159 6 0.7811658 481.52997 769.23773 714.9549 948.679 6 0.49258748 478.78342 625.7016 708.965 979.1839 6 0.48276904 454.0462 521.197 669.13275 628.2711 6 0.24271533 530.80554 763.9014 710.3777 842.8941 6 0.11363691 607.26416 579.102 704.2709 815.30316 6 0.09650435 448.57617 568.108 709.40234 710.86456 6 0.07345996 431.77267 524.04407 531.0604 627.7765 6 0.05153618 638.10736 770.1296 713.22614 851.017 7 0.9996302 53.974472 167.43481 476.54492 746.4835 7 0.99929774 412.2816 118.090096 639.4114 372.08774 7 0.9987286 502.11722 830.1686 833.4446 1024.0 7 0.99171054 39.855988 565.8485 539.45996 999.1693 7 0.8662298 152.68356 830.9982 542.86316 1023.14996 7 0.28685027 355.27023 830.72253 455.7366 908.8834 7 0.17242384 121.8179 563.4078 461.5557 745.2917 7 0.16811843 230.18735 857.2941 311.98184 928.9567 7 0.1590898 181.19589 615.9115 524.81226 919.94055 7 0.13320051 443.0528 527.55994 546.5057 1006.8303 7 0.12988846 478.63373 686.5995 799.49115 1021.44336 7 0.1210852 502.2312 898.24536 591.7092 1021.8988 7 0.109264165 485.0507 768.77356 718.10156 952.8562 7 0.08723921 368.38342 607.53534 455.06665 681.441 7 0.085466444 599.7663 168.32977 636.55304 283.69955 7 0.08404448 301.5822 538.9053 527.28314 1012.4606 7 0.07147922 28.710495 669.1459 453.22437 928.0017 ,test/3525.jpg
0 0.8838455 156.0746 292.49185 594.00854 694.8706 1 0.15356985 156.95615 295.9424 596.37646 695.3784 9 0.222246 163.18913 295.09015 598.0681 695.2467 ,test/3526.jpg
0 0.7119174 67.8551 20.748962 811.29443 966.9446 0 0.106965125 731.2072 134.64505 1024.0 928.3634 5 0.07977374 70.992645 21.62741 811.67834 965.23535 9 0.603735 70.9693 24.362854 807.65204 963.83295 ,test/3527.jpg
0 0.77725804 114.31946 504.43927 837.52295 757.77765 1 0.42903373 127.94562 504.91217 832.04553 756.76385 ,test/3528.jpg
0 0.8879335 224.41663 275.29434 829.0886 778.10535 0 0.13619977 236.55403 719.698 300.2011 951.7706 1 0.268566 225.00162 274.79022 828.0758 779.3726 ,test/3529.jpg
0 0.7533938 0.7638264 186.38058 47.347397 286.63327 0 0.052501928 422.45242 469.18335 518.7165 551.6365 2 0.9998901 413.95923 385.57483 600.08325 709.4115 2 0.06300453 418.68127 473.79135 542.6974 548.1734 ,test/3530.jpg
0 0.25560248 855.60455 127.533646 893.28204 142.5194 0 0.12768005 0.0 268.75037 208.35773 1004.822 0 0.06305208 596.9598 743.6717 696.1337 766.48737 0 0.061044235 193.44356 317.39557 295.71472 578.7899 1 0.6424518 595.4695 335.4427 713.77625 513.5847 1 0.6306284 175.85144 310.98618 806.95154 777.0962 1 0.5311342 195.53255 318.33414 289.59265 554.8086 1 0.3094797 573.4398 339.48956 724.52673 651.6255 1 0.12157133 0.0 239.1466 278.29633 1009.3004 1 0.06654799 854.71155 115.20143 962.2761 144.46684 1 0.06405775 566.9984 315.90442 795.6847 764.9824 5 0.8944323 193.75682 319.38385 622.7876 739.5777 5 0.8105305 385.51764 382.11813 590.99164 632.41565 5 0.64130396 298.14374 333.65192 405.6786 633.7028 5 0.5484617 316.12704 343.47787 416.0646 474.86063 5 0.24668257 224.35767 330.57397 409.62708 689.0743 7 0.072547704 0.0 0.0 219.16696 1024.0 ,test/3531.jpg
0 0.27673045 57.904163 210.5371 104.55029 237.03947 1 0.9863877 56.013725 169.88132 243.79517 344.8539 1 0.93024695 655.1101 497.93936 736.3905 597.25665 1 0.790647 51.568176 171.11946 346.77576 472.49194 1 0.7844401 652.50806 541.2841 724.8723 601.8713 1 0.71129686 56.89276 209.46103 104.83826 236.03647 1 0.5543486 98.09528 293.6409 343.2704 468.2957 1 0.483963 222.7716 236.95386 348.82092 322.55798 1 0.4583104 118.16075 306.5644 233.64732 347.68994 1 0.22882286 98.18406 339.2102 219.21686 423.20038 1 0.22486967 81.34192 235.83487 371.70038 402.86887 1 0.21509993 204.53296 307.3876 318.29443 409.2897 1 0.14828464 644.8758 568.9218 718.4283 598.43695 1 0.14077994 295.05093 391.44922 349.3306 414.63556 1 0.1406681 646.10364 565.5905 688.7633 594.2442 1 0.11873753 44.84158 172.38914 117.77174 237.37123 1 0.113866165 229.81744 316.22803 301.3094 337.5714 1 0.10527052 102.63187 291.59305 361.1549 379.25937 1 0.10316583 193.09085 310.64243 239.40482 338.91086 1 0.09327569 207.01656 360.82867 319.43326 406.55902 1 0.07796751 548.9808 551.6517 594.7746 581.42377 1 0.07484078 219.70187 244.60634 350.02725 396.7619 1 0.07140517 107.04921 258.4338 363.8999 350.6232 1 0.06948041 129.6377 173.43983 234.60013 211.42079 1 0.06725473 52.365562 170.80421 135.40106 348.1313 1 0.054766066 284.65976 391.0242 358.56137 430.76852 2 0.15510222 98.18406 339.2102 219.21686 423.20038 3 0.07518301 99.1308 341.0152 219.38498 418.34253 5 0.20397948 480.81793 565.8502 756.5721 783.6926 5 0.11121414 441.74512 613.5838 569.6915 786.2806 7 0.99950945 292.70602 210.58838 882.4038 541.1035 7 0.99247605 132.64911 395.95633 709.27545 887.1677 7 0.6648182 289.33475 287.552 365.91385 383.77832 7 0.257187 678.7191 597.5446 806.1362 667.4378 7 0.11472984 296.45572 292.55856 362.96237 339.0258 7 0.096494466 360.88565 239.1695 395.3788 290.02045 7 0.07564329 480.81793 565.8502 756.5721 783.6926 7 0.06077818 355.60342 216.16463 503.58676 286.99445 ,test/3532.jpg
0 0.1074139 2.29245 916.9954 383.55954 1024.0 5 0.9982413 207.08813 185.28098 872.4248 829.2024 5 0.28765833 194.43625 627.8119 876.18115 833.47314 ,test/3533.jpg
0 0.6726834 396.26437 464.01776 666.82117 656.31903 3 0.37726837 396.1894 463.93018 666.6916 656.2175 4 0.05621591 396.6874 463.84192 663.8961 657.6482 5 0.26071033 396.6308 463.71597 666.35675 656.2597 8 0.057701487 397.00677 463.88873 663.1418 656.898 ,test/3534.jpg
0 0.5875518 856.9637 442.5474 891.4323 525.709 0 0.47012419 610.352 125.15443 640.98785 169.82828 0 0.44317946 731.121 86.35121 900.1011 406.41833 0 0.3633205 681.57983 455.0758 745.1018 488.09735 0 0.17577744 864.0587 283.64325 1022.44226 404.6798 0 0.16629303 906.71466 264.82202 969.29474 285.6725 0 0.13000327 608.1577 93.040054 1024.0 429.26178 0 0.09997902 669.25104 448.42557 749.82294 478.82156 0 0.09592483 137.14986 734.4302 163.3358 756.6904 0 0.086607516 861.3941 324.98337 1022.36237 372.8467 0 0.06620158 651.4985 441.28473 830.32135 547.82446 0 0.054791056 816.4818 718.4047 883.5735 741.66754 1 0.92773336 477.10117 418.70114 829.1549 628.7847 1 0.90426373 817.94556 0.0 938.14514 23.873573 1 0.87379175 927.406 628.46893 979.40674 675.68695 1 0.80264765 495.5949 507.18475 564.2275 575.2325 1 0.74157363 407.29703 348.85327 639.11804 555.9682 1 0.7173543 444.7428 457.7655 955.6007 750.04114 1 0.7080177 612.74835 536.04016 943.14923 731.01306 1 0.63481796 393.5746 86.621506 763.5952 584.3651 1 0.47505388 786.0898 554.52625 836.8647 596.1067 1 0.4648961 422.90863 841.9387 614.9975 1001.0032 1 0.42783323 539.4081 582.6659 882.75684 753.7655 1 0.3535287 423.4154 724.8345 650.6881 994.0326 1 0.3143581 540.0641 595.3485 744.62195 733.10767 1 0.23196769 508.55872 597.45624 745.15735 857.55743 1 0.17024112 664.1923 448.37875 831.9201 556.6092 1 0.16108784 430.08942 513.701 614.1364 678.215 1 0.15552294 449.852 0.7163696 630.1557 70.77524 1 0.12947054 416.5036 368.90442 715.35834 663.8187 1 0.114589185 415.66663 586.4193 738.5769 1013.95935 1 0.10415966 682.52686 455.85916 745.0028 488.66458 1 0.09751775 580.76935 574.18976 637.29974 604.6794 1 0.092718214 470.68594 719.3845 575.6179 862.865 1 0.09191518 750.8046 503.30142 935.0778 611.79517 1 0.089931615 904.32684 264.74945 973.6862 286.33557 1 0.08577111 498.6439 509.40527 544.1967 560.624 1 0.082583554 467.76605 517.9554 508.47186 545.123 1 0.07705751 619.9707 588.4126 790.8871 731.1859 1 0.076733604 469.83612 655.06 695.33527 934.91705 1 0.07063229 602.5704 480.5053 826.5234 615.90546 1 0.061958898 484.12006 422.6996 720.6314 576.547 1 0.0612742 938.691 233.4822 1024.0 292.71924 1 0.056718897 460.49567 710.4568 636.40045 895.40845 1 0.05454605 737.0475 485.3952 836.43384 606.68317 1 0.05267089 711.99695 494.3114 949.6493 667.6046 2 0.10727053 927.5511 628.47 979.5612 675.4761 2 0.06329692 580.76935 574.18976 637.29974 604.6794 5 0.17617095 864.9313 283.8838 1022.79834 404.69855 5 0.105227605 928.52167 627.8301 979.3714 673.9468 5 0.08409412 857.3957 441.71774 891.53644 525.69745 6 0.7328643 773.3666 498.57086 934.9027 610.97125 7 0.9996265 173.83939 471.7457 520.844 804.4076 7 0.9986112 0.0 756.06195 179.62997 914.5594 7 0.9957147 941.40704 215.66895 1023.77997 293.50992 7 0.99170625 117.43797 726.2695 454.38074 993.4832 7 0.25069204 204.25845 485.781 244.22519 512.6316 7 0.22678374 119.39079 726.87585 264.6527 907.0508 7 0.13471374 913.6977 264.20895 969.95245 285.76987 7 0.09787035 133.39006 847.847 170.15996 873.3846 7 0.07979482 865.9702 322.66345 1022.0863 384.75024 ,test/3535.jpg
0 0.9997999 281.92236 230.70581 725.6573 767.6685 7 0.2169037 91.51047 214.73259 159.8256 319.34607 ,test/3536.jpg
0 0.6372174 312.6694 795.0258 460.7474 851.69196 0 0.28773624 313.38043 805.87445 390.59723 852.70184 0 0.17217585 208.80222 174.98602 696.6598 827.9936 2 0.90560114 209.40608 177.00092 693.8976 828.1273 5 0.08690139 210.44366 176.18463 694.50415 823.22296 6 0.6049642 209.4505 176.10428 694.1969 825.06946 ,test/3537.jpg
0 0.28362086 518.29114 320.63693 789.751 349.32877 0 0.19880718 525.0134 284.96106 816.7479 351.49152 0 0.1204706 794.9128 176.36826 1024.0 860.91016 0 0.082616836 0.0 34.690796 513.99963 1023.5736 0 0.05306635 435.71976 103.18945 891.32495 913.1516 1 0.4247068 432.76056 101.348236 926.49567 965.0708 1 0.071885 453.04837 736.95874 817.18665 988.05994 1 0.06385835 794.2841 181.57462 1024.0 855.94434 2 0.88414234 435.08612 103.486084 894.1829 894.36395 4 0.9632691 7.055542 21.844482 452.96716 1009.7644 4 0.07474328 829.9956 180.66562 1020.6659 876.3279 5 0.69626737 803.13794 176.79617 1024.0 856.09607 5 0.091076635 0.0 34.690796 513.99963 1023.5736 5 0.08252051 377.94498 102.885254 1011.7362 888.0603 6 0.29228124 925.1759 157.46208 1023.6968 229.65218 7 0.14753123 798.9201 195.59402 1024.0 855.76245 9 0.25085035 0.0 951.9818 52.744873 1023.12573 ,test/3538.jpg
0 0.5453823 270.87576 527.7616 313.9415 574.93494 0 0.10598086 139.93158 412.95444 178.03616 547.38 0 0.09320542 919.7589 303.4402 1023.7882 453.93378 0 0.055646103 123.6138 353.59207 911.8727 954.31287 1 0.05923949 0.5592632 226.76566 16.677538 277.3718 5 0.06960065 1.6773758 491.7199 172.40897 797.5263 6 0.9913897 114.97537 355.30704 908.8147 952.422 6 0.97919947 149.03252 447.19925 313.44507 550.2202 6 0.9669107 2.6859589 342.6726 163.0106 559.2424 6 0.7774218 2.02948 449.69885 311.65256 785.1896 6 0.7114485 0.6059723 491.13318 179.17177 793.78 6 0.29527342 4.887497 354.1595 305.27484 549.1644 6 0.20842552 113.028915 383.13232 316.58856 570.6224 6 0.11002493 1.0951843 494.3334 161.93639 546.58844 6 0.057668053 135.42313 518.4407 316.98105 597.8279 ,test/3539.jpg
0 0.18929638 183.73857 160.21515 511.7533 415.96753 0 0.05857654 183.56142 172.28847 541.1272 663.9493 0 0.05062676 242.94998 361.9545 850.92944 660.3933 1 0.9743892 221.54034 360.27026 854.315 663.7771 1 0.76199275 182.66653 159.92162 511.76468 408.14386 1 0.60343397 183.56142 172.28847 541.1272 663.9493 5 0.07224635 385.8066 44.369293 422.77145 96.70589 ,test/3540.jpg
0 0.26838297 0.0 374.59952 126.95174 659.13745 0 0.050138637 871.11633 425.99612 1007.37573 564.1899 1 0.22200355 0.0 373.83392 128.12831 659.38873 1 0.14165655 869.0343 402.71722 1012.5801 567.3334 2 0.3680231 871.14594 438.9975 1007.48065 555.52246 3 0.6064936 900.74194 530.9139 958.9408 568.32965 5 0.6629813 872.35895 433.13507 1007.23566 562.22577 5 0.47026682 423.68353 289.94354 493.7926 316.4583 5 0.058323406 0.022312164 375.4748 127.35593 657.6784 7 0.99980706 53.98297 295.18793 991.08856 744.8195 7 0.9881821 0.0 721.0139 501.7392 1017.7959 7 0.98804295 315.3326 677.89276 947.67664 1007.3548 7 0.6494862 0.0 372.50018 128.17581 659.76996 7 0.6069331 781.9475 365.43024 1024.0 775.6646 7 0.19023097 0.6459427 714.54553 78.44529 775.9844 7 0.14734161 24.879726 951.9349 128.11163 1021.9693 7 0.11271301 19.518585 600.8037 895.4387 995.01294 7 0.11268329 831.6104 675.0799 1007.7531 761.83185 7 0.07810569 505.1161 441.0926 677.5653 582.65936 7 0.067735106 503.7207 299.66263 1008.14795 762.35486 7 0.06223815 0.45111275 690.4132 54.42283 725.96313 7 0.057164963 869.0343 402.71722 1012.5801 567.3334 7 0.05350636 0.43323517 657.2383 74.44345 758.83777 ,test/3541.jpg
0 0.92408717 179.67395 448.34644 329.57733 563.8399 0 0.3991434 128.8274 438.26007 374.54834 610.45526 0 0.3985943 428.39322 0.44769287 1014.3235 601.4195 0 0.14039071 147.35608 290.17047 383.45752 627.8071 0 0.13297926 277.3846 459.47626 362.27017 630.58246 0 0.111052155 144.68832 445.54962 205.69745 467.5705 0 0.05645471 157.29337 359.74396 339.06378 568.5614 0 0.051263705 155.52779 557.9166 241.57155 607.6051 1 0.06977978 428.182 0.45788574 1020.38794 601.99207 1 0.05591897 132.95535 414.8751 165.95316 462.55283 5 0.9078218 274.07834 569.62604 346.96902 628.37103 5 0.41577983 313.08478 560.71924 343.80725 582.0294 5 0.1114056 273.36496 596.7949 342.78427 627.10535 5 0.10871698 132.95535 414.8751 165.95316 462.55283 6 0.9930332 49.658386 575.01337 391.01462 787.0787 6 0.96469015 145.08078 290.55713 390.9467 521.15344 6 0.95945716 317.63358 466.5864 435.89645 612.8463 6 0.62393355 54.065376 557.28235 292.46967 666.7151 6 0.41026324 111.16098 448.86783 410.6252 618.2068 6 0.3408118 85.80504 294.23108 383.0891 708.34076 6 0.24982087 163.38008 586.72577 236.84178 646.8339 6 0.16041782 55.886 591.84424 364.0999 705.1797 6 0.081911735 277.3846 459.47626 362.27017 630.58246 6 0.08116083 30.24733 484.81915 411.422 672.9432 6 0.059919532 307.48163 454.24994 360.40814 580.0528 6 0.05383524 147.5444 505.8603 255.54907 669.2775 7 0.9998404 385.82715 489.4704 720.76794 863.0871 7 0.9956469 0.0 188.80052 117.55395 463.52167 7 0.99195427 0.0 473.225 125.77461 647.34155 7 0.5515054 91.126976 452.8343 267.512 627.6612 7 0.44294453 16.886436 449.98267 114.08915 494.1291 7 0.41819134 0.47841072 599.23083 59.697304 648.568 7 0.26997715 1.7102928 405.20786 125.197235 498.1108 7 0.2541994 0.0 454.15497 332.70435 608.6995 7 0.23771636 426.9196 0.41314697 1018.99023 601.9391 7 0.16395368 155.52779 557.9166 241.57155 607.6051 7 0.09124085 1.2357063 568.23944 87.726944 652.1346 7 0.07281349 128.10542 446.39935 338.4828 566.26984 7 0.057303064 417.39288 720.8635 492.03174 780.0604 ,test/3542.jpg
0 0.33567083 816.3969 553.911 877.3636 712.6626 3 0.9983438 378.6944 130.52463 773.1651 695.603 7 0.5465875 817.1939 554.4867 877.75616 711.9044 ,test/3543.jpg
0 0.91655 798.0927 767.5258 997.1069 882.5328 0 0.52196664 328.51227 384.47302 694.3005 1002.0908 0 0.24675837 582.5625 959.0516 728.578 1024.0 0 0.17755967 560.8227 988.1382 602.23395 1024.0 0 0.09029709 12.315247 356.90317 717.64734 1015.3705 0 0.0733683 453.00433 815.7445 507.58508 901.90796 0 0.069568045 435.88525 975.7995 599.0852 1021.1309 0 0.06783282 439.7152 963.5025 733.79614 1021.3117 1 0.7381193 470.9607 962.59546 729.16516 1021.0321 1 0.55040824 441.6872 976.314 566.6965 1018.17303 1 0.52336425 844.48236 556.70654 1022.55316 773.17834 1 0.2368346 796.96277 767.2898 997.1553 882.10754 1 0.16789177 242.63153 979.38257 516.492 1022.7123 1 0.15500766 591.5703 959.3324 727.6378 1024.0 1 0.08056751 4.8192596 582.82605 248.23024 799.1941 1 0.0779569 483.35938 977.7163 556.3308 1006.62805 1 0.074710324 56.57646 966.87164 489.7992 1022.32745 1 0.06447973 33.75418 382.03537 694.23914 1000.3915 1 0.0638934 443.21906 904.6005 728.42267 1023.4814 1 0.05881604 549.96826 986.6151 612.7478 1024.0 1 0.05661943 447.8471 975.17865 488.35297 1019.75006 1 0.055826847 0.037521362 594.56085 482.46393 1004.7254 1 0.05262914 398.0703 977.006 682.4863 1022.54846 1 0.05170631 0.0 1001.4463 94.38212 1017.777 3 0.3529049 390.0689 717.81995 493.88196 815.0547 3 0.22599621 373.16147 601.2713 491.7938 723.40204 3 0.14587185 371.1306 598.3541 445.38458 661.66626 3 0.07665244 583.193 721.43005 644.94836 770.92566 3 0.06331749 378.88245 618.8761 493.37305 810.6477 3 0.057428237 370.9663 384.13742 668.92896 989.938 3 0.054097097 377.2262 657.93445 439.58044 750.6277 3 0.051413395 584.19476 716.14044 645.4361 842.616 3 0.05026798 399.46408 504.61288 502.31198 634.761 5 0.36739638 0.0 584.7793 192.65195 804.7384 5 0.17482424 0.0 327.9399 353.84875 802.7986 5 0.15229505 328.51227 384.47302 694.3005 1002.0908 7 0.10656974 591.5703 959.3324 727.6378 1024.0 7 0.058082197 470.9607 962.59546 729.16516 1021.0321 8 0.9821814 476.4698 598.93115 613.21747 954.71326 8 0.66077447 452.07245 536.2416 611.08014 643.34436 8 0.42948055 583.5684 721.2689 645.7918 771.3114 8 0.36969405 501.37573 822.08044 610.63916 946.5764 8 0.3496923 584.19476 716.14044 645.4361 842.616 8 0.30820924 568.41455 651.80835 645.6575 778.07007 8 0.23428793 478.473 603.62213 623.062 733.5871 8 0.105921164 374.7027 605.71014 492.40973 735.67596 8 0.069011375 378.14435 682.35315 436.8418 733.59216 8 0.068786144 398.87546 505.97116 501.6899 632.901 8 0.05156758 388.5831 715.88776 493.34525 815.9028 ,test/3544.jpg
0 0.17600068 399.94464 394.2531 603.8275 689.5817 0 0.058063615 10.759857 0.0 101.60402 620.52875 1 0.15249607 401.331 395.14838 602.4441 690.75055 2 0.34274712 404.58374 392.40463 601.43884 690.9877 7 0.8188978 403.6052 393.8421 602.8129 690.4504 7 0.07104389 7.6965866 6.3506336 103.93036 60.325516 ,test/3545.jpg
0 0.089619815 729.37054 400.47922 760.6485 454.48196 5 0.061703555 650.13605 421.64465 729.7509 496.68274 7 0.99987924 311.54428 340.632 924.06995 792.56616 7 0.18464893 291.12796 566.45734 699.69214 773.3714 7 0.14015855 729.37054 400.47922 760.6485 454.48196 7 0.09849498 650.13605 421.64465 729.7509 496.68274 ,test/3546.jpg
0 0.8823068 395.11227 331.46378 511.2679 420.4233 0 0.7304302 761.9165 586.6211 813.97 662.47107 0 0.15649168 514.9287 388.40643 703.8154 584.37805 1 0.9996532 234.23096 171.8396 989.3071 735.9618 1 0.119493224 395.77975 334.34406 505.79532 412.46045 5 0.051737204 0.65847015 91.16638 96.03706 452.0498 7 0.05927188 265.23282 394.16995 295.9092 415.644 ,test/3547.jpg
3 0.6405661 248.88217 180.1784 802.11426 544.38837 4 0.16365221 247.66443 186.15393 804.9708 545.7073 5 0.8220358 248.54102 186.08824 796.021 540.83344 5 0.6387536 174.33218 141.93268 315.4679 287.9354 ,test/3548.jpg
0 0.42491573 13.935242 624.8042 708.1332 971.63416 0 0.38829657 4.216217 774.277 340.22293 1015.73474 0 0.18978098 315.0699 836.7762 459.63293 1022.1995 0 0.16731487 2.4940453 719.84375 77.07756 1012.81067 0 0.09856103 731.978 646.963 1020.86487 758.3613 0 0.07749596 235.24608 650.7352 383.66125 734.614 0 0.06880036 370.16193 458.13086 557.22217 686.5968 0 0.06637772 587.06525 478.04587 638.4184 540.118 0 0.061248697 339.51498 570.1861 715.2919 1023.18097 0 0.05982798 1.5417938 439.40164 264.4074 661.94214 0 0.056507237 730.5755 581.45685 760.66 694.5319 1 0.96495163 0.0 438.15253 263.68658 669.4898 1 0.62428826 149.25813 655.0099 223.47505 697.4254 1 0.51717407 6.014099 518.81244 708.1913 961.471 1 0.36108613 4.913391 434.51178 403.38135 739.4328 1 0.21811388 0.61834717 433.5735 297.44595 966.15186 1 0.1932514 5.8214417 582.2351 383.8245 754.6304 1 0.1402135 9.680878 538.78107 225.01576 668.1069 1 0.114283904 153.69766 483.19604 392.48495 723.81006 1 0.087917164 272.60077 262.95047 549.6675 424.2358 1 0.0876454 115.53693 545.0007 139.92062 613.3066 1 0.0814627 111.465324 586.745 222.35617 705.01355 1 0.07324437 209.44724 662.3615 227.44382 695.1694 1 0.06645781 13.836372 606.5847 225.5635 699.2423 2 0.13469407 149.25948 655.0478 226.42146 700.4737 3 0.12763077 347.83008 676.6942 471.07916 749.4961 3 0.12729794 415.26328 726.22614 466.3342 753.94366 3 0.086539954 390.82153 674.0174 460.32837 742.52484 4 0.25769484 389.52554 672.3726 465.93405 750.27655 4 0.08322955 598.5432 489.38962 739.9011 610.84894 4 0.06297884 588.15106 563.53766 711.18146 839.74005 4 0.061475623 595.90924 674.6094 694.38605 825.95996 4 0.054203495 386.98718 683.37286 409.75677 738.99164 5 0.88104147 487.29105 559.4289 613.8672 812.0091 5 0.7667923 595.1154 672.0964 691.28534 824.4185 5 0.65994024 393.92545 459.09927 555.55273 691.37164 5 0.47997397 462.39365 700.405 505.10458 754.14526 5 0.41245976 365.90076 448.39255 479.3839 637.3326 5 0.399602 390.34274 675.65436 464.1956 744.83453 5 0.3411842 439.48267 588.6535 688.7992 813.53864 5 0.34032193 588.15106 563.53766 711.18146 839.74005 5 0.32529554 544.93835 511.95587 617.031 620.23444 5 0.3207968 604.71094 581.06885 715.87366 703.3301 5 0.30038056 638.76056 644.3578 712.0942 696.5333 5 0.29758823 614.6982 492.97168 743.0644 703.85657 5 0.28402406 645.12335 595.1931 708.971 698.7207 5 0.26418617 591.8213 488.7481 740.24927 610.25165 5 0.186973 395.09848 473.00418 619.2791 801.93835 5 0.16453697 646.4867 645.38727 684.74316 695.0429 5 0.13832548 576.5038 589.21 656.11084 808.3808 5 0.124174014 417.79156 669.5536 586.8868 796.1626 5 0.12188118 451.57788 477.73135 556.4935 650.65295 5 0.087081395 399.47678 490.1629 733.79517 999.48126 5 0.08192571 543.3676 559.7427 605.0677 707.66016 5 0.080132745 416.80704 531.2135 471.494 675.0576 5 0.079028934 390.62976 665.8914 510.53522 753.07513 5 0.07542024 594.8437 642.6159 645.8731 788.2774 5 0.07518158 340.0662 678.3655 475.76785 752.5387 5 0.067605056 522.70807 517.39667 619.02875 723.2319 5 0.06265466 627.31146 714.41547 690.75287 818.91705 5 0.060901854 630.4675 603.27527 686.1515 694.63306 5 0.054973144 589.1318 2.7589722 768.7343 505.25278 6 0.61941123 365.59244 448.96048 480.95493 632.12915 6 0.5919696 366.94464 453.6201 549.37854 677.8031 7 0.75815433 240.82526 653.2354 385.0512 728.3702 7 0.39290723 591.747 488.74734 741.2707 612.5807 7 0.32995752 586.8929 478.60065 638.75006 540.34875 7 0.31287193 594.51495 480.1219 743.46564 802.58356 7 0.19931184 544.73474 511.06073 616.9739 618.8023 7 0.12307762 612.0701 580.78687 714.6204 702.2925 7 0.10399398 632.07043 496.7453 741.19385 703.10345 7 0.059355788 249.85815 645.0204 389.1147 677.76587 ,test/3549.jpg
1 0.23248881 310.7929 262.69513 685.7311 784.68915 2 0.33421347 309.53494 247.39774 684.76 787.02673 3 0.96013826 307.6448 253.06607 685.41833 785.9585 ,test/3550.jpg
0 0.83440095 71.28546 290.34576 1021.5577 718.2388 9 0.18804953 81.91312 293.0963 1013.5536 720.56366 ,test/3551.jpg
0 0.20700018 928.2252 967.0714 984.8905 1021.9939 1 0.15505826 928.2252 967.0714 984.8905 1021.9939 2 0.08825971 361.93997 577.33093 392.30728 599.38 3 0.25423497 361.7816 576.69965 392.76498 600.36334 5 0.3069347 361.93997 577.33093 392.30728 599.38 7 0.9997758 273.58997 286.82495 671.1685 660.1532 7 0.075934075 320.17587 312.3978 638.4872 445.87173 7 0.0672739 599.0012 360.92252 624.59644 396.66135 ,test/3552.jpg
0 0.74499893 430.89288 663.3904 627.1209 828.6654 0 0.6677712 201.4582 644.52954 629.3491 924.8331 0 0.1660784 0.9298935 693.8137 76.12357 746.11316 0 0.16352932 135.3349 331.72064 308.67627 463.29382 0 0.14303933 74.237656 333.00146 504.28693 705.43225 0 0.061145782 473.34592 258.97455 687.79553 415.32605 0 0.059296034 83.39317 363.06372 594.1999 899.23926 0 0.058701266 781.3679 323.74353 902.4481 476.70337 0 0.05486919 483.05862 217.1741 599.93494 412.53354 1 0.9837594 278.75903 206.11362 592.242 346.29672 1 0.97296154 148.20178 199.55475 1007.473 848.1274 1 0.9470364 75.67813 334.91425 503.60208 702.86176 1 0.656665 201.37405 644.5602 630.21826 925.2156 1 0.5053602 141.46204 332.72162 307.56143 450.29712 1 0.17237596 472.06213 213.58763 592.1372 372.04803 1 0.12723735 487.53357 196.6354 746.9939 399.6616 1 0.09317499 83.39317 363.06372 594.1999 899.23926 1 0.084593594 284.49872 316.66547 655.2551 841.43915 1 0.07736409 0.907444 693.8004 76.29408 746.1273 1 0.06643742 470.83102 259.9076 679.0469 407.59583 1 0.06189824 368.11722 202.63277 891.8778 388.1684 1 0.06007044 423.0314 217.80666 464.47995 239.31685 1 0.059621338 49.759705 235.93063 674.49475 637.98486 5 0.055886745 473.34592 258.97455 687.79553 415.32605 7 0.097010426 485.56723 213.56583 599.0758 411.7424 7 0.08285276 473.34592 258.97455 687.79553 415.32605 7 0.07694067 74.237656 333.00146 504.28693 705.43225 7 0.06503752 139.39417 331.99545 307.62692 456.11502 ,test/3553.jpg
0 0.6957667 544.5978 747.3672 629.0044 780.81555 0 0.65396243 671.91364 0.0 1021.70197 595.5123 0 0.609841 307.2713 0.4130478 380.19977 254.57166 0 0.39297387 628.94727 553.4737 694.6687 636.132 0 0.124849126 308.935 20.043053 591.166 224.50662 0 0.05539498 416.56802 11.406582 613.5394 112.02995 1 0.99431616 256.2469 209.38995 755.0746 777.39764 1 0.94843 392.51215 121.563354 648.59393 537.6697 1 0.68808025 673.1984 0.0 1023.06415 601.35944 1 0.20715033 272.05853 277.5722 424.69952 713.57916 1 0.17778906 307.25525 0.72180176 379.84222 254.23648 1 0.17735064 612.2229 283.05548 756.3059 634.83636 1 0.17153916 405.10233 274.12106 623.8507 503.38266 1 0.17097461 426.61484 151.7677 648.3247 320.24875 1 0.09338004 403.09787 28.175003 652.4199 310.69202 1 0.08034864 339.9074 281.2729 398.63617 304.2397 1 0.07285361 436.34454 320.37854 764.3206 647.6769 1 0.057391614 351.02234 311.13483 631.26086 605.3835 3 0.06619127 409.33652 10.917717 629.27313 113.05653 7 0.056598525 544.66156 747.4932 628.77655 780.68585 ,test/3554.jpg
0 0.3418893 281.55753 655.0319 522.15137 828.17694 0 0.33304536 575.94574 653.00165 618.5938 706.8101 0 0.2979842 2.3274345 138.75208 80.41623 443.41766 0 0.20255469 567.6298 275.51248 602.5903 315.46786 0 0.18604574 523.50916 276.00983 600.51184 341.29425 0 0.1665707 484.6735 262.7945 611.26984 353.83032 0 0.15557837 24.631607 25.021988 211.9922 465.65863 0 0.15342627 565.6211 255.2399 604.0604 281.14835 0 0.10297093 524.38086 224.1623 575.3949 291.39783 0 0.102955244 544.3771 314.04245 585.3661 347.32047 0 0.08255492 514.6052 217.81316 587.9331 341.6564 0 0.07386678 609.1904 3.5086174 649.47644 68.66945 0 0.07258916 526.3378 315.43524 583.58417 336.98553 0 0.0701114 520.5051 245.00531 555.1935 291.14404 0 0.07004931 527.88837 297.4292 586.6269 357.45966 0 0.06577303 564.3033 250.92484 628.0849 285.82437 0 0.065377675 204.74478 606.7879 294.78003 689.8029 0 0.058335613 548.14075 281.08154 592.23755 359.60016 1 0.63475955 576.3916 653.22534 618.5337 706.54126 1 0.560121 526.43164 214.23824 582.38293 286.20685 1 0.54119194 204.74478 606.7879 294.78003 689.8029 1 0.2801837 602.43787 91.25399 641.4829 273.4795 1 0.27756092 581.8807 255.14145 627.77704 277.62473 1 0.23841792 603.0818 58.69964 636.6278 156.61658 1 0.16881007 567.7406 251.01987 630.56494 284.38882 1 0.14556973 477.57138 230.42847 585.7337 346.7376 1 0.13027155 625.52045 54.98444 643.50275 147.28563 1 0.12451976 459.85867 247.32913 495.29117 280.3066 1 0.11644097 597.20703 255.49883 641.0145 280.06332 1 0.09302427 626.60834 102.75128 642.3819 147.41736 1 0.08496206 529.2292 279.49838 578.3266 335.84854 1 0.06740469 472.932 239.2775 503.0072 278.7867 1 0.06176881 602.31946 117.30383 633.2761 199.75555 1 0.055178255 614.75165 74.47738 640.22565 145.15271 1 0.053786267 569.17004 249.72731 604.73425 280.95956 1 0.052314438 563.4407 220.86327 585.3872 276.29086 2 0.6456785 524.6511 216.81201 580.88 286.9444 2 0.5875388 204.65857 606.4549 294.1139 689.93256 2 0.56066936 479.44736 243.3657 552.3833 352.8993 2 0.33489946 520.5051 245.00531 555.1935 291.14404 2 0.2784042 479.45035 246.15372 524.99286 306.2446 2 0.27270716 529.2292 279.49838 578.3266 335.84854 2 0.13903697 467.03384 246.88118 520.75525 277.73068 2 0.06501268 470.7251 233.4639 585.21765 306.7405 2 0.06486183 514.6052 217.81316 587.9331 341.6564 2 0.05459662 484.63995 261.49176 606.3903 350.64545 3 0.1107826 524.00195 334.38153 598.3701 456.49298 5 0.25049388 520.14215 335.7328 632.9079 473.99384 5 0.20203023 569.5394 385.58905 643.9824 452.85376 5 0.19168994 479.14114 247.39621 597.526 353.59305 5 0.18223602 479.45035 246.15372 524.99286 306.2446 5 0.15561372 549.8508 382.36728 658.3705 487.48154 5 0.10908798 523.22766 276.39 601.77356 343.7539 5 0.088335164 540.9943 318.1354 585.1528 353.25052 5 0.084674425 475.47314 244.45224 565.50085 322.86966 5 0.077219926 568.6442 270.5342 611.3586 296.50888 5 0.0663482 554.7287 406.36356 631.0629 470.0201 5 0.064919166 610.8503 388.89224 662.28204 484.42374 5 0.06305351 567.467 272.07382 652.6856 305.1763 5 0.062384404 588.6369 418.24734 621.60736 460.40317 5 0.059038304 608.73755 275.41074 654.40967 298.39297 5 0.055528548 204.74478 606.7879 294.78003 689.8029 6 0.9980501 58.62094 422.01828 316.4001 683.30347 6 0.5354449 388.60858 152.94833 419.13898 269.35333 7 0.9990595 568.2019 203.17838 995.26794 961.11536 7 0.9893265 268.56335 257.27112 653.0002 771.02295 7 0.9737645 570.06854 268.60962 671.0533 392.58563 7 0.5478472 447.308 256.8719 668.61444 495.49097 7 0.41289058 839.01996 846.59625 920.1672 946.69086 7 0.22933193 518.73566 331.74158 639.3183 490.65668 7 0.21730316 615.68616 386.95798 662.24194 487.01022 7 0.16910511 443.14496 249.06238 667.1341 719.54047 7 0.15549515 567.02185 280.63113 602.7959 304.71707 7 0.1501194 275.55734 610.408 524.8746 827.8941 7 0.113421164 530.511 267.67496 661.6633 453.5057 7 0.10845351 567.467 272.07382 652.6856 305.1763 7 0.103061795 524.3553 335.42883 592.67865 454.91113 7 0.066811144 484.6735 262.7945 611.26984 353.83032 7 0.06472346 526.6807 276.3411 594.20123 342.23154 7 0.060300563 576.10187 652.9519 618.49347 706.8331 7 0.058948174 204.74478 606.7879 294.78003 689.8029 7 0.05408402 550.8005 274.01865 598.28326 366.35892 7 0.053308018 566.8587 269.28177 609.18146 310.14218 ,test/3555.jpg
2 0.63044626 314.3023 381.5576 612.39935 563.4821 2 0.21802607 361.17767 383.96548 586.5435 472.52036 2 0.06511112 311.5191 399.66458 869.7413 902.2157 3 0.9960427 306.12653 397.21594 874.5628 903.15063 5 0.13242903 309.12122 381.89636 599.49915 557.9367 ,test/3556.jpg
0 0.21508859 367.77832 418.60168 734.9424 642.6936 1 0.46209946 369.12488 419.95422 734.42883 643.19226 2 0.74766856 369.32916 420.316 734.435 642.9908 ,test/3557.jpg
1 0.28509903 415.0557 375.09552 693.4038 657.35443 5 0.99670595 410.51016 190.60356 703.90015 678.51715 ,test/3558.jpg
0 0.9836241 300.25696 117.035095 648.5517 644.83356 0 0.0518313 39.035706 182.00363 506.0077 773.1963 ,test/3559.jpg
4 0.9995127 384.05347 558.63635 746.8916 753.5908 ,test/3560.jpg
0 0.081432074 234.43456 259.8636 740.98224 640.5201 2 0.27087513 235.72809 260.27606 743.96936 643.2937 3 0.3558018 234.56903 259.994 742.6747 641.0471 5 0.75448567 234.50792 259.6554 741.6468 640.7838 ,test/3561.jpg
1 0.8738816 395.53723 294.58496 683.42053 509.41046 1 0.060527336 978.4891 327.24545 1012.8057 349.24118 2 0.344929 396.41425 294.68414 682.5549 509.88965 4 0.127578 18.728966 710.1806 115.02065 769.2254 ,test/3562.jpg
0 0.5391177 485.82196 567.33057 521.01447 632.9304 0 0.31828046 258.94193 567.0118 315.85373 668.71954 0 0.27119812 258.7001 567.26624 342.5032 707.83386 0 0.24451868 320.26782 669.9136 387.86188 708.60974 0 0.15887628 289.2956 624.2783 343.25006 706.9785 0 0.14744602 273.3786 569.62317 313.17822 639.80566 0 0.12861107 441.91006 559.27374 526.63934 630.66705 0 0.099913746 272.38873 628.1459 388.083 708.75073 1 0.9996124 278.47314 189.73466 695.5745 590.2106 1 0.99042994 268.16364 596.7681 615.8877 963.0578 1 0.9831876 297.13428 555.51855 600.35535 710.73083 1 0.7547825 609.57465 577.52466 649.0053 703.09375 1 0.6497535 616.7394 420.82 776.849 665.28644 1 0.6223566 528.3707 202.30064 621.776 243.25981 1 0.45661378 621.2677 581.83856 648.6703 671.7884 1 0.38982546 599.7663 570.84406 626.44904 705.28424 1 0.38509274 483.09036 558.7275 584.51807 639.5711 1 0.32761848 306.9404 555.2363 574.0576 632.0934 1 0.30803856 259.69257 569.94824 384.52252 708.724 1 0.26470327 233.36992 304.88638 687.53766 949.8971 1 0.24171805 693.0198 435.69 773.42664 675.55475 1 0.20012017 613.21277 260.18045 687.2637 588.88354 1 0.16111712 373.34885 557.5754 501.3292 631.14374 1 0.1553451 281.66797 558.6791 449.49 584.147 1 0.14551039 609.50366 574.7772 626.7356 676.3441 1 0.12922503 595.1522 600.0226 611.73926 644.84033 1 0.12729424 305.69357 575.3846 362.73325 591.0876 1 0.11966972 485.27225 560.4788 521.6424 634.73016 1 0.11454568 323.40454 671.9047 387.67877 708.6442 1 0.11157111 146.25604 374.77032 284.91757 534.725 1 0.100738406 603.6993 574.03784 622.6086 646.0731 1 0.09357098 451.39233 557.8167 522.83496 633.0357 1 0.08308862 276.26547 468.05423 614.3147 628.06134 1 0.080488704 346.27643 623.8657 625.81714 712.66943 1 0.07854443 613.02563 437.67316 659.147 564.0366 1 0.0673323 289.2956 624.2783 343.25006 706.9785 1 0.06415678 657.5222 330.04047 688.03174 438.0802 1 0.062000047 600.66644 643.7073 625.9245 706.52234 1 0.058870032 288.7898 636.80743 386.87677 707.7266 1 0.050566036 593.1814 577.91266 647.406 655.38776 2 0.3225305 258.97803 606.03925 310.67755 667.8133 5 0.05014074 273.3786 569.62317 313.17822 639.80566 7 0.0923599 328.2229 671.2381 385.3286 709.1004 ,test/3563.jpg
0 0.9619202 243.80287 395.23572 644.4711 761.02966 1 0.10676729 246.26854 397.21765 642.9658 760.84814 7 0.064094536 247.01237 397.0819 644.09174 759.7799 ,test/3564.jpg
0 0.9995285 405.21906 346.02228 554.0866 551.2276 0 0.25952736 0.17852783 599.52014 103.274895 796.01196 ,test/3565.jpg
0 0.6175927 325.38153 391.32678 622.86926 653.9856 0 0.51132905 344.7509 578.1764 492.24063 674.45654 0 0.43986237 277.51074 509.08463 411.78796 559.81085 0 0.2418114 343.44757 513.89746 498.30096 646.2654 1 0.31489635 308.92728 390.378 621.52637 657.4853 2 0.40309474 322.2251 390.72925 620.7366 654.84924 ,test/3566.jpg
0 0.2395673 234.87747 332.80627 874.573 825.4042 0 0.07301836 216.97598 317.81845 530.42334 536.2847 1 0.3181911 233.80286 329.1739 873.40186 827.1651 2 0.28797188 234.45892 332.57895 873.35626 825.1078 5 0.6707202 234.55371 333.76364 874.1078 825.47144 5 0.49336052 216.97598 317.81845 530.42334 536.2847 6 0.107178554 232.80194 332.36432 873.04926 824.4948 ,test/3567.jpg
0 0.9851538 597.80066 348.91696 841.3192 498.4337 5 0.9999325 131.51285 409.24118 333.10742 792.2814 ,test/3568.jpg
0 0.8396159 237.05266 376.25583 732.02313 683.0571 1 0.27544 238.34723 377.88885 731.41156 682.5445 6 0.13837077 237.59605 376.79498 730.8931 681.4627 ,test/3569.jpg
0 0.28353396 585.43726 787.56506 652.78174 847.0884 0 0.24743561 693.2343 705.5834 769.88947 736.8229 0 0.09592878 629.54553 720.8464 718.60095 804.73773 0 0.087176904 560.5672 782.4473 663.9843 862.0412 0 0.08514694 542.7694 676.0357 636.7057 818.6756 0 0.082339846 393.291 633.8756 444.13602 766.3668 0 0.06662943 422.14236 188.2329 652.67725 356.42755 0 0.053357605 384.30484 439.01913 398.9106 531.442 0 0.053166837 557.7019 732.12836 728.2267 869.4511 1 0.9972065 361.84003 79.39249 649.11475 349.83264 1 0.99590105 410.79968 238.05486 747.6853 523.43646 1 0.8742214 517.08325 729.522 795.9855 964.121 1 0.83497506 416.71213 778.53845 558.84564 913.39355 1 0.53979456 555.8977 718.97784 724.5206 875.50055 1 0.49870694 579.9068 787.32874 653.2629 852.57446 1 0.39427617 542.6982 677.0185 633.30426 828.13666 1 0.34848225 393.11548 634.3754 444.48254 765.5527 1 0.31608686 393.8804 643.7191 554.3854 947.7683 1 0.27999184 410.45468 657.01215 721.87683 898.99066 1 0.21541718 422.14236 188.2329 652.67725 356.42755 1 0.17922883 366.17047 662.23865 789.5518 1008.3213 1 0.17290345 379.1115 78.83243 674.0601 570.18823 1 0.1713068 412.64716 353.4268 487.44006 520.5753 1 0.16973478 625.4721 721.0135 719.4819 803.66986 1 0.15632844 408.94427 470.91208 762.0385 959.0956 1 0.12237355 423.12875 787.4784 496.8206 908.67725 1 0.06998173 565.6941 810.8068 616.19934 861.6357 1 0.060318585 435.06244 795.071 546.8745 868.122 5 0.6724262 755.8418 194.15344 991.7042 452.0905 6 0.99342406 420.12726 448.90335 704.3952 899.0383 6 0.21686222 542.48834 674.4986 639.11127 851.44965 6 0.2166115 390.0473 637.48267 562.56604 924.5148 6 0.111194 409.50876 667.29913 723.41736 917.9985 6 0.07705161 517.06036 719.38904 795.9556 965.5215 6 0.055878676 571.1044 718.3551 711.1344 867.85364 7 0.9947373 335.985 888.67633 528.4205 1022.0756 7 0.9907386 330.6457 920.62994 762.3693 1024.0 7 0.095964305 334.06372 697.81573 786.9602 1024.0 7 0.080212496 494.61652 937.46844 749.79755 1022.5651 ,test/3570.jpg
3 0.12760064 151.76794 676.15674 187.72186 724.29346 7 0.99989665 122.594666 32.57019 890.02673 886.151 7 0.05221638 128.80304 23.188034 735.07806 533.6208 ,test/3571.jpg
7 0.9998029 295.46075 493.70685 568.96643 885.00616 7 0.99975234 547.27203 334.5747 788.2662 782.0056 7 0.99947864 208.08896 73.76639 443.2374 747.09827 7 0.26784676 348.48502 79.42282 405.28647 133.73196 7 0.20404172 424.18408 153.46512 446.2829 249.61111 7 0.19818488 350.35706 74.70503 421.35413 191.91936 7 0.13744974 377.45663 77.502106 410.96347 177.62727 7 0.091849275 204.1568 95.52368 432.6618 355.86682 ,test/3572.jpg
0 0.4333616 301.13483 1.9819221 637.1018 67.76428 0 0.27721944 2.009365 0.0 66.88437 196.04512 4 0.9959518 369.09586 44.688538 756.8871 902.79016 5 0.22404549 300.8506 1.8012047 637.5694 68.21883 5 0.09543648 366.53845 45.000427 758.5083 911.98645 9 0.65067047 2.5582275 0.0 66.877144 196.44055 9 0.121278636 301.58667 1.9752045 637.0757 67.5022 ,test/3573.jpg
0 0.91768646 421.76077 446.54895 650.19794 695.9363 1 0.09176267 429.36707 445.42603 636.61743 700.84534 2 0.42255673 429.05646 445.68747 636.4483 700.8291 ,test/3574.jpg
0 0.05483816 393.40744 476.44086 430.68082 521.6489 1 0.69642293 713.0593 247.61472 783.42664 350.87717 1 0.51117206 642.4244 330.14786 859.5378 512.00696 1 0.11554529 702.7524 266.2698 844.09784 433.804 1 0.06284501 346.28644 489.1146 397.66626 550.4519 1 0.061099555 794.57983 386.4918 850.2416 534.2335 5 0.57605225 644.8972 330.70944 856.1583 472.9382 7 0.9999155 520.2912 381.16565 814.144 866.6836 7 0.99834573 268.24805 401.26965 439.04358 688.4597 ,test/3575.jpg
0 0.9999614 303.25916 71.42117 655.3167 967.4999 ,test/3576.jpg
0 0.5676377 870.55414 561.733 1024.0 787.5461 0 0.18321627 917.6591 713.2921 1024.0 941.7578 0 0.16323122 273.0028 175.46844 456.1958 390.81372 0 0.07213421 866.165 504.92017 1020.98846 953.20984 0 0.051841356 581.845 480.6832 610.3058 537.53937 0 0.05090004 574.22754 461.56372 771.93896 774.2302 1 0.99733245 186.59294 173.2925 588.98517 676.14557 1 0.9711509 563.8522 396.19174 784.7698 775.5912 1 0.8415941 722.7552 506.46024 775.4205 711.9242 1 0.6350703 273.2074 175.44492 456.35468 390.5295 1 0.61887234 588.4046 380.5619 766.2824 605.49023 1 0.52573705 532.96094 530.17645 605.6571 667.15375 1 0.2809369 720.9399 556.6323 755.1391 706.1062 1 0.23319826 306.43143 568.42096 534.35846 729.56573 1 0.20236106 415.3092 205.88463 551.9034 401.1366 1 0.16090347 411.98627 217.99231 583.82764 656.514 1 0.14323665 268.3057 521.96216 578.07605 689.6665 1 0.12095204 591.20807 458.0133 736.2933 555.2088 1 0.11903875 570.08624 543.6787 605.9318 671.3235 1 0.116087735 582.914 426.8286 628.4449 537.7678 1 0.09680239 582.9051 481.6857 608.5505 539.31024 1 0.09671327 470.5907 220.71536 789.5593 758.2634 1 0.092873886 245.7604 402.0871 585.3915 654.5213 1 0.092537105 731.2189 566.75726 750.76855 695.9666 1 0.08862764 558.8353 404.6829 588.891 533.98676 1 0.08528055 589.72235 524.2035 658.8631 646.1177 1 0.07829229 584.0936 502.18945 771.95984 724.1947 1 0.07197109 257.6429 516.4165 286.05508 561.3685 1 0.07010383 722.66003 506.72217 774.88806 596.67065 1 0.06906369 721.2746 562.65497 740.1546 694.3991 1 0.0637801 547.1488 658.60986 755.7788 782.0403 1 0.05919298 587.53076 483.72156 666.4409 578.0311 1 0.051178016 280.46255 398.62344 780.9999 780.7063 1 0.05047448 504.4615 215.71611 584.783 664.75946 1 0.050372552 500.28287 591.07935 599.6256 665.2477 3 0.7270711 918.245 711.768 1024.0 944.08844 3 0.5464771 870.797 561.7336 1023.06055 788.43414 5 0.09411673 916.6968 710.0605 1024.0 950.54083 5 0.06598238 871.4914 558.19836 1023.68207 788.66565 7 0.98187125 764.09985 158.6744 1024.0 626.01276 7 0.20961569 589.72235 524.2035 658.8631 646.1177 7 0.092970386 583.5133 491.565 769.15063 761.7425 7 0.089320175 570.08624 543.6787 605.9318 671.3235 7 0.07733998 892.7227 562.4934 1023.5605 744.3318 9 0.16284537 871.4914 558.19836 1023.68207 788.66565 ,test/3577.jpg
7 0.99206114 279.85886 313.1557 688.83923 734.21783 ,test/3578.jpg
0 0.5760341 555.46234 176.5202 824.7171 552.3162 1 0.1347095 556.2479 174.09225 821.416 552.8987 7 0.7604633 557.48846 177.59483 822.4567 552.28546 ,test/3579.jpg
0 0.9652525 237.06476 459.8708 398.08344 597.53705 0 0.82353634 80.32189 326.86218 235.61673 418.51202 0 0.7342155 489.3578 548.8827 658.1244 714.30774 0 0.68129504 613.28284 553.9232 744.98413 591.4182 0 0.41884062 0.24150085 111.944756 208.06363 346.77097 0 0.41103083 622.44745 554.24115 689.441 584.215 0 0.30073565 385.72256 671.6052 564.6745 741.2589 0 0.24888462 0.0 608.91797 151.35208 922.7726 0 0.24316789 364.30566 546.5733 655.0471 742.0986 0 0.2427032 511.13718 629.4327 642.1991 741.4412 0 0.2045429 648.4368 568.8241 741.00507 594.19507 0 0.19531201 626.5785 518.306 847.2732 688.6389 0 0.09301494 299.92996 526.20355 916.00085 892.47687 0 0.08716179 621.1254 596.2744 742.3398 724.43005 0 0.085387185 610.7 585.56726 656.73944 714.83496 0 0.078428656 504.4114 668.6684 605.83136 743.3201 0 0.07826446 282.91595 396.21637 889.2575 751.54486 0 0.0756475 387.5779 628.93097 624.33826 738.3747 0 0.071349025 324.819 534.16925 404.61368 594.9008 0 0.07036958 244.75122 449.97134 486.6607 664.4277 0 0.0646099 276.2789 500.35867 403.24118 614.4154 0 0.058723677 611.72363 568.477 637.6045 619.84894 0 0.054857157 623.67053 570.057 638.5144 621.176 0 0.054027434 609.075 648.1417 734.5749 745.36707 0 0.051686563 498.46448 718.47614 553.77454 743.9268 0 0.05138515 736.7042 843.9351 826.20264 905.54474 1 0.13855639 373.40912 548.90314 650.2706 740.3488 1 0.11003843 485.33902 550.1095 657.56885 713.6339 1 0.08777562 380.77875 673.97925 562.61884 741.90515 1 0.065452226 388.308 624.2313 573.90845 734.16614 2 0.11534006 373.40912 548.90314 650.2706 740.3488 2 0.058318216 485.33902 550.1095 657.56885 713.6339 3 0.113982596 286.57755 420.03592 909.73157 946.24817 3 0.089465946 702.1557 678.15247 742.4379 728.2257 3 0.086244255 319.97018 631.17035 785.0386 986.04 4 0.1265788 625.2837 518.6678 847.29565 694.41754 5 0.97865796 605.99084 660.2179 744.209 745.6603 5 0.97423494 284.21878 533.4085 645.7473 743.0102 5 0.6741383 294.4204 540.8411 799.93274 978.857 5 0.67300934 625.2395 519.25946 847.202 694.2448 5 0.65649223 0.0 610.1161 151.13281 922.03235 5 0.3377849 285.67868 526.4675 496.20914 710.53613 5 0.29967663 509.76172 644.1889 644.65283 743.14154 5 0.29702258 282.91595 396.21637 889.2575 751.54486 5 0.22221588 793.6717 887.0234 1006.75494 1023.0517 5 0.15768158 80.25267 326.5113 234.95811 418.7198 5 0.15728416 701.649 678.45917 741.92755 728.5463 5 0.1115188 621.3469 498.33533 907.4452 771.2551 5 0.07540725 313.55103 665.7319 910.52844 840.2148 5 0.072105914 317.21716 651.9631 746.45154 742.9234 5 0.06920849 735.23694 844.2939 834.54297 904.2237 5 0.054520108 377.5107 599.58374 610.3578 736.61816 6 0.8871154 793.84784 886.96875 1008.24457 1023.1123 6 0.3816657 491.36188 549.47345 652.9615 703.4141 7 0.98710793 722.9712 745.6001 886.49243 906.7864 7 0.073202305 7.081955 109.122765 206.6306 364.43015 7 0.05152269 693.205 608.8087 891.342 906.57983 7 0.05013496 609.075 648.1417 734.5749 745.36707 9 0.10143944 0.0 610.0382 151.28807 922.4221 ,test/3580.jpg
0 0.36811903 325.8743 653.9585 358.05954 823.36304 0 0.09747251 322.36404 653.2224 386.86392 829.4092 3 0.98089945 279.24457 441.3653 465.9496 665.9411 8 0.06368861 278.33948 440.62634 466.32434 666.7356 ,test/3581.jpg
0 0.18967336 279.59357 453.26825 650.6087 639.76874 1 0.21079597 278.85785 453.1679 652.59186 639.2685 2 0.8282674 279.3626 453.64188 652.32477 639.0139 3 0.25755313 279.90683 453.93314 656.2092 640.199 3 0.22477672 605.78564 498.32425 670.2665 551.26636 ,test/3582.jpg
0 0.51383895 554.4708 139.14339 593.629 187.98012 0 0.37184212 715.3725 215.79588 830.63763 365.2115 0 0.13373974 2.659298 92.88592 119.36726 169.16913 0 0.1199974 4.8931656 63.59651 134.89499 207.19218 0 0.10073546 7.272888 41.7173 257.35303 182.30266 0 0.09376744 433.36417 66.200806 514.587 118.52138 0 0.09293094 344.08154 50.79825 524.5668 119.470184 0 0.06452026 1.485115 36.867485 208.1565 76.03026 0 0.05859963 0.09485626 32.403473 242.00229 103.76636 0 0.05274213 68.297676 162.62958 146.0698 209.67557 1 0.8166535 325.60968 41.481735 678.0431 248.85408 1 0.634968 314.13397 44.36782 518.3569 129.21854 1 0.5627443 3.974884 1.3779411 367.3618 76.718414 1 0.46995726 112.24515 364.6435 210.72943 433.62445 1 0.24635126 159.9502 3.3509598 341.3536 77.02389 1 0.23223183 2.5094604 31.188538 379.52988 177.62215 1 0.21501379 45.245743 0.0 267.84766 21.863045 1 0.20634073 296.58807 44.512024 352.60858 79.64934 1 0.18508837 286.9364 7.241066 368.8684 82.45584 1 0.17624766 384.3176 58.004906 512.62244 118.59469 1 0.1690238 715.2734 216.52234 829.7131 364.95282 1 0.16087878 464.76465 84.69096 666.3047 241.09254 1 0.14477246 388.7624 87.399765 462.2588 141.48058 1 0.13958648 15.936462 24.210022 632.81744 213.95511 1 0.13885204 283.61658 46.199776 324.77917 80.16367 1 0.12937638 289.82645 46.275414 433.9758 111.51444 1 0.096197225 4.8931656 63.59651 134.89499 207.19218 1 0.075611375 368.55582 52.68 620.24 130.54446 1 0.075194724 242.7392 1.1756473 320.1261 11.926313 1 0.07283328 664.18414 126.95066 701.0035 152.09781 1 0.07179641 1.7249832 9.153382 240.90784 38.605682 1 0.06666809 121.67203 3.078598 457.0712 149.11087 1 0.0632494 41.94172 46.62038 232.38113 174.42102 1 0.056709293 187.0633 0.2871318 296.95956 11.547834 1 0.05130659 0.9740677 92.783844 119.04325 169.71997 3 0.088035494 748.05634 157.01175 798.5335 203.8193 5 0.94169325 748.2136 157.145 798.65344 202.72276 5 0.54716784 715.40826 215.4431 830.4473 365.25214 5 0.3767127 664.6593 142.86269 694.9807 269.50293 5 0.06475565 68.297676 162.62958 146.0698 209.67557 7 0.99947864 34.418488 35.77234 689.7521 484.6529 7 0.99020046 850.71533 417.82126 1023.44165 578.76843 7 0.5207318 9.917191 41.83171 388.5257 222.18901 7 0.3303986 16.622284 34.133774 452.44562 351.29785 7 0.25423792 21.976994 143.11644 83.575836 208.92668 7 0.15871756 62.356262 119.88583 359.15344 208.32483 7 0.15298954 68.82518 161.88171 146.76915 209.2652 7 0.15089807 12.380524 45.406326 245.11105 184.55017 7 0.15024905 893.73724 440.34683 1016.5004 535.27875 7 0.119990475 82.959595 225.63113 163.7475 291.48343 7 0.11868795 67.85058 150.10085 208.68677 207.54082 7 0.08710405 5.9876366 84.59235 124.41188 208.43027 7 0.07272793 1.485115 36.867485 208.1565 76.03026 7 0.060577113 28.783173 47.246864 304.3028 129.77408 7 0.053838033 0.09485626 32.403473 242.00229 103.76636 ,test/3583.jpg
0 0.06874621 667.0993 296.1437 801.12994 336.50583 0 0.0611965 418.15134 426.30396 810.80273 845.7577 1 0.90264046 623.21387 170.99849 727.8773 268.8707 3 0.99045753 107.75357 159.0882 870.54407 939.2214 3 0.9747396 313.48834 165.2563 717.2297 362.15027 3 0.44129902 400.31488 296.7396 853.9157 923.7987 3 0.23012821 313.50003 162.49709 872.53955 455.59772 3 0.14370011 323.48532 170.13345 858.4861 720.4142 3 0.055135664 150.23654 211.3237 324.50757 340.8624 3 0.05246416 438.90225 263.5108 704.923 359.61572 4 0.2590352 149.73138 215.75003 331.7176 341.69907 7 0.052514732 323.6817 228.01724 390.46777 333.40915 ,test/3584.jpg
0 0.98739666 493.14294 620.42053 730.9795 809.0559 0 0.9829979 202.57288 50.740395 262.43777 130.67587 0 0.9734264 508.34073 333.24765 699.3207 460.74106 0 0.9247327 502.34244 475.82693 762.6859 809.6344 0 0.74363256 520.8751 480.6103 759.2987 653.57855 0 0.60706514 484.86942 374.54373 549.1894 406.3278 0 0.54823816 482.39645 589.79456 989.7529 785.18005 0 0.3478286 405.04965 100.60478 438.65738 171.97374 0 0.23557079 273.93253 559.06036 298.19357 609.43427 0 0.11170858 577.6363 627.09125 985.7707 746.43304 0 0.10545668 485.94348 343.24823 667.40796 541.42896 0 0.08855677 290.38284 479.8471 746.6221 684.1761 0 0.07734948 283.49182 414.50177 767.95825 808.30963 0 0.07174917 394.09418 417.26987 423.03766 570.3397 0 0.06456745 712.923 668.6486 991.2831 747.2575 0 0.061535742 398.37735 421.4881 415.91916 527.28143 0 0.058748886 671.2407 454.4382 731.59753 490.52347 1 0.9206538 257.47055 446.2328 298.08908 567.11456 1 0.9074131 279.20282 379.48444 645.63556 599.2865 1 0.881687 376.59283 276.63663 696.08026 466.20285 1 0.83583677 369.43427 269.93173 513.14044 425.98892 1 0.8087459 273.84045 279.3714 688.6517 689.41095 1 0.3717434 295.99304 496.79697 730.24 678.5382 1 0.3004199 929.2301 1.2202988 1024.0 113.76459 1 0.2580271 298.65143 554.7939 580.6864 681.1888 1 0.1377194 259.20706 470.83203 277.11203 558.81445 1 0.1295088 258.58194 454.6088 294.16074 519.4377 1 0.11018909 273.93253 559.06036 298.19357 609.43427 1 0.08822496 678.2206 441.24255 755.69495 459.47595 1 0.083403856 473.4947 288.17987 690.9256 564.31055 1 0.0654559 385.29242 376.01764 558.86633 586.7457 1 0.057135873 695.0078 436.36795 731.22205 462.0065 1 0.055285864 283.49182 414.50177 767.95825 808.30963 1 0.05429687 267.86185 468.15826 304.64487 610.72125 1 0.053397786 501.68903 324.58856 699.0578 461.10388 1 0.050962284 382.23895 408.08777 643.7093 544.7282 5 0.10936146 273.99994 559.45087 299.44678 609.3881 5 0.0545005 673.16644 453.6802 731.2198 488.42905 5 0.050694335 637.427 449.0008 754.7396 520.8871 6 0.16197038 273.34424 558.87946 300.3216 609.6661 7 0.083040126 641.3169 450.11472 759.15955 536.24585 7 0.056428477 645.48987 454.84006 740.0387 494.6025 7 0.052783016 520.70355 479.31064 760.76215 656.94055 ,test/3585.jpg
0 0.906095 816.56836 515.0954 1020.57764 816.5765 0 0.3305953 929.31226 652.8623 1021.86584 774.8275 0 0.09799241 211.3509 549.6278 500.1761 940.94885 0 0.0788879 866.45844 657.61786 1022.66925 817.37787 0 0.073731884 425.1113 0.0 540.84406 45.8201 1 0.923757 211.2371 549.9946 499.69055 941.6653 2 0.2824461 211.36278 550.7466 500.76355 941.75793 4 0.05325391 398.6735 224.36194 415.4161 294.153 5 0.13478096 428.88702 21.262848 519.47815 280.3738 7 0.99571985 458.9667 92.0515 732.1477 572.6728 7 0.987648 594.4018 373.0116 838.8809 639.6641 7 0.9825701 632.7343 612.007 846.018 770.7692 7 0.6195787 425.83014 0.0047740936 541.53156 45.640015 7 0.6014316 447.2234 223.11247 488.60785 360.1156 7 0.4587886 452.36185 378.91895 676.5487 640.86145 7 0.4385804 991.84204 490.19766 1024.0 544.9037 7 0.31157133 818.55756 520.9787 1020.21344 818.47906 7 0.3059552 460.06564 112.30167 549.5381 342.1557 7 0.21431817 454.34018 186.44833 505.54318 371.18344 7 0.21061075 929.31226 652.8623 1021.86584 774.8275 7 0.18521203 468.81805 105.76735 699.3846 358.86627 7 0.14311314 467.49146 183.51227 516.614 297.37854 7 0.1239359 683.3959 281.72263 826.8236 490.71048 7 0.09022763 968.38354 654.948 1023.4376 748.57324 7 0.08460934 866.45844 657.61786 1022.66925 817.37787 7 0.06747239 456.10236 439.9931 725.5103 551.1149 7 0.0630175 819.82666 608.3297 857.4364 720.53235 7 0.06037019 609.9866 278.71826 812.0658 573.7065 ,test/3586.jpg
0 0.7001399 157.93799 515.41223 677.82886 763.7661 0 0.4018369 407.66962 501.13217 460.44977 546.5927 0 0.16646232 617.05786 444.1656 757.0635 611.58624 0 0.061487578 596.61975 474.7283 631.4352 530.0231 1 0.57228184 407.41718 500.36127 460.59937 546.8664 7 0.95709234 618.22046 444.02124 757.7333 615.37085 7 0.9531687 157.58066 509.54974 678.2047 761.82355 7 0.07098718 409.20142 500.469 460.35083 546.3501 ,test/3587.jpg
1 0.9978701 356.3197 202.83401 718.6139 768.0277 5 0.16214967 858.37054 29.861282 1024.0 334.46814 7 0.99865437 124.74246 0.0 503.07162 454.9251 7 0.99301165 450.43433 1.1612549 813.07227 293.97067 7 0.18338494 194.62775 5.912613 818.5069 381.50427 7 0.06096806 119.315475 274.04675 451.26276 453.04578 ,test/3588.jpg
0 0.7527656 372.45883 255.49045 434.38443 292.20993 0 0.11052022 358.53787 260.79813 465.0239 297.57028 0 0.096270785 344.9292 289.10562 411.20886 327.02054 1 0.6979837 467.77997 255.63501 593.78143 332.90723 1 0.10503464 472.33633 256.2799 554.8575 314.43176 5 0.23098761 468.7846 255.79422 589.8537 331.6747 7 0.9998832 597.9905 185.02225 855.5679 530.7494 7 0.999806 116.31976 266.29767 650.76587 807.56024 7 0.23080248 110.397415 440.36423 176.70213 587.92737 7 0.14263025 360.601 262.89 648.3782 705.7214 7 0.0838775 467.54224 255.78076 594.4241 333.49188 7 0.06177676 344.36157 277.65396 428.32483 327.51462 ,test/3589.jpg
9 0.9984518 174.37265 475.5773 850.6809 961.7273 9 0.99759597 215.91394 63.653503 815.6554 332.33426 9 0.27295926 19.546143 156.69482 854.2304 997.75134 9 0.22252265 2.659027 319.75452 271.8937 1011.8259 ,test/3590.jpg
0 0.8663135 385.55847 649.9727 594.6923 773.28424 1 0.071625985 385.85797 649.9554 594.6458 773.4367 1 0.055559505 1.3008957 4.3169785 137.53983 170.26358 2 0.29111117 1.0687866 4.1216354 136.74661 172.33612 4 0.9849857 411.7356 362.68292 639.51697 566.4988 4 0.109040774 628.71533 383.74753 660.4635 398.6868 4 0.10668486 596.6111 293.18695 657.48193 372.60645 4 0.06776025 612.4333 400.10846 655.3808 441.1994 5 0.34090856 0.87493134 4.163307 136.56396 172.85266 5 0.15174386 409.07486 361.88214 642.0029 564.60986 6 0.1337068 1.070137 4.106949 136.7315 172.25462 ,test/3591.jpg
0 0.94322115 811.6903 708.0065 1023.0333 985.75073 0 0.32890162 160.47852 839.60333 612.67444 1010.40106 0 0.18152119 402.27823 144.98022 744.7124 458.03015 0 0.15622374 403.5052 332.24127 867.00507 461.0063 0 0.15433854 246.15524 418.0279 892.5796 732.3548 0 0.11183952 69.05673 461.7245 735.20654 960.0304 0 0.110183805 537.75073 793.1694 671.3529 903.7828 0 0.093573675 91.587234 729.16125 558.28516 1019.86865 0 0.09179804 93.00598 196.92697 885.87006 825.44214 0 0.086620584 609.9377 235.32825 896.94196 473.4922 0 0.08143488 695.7837 497.9461 1020.0414 981.52704 0 0.074729174 617.42664 695.4203 737.2063 778.33813 0 0.06477757 718.0543 183.30734 1024.0 716.9983 0 0.052236363 1.0506668 865.4105 168.35287 1017.48364 0 0.05105142 406.42386 376.91833 765.28455 464.93457 1 0.88845384 516.0998 773.46106 715.5948 902.4791 1 0.80167574 1.3095169 733.1943 107.92961 864.83075 1 0.6421526 0.7379303 863.5209 161.63004 1019.07495 1 0.49083328 73.114655 734.28467 201.86935 925.7384 1 0.4655909 402.6231 144.58846 743.2586 458.6546 1 0.4411232 690.1937 632.4247 879.7245 926.6062 1 0.41718802 110.6452 177.5357 880.6395 888.17316 1 0.3880522 208.67987 832.6929 608.005 1008.7538 1 0.35498166 334.77402 591.016 718.0145 729.5565 1 0.3403634 660.9419 668.5402 1024.0 985.51874 1 0.26910144 230.44138 408.45544 880.02856 728.1826 1 0.24271019 817.29694 714.81885 1022.4495 983.57056 1 0.24074252 500.60052 704.17065 598.1873 724.64136 1 0.23360655 541.72 798.8711 659.5254 901.2379 1 0.2218004 86.911285 753.17676 674.5708 1006.1826 1 0.21812803 152.47855 189.9293 484.82187 553.9838 1 0.2162541 156.84216 156.40752 802.21735 509.8186 1 0.1922941 493.87177 719.02277 594.22784 736.8714 1 0.18344775 75.78436 498.01312 701.8455 980.0472 1 0.16171364 490.1047 702.67303 634.79553 735.1287 1 0.110428356 617.42664 695.4203 737.2063 778.33813 1 0.10437653 403.5052 332.24127 867.00507 461.0063 1 0.08809034 0.0 740.1731 209.7059 876.3784 1 0.07591615 563.799 504.73322 903.55475 955.0744 1 0.06491312 726.49445 251.09564 1015.1424 975.05316 1 0.06217377 300.706 455.15826 670.058 730.8912 1 0.060936008 785.164 526.5382 1016.3913 990.9437 1 0.05909117 390.33398 154.33383 917.84814 623.49976 1 0.05769971 542.21906 674.89185 737.36664 905.0282 1 0.055382777 311.22696 728.2112 695.51294 976.6941 1 0.05397118 474.83707 712.2467 638.8774 744.1926 2 0.23592158 1.1430511 733.03973 107.36567 864.5423 5 0.13384964 152.27434 190.49727 488.77185 554.69574 5 0.13059731 403.09973 144.968 744.4739 458.17218 5 0.08612747 710.0775 239.82855 955.9945 435.9732 5 0.079157405 100.49542 191.50858 806.41315 914.526 5 0.05292318 166.23059 388.70795 876.0243 745.6452 5 0.051172495 168.00143 156.16652 810.90137 498.38086 6 0.25999162 61.97049 550.23267 682.57983 854.3801 6 0.123848796 331.81998 590.30896 677.7499 727.3876 6 0.09321628 100.49542 191.50858 806.41315 914.526 6 0.07062989 127.733215 683.813 710.8476 834.7113 6 0.05367716 461.4021 642.01587 676.7626 724.6405 7 0.71381664 66.31061 527.5825 692.3086 929.30615 7 0.51918215 80.28702 406.0472 878.26697 840.8363 7 0.4166887 187.93286 825.10187 612.35706 1013.77106 7 0.19407034 136.45343 693.29456 701.8928 1009.0829 7 0.15579636 240.01404 446.86838 856.9199 726.6046 7 0.1267968 104.04886 672.47736 693.38745 851.2177 7 0.054906383 186.46893 772.81104 665.60754 946.20544 7 0.051055938 718.0543 183.30734 1024.0 716.9983 9 0.5891569 403.617 144.0389 742.7559 458.4477 9 0.063218474 157.09763 855.20526 618.6315 1008.24164 9 0.05550804 1.0506668 865.4105 168.35287 1017.48364 ,test/3592.jpg
0 0.12100146 695.4443 326.53632 1024.0 982.51495 0 0.1178521 439.89716 823.3481 664.73553 1024.0 0 0.05439547 562.805 216.5778 785.8649 375.77533 4 0.9995351 392.76355 447.64767 625.7262 768.2551 5 0.3702929 713.1538 325.9806 1024.0 971.9685 5 0.104401134 441.52417 824.24005 664.069 1024.0 5 0.07298902 562.805 216.5778 785.8649 375.77533 9 0.9537279 560.40533 216.19577 785.97076 375.00015 9 0.883622 439.07693 822.9978 664.4912 1024.0 9 0.083717585 695.4443 326.53632 1024.0 982.51495 ,test/3593.jpg
1 0.105985135 218.70322 540.5615 368.7733 649.81116 2 0.9938891 217.74477 540.14075 370.14093 649.7709 5 0.95371866 0.3262787 748.4226 438.04633 1024.0 7 0.9997727 339.43286 468.9668 682.4507 705.75354 7 0.07083541 20.746864 706.2614 114.21302 756.90485 ,test/3594.jpg
0 0.9817067 250.63235 367.9117 803.5375 727.09204 ,test/3595.jpg
0 0.6691166 458.19415 318.65628 676.1857 727.44543 1 0.11309704 457.86975 317.811 676.12366 728.15405 7 0.51405615 458.33417 320.41467 675.9786 726.69617 ,test/3596.jpg
5 0.21263185 293.43552 495.9721 645.86255 1024.0 5 0.05198034 311.71387 622.0555 377.50415 711.1025 6 0.99620277 697.0571 234.29744 965.44006 561.3437 6 0.38305062 857.49896 266.87457 967.0828 526.55786 7 0.99361926 62.775772 69.855286 431.61426 774.27936 7 0.9748455 297.9781 278.1118 719.2842 1024.0 7 0.89592636 128.1905 72.36273 407.97064 529.8488 7 0.858257 3.8270493 7.955017 152.57806 436.20203 7 0.8421275 572.37213 383.47253 758.7005 720.3738 7 0.79355794 83.50188 472.58057 317.87317 770.6387 7 0.6566536 469.17163 220.47488 763.1127 757.8446 7 0.5420549 473.89954 227.55855 671.41113 499.04468 7 0.27233818 397.64984 244.56036 473.625 536.8934 7 0.242227 298.12543 254.08435 478.96295 536.0173 7 0.22276598 4.2204437 2.3277588 208.59103 714.9733 7 0.21249875 294.1573 575.36664 626.96936 1022.61456 7 0.14346679 311.95844 508.37354 426.08453 723.82263 7 0.1076323 470.89514 325.8948 657.92004 985.6138 7 0.08108169 340.5532 184.09373 446.3665 527.71094 7 0.069164164 336.98938 258.05524 497.72772 697.1456 7 0.053116802 313.57452 287.7798 632.09845 718.2229 ,test/3597.jpg
3 0.9969994 20.309631 312.42746 730.81305 677.0132 3 0.40001607 611.25696 429.49872 732.52966 679.4317 ,test/3598.jpg
0 0.53955096 3.0030289 36.30687 119.26793 536.88495 0 0.16570997 19.344116 25.825287 465.85736 570.56433 0 0.055106156 0.0 13.125214 741.7719 730.2041 1 0.14568092 1.7449837 51.251236 125.83943 531.2602 4 0.9994524 531.4985 243.96909 691.55524 851.20374 4 0.9990126 383.6254 244.98386 541.71783 831.55396 6 0.90345365 667.2694 7.3154297 1024.0 520.82983 6 0.8859703 18.235443 10.185669 552.1948 589.48785 6 0.16902454 184.15643 8.382294 418.24615 599.7699 6 0.08893508 174.03943 7.2977905 1024.0 560.3151 6 0.08218962 953.11005 123.41002 1023.12445 476.12067 7 0.2244707 2.7486572 45.298325 122.026184 534.78864 ,test/3599.jpg
0 0.9826957 170.58487 214.29532 756.08984 767.3568 0 0.1721124 484.99182 306.99384 750.69885 775.3466 1 0.05318302 169.5701 213.68597 754.8628 765.3615 ,test/3600.jpg
0 0.8300437 630.41016 368.07266 748.3168 523.80676 0 0.37006605 487.25714 533.39856 608.6136 635.50464 0 0.3229878 637.5094 468.96014 660.71313 555.2176 0 0.18964948 667.1269 279.777 745.46234 355.70853 0 0.15674293 899.1808 483.03937 973.23 640.1518 0 0.08940276 470.60153 288.35208 654.51996 549.015 0 0.05409964 682.97363 353.95578 735.46094 408.429 0 0.051240474 2.4490318 348.3069 95.90112 546.97034 1 0.98811007 172.00374 466.183 459.69427 570.8546 1 0.9831957 15.694641 196.4602 699.38446 775.763 1 0.9674997 788.7108 95.09155 1019.1312 529.83984 1 0.7707251 3.521881 280.1743 597.2401 564.4767 1 0.64267176 89.13611 142.04926 610.8061 332.56012 1 0.595441 633.40735 308.4099 744.9689 540.36896 1 0.5931734 632.2744 292.62686 746.13916 405.3337 1 0.4231715 637.0547 465.94638 661.015 555.4663 1 0.37994254 918.0235 104.9014 1023.9875 522.32874 1 0.3247193 634.02765 234.30107 670.27045 298.86713 1 0.32449132 667.3518 280.24857 743.8292 356.4341 1 0.3073459 0.0 14.027084 988.45056 152.6755 1 0.21646127 16.254822 108.4733 875.5199 525.78516 1 0.18423854 470.60153 288.35208 654.51996 549.015 1 0.15326773 0.0 209.55302 102.76935 299.63 1 0.14974971 626.87787 247.1223 747.8039 359.9464 1 0.14677188 89.526115 136.02087 280.36368 317.36707 1 0.1416995 685.6856 354.48132 735.1856 409.15802 1 0.13944581 37.326523 23.03505 304.10828 129.3844 1 0.1238443 72.690475 295.80948 475.32892 340.86496 1 0.104462974 443.30002 51.083588 1012.10974 567.1797 1 0.09891775 26.341446 415.93362 471.3988 573.2101 1 0.09321453 60.122314 70.14235 871.3662 327.62842 1 0.08545684 420.7291 170.76468 645.4957 572.7156 1 0.07720196 633.70605 341.90494 735.6294 410.75534 1 0.069061495 572.1521 449.27704 662.0941 559.9728 1 0.06321354 161.19046 145.0537 627.1168 590.87726 1 0.06085901 634.6145 158.87717 723.6001 281.41122 1 0.052848674 566.9997 373.1506 746.55145 576.2778 1 0.051374618 631.0671 234.02985 715.65314 436.13782 3 0.061274413 16.345139 23.048206 329.82715 130.51614 5 0.56753176 0.0 209.29199 102.510254 299.70837 5 0.22738436 27.285034 23.291832 305.84225 129.81659 5 0.12068747 67.79846 215.8699 103.62311 299.2211 7 0.054502986 953.93097 0.3411789 1024.0 106.656715 8 0.4500822 480.82248 60.135376 623.63214 153.69685 8 0.073257454 285.4756 49.51035 826.1655 154.95854 ,test/3601.jpg
0 0.10812665 247.96753 628.3929 485.11804 830.38885 1 0.58672094 246.02087 632.09973 485.35254 830.2643 1 0.11255146 954.993 116.75958 1023.70294 825.30536 1 0.07027341 92.89551 434.8772 165.06085 525.4423 7 0.99982834 743.78955 249.02261 965.1178 845.19495 7 0.9998098 501.9619 359.18372 755.1654 826.1533 7 0.9993051 277.7821 360.09363 558.25183 708.8893 7 0.9882946 75.91359 237.26562 213.45573 408.20483 7 0.9570132 294.2834 302.3026 389.1629 572.1618 7 0.9479345 155.89948 254.69162 319.28833 664.2444 7 0.64078087 245.66922 620.7708 486.84946 830.9052 7 0.6074682 190.77881 248.93234 329.7022 524.2905 7 0.5530325 71.99568 304.3869 203.45537 521.7891 7 0.42977613 69.40588 389.26892 178.29688 525.7968 7 0.13865702 352.28006 283.76385 387.01462 395.4829 7 0.10932376 361.6414 351.0099 386.44748 395.3731 7 0.09906681 86.993546 432.32162 166.90575 526.9469 7 0.09634364 151.94492 376.16272 304.72852 590.32513 ,test/3602.jpg
0 0.29434055 375.4615 683.5499 456.25415 753.59485 0 0.1482276 245.12183 127.13019 745.894 879.36346 0 0.10506755 0.0 0.0 276.78503 148.66037 0 0.0762091 310.09354 516.19696 748.0709 847.8493 1 0.98292404 243.41907 127.316315 744.9256 876.01953 7 0.99841106 552.95795 0.0 767.5937 227.81918 7 0.9952538 437.63943 0.0 613.3484 46.037235 7 0.9629574 0.0 0.0 277.0918 149.22092 ,test/3603.jpg
0 0.3926312 386.49713 452.04745 649.59454 810.7916 3 0.056375403 386.86502 451.9656 648.45935 809.96313 5 0.8363376 387.16364 452.20685 649.0236 809.3946 ,test/3604.jpg
0 0.57984084 864.85425 344.91583 1024.0 624.0542 0 0.45865443 174.0179 350.07993 277.46265 434.3704 0 0.30111578 354.65057 316.97 756.1296 438.87527 0 0.27313972 160.04993 337.0788 374.83832 439.02985 0 0.26406294 432.7293 331.1317 670.7347 419.14508 0 0.1544548 960.1026 332.17743 1022.6983 452.5157 0 0.1158172 933.0989 324.4874 1021.60266 603.14514 1 0.8782071 0.10432434 111.14818 137.01442 374.3985 1 0.53720784 13.643982 322.66235 1018.21564 710.8424 1 0.07210489 174.0179 350.07993 277.46265 434.3704 7 0.46149087 437.2099 338.2377 669.7785 417.55307 7 0.2997643 359.51196 319.04803 732.78723 432.16675 7 0.052182272 174.0179 350.07993 277.46265 434.3704 9 0.5880591 21.724152 319.47235 1021.5073 724.8077 9 0.5163782 865.7603 343.03027 1024.0 631.18536 9 0.26101375 237.83072 325.40308 769.5127 439.73444 9 0.20179866 14.262604 648.8998 981.121 1024.0 9 0.08713603 936.47675 322.98193 1021.5212 619.39886 9 0.052212823 743.3881 337.5816 1023.1812 683.54474 ,test/3605.jpg
0 0.9952421 1.7304001 582.5271 127.54876 1009.2378 0 0.98324263 162.93835 510.68094 216.39658 625.0885 0 0.78095305 564.77783 958.4287 595.79004 1001.3795 0 0.30917835 259.44037 392.27173 374.56653 452.8322 0 0.21424112 550.89307 703.63245 848.02747 1024.0 0 0.18584415 273.50058 654.9714 873.75684 1024.0 0 0.11427494 1.7985153 589.4811 119.421646 814.0155 0 0.10008318 223.20851 304.27768 301.0263 466.6586 0 0.077759646 913.7779 409.4162 1021.2514 584.46796 0 0.062483944 514.759 17.950623 1019.47235 423.7823 4 0.8446795 207.82797 335.30237 904.062 741.73047 5 0.7053497 211.73935 336.37088 904.5576 743.20874 5 0.05907607 762.25684 341.14276 919.3463 579.3713 7 0.6050274 818.78296 396.37152 916.7031 574.9052 7 0.39851803 783.06824 7.110382 1024.0 424.22552 7 0.3377373 0.8822136 940.25885 125.223175 1024.0 ,test/3606.jpg
4 0.977335 294.09802 176.03784 705.905 861.88306 5 0.18648693 291.35312 181.73627 705.751 867.42206 9 0.538033 602.6665 211.76776 907.7245 361.94946 ,test/3607.jpg
0 0.5305169 305.23758 913.06116 408.30374 985.271 0 0.05379048 458.89093 87.06532 512.23016 158.6663 1 0.135055 751.7906 646.2294 798.1374 682.7471 1 0.07515358 748.44653 644.23096 835.8644 686.4656 5 0.2064068 458.89093 87.06532 512.23016 158.6663 7 0.999403 207.23837 573.90857 854.1189 999.5785 7 0.99834144 279.84015 266.33463 782.09906 631.5066 7 0.98801583 263.8842 203.1435 608.2202 424.8678 7 0.1349465 265.77615 216.25018 447.61514 433.57935 7 0.051324405 305.3373 911.29877 408.51645 995.3913 7 0.05039429 445.01968 576.0118 690.11017 784.16583 ,test/3608.jpg
0 0.50854397 618.8401 427.3369 822.5509 552.3191 0 0.07097012 310.11688 359.46823 670.85034 605.32104 1 0.89916676 312.18243 357.75867 670.7589 606.2838 2 0.2167245 307.1053 358.7954 672.6022 606.15765 5 0.63339597 617.6167 427.1181 822.43335 552.8224 7 0.07064204 618.59515 426.76822 822.34344 551.59796 ,test/3609.jpg
0 0.10793474 436.67554 370.50198 670.26416 426.67874 0 0.083209485 332.1821 205.5224 399.894 252.74911 0 0.066382475 44.842705 993.32684 98.240456 1020.73175 1 0.37288544 424.16797 404.53534 661.77893 590.0072 1 0.09325549 922.91595 136.1891 1023.4028 168.93526 2 0.99720407 422.6971 364.64728 667.23346 632.12506 2 0.9231298 424.3115 359.23132 667.6158 435.90778 2 0.20799054 409.23495 352.27658 687.62 380.9058 2 0.13095807 44.732246 993.2723 98.34988 1020.58344 2 0.118011326 412.81384 290.1506 678.85925 386.35812 3 0.35033524 45.107506 993.3262 98.25767 1020.71484 5 0.9543182 409.33514 292.26608 680.7038 381.48465 5 0.35683802 44.670677 993.18085 98.266365 1020.4692 6 0.12551937 407.26062 292.26154 682.6804 381.41736 ,test/3610.jpg
7 0.9979576 491.53195 396.0306 693.8273 535.67975 ,test/3611.jpg
0 0.6312699 791.7683 134.61345 1014.1791 479.57672 3 0.9978929 335.53802 247.34157 756.98175 520.9147 ,test/3612.jpg
0 0.9364641 254.95778 728.0466 291.80328 892.8448 0 0.88964736 270.93414 648.8854 388.05615 735.4259 0 0.86573076 517.6745 575.9964 644.25616 641.8116 0 0.7999946 605.36383 385.63867 708.8143 496.67694 0 0.7992737 655.65515 183.96283 797.02185 261.98718 0 0.23842172 250.58145 752.084 348.42288 888.7102 0 0.17005195 270.24356 721.43835 285.97452 885.9198 0 0.13426463 359.27594 406.5424 634.6643 600.79285 1 0.23507386 656.0483 184.12302 797.7525 261.72266 3 0.851886 238.6535 195.62115 292.96014 223.01508 3 0.07652237 239.29704 193.81891 290.1637 208.89539 4 0.055169437 359.36203 409.31454 631.78357 599.5138 5 0.9719659 359.77332 408.9134 632.593 600.4689 5 0.20154063 250.58145 752.084 348.42288 888.7102 5 0.17284113 255.46149 725.2517 291.13263 893.02356 6 0.89390564 777.29236 418.22 1022.0945 653.72974 6 0.84473944 769.48315 0.0 1024.0 628.96844 7 0.21704023 270.7292 649.0218 388.23517 735.2045 7 0.08697821 250.56314 752.41516 348.306 889.01575 ,test/3613.jpg
0 0.3390572 397.09418 424.5495 710.7657 698.6723 1 0.058404922 396.65588 424.0625 711.49255 698.5785 2 0.07911586 397.13333 424.40503 710.7877 698.39624 3 0.32259002 396.25186 426.44525 709.9791 698.51715 5 0.12736696 396.76962 424.81305 710.76855 698.9388 7 0.5844583 397.14337 424.8061 711.0838 698.18414 ,test/3614.jpg
5 0.7974976 439.9525 245.15605 674.1217 375.55298 5 0.17970105 392.62238 162.06386 741.8144 390.6811 5 0.16092151 367.4109 206.39117 730.1189 662.23083 5 0.15591948 471.67218 524.07776 520.0673 563.6481 7 0.99741095 329.63773 170.60202 740.3921 707.8137 7 0.590742 663.966 522.0001 862.2027 766.05774 7 0.57800597 471.8522 525.14087 520.517 563.2186 7 0.23436297 415.97946 514.3897 697.63794 692.7845 7 0.05257812 410.45493 168.64778 720.745 447.46356 ,test/3615.jpg
0 0.9361402 405.76007 309.49014 604.51917 614.4313 0 0.102639444 569.00195 287.22302 691.2029 407.4209 1 0.21612927 402.90207 309.0572 603.46185 615.45264 ,test/3616.jpg
0 0.44228223 412.02466 0.0 797.22986 213.49898 0 0.09766892 807.47656 0.38324738 1024.0 168.24203 1 0.7124387 806.97754 0.29212952 1023.8933 168.12878 1 0.16649625 1.2560577 79.20126 71.39485 135.11401 6 0.99974054 289.01526 183.29892 831.782 865.3801 6 0.95788896 288.59488 187.06003 804.3751 350.4866 6 0.21056779 516.9013 281.20288 836.10675 834.43933 6 0.20853546 554.4614 500.03503 814.92773 823.6044 6 0.06593588 401.06598 255.8661 605.3945 352.73224 ,test/3617.jpg
0 0.9702543 322.80386 493.18884 442.01065 585.1339 0 0.58422065 526.5392 774.2607 613.3827 797.87006 0 0.19615418 251.38176 475.7758 454.00702 614.0974 0 0.18738727 368.58862 785.31476 627.71234 1001.3836 0 0.10796106 368.364 839.6116 430.11743 996.16785 0 0.1068891 435.99295 806.6305 476.0756 961.7837 0 0.106444836 235.16176 676.53357 418.58466 979.8231 0 0.07433732 411.76904 786.24866 540.0925 996.3379 0 0.0706913 238.92668 537.2662 675.1105 846.93195 0 0.06788998 370.26407 801.7526 492.01572 995.6611 0 0.058943875 569.15027 797.43756 627.4563 998.664 1 0.9974726 259.77136 58.189545 584.4157 349.76428 1 0.91024405 240.0259 538.7514 673.8697 846.58344 1 0.6916938 371.6025 784.4059 627.93604 1002.4614 1 0.41137654 367.44873 830.52844 445.87817 995.35205 1 0.27113843 251.71983 475.80783 454.0407 619.5277 1 0.21620442 415.53577 780.5298 518.8998 990.431 1 0.17631976 240.85686 696.8647 634.19604 1002.4162 1 0.16805638 239.43497 667.3035 416.37204 982.30145 1 0.097764894 379.6891 803.2417 484.75543 995.1494 1 0.07984616 327.1116 489.7702 448.9891 589.533 1 0.058972962 415.93927 807.62573 465.5963 988.7626 2 0.110815935 378.96484 785.38416 628.7564 1001.45544 5 0.48522636 483.0129 393.7274 601.6048 555.5424 5 0.3537093 370.5782 784.7586 630.7804 1001.2879 6 0.063852526 168.65645 722.6884 415.18353 958.8757 7 0.21752621 241.31525 535.47754 672.27313 887.5641 7 0.05917761 235.16176 676.53357 418.58466 979.8231 7 0.058621373 368.53357 836.16205 432.0725 996.1945 7 0.057929296 531.6895 697.01404 665.22296 799.7246 ,test/3618.jpg
0 0.20481037 163.41197 720.2229 207.19063 733.8367 0 0.07506078 18.189392 123.679 286.20862 523.3687 7 0.9998306 272.49408 617.7585 783.45953 1012.8692 7 0.9997969 165.9213 485.73474 506.92484 766.23694 7 0.99942964 503.46075 431.72885 884.46185 705.84644 7 0.9979577 276.9649 163.39626 508.91223 477.62354 7 0.9848107 637.56836 295.56122 956.02856 550.3679 7 0.98446333 17.943588 124.55527 286.24365 524.2799 7 0.8698658 63.492874 116.032326 270.2483 224.34326 7 0.16616869 556.1178 629.27045 685.7611 687.20953 7 0.088213295 119.609566 120.68437 259.0032 163.72289 7 0.06903322 474.57495 594.64435 668.5846 685.97015 7 0.06329634 148.7945 123.280975 230.15399 155.13303 ,test/3619.jpg
0 0.3603604 289.02414 383.95786 397.22458 567.30994 0 0.18056437 764.97565 819.7475 844.8316 923.99274 0 0.13953517 570.1801 451.57956 589.09235 531.818 0 0.09902473 607.2628 389.6727 660.2848 439.61594 0 0.08528294 581.29297 456.36145 646.6312 478.02185 0 0.052331604 590.79236 393.69315 687.5934 477.85812 0 0.05116071 580.288 432.98056 698.6436 477.85184 1 0.999435 176.35223 285.3093 771.21075 754.369 1 0.9588358 459.40393 257.96698 697.3402 560.0186 1 0.90284646 764.7512 819.9495 844.8364 923.6701 1 0.79504454 595.9864 388.16632 662.1788 438.54834 1 0.758856 281.65808 387.69257 447.64716 561.5954 1 0.68779767 239.09885 265.30408 730.61475 578.93384 1 0.6200572 471.91766 312.82657 602.15533 492.62564 1 0.503568 582.33954 394.7531 696.1805 556.4249 1 0.45122865 276.72882 360.60837 558.0487 568.05884 1 0.44820705 667.97375 438.6026 713.34375 536.21576 1 0.34565455 499.09772 366.6731 598.45135 511.38318 1 0.31954402 574.5575 441.6225 668.18774 553.2826 1 0.30835617 476.8628 260.23102 654.67285 456.911 1 0.29057765 362.12042 393.66733 450.48163 557.80176 1 0.2722021 500.94525 383.45792 670.52496 561.8948 1 0.25486237 558.55994 281.0609 720.10535 559.5463 1 0.24869645 645.29877 427.32565 713.8211 558.6804 1 0.18471143 245.04553 391.08813 771.2347 637.80237 1 0.1682771 580.3141 386.3243 681.7074 481.4493 1 0.16741782 537.3406 365.6627 586.39417 479.07077 1 0.16697235 387.05994 396.86636 453.13544 442.38516 1 0.15461044 514.0481 458.60352 583.2406 535.38495 1 0.14415084 672.4656 477.70197 693.3163 529.58594 1 0.1404476 596.0533 407.7284 644.85297 437.43994 1 0.13359663 546.5829 246.86543 647.573 414.9848 1 0.12222379 515.8384 469.23642 570.11255 514.445 1 0.12065279 643.2133 406.70593 682.3215 445.70734 1 0.1187771 652.86316 467.44348 701.7013 560.34436 1 0.10863599 674.35455 464.44437 701.4039 538.61584 1 0.094257884 630.87036 404.99536 696.0752 532.977 1 0.09193851 583.78595 432.98087 713.37823 481.18246 1 0.09103505 611.5102 289.99164 675.53656 419.07343 1 0.08731963 300.07733 272.1092 614.23517 469.22107 1 0.08467506 494.12305 295.18774 576.2665 342.3423 1 0.07374259 516.69934 450.36603 638.3439 549.1162 1 0.07344564 503.92538 306.21448 572.2615 333.99683 1 0.06640469 537.3858 471.4602 574.1597 534.2282 1 0.059170663 276.3719 330.48175 361.69098 559.2866 1 0.057157222 512.0474 471.58273 688.47284 568.36304 1 0.054245826 294.38446 281.49524 491.86 445.3263 1 0.052837443 436.73776 367.16278 588.9895 563.39197 1 0.05170918 584.6781 301.47742 689.39 448.747 2 0.055157978 580.00867 433.9463 642.23535 452.8355 2 0.054201 572.6876 429.72336 676.3904 559.67633 ,test/3620.jpg
5 0.999918 134.7898 471.4179 810.1515 873.0278 ,test/3621.jpg
0 0.8599749 763.4043 0.0 1021.7887 184.86746 3 0.9999697 427.81546 426.0016 762.5216 688.88196 7 0.28297302 763.2651 0.0 1021.8189 184.87292 ,test/3622.jpg
0 0.81672615 600.3825 547.4582 634.956 588.4737 0 0.7526806 401.06088 515.52313 480.87332 588.59576 0 0.23515077 441.33597 573.19977 474.39938 594.5926 0 0.2002762 438.48477 512.4218 612.19617 606.68134 0 0.10040283 488.09924 509.94894 540.6366 555.95435 0 0.09649394 441.44025 520.6952 484.00494 581.23486 0 0.083759785 395.66483 510.9937 550.1936 589.1514 0 0.074998796 481.42047 506.9071 589.3455 586.37476 0 0.05831173 471.53668 543.1007 637.618 606.0824 1 0.9988262 288.8045 258.9635 724.4581 774.4475 1 0.86638856 407.5652 508.44058 611.2948 606.9657 1 0.35933793 506.8066 546.8743 605.69965 608.29156 1 0.25976396 441.1072 572.41473 473.86124 594.7193 1 0.25502935 401.19202 515.4747 479.2149 588.9058 1 0.21980119 519.41425 578.64044 587.2166 607.56085 1 0.19686092 676.54663 407.41226 711.20447 624.5337 1 0.16813065 483.08157 508.81506 588.1979 580.21045 1 0.07798962 467.5861 572.8068 593.5249 607.95013 1 0.069451116 485.72852 508.85724 542.8501 557.3133 1 0.06898612 471.46655 535.79474 596.7461 597.99725 1 0.0622038 516.0029 592.1928 586.8285 609.08527 1 0.060879227 455.3427 508.7348 561.4086 597.49286 1 0.055074137 401.46002 563.19446 475.74365 593.0574 1 0.050034862 599.49786 548.0889 635.637 589.613 7 0.05961429 437.19843 507.3436 612.0385 607.442 7 0.051163014 440.35648 572.95123 474.2819 593.82 ,test/3623.jpg
0 0.22233614 352.14902 450.65335 688.90247 621.62177 1 0.060771003 351.0404 450.10104 691.0541 622.3249 2 0.08426587 351.9066 450.72836 688.9828 621.6391 3 0.39136168 351.92844 450.8455 689.38464 621.65607 7 0.7534898 351.5141 450.88074 689.12213 621.1018 ,test/3624.jpg
1 0.9948527 131.3188 403.3794 597.2981 793.40857 1 0.7484545 143.83046 483.02008 383.87427 789.30597 1 0.087241024 276.4668 467.04044 365.87323 708.7223 6 0.5079769 358.80627 0.0 777.6017 515.05566 ,test/3625.jpg
0 0.112545416 330.93665 380.7456 633.7645 788.3419 1 0.9882526 329.89575 380.64188 631.63904 790.3495 1 0.20411834 329.84644 381.62848 560.7087 592.67365 1 0.066078894 372.50165 453.53094 573.5406 572.5175 ,test/3626.jpg
7 0.9980311 150.69019 294.47092 942.6477 813.78674 ,test/3627.jpg
0 0.102375746 978.311 681.58105 1023.122 760.5381 1 0.9983695 517.48926 639.8014 896.75305 860.4944 1 0.99755055 152.48921 396.23218 559.401 704.385 1 0.8251017 500.68265 352.0265 1024.0 724.2175 1 0.26769367 461.82513 507.17102 954.2017 862.1704 1 0.16208825 166.41284 362.459 922.9791 705.2705 1 0.15210344 502.01605 516.5788 986.4471 702.1235 1 0.14524318 211.11267 510.04248 540.1471 699.1958 1 0.12295814 553.30585 760.4595 889.5306 856.90967 6 0.15990597 978.311 681.58105 1023.122 760.5381 ,test/3628.jpg
0 0.8926993 337.15466 368.10345 619.5973 764.5766 0 0.21399881 345.1218 714.3918 618.33606 763.6972 0 0.051902577 393.56537 371.85052 626.8986 426.56085 5 0.072231725 338.15445 368.705 620.2146 764.56323 ,test/3629.jpg
0 0.39963257 618.2395 356.9608 790.5596 508.23593 1 0.73520267 618.18115 356.89014 790.74304 509.00348 2 0.1216256 180.00365 160.67038 626.5733 530.56177 2 0.07770689 617.7494 356.8589 791.1631 508.87634 3 0.88285637 182.51512 163.40909 627.7906 529.551 3 0.07182893 172.36351 468.18002 259.25876 532.18274 5 0.4839879 181.92268 164.31487 626.84607 530.65656 7 0.26099333 617.7909 357.00995 790.3933 508.92633 ,test/3630.jpg
5 0.9989157 39.85466 354.50284 489.49677 895.6848 5 0.9957087 498.5149 356.2674 948.1177 912.92535 5 0.1673259 502.7641 742.79913 810.6347 920.87006 5 0.07160535 496.84265 373.95325 540.75903 860.9673 5 0.065063335 522.7435 348.62567 774.97046 419.55542 5 0.064237535 450.16013 369.57855 501.19687 867.40936 5 0.05051142 501.71753 648.0028 911.06055 906.6013 ,test/3631.jpg
9 0.9888881 42.838837 227.89182 1013.7916 1014.1821 9 0.19185668 65.33353 915.31287 818.4309 1020.4358 9 0.071398765 0.9069977 961.7926 211.48146 1021.0255 9 0.051024057 914.18585 273.19138 1024.0 664.90906 ,test/3632.jpg
0 0.81635416 0.0 373.45923 122.088745 440.2655 0 0.5840217 3.221115 470.7091 170.04608 506.47278 0 0.43676436 6.6314926 374.31476 170.92581 510.67474 0 0.12049293 31.416473 490.39944 156.33157 510.30777 0 0.113688886 412.7922 853.79877 693.8689 1024.0 0 0.069368206 0.9961395 438.83047 174.99991 505.46628 0 0.06515867 249.89764 0.0 442.57715 214.39478 5 0.99972004 91.9892 207.42918 313.12408 491.4355 6 0.86423963 415.689 420.83664 956.74475 1020.687 7 0.052449793 248.78098 0.0 442.5339 214.18948 ,test/3633.jpg
0 0.39189747 240.7815 231.59409 884.6753 792.0001 0 0.105965964 803.58527 245.03104 879.9804 320.04495 0 0.059503283 412.04535 703.8503 496.33472 795.72015 1 0.6868342 237.73059 227.84216 897.9564 797.39624 6 0.05013916 416.9603 701.5464 495.7888 795.3689 7 0.05471577 240.61331 229.92642 889.03625 789.65295 ,test/3634.jpg
0 0.82066065 310.0884 355.7248 517.4457 454.1128 0 0.26851752 243.05142 273.63535 278.6852 297.2332 1 0.27767783 310.0957 355.82495 517.87897 454.1109 3 0.08381057 154.53723 207.56523 341.616 346.85022 5 0.9441442 154.52843 207.48674 342.34833 346.31378 5 0.12996647 321.07837 492.3201 726.6472 823.5857 6 0.98035496 321.64008 490.66284 726.60187 823.9044 ,test/3635.jpg
0 0.99287647 417.8137 646.78125 525.0887 775.808 0 0.5551308 215.17953 158.95941 275.70764 254.52325 0 0.429961 0.0 520.5411 88.284454 619.6932 0 0.14975676 651.9693 60.588837 767.45197 608.88086 0 0.12570845 499.95343 730.17206 544.91144 758.6551 0 0.06182291 648.84894 76.65705 731.6796 274.8101 0 0.058419406 288.04886 170.44183 448.93326 753.5984 1 0.5582931 215.70479 158.91287 275.46796 255.17703 1 0.3779011 426.90897 393.8875 579.6535 624.12836 1 0.101956695 646.0501 76.31236 731.7779 261.3675 2 0.85417134 427.1567 395.08276 580.0849 623.93 5 0.6358979 298.22897 38.10544 774.60364 823.5908 5 0.375557 0.0 520.2929 88.45765 619.9644 5 0.138424 410.45737 347.6891 815.1304 754.3353 5 0.09682965 652.14264 73.83893 766.2338 728.974 7 0.94677967 292.47528 177.99985 449.8899 753.5912 7 0.13686864 214.95778 158.75433 275.4584 253.39023 9 0.37208107 0.0 520.23236 88.42714 619.811 9 0.06469278 0.0 331.70242 69.318634 451.4138 ,test/3636.jpg
0 0.9972705 208.42319 343.4077 738.72644 697.6842 ,test/3637.jpg
0 0.3014306 0.690773 886.01263 181.11755 1022.89984 0 0.24287784 12.455505 4.1673584 1020.3663 1020.558 0 0.15824981 362.0711 715.43317 1024.0 963.2 0 0.15529159 1.2204666 713.89404 89.18511 823.71204 0 0.14663498 735.81146 524.18396 931.2747 700.3408 0 0.13232963 22.287598 39.013718 1024.0 532.14874 0 0.109998904 42.139404 666.73486 995.6885 1024.0 0 0.079177424 430.59433 744.3294 735.19214 884.8073 1 0.6554652 426.87067 748.30835 739.20245 881.719 1 0.34122136 0.7659912 887.7307 183.21751 1023.0387 1 0.324025 450.11853 811.4695 541.6635 870.58276 1 0.19110958 0.0 713.092 487.9308 1024.0 1 0.12541196 487.73093 791.27435 604.9936 840.0771 1 0.10293586 0.0 387.75342 1018.16113 1018.3008 1 0.089301325 449.93417 738.8278 550.02527 876.98224 1 0.08762863 9.268066 673.16223 857.6451 1023.28735 1 0.08339852 362.0711 715.43317 1024.0 963.2 1 0.08209204 477.77344 551.47314 709.7599 869.45483 1 0.07047647 476.34674 816.37146 536.7882 844.02454 1 0.07031673 495.00317 793.45044 573.8251 824.1616 1 0.06319785 481.08786 791.6781 570.9085 869.96545 1 0.05708582 393.37384 864.0561 515.2947 925.00555 4 0.97281826 182.50406 669.0813 413.44284 817.00256 4 0.96296835 359.5999 648.4181 559.38605 880.3208 4 0.94843125 216.85895 264.3274 452.11017 451.11426 4 0.9430359 321.07513 136.3747 809.2978 353.75638 4 0.9391012 158.94502 237.43777 241.37108 331.01547 4 0.8965921 226.9226 168.68881 373.90637 284.15146 4 0.89301616 276.1954 574.58484 437.56796 711.7136 4 0.87885284 102.45341 350.70538 285.66736 758.0152 4 0.8369866 396.43243 863.33575 514.86926 924.81464 4 0.81593317 222.20677 268.497 279.99445 331.64258 4 0.7622238 432.08197 333.8263 639.3016 560.4647 4 0.7414262 99.13851 323.93808 183.93845 503.28305 4 0.6918335 209.52066 432.30066 390.57065 589.60974 4 0.5516155 265.0015 774.15094 378.39206 874.2026 4 0.5473975 253.20297 551.7369 444.14236 858.4112 4 0.47936398 354.04138 562.6902 721.6399 886.6896 4 0.43580484 159.258 328.75443 327.09848 459.2656 4 0.43445933 391.1913 434.37848 571.30884 647.4273 4 0.4250964 275.0008 501.329 406.2799 592.8037 4 0.4139717 457.8521 409.68643 775.4825 606.32715 4 0.41304952 492.8501 525.22266 731.1084 819.85474 4 0.41124374 110.333725 413.48096 403.1776 612.0305 4 0.39309368 733.9983 523.8074 932.0918 700.17896 4 0.3920547 163.06294 658.796 545.0544 851.01965 4 0.34130862 230.84282 580.9205 289.43622 657.8986 4 0.2901974 612.5249 405.2066 772.8815 616.42676 4 0.26739407 106.45148 317.78558 427.37732 569.9401 4 0.25792804 205.38014 345.50348 430.2572 658.9581 4 0.25303522 510.03983 531.9918 601.5859 665.9828 4 0.23272602 150.01672 389.72778 271.56805 631.03705 4 0.22167039 83.75223 123.57333 973.4928 726.98364 4 0.20742157 100.30231 388.7368 360.974 505.70383 4 0.20386441 175.55179 273.58902 658.91223 532.3927 4 0.17314294 249.1539 437.9222 628.7217 643.9708 4 0.16722476 102.1084 327.54736 245.8555 574.9993 4 0.15567704 389.38458 748.6285 733.6827 898.68097 4 0.15225966 382.83228 398.90845 504.2113 505.43048 4 0.1500856 267.13364 402.24503 478.57712 491.63083 4 0.14048211 262.0484 329.80554 454.8075 461.03308 4 0.140354 371.89676 750.7167 550.16785 880.93494 4 0.13870311 408.61646 487.78522 899.4198 755.6458 4 0.13315119 350.13318 758.65283 465.45935 901.44385 4 0.12337765 299.4789 504.50092 442.88565 622.9726 4 0.11318387 215.66975 549.16516 299.5031 670.8042 4 0.11153148 73.715576 295.3202 668.5212 780.66846 4 0.10885875 261.02994 131.59161 506.91977 360.8996 4 0.10661882 207.78134 409.91312 407.77274 513.34973 4 0.10552512 503.93964 400.082 782.8134 756.3458 4 0.09778596 392.99167 799.48584 539.2483 928.2532 4 0.09714992 505.5216 823.6488 534.85876 873.095 4 0.092360035 176.69118 643.49005 272.02893 783.2115 4 0.088778675 76.13345 73.5517 1011.40015 401.2617 4 0.08645436 101.68329 477.05725 437.8872 802.5292 4 0.08435654 98.487366 172.00641 463.31592 886.2515 4 0.08211623 122.58145 119.55676 456.0881 318.0807 4 0.081521034 197.16794 666.8865 266.89612 752.74805 4 0.081122786 395.03146 423.53653 473.88412 492.90195 4 0.07023966 371.56012 514.7969 426.83368 597.6902 4 0.069835655 275.44806 573.7268 353.26178 688.83887 4 0.061926667 151.14632 199.05339 434.255 479.6505 4 0.060471665 257.2202 548.2466 301.4077 675.875 4 0.058696683 75.310974 380.3199 905.82825 911.1153 4 0.058176994 222.24345 268.3127 422.60034 365.29947 5 0.30453447 738.4192 524.0114 931.57605 700.62897 5 0.13541672 12.455505 4.1673584 1020.3663 1020.558 5 0.08941077 404.0294 748.7277 750.1105 894.54095 5 0.062223934 226.78984 167.8377 369.1505 284.0524 5 0.058711372 158.43102 238.0154 241.81618 330.8937 6 0.119057745 0.0 715.1013 480.29376 1024.0 7 0.8332 623.38617 438.9643 733.9964 571.48486 7 0.30212566 67.95343 15.632858 957.31036 341.47937 7 0.237457 12.455505 4.1673584 1020.3663 1020.558 7 0.07601242 673.0244 389.0162 779.78296 548.97253 7 0.06499211 647.9021 461.72552 726.084 551.3238 7 0.06312138 42.139404 666.73486 995.6885 1024.0 9 0.31044304 738.45435 524.5513 931.6366 700.1139 9 0.0765634 59.6369 0.0 1021.4621 1024.0 9 0.06335529 22.287598 39.013718 1024.0 532.14874 ,test/3638.jpg
0 0.39814723 331.84967 882.2987 458.87817 934.79297 0 0.35855064 142.60924 881.70483 465.59576 942.7407 0 0.3277721 148.79759 910.6634 263.7057 941.81305 0 0.26670283 363.60727 855.0474 411.3549 887.0545 0 0.17355426 479.48557 498.64566 522.82263 542.017 1 0.7415437 567.3634 10.583004 631.64966 72.58176 1 0.557434 476.16333 497.89365 521.0611 542.7017 1 0.5049737 553.8805 10.220741 629.68884 149.64825 1 0.17806713 730.99976 138.15868 995.51196 333.47656 1 0.12716293 198.07515 878.8127 460.65045 940.21674 1 0.104219764 873.7464 241.22263 1017.7476 294.70883 1 0.05368311 326.19962 882.7246 456.908 935.18066 1 0.052543703 526.7049 6.4214783 668.529 168.82832 5 0.56035733 165.41681 793.7269 411.8742 898.9542 5 0.50487125 395.28238 810.1362 464.52322 887.3667 5 0.18522044 82.01831 806.3765 451.50952 939.91205 5 0.17358686 469.56137 405.1955 539.9298 508.4239 5 0.17093715 165.94302 879.15845 464.22977 940.1953 5 0.14627649 897.88544 315.6693 1021.89764 374.39368 5 0.08900746 194.08961 865.0592 344.20074 908.7273 5 0.074482225 393.79852 725.3231 482.31195 899.0609 5 0.06792861 89.30336 868.25604 363.5263 935.2586 5 0.06248131 49.632294 743.93243 206.82745 929.35297 5 0.0576972 727.89905 137.168 1008.9324 333.69232 7 0.9992957 545.6808 117.50453 769.4116 223.3112 7 0.99882144 483.01993 557.0647 880.20483 877.67346 7 0.9986395 520.37 343.7173 826.8113 630.84406 7 0.9981286 42.92729 488.9378 529.94727 936.24005 7 0.9981192 394.44727 191.68872 543.5011 343.0512 7 0.9973539 408.34943 185.30524 771.78864 406.12646 7 0.99235755 298.28546 341.33838 542.90027 518.3289 7 0.9854735 762.68335 264.63724 1024.0 843.6432 7 0.73063606 781.9658 280.4381 1023.6522 591.5241 7 0.32822412 198.07515 878.8127 460.65045 940.21674 7 0.32325894 292.03998 442.73108 552.11224 680.8181 7 0.3173468 729.44794 137.20938 1000.2922 334.6708 7 0.31721038 394.73975 810.7629 465.40808 886.5538 7 0.30705643 767.1195 528.3683 1022.02747 770.7295 7 0.25909102 279.7824 495.74942 531.8658 619.14795 7 0.16628832 350.8026 334.42993 549.9097 428.6986 7 0.14791073 362.47723 334.40894 424.50378 365.24982 7 0.12793829 358.64087 334.8126 464.42188 374.3497 7 0.12491772 467.6191 401.23798 541.3125 510.52246 7 0.12490631 538.1832 131.05734 1006.5675 369.55603 7 0.1209019 827.4684 848.8741 888.5375 877.3061 7 0.11616212 802.0123 357.61365 1015.4874 494.62683 7 0.0985002 46.759003 801.3644 447.20288 947.7112 7 0.09233093 478.83206 498.0709 521.3749 541.92236 7 0.08664323 521.97876 141.1698 779.16785 344.75226 7 0.07544897 814.00085 362.4963 897.25183 465.7205 7 0.07454365 396.93616 219.18878 486.74237 341.35205 7 0.0635193 532.5593 328.7146 629.8734 427.93213 7 0.062387563 551.6471 140.84798 640.45886 201.8697 7 0.060065504 529.61224 373.42044 552.4432 424.08487 7 0.05585272 460.5761 166.37149 787.9216 625.9519 ,test/3639.jpg
0 0.78048444 596.9064 551.8964 1019.505 1015.21075 0 0.25420296 176.22438 741.8161 275.33365 1020.92035 0 0.06337503 959.12384 688.67773 1021.7753 891.2019 1 0.06963402 181.32202 744.7598 278.86755 1021.32245 3 0.15202168 213.37894 154.75912 450.26993 841.2648 4 0.46759328 214.28513 153.15277 450.23776 844.59576 4 0.24025966 581.72595 27.848999 670.7671 302.57794 5 0.74261117 211.99774 159.29852 448.95013 842.81396 8 0.97889745 581.3112 34.340927 671.13873 301.7351 9 0.5292283 610.5476 557.4146 1016.1113 998.0202 9 0.16544479 959.12384 688.67773 1021.7753 891.2019 ,test/3640.jpg
0 0.9898844 50.217957 136.55621 855.3631 787.0553 0 0.08557167 813.5679 518.73114 959.39014 661.9755 7 0.28822893 47.05374 141.32632 859.9691 784.71875 7 0.052696917 813.73645 519.90546 958.94995 662.1003 ,test/3641.jpg
0 0.15470296 9.61618 820.38306 71.286316 867.1168 0 0.08469551 711.7516 342.6632 741.8264 411.242 0 0.054957964 245.10413 399.42374 297.57977 432.5023 1 0.930618 191.96808 292.53345 414.5324 419.17413 1 0.87114865 139.70183 361.4145 420.508 500.3877 1 0.7831494 183.6507 401.7443 252.45517 442.7255 1 0.75692517 245.24982 399.05975 298.68433 432.37378 1 0.7380759 317.60156 362.41504 381.09308 398.48712 1 0.61438245 243.24228 369.96793 403.85623 482.59238 1 0.52174616 254.28912 391.2992 362.097 472.7506 1 0.3839769 195.03981 428.2704 257.17047 445.90588 1 0.27957895 177.65605 403.29974 255.03557 501.03064 1 0.18543415 178.73703 395.72684 302.27246 437.8715 1 0.18169682 242.61879 389.49637 337.10596 432.67935 1 0.14965233 190.77103 358.20758 253.51193 445.3592 1 0.12934373 127.723404 373.6259 454.9289 614.4438 1 0.12875664 311.80417 373.47308 410.4476 451.70673 1 0.12769583 10.609306 820.0517 70.78393 864.87103 1 0.11309018 273.4857 424.4271 368.21365 475.39426 1 0.10405267 253.33163 364.88327 384.25485 410.18997 1 0.07628446 284.83768 382.37817 327.21756 417.71857 1 0.06594364 260.93094 397.80426 329.3265 421.7386 1 0.06336208 142.99454 363.44556 380.655 440.7379 1 0.06256594 192.249 419.9964 253.30664 441.8203 1 0.051802084 147.2639 400.8987 219.51494 502.88693 5 0.1017211 771.9475 376.8431 819.12 556.5514 5 0.054783806 678.88324 229.24924 767.3339 312.0341 6 0.9654609 124.10202 383.4205 454.86057 776.60535 6 0.2482402 125.75966 383.74582 455.94818 575.0145 6 0.06381455 230.05724 531.88464 451.16162 760.4857 6 0.06355991 268.82233 531.9546 443.2423 629.2351 7 0.99610484 405.43375 491.49255 603.8661 950.00146 7 0.9884085 459.2216 429.52887 518.1274 509.45953 7 0.97936773 627.601 199.9436 825.15436 595.3615 7 0.9113832 543.86615 355.7985 721.2514 703.90234 7 0.59528434 400.4237 493.92142 577.68304 615.8795 7 0.22303455 690.14276 290.92538 822.07465 581.57446 7 0.12349267 751.485 355.38293 827.47864 593.89325 7 0.114100836 245.20703 398.76233 297.4386 432.73065 7 0.09957151 663.8112 213.12616 774.6351 314.15576 7 0.09341543 771.62946 387.939 820.0588 559.1477 7 0.071001045 695.4986 469.29846 752.6967 554.046 7 0.0671606 368.34293 369.6954 750.56177 711.71533 7 0.06540273 560.39655 530.0836 588.04486 599.0925 7 0.051182013 641.20197 203.84793 815.21906 345.1617 7 0.050851475 634.29834 273.4162 688.9553 360.97485 ,test/3642.jpg
0 0.19743794 0.0 722.55176 332.192 940.1986 0 0.10063091 158.02467 413.47476 578.7625 938.89734 0 0.062220354 0.0 707.2426 155.25964 744.6662 0 0.05765127 11.700737 90.58006 193.31879 179.74709 0 0.050198723 167.99443 776.1206 591.85486 925.94226 1 0.9505423 7.0457306 120.260544 249.24876 393.39355 1 0.75294703 19.667976 153.38397 194.8323 241.6543 1 0.6968005 0.9915848 161.09448 245.63663 724.7134 1 0.6934142 203.44418 170.00024 272.20056 393.9342 1 0.44375256 15.180695 90.18517 186.88745 182.78055 1 0.3148987 98.23363 394.85507 579.67926 944.9159 1 0.15017188 188.81042 161.65068 226.92215 354.66205 1 0.14159606 8.122528 354.95007 333.44492 706.97205 1 0.1309935 14.515709 77.56908 251.03198 235.86302 1 0.12452484 32.05049 161.3093 231.64604 321.6826 1 0.11785283 125.94555 170.31229 279.94702 389.38608 1 0.10954703 7.727352 92.792885 88.22925 150.6642 1 0.087998606 148.48747 166.49106 226.31215 384.83475 1 0.06943791 4.8723907 68.57083 102.53451 260.97452 1 0.06830161 22.411053 143.63257 116.00154 238.72778 1 0.06528523 101.633446 179.42906 265.9075 589.3777 1 0.06445281 203.45421 157.97855 231.28255 389.4838 1 0.050447218 371.2798 236.47449 423.63397 255.91345 7 0.99990535 249.80548 219.6735 793.8012 495.2357 7 0.9958664 28.56726 1.7275467 263.36792 181.8269 7 0.95605695 162.72166 413.0666 579.0433 940.8757 7 0.8765898 2.5004845 3.3982544 124.90941 121.76541 7 0.38002703 13.57373 2.3836155 139.81749 48.461494 7 0.19989304 26.500893 90.207245 224.16171 178.57645 7 0.07508391 273.93243 264.34818 348.6562 328.335 7 0.05288032 275.30045 293.81708 323.79288 325.45483 7 0.05194007 14.515709 77.56908 251.03198 235.86302 7 0.05176234 167.99443 776.1206 591.85486 925.94226 ,test/3643.jpg
0 0.06682957 798.2252 753.6537 885.47876 808.27466 3 0.082021534 728.70514 489.74237 987.57294 609.41205 5 0.57689005 651.9923 383.86276 1024.0 503.07913 5 0.06376113 668.65845 377.8354 1019.5051 741.2193 7 0.9994072 204.23018 265.26892 694.88666 794.1875 7 0.9929469 194.37424 7.4545746 834.0571 422.6402 7 0.8988375 1.2151489 197.487 291.18936 665.6006 7 0.6871068 385.42236 262.1728 600.31555 427.748 7 0.29701796 442.36713 359.6806 619.95746 430.8109 7 0.1249295 192.26785 229.70921 429.08224 661.28485 7 0.06621001 676.6809 563.1658 713.2014 705.14905 7 0.05587318 9.40094 34.74823 461.84186 654.0901 ,test/3644.jpg
0 0.674753 313.57428 366.2661 883.9875 602.17914 0 0.22547424 282.05838 627.79474 328.55807 641.0026 0 0.10537866 816.9172 493.5345 919.2205 519.53784 1 0.24987814 311.5031 366.1685 883.7171 602.4282 6 0.0848331 291.84448 577.5254 340.93195 614.2816 7 0.7543047 199.13507 457.88712 334.7273 569.246 7 0.4599201 312.42386 365.6176 886.9055 602.46344 7 0.052972578 197.73232 495.4934 286.82236 563.2512 ,test/3645.jpg
0 0.23794526 80.28281 172.80215 920.51294 818.7433 1 0.8591931 80.05878 169.4321 920.7369 818.339 ,test/3646.jpg
1 0.07212671 385.73257 469.94003 667.5094 741.96814 2 0.9852865 385.61612 469.69324 667.421 742.8999 3 0.052540462 386.30014 470.4157 667.7151 743.1629 ,test/3647.jpg
0 0.6925966 632.9402 376.6588 653.3334 424.39337 0 0.4309742 438.97192 387.9216 779.2202 692.86536 1 0.14146456 439.2951 384.90906 778.51434 692.46985 2 0.8374239 439.32794 386.8659 778.7496 692.51166 5 0.15257238 437.0901 387.36078 781.14966 691.231 7 0.10577078 435.22058 387.69885 781.36584 692.02344 ,test/3648.jpg
1 0.9980744 331.58524 348.56622 892.1843 852.7568 1 0.98554426 646.9743 230.45575 788.616 432.8426 1 0.9714011 146.61871 278.49796 286.67337 713.5287 1 0.68142194 870.0438 486.09198 1022.7029 639.65814 1 0.6001089 454.71555 372.91602 718.68933 847.2533 1 0.4913109 544.64685 371.3713 627.1018 430.7587 1 0.4148093 332.19952 357.63257 638.17834 787.0242 1 0.19642879 551.0706 399.62085 597.04 431.02533 1 0.16222811 873.2492 553.64154 1020.64655 630.9715 1 0.11621582 321.3076 368.4796 645.7362 528.8061 1 0.10650976 462.98456 369.3595 870.7514 528.4676 1 0.05984611 548.58813 362.29398 791.2682 434.7408 1 0.058930937 480.16354 364.51184 630.2766 480.18463 3 0.0684876 242.50555 268.92545 275.7746 358.62796 ,test/3649.jpg
2 0.9997725 297.76462 327.9662 535.8592 658.3021 ,test/3650.jpg
0 0.9992393 225.22464 299.44147 752.38 589.93744 ,test/3651.jpg
1 0.99269015 163.76157 234.68777 862.44006 736.07947 ,test/3652.jpg
0 0.6708875 617.9498 105.68779 807.2997 437.95074 0 0.2831553 498.3687 195.04507 662.80084 1022.33496 0 0.07586003 12.832863 742.6368 185.26886 930.47736 0 0.058818072 579.8641 108.04991 589.352 221.9124 0 0.05437854 109.70715 184.36447 661.3699 1024.0 0 0.05327955 515.95636 104.569244 526.3881 183.62457 3 0.51300347 12.647461 742.1194 187.38152 929.2461 3 0.14642791 14.460232 816.16223 127.873535 921.9404 9 0.9824086 641.73096 176.857 891.598 1014.5074 9 0.9459678 320.3563 160.02765 481.61905 1019.0849 9 0.89777833 125.62019 191.1427 506.8047 1011.8595 9 0.7944553 105.976685 185.64838 918.4336 1023.5922 9 0.7628601 288.94604 178.45657 656.9279 1024.0 9 0.7274063 410.06473 150.53918 531.9758 1024.0 9 0.67977244 495.1137 193.16284 663.637 1023.79724 9 0.3625057 185.64697 165.64783 365.54352 1019.1647 9 0.1946713 125.78479 199.75494 273.50778 1017.3448 ,test/3653.jpg
0 0.57582456 523.5551 479.6548 568.7076 522.76855 0 0.232342 482.83936 549.22394 551.82886 612.3709 0 0.183356 611.5458 758.6422 652.1293 814.3273 0 0.10133665 237.08852 132.34592 328.9256 171.61191 0 0.100381956 259.77225 159.85454 307.19614 238.82936 0 0.076857544 961.7536 694.8775 1023.4609 848.60406 0 0.07045222 129.10202 132.96243 319.34058 352.25998 1 0.98635733 623.33545 309.82733 918.8982 895.62115 1 0.9724894 262.71362 149.0253 551.6216 460.5742 1 0.9256593 396.24487 476.35773 648.3745 908.3239 1 0.83433115 126.628365 142.4161 307.89423 348.59207 1 0.8161052 423.91245 475.00134 645.82166 699.0499 1 0.6497597 225.2093 1.2979279 288.42612 115.82112 1 0.6235383 134.97641 150.13728 300.29495 519.8092 1 0.509907 489.03683 293.60492 548.3229 418.3468 1 0.4979864 289.00403 273.52527 551.0937 572.2176 1 0.4932444 618.06006 597.06665 927.3379 896.3948 1 0.4485597 646.8137 324.35168 898.1279 511.9309 1 0.40815628 835.97906 350.90726 904.9982 725.5829 1 0.40450123 442.64465 216.08557 546.4666 410.04327 1 0.3660461 257.89203 137.00351 583.9899 702.7023 1 0.36167705 240.17043 132.54291 327.8371 172.0232 1 0.3485412 652.7309 345.27997 868.1716 718.929 1 0.24332166 404.2108 131.78975 551.8407 355.4289 1 0.23865536 473.51303 281.80536 548.64465 479.5514 1 0.21990563 242.80363 403.075 289.62665 450.9618 1 0.2053131 445.3773 643.5342 621.9 909.0099 1 0.18732023 405.9923 202.4957 557.37744 632.39746 1 0.17825116 133.0978 237.86255 267.88623 348.86188 1 0.1769399 415.2976 164.36057 648.2637 323.42245 1 0.16312762 212.54463 152.94572 398.62976 491.51495 1 0.15956233 134.64128 145.3603 467.75507 627.0483 1 0.15826304 131.75267 558.5378 185.7972 644.8222 1 0.15458366 268.3985 278.80847 488.93164 448.44818 1 0.12540992 383.3138 580.85236 473.88797 858.7753 1 0.11466998 529.81177 276.02893 550.2084 483.5987 1 0.10645486 4.4408417 133.15434 415.0888 499.02948 1 0.10199692 344.66373 442.7959 584.3126 835.1317 1 0.1006123 265.0214 153.89563 387.14413 276.72504 1 0.093827255 259.77225 159.85454 307.19614 238.82936 1 0.08059052 302.32916 149.3643 327.21417 178.79774 1 0.07977324 459.4933 175.75003 559.9786 530.8274 1 0.07941995 492.6195 177.19122 597.9136 416.76373 1 0.07830102 493.64978 217.81046 553.89624 452.3544 1 0.076289125 151.1285 259.4641 216.88182 354.69135 1 0.07488138 172.01419 438.43103 490.43674 838.77844 1 0.074468166 507.7273 170.93834 609.55066 183.43217 1 0.05579452 402.88388 131.2998 478.81204 218.56152 1 0.053662058 257.3168 145.02522 334.55417 283.37262 1 0.050941218 500.3364 181.0909 643.55396 214.8538 1 0.050875407 447.21262 289.36108 535.412 434.10864 1 0.05060903 161.5381 493.9144 201.99709 578.73596 5 0.14834407 0.0 265.33472 55.947006 322.26074 7 0.998982 0.12660217 591.7461 371.77185 1020.0299 7 0.9969944 0.569458 248.87234 174.58507 684.2213 7 0.9969608 0.15649414 0.0 274.76526 273.12338 7 0.99607444 660.76404 433.8592 841.51294 697.1545 7 0.96473235 960.1455 694.83026 1022.9293 848.52155 7 0.89852023 176.71591 448.2521 393.05246 637.85876 7 0.7965901 173.21446 448.6333 421.88647 807.50916 7 0.79390776 0.0 263.40402 55.77687 324.1478 7 0.65587854 277.97476 519.1706 405.1888 811.5273 7 0.5506118 219.77673 0.43174744 294.3402 132.59755 7 0.42302743 384.1119 552.8977 405.2706 627.66785 7 0.23283948 1.6995392 1.2517395 286.14838 541.0165 7 0.22373632 237.08852 132.34592 328.9256 171.61191 7 0.21327999 127.67153 115.84746 314.85223 353.28796 7 0.082872994 62.70099 236.40274 140.6413 317.30777 7 0.07323657 320.3667 567.8173 424.26282 807.0937 7 0.06633542 196.44167 427.1869 290.90735 506.5481 7 0.06462049 182.93521 592.922 370.47678 988.8739 7 0.05486058 0.120391846 145.98474 369.63458 680.041 ,test/3654.jpg
0 0.9134845 498.71713 293.00488 877.4342 482.37842 0 0.21706763 507.9564 218.40471 657.27466 514.17566 0 0.12964466 973.2219 458.83032 1023.60266 635.64453 0 0.050372336 280.97836 417.36343 506.5347 737.76086 3 0.92134714 280.33322 416.79346 505.96933 738.6997 4 0.8403564 506.72668 215.54385 658.1013 513.41846 4 0.05615947 280.1255 414.92743 506.46594 739.66095 5 0.9844481 877.1872 974.2001 1011.94806 1023.5215 5 0.22170599 507.0633 217.01877 657.7414 514.8535 5 0.18540345 502.55154 236.26248 879.3185 515.8423 5 0.17472103 279.8595 416.18408 505.90143 738.5365 9 0.19605136 944.5821 423.79514 1023.41364 1007.7285 9 0.1103834 961.6549 627.6134 1023.0613 994.1294 9 0.08520998 973.2219 458.83032 1023.60266 635.64453 ,test/3655.jpg
0 0.36130512 674.8324 370.53696 905.8363 592.175 3 0.9564021 207.25189 319.1389 376.86426 738.1239 3 0.7074677 675.7756 364.72952 907.69037 592.2698 5 0.23973127 206.86732 319.18158 375.53564 733.17694 5 0.15620147 675.63226 365.35382 907.61066 592.235 7 0.12660511 217.64166 37.770782 597.6491 704.7688 7 0.082021385 259.46115 60.225983 934.8767 387.1975 ,test/3656.jpg
0 0.10374511 255.53021 734.52716 477.4879 939.2038 0 0.08822842 460.52667 347.68225 504.53198 449.24103 1 0.99610573 411.3542 218.0862 658.68256 599.33374 5 0.8109711 259.77142 736.8114 475.2154 932.97864 5 0.2834834 257.28525 828.4672 379.34604 906.17096 5 0.11252199 257.5059 789.56976 400.60153 931.66 7 0.53437316 259.32114 735.5183 476.82693 933.53564 ,test/3657.jpg
0 0.5480996 531.31323 306.20767 915.0575 517.194 1 0.99927694 150.77032 399.48914 471.15924 720.65857 1 0.8668319 45.149155 544.86816 193.14859 706.48376 1 0.8664018 214.67014 481.81885 298.18185 542.5896 1 0.7755958 115.20424 397.06262 150.50017 455.51324 1 0.7209554 323.96048 149.67589 645.75806 529.6739 1 0.54623055 33.387794 581.5658 73.28265 706.58386 1 0.47615218 21.196564 497.00864 205.91895 597.6968 1 0.3225415 32.93148 432.43457 207.68292 708.51587 1 0.32245588 157.40076 409.44083 341.2095 542.4097 1 0.3091796 530.84644 305.36932 916.5537 523.3466 1 0.2902872 454.23563 483.0763 565.8053 586.5702 1 0.27034888 464.24158 576.9592 524.12866 631.92126 1 0.1668071 207.90118 452.57007 336.54938 545.9802 1 0.15560833 288.23282 454.52747 336.3785 525.72784 1 0.1412759 257.79425 384.27954 363.46967 397.12256 1 0.13671404 330.25293 160.0452 523.26526 664.4419 1 0.111986056 252.19623 390.53973 369.06042 415.3949 1 0.09847117 92.02071 299.82617 131.12048 371.68402 1 0.09725404 438.325 474.55383 604.2458 650.96655 1 0.096325964 35.37812 579.3395 66.30354 663.20984 1 0.085980624 276.37134 391.84998 416.89276 521.5503 1 0.08425424 156.73935 480.8433 340.37524 564.2977 1 0.08076328 313.2022 157.27853 426.97748 287.30948 1 0.078958176 509.37418 159.33347 636.5791 513.004 1 0.069831304 317.67432 418.008 469.97058 719.96625 1 0.067944914 252.4911 386.00015 371.60794 405.0364 1 0.05425716 219.75693 510.01712 302.46432 544.1155 1 0.053014208 19.740067 394.8567 197.49767 586.55273 5 0.40015405 0.0 771.26575 385.27963 1024.0 6 0.088475175 20.319565 497.16266 191.6661 592.92413 6 0.07611142 34.850883 581.2891 68.09721 653.31415 7 0.9993222 513.9116 507.04358 815.0459 759.9872 7 0.91795945 532.68604 311.33023 1024.0 780.7339 7 0.8287727 515.27203 506.26862 616.4062 692.054 7 0.5499699 987.8963 411.97388 1024.0 608.1022 7 0.4634919 852.4657 576.97974 1024.0 806.20215 7 0.34065306 526.4597 307.9198 916.1382 527.0475 7 0.16431239 555.8709 356.29205 847.95074 734.1425 7 0.08143176 789.4285 423.51694 1023.7603 808.19385 7 0.07389085 20.859848 498.19934 201.0017 593.4719 9 0.095100865 988.6512 415.19995 1024.0 603.6556 ,test/3658.jpg
0 0.87847877 0.0 7.117462 58.230267 74.48241 0 0.051377036 653.398 612.4173 763.60114 685.768 1 0.088218264 0.0 7.382763 58.26053 74.379684 1 0.053694934 281.00803 274.64365 803.51587 694.53284 2 0.99797624 274.63147 261.28015 799.17456 695.34467 ,test/3659.jpg
0 0.79401034 49.537975 244.55737 157.05264 284.50592 0 0.1904693 675.7564 296.2815 713.3869 314.6245 0 0.114726946 694.40216 335.39816 738.0588 383.92728 0 0.07884936 120.924576 308.95935 623.134 548.62994 0 0.07801571 48.492188 242.27585 168.17598 325.74594 0 0.07325021 227.20163 234.0049 713.8513 407.29944 0 0.05740762 437.87396 546.9949 650.44855 686.52783 1 0.98884284 793.8168 326.6135 852.751 386.66568 1 0.9789524 566.90594 407.47998 718.48785 507.44232 1 0.854867 41.655426 263.79126 710.652 681.8325 1 0.80829054 163.53412 231.56633 718.31226 460.1407 1 0.801068 582.0534 417.98193 938.1446 664.7709 1 0.6658123 543.21106 505.1208 610.17505 547.94025 1 0.49457887 500.3491 499.3228 638.67175 546.9102 1 0.48373243 120.924576 308.95935 623.134 548.62994 1 0.3756453 438.85568 548.66736 650.7396 686.2677 1 0.2890302 197.07413 515.1725 654.7964 692.5165 1 0.2139541 472.16684 560.6558 584.5335 636.56964 1 0.20957369 85.55287 253.02275 445.63733 459.66357 1 0.19929112 503.93463 515.14526 558.1424 539.7975 1 0.18378128 280.85358 346.9148 704.38745 521.04724 1 0.18147379 174.73352 400.0851 687.4461 608.08185 1 0.15744354 84.04869 243.64508 326.9336 404.66278 1 0.12202674 202.64586 312.15338 359.04645 447.451 1 0.100634366 510.3114 513.46515 596.11 548.38165 1 0.09053033 199.72055 150.82205 425.08096 459.3157 1 0.08520766 676.03973 297.5005 714.28925 315.63257 1 0.07203921 506.71442 406.03452 609.3973 536.6008 1 0.056437723 591.36115 397.08167 639.1855 416.27625 1 0.05352485 464.65338 393.39758 729.1651 517.2963 2 0.28192443 473.24957 563.74176 583.2835 631.6153 2 0.07074884 477.8562 591.8845 514.4924 639.32837 5 0.17743553 692.8872 334.72864 737.6327 384.2132 7 0.8158189 228.76959 237.13388 712.5707 405.91733 7 0.67765814 692.9381 334.93118 738.25183 384.1992 ,test/3660.jpg
0 0.20166056 882.8617 366.67505 912.7721 409.23535 0 0.0632702 304.93558 614.6359 358.9785 649.27496 5 0.99891937 838.8727 301.2979 922.62317 397.75458 5 0.2552606 882.8773 366.61212 912.655 409.14288 5 0.089816704 845.629 355.36755 903.8224 387.37598 7 0.99986243 195.71915 171.19037 852.67065 671.30927 7 0.1707182 304.99802 614.7395 359.03262 649.08997 ,test/3661.jpg
0 0.0800921 40.23177 938.0525 130.15845 988.9446 3 0.5118405 552.53735 283.37003 708.031 697.60095 4 0.45868462 552.52875 282.92188 709.87946 698.569 5 0.09115529 551.6389 283.01862 709.7251 697.9091 8 0.31172445 551.58374 282.96338 709.8989 698.3465 ,test/3662.jpg
0 0.99983764 136.51566 305.33435 933.0886 808.18335 ,test/3663.jpg
0 0.6138812 505.51877 957.74146 726.72754 1021.3578 1 0.058298223 6.250107 437.11285 335.41736 661.0871 5 0.98853195 311.25494 229.81294 687.69434 705.86346 5 0.16706304 343.64905 237.28226 1002.4154 762.0115 ,test/3664.jpg
0 0.64400035 293.54037 288.49045 773.01013 558.75867 0 0.28600252 373.2164 525.57245 414.7161 549.44366 0 0.090903744 447.3081 518.99445 769.2709 712.08295 0 0.057445016 1.6505246 112.037186 12.013834 162.006 1 0.07398864 373.2164 525.57245 414.7161 549.44366 1 0.07010552 288.59076 289.97913 770.52374 561.6765 1 0.062147576 1.6505246 112.037186 12.013834 162.006 2 0.1037639 293.2887 288.90692 772.7062 559.4046 3 0.3407769 292.95435 289.05682 771.4708 559.95844 4 0.15845892 447.0334 515.7439 769.8907 712.2075 5 0.92040753 446.69244 517.47485 769.7861 711.921 5 0.31396416 291.15665 288.79086 772.162 559.7301 ,test/3665.jpg
0 0.7277565 0.0 805.96466 50.74489 912.75934 0 0.08403546 771.85834 337.07166 834.5877 349.12976 0 0.067288175 272.4107 729.7897 435.5268 755.00757 0 0.0531777 0.0 813.7821 49.903603 867.93884 1 0.99918026 16.210327 580.3052 524.1697 943.176 1 0.9827436 212.10297 71.861725 954.31024 630.92834 1 0.96921647 267.89157 10.900726 974.78845 336.58597 1 0.93243337 13.215149 897.15857 556.95544 1019.6305 1 0.90611374 326.81818 1.747055 479.8048 96.35183 1 0.6588439 455.97284 4.620163 967.9174 211.10847 1 0.42851108 275.48315 13.769775 598.9379 327.6039 1 0.3372765 421.9055 878.46466 558.3197 1024.0 1 0.25947332 246.24258 280.96515 905.54504 390.19446 1 0.20159209 1.6714783 908.9155 309.85977 1023.23206 1 0.15319473 442.33066 120.96566 963.9758 336.03003 1 0.12965673 0.0 805.15607 50.9915 912.5815 1 0.11506983 771.85834 337.07166 834.5877 349.12976 1 0.111586064 276.55566 883.2377 559.36444 1022.44885 1 0.10719576 278.89212 188.22948 938.5757 355.05524 1 0.09199512 0.0 593.3815 105.40674 914.7101 1 0.09034973 0.0 594.2938 62.972824 769.2738 1 0.07263966 235.43837 164.19379 278.63364 340.58008 1 0.0650396 227.78595 297.38556 891.5247 528.418 1 0.056595106 251.44847 38.457092 403.18842 335.30417 1 0.05067612 684.2295 138.25008 963.93274 327.70563 5 0.08985583 0.0 805.99805 50.83533 913.01697 7 0.20931502 0.0 805.1802 50.435852 913.77014 7 0.090078935 771.85834 337.07166 834.5877 349.12976 7 0.06338972 0.0 813.7821 49.903603 867.93884 9 0.064779796 0.0 810.7472 49.787777 911.54565 ,test/3666.jpg
0 0.5391001 938.3281 232.97115 993.0254 258.146 0 0.42668116 880.83826 258.33066 1016.84143 294.70145 0 0.110832036 760.9476 737.7751 808.4582 761.5921 0 0.10850798 918.69867 240.00908 1023.5026 292.14337 0 0.08278488 876.7821 254.76392 1019.43286 328.7929 0 0.07492547 776.431 25.430893 959.7528 187.46011 0 0.05467402 261.4078 315.20163 313.70468 347.83395 1 0.99772114 0.055473328 239.0522 98.35449 383.72607 1 0.91162497 102.37784 379.06726 826.1489 548.12067 1 0.40198934 479.2514 391.48758 841.94745 550.1261 1 0.38304862 42.519318 276.34595 924.7062 542.8956 1 0.32176992 777.0346 199.9697 1020.6706 727.81396 1 0.29008952 663.1644 526.26025 904.98987 1018.3269 1 0.25080454 152.00813 414.4061 611.7788 537.097 1 0.15867159 0.0 485.7518 901.45874 1016.21704 1 0.13394523 12.812042 63.60222 860.3207 376.04797 1 0.12859651 19.424347 298.74005 776.3319 392.98383 1 0.1256167 667.68115 229.83575 1020.32983 1022.05316 1 0.12522264 774.19385 221.39941 1024.0 419.5064 1 0.09638298 0.0 231.38779 231.68098 415.15952 1 0.08237555 5.5777054 350.9583 251.36697 410.5157 1 0.08125352 622.4087 335.86295 807.4055 389.58017 1 0.064378895 880.83826 258.33066 1016.84143 294.70145 3 0.40923312 566.5902 264.67365 622.1499 337.12036 5 0.7439755 821.2216 149.17813 966.40826 264.85867 5 0.11185272 840.9815 185.07779 989.7314 277.9729 5 0.08690899 782.56464 165.56415 1022.08124 405.09705 5 0.08269974 785.2374 97.60592 982.85364 301.23102 5 0.06379329 799.7615 154.58078 844.469 236.59479 5 0.05117127 843.45703 197.94214 957.0713 219.61417 5 0.050525825 838.05884 228.41174 1018.0917 300.6864 ,test/3667.jpg
5 0.99944013 272.84213 288.1203 764.9375 555.54785 ,test/3668.jpg
0 0.064369746 595.53284 794.0476 645.32666 823.9769 0 0.05631995 368.12814 2.640915 765.53613 191.97002 6 0.99694073 415.95123 144.56705 886.31744 866.2897 6 0.99521846 153.18933 74.1279 508.69897 718.5654 6 0.4141125 466.1939 154.75278 833.37225 607.68567 6 0.13680775 190.56964 0.060958862 799.4886 256.23975 6 0.055556353 424.03543 482.8141 885.6194 810.7035 7 0.98051447 696.8441 0.5510788 814.87415 191.08505 7 0.89654076 360.39343 1.0451736 790.54504 194.03369 ,test/3669.jpg
2 0.9962633 219.93 290.86523 825.4091 905.6282 2 0.08334281 216.83804 682.02 824.0774 897.5062 ,test/3670.jpg
0 0.80042475 114.10193 290.71045 907.0932 737.25525 0 0.076817565 83.0631 585.56006 156.43039 695.26025 0 0.062996104 735.7897 395.83875 901.1498 724.8229 1 0.32222337 111.94357 289.71884 904.7661 737.2352 7 0.32212448 116.70682 288.81598 901.04834 736.2083 ,test/3671.jpg
0 0.4741192 604.4421 288.4917 666.9722 394.08197 0 0.46979144 251.27998 381.7643 573.90186 486.55453 0 0.4354574 232.64722 274.307 598.2673 482.83057 0 0.2000266 256.05817 356.57318 588.2568 559.6465 0 0.1791177 217.38011 70.37416 600.4798 552.7426 0 0.10049936 374.54733 262.49243 593.2311 553.2685 0 0.08779285 255.20007 306.91046 606.9098 720.6219 0 0.06187405 207.23239 181.2522 601.1942 376.12854 1 0.13272126 474.18463 453.51898 574.5042 535.212 3 0.09543356 602.49634 211.18294 671.90894 309.3507 3 0.06708719 601.46204 234.25748 667.66785 410.64993 5 0.9740434 571.6672 362.84235 662.4163 442.42682 5 0.9232081 818.47394 0.0 873.57245 70.96093 5 0.5006057 785.6241 0.0 890.72406 74.9332 5 0.38681355 602.70605 211.71289 672.22375 308.73883 5 0.2308422 600.9319 259.70294 629.2423 313.51764 5 0.22423278 515.4285 401.43805 583.0961 469.26855 5 0.21572813 595.5599 130.9616 680.7 314.49915 5 0.12628624 576.07336 290.23184 662.4386 448.63608 5 0.09912383 599.24036 240.92996 665.83984 422.4365 5 0.098459676 786.4171 5.098133 828.1315 46.40812 5 0.096303396 610.13806 287.56973 666.64087 394.03268 5 0.05508812 601.59705 244.50726 642.9839 315.93896 5 0.053177025 493.35638 393.21564 578.0008 523.35693 5 0.051834624 669.4511 58.60138 882.4012 607.5761 6 0.98143494 183.4861 640.91815 565.9292 1024.0 6 0.97620755 666.96954 115.25714 884.25385 506.55493 6 0.9578347 208.70665 44.180542 602.6499 402.78317 6 0.8764127 472.40503 603.8389 729.17017 871.5794 6 0.7509544 457.52753 451.52832 704.23175 759.90906 6 0.6732113 259.11603 374.19995 694.34485 761.9769 6 0.62971836 230.94041 233.4723 597.44055 498.2351 6 0.512519 225.33975 29.017853 628.6437 756.61 6 0.45506206 660.24097 386.76285 898.00366 617.9148 6 0.38166532 256.05817 356.57318 588.2568 559.6465 6 0.21556787 466.58533 567.1272 706.15845 721.9812 6 0.17198393 686.0117 452.723 874.2919 590.9393 6 0.16157946 257.04688 394.61166 578.3387 493.44315 6 0.14696606 491.62653 635.9373 727.2088 778.7297 6 0.1212774 374.54733 262.49243 593.2311 553.2685 6 0.114579596 538.94965 275.61603 607.0401 417.36536 6 0.09812961 450.3288 285.10425 608.4545 476.4679 6 0.07563467 612.6964 397.09332 709.6582 659.2514 6 0.07454777 668.56793 349.22714 876.61945 485.6664 6 0.06377582 290.83417 440.74625 567.4302 556.6173 6 0.061821178 481.63327 24.206848 649.09863 406.7111 6 0.058298122 417.30496 384.11615 595.14557 851.9499 6 0.05263923 447.0565 453.99255 591.63293 550.51764 7 0.9993886 717.2694 428.65692 981.5696 871.0787 7 0.99735355 604.45074 0.0 860.6712 165.28946 7 0.9887311 813.9933 0.0 1024.0 195.30995 7 0.9624278 876.30756 172.59772 1021.2685 638.4356 7 0.6847989 515.98566 401.2008 582.64764 469.599 7 0.6634341 470.43765 27.211777 684.8534 395.76086 7 0.4836164 463.45996 2.4438019 1014.1876 185.70728 7 0.21673685 930.72314 64.29418 1023.33386 210.70593 7 0.19697616 738.3381 129.15836 1024.0 798.2323 7 0.13492997 631.1196 2.2138214 814.6117 268.71863 7 0.10420948 497.8146 17.657654 879.239 487.87402 7 0.05179053 573.2105 288.85544 667.1462 444.8519 7 0.05112548 602.1083 288.0008 667.3843 393.34888 ,test/3672.jpg
0 0.99924266 668.0487 379.04095 840.19385 478.82806 0 0.99914896 83.566605 710.23474 343.0365 904.765 0 0.9913584 99.1942 233.73758 420.07764 385.43222 0 0.9855919 713.7334 533.7214 948.40356 708.83856 0 0.96513146 263.80884 406.6291 533.9099 530.14954 0 0.8910512 155.64572 246.39018 203.29837 292.03473 0 0.69775295 95.229645 229.17331 541.3645 525.39404 7 0.1178096 263.49667 406.72302 536.0355 529.6302 ,test/3673.jpg
0 0.30299982 394.52774 730.71326 487.2916 780.41895 0 0.12285667 456.7528 862.107 487.43555 1019.26434 0 0.10749796 191.81833 674.444 412.30167 768.4624 0 0.09653827 367.2539 921.02484 492.79968 1024.0 0 0.07283084 345.789 405.5553 954.39166 849.0687 0 0.06501753 351.5879 150.13425 859.57556 365.21597 0 0.05573056 644.43616 931.018 688.5995 1022.8704 1 0.948046 74.713135 141.79642 974.8788 960.3533 1 0.8801406 6.531311 641.9004 415.57864 1021.8944 1 0.8129357 1.8527222 625.3733 228.15236 850.40015 1 0.584585 95.828735 699.3271 903.7023 1013.8735 1 0.55241793 502.69586 932.00116 688.0208 1021.71454 1 0.3300037 183.35219 671.32635 412.55804 773.0522 1 0.31315964 321.92728 397.1869 965.73987 873.38306 1 0.21676305 15.521126 752.9085 201.6506 848.89264 1 0.1888448 515.1456 972.23047 600.64685 1023.6802 1 0.11761892 367.2784 924.14935 493.25815 1024.0 1 0.102034904 502.3015 973.2436 527.68896 1023.1368 1 0.09965685 600.8568 367.55045 1003.6183 999.47485 1 0.09589658 792.36237 761.53577 1020.47577 1018.9607 1 0.085241914 0.19320679 607.4756 171.57472 753.871 1 0.07772015 518.2564 961.7739 654.84576 1023.4906 1 0.076697454 351.5879 150.13425 859.57556 365.21597 1 0.075443305 781.641 896.17126 887.25037 1022.1543 2 0.32798377 368.89417 925.02203 469.31573 1024.0 3 0.6697867 367.2738 924.559 471.6231 1024.0 3 0.104386926 781.6381 894.23627 886.2164 1022.8322 3 0.08791167 458.0285 859.44366 490.79095 1020.0865 3 0.054353956 655.7595 878.39844 795.3616 1024.0 4 0.98764414 656.89307 876.0862 798.2284 1024.0 4 0.9733021 552.59515 854.23975 606.61676 963.78674 4 0.081591085 577.89996 922.4885 696.3754 1023.022 4 0.075013 669.25665 866.3138 819.27423 945.69965 4 0.06295959 552.9335 892.30975 594.75903 960.4615 5 0.41948795 454.8134 862.4102 486.7518 1019.4627 5 0.24851686 786.4713 893.76074 884.2086 1022.97375 5 0.18472132 367.4173 920.729 485.99133 1024.0 5 0.13871215 210.0487 676.06915 411.67487 760.00934 5 0.13541739 829.13715 766.1766 1021.7248 1021.2757 5 0.05753237 0.87695694 599.78253 128.08397 713.7316 ,test/3674.jpg
0 0.96762645 60.48459 149.03967 879.0552 770.36633 1 0.056151778 55.781708 148.30136 875.9828 771.5868 ,test/3675.jpg
0 0.09772616 533.3968 700.5221 799.4111 771.026 0 0.07580752 345.82782 344.07993 626.2789 510.33328 0 0.050721336 84.7554 377.62653 773.5541 769.6613 1 0.99545974 80.03409 341.85486 779.4967 766.6709 5 0.34018177 533.24835 700.5316 799.4372 771.78235 ,test/3676.jpg
0 0.20605643 448.61 704.1535 552.30536 833.6767 0 0.16651142 0.07035065 370.4381 143.25604 484.51312 0 0.11155025 0.0 210.61536 88.46629 319.53638 0 0.094264865 276.24243 205.78564 761.5342 465.63782 0 0.076530956 255.42484 199.034 836.234 822.3012 0 0.061520092 373.29047 745.51044 465.73273 888.86554 3 0.1089871 476.22824 559.8849 524.36536 606.308 3 0.08813292 626.905 487.14398 671.44666 540.67267 3 0.08048233 373.29047 745.51044 465.73273 888.86554 3 0.074151695 418.35617 557.3024 555.8688 864.988 3 0.07148377 483.41858 553.1544 522.37506 637.43494 3 0.051091827 387.19174 591.7863 430.13974 642.76263 4 0.8947007 373.97635 378.60526 444.60318 446.7496 4 0.890547 610.4265 627.0119 720.91785 746.7907 4 0.88963854 528.00507 668.04645 638.26324 782.54535 4 0.88911545 350.14154 636.60474 428.59723 759.10486 4 0.7304199 421.61462 602.1906 554.4542 833.988 4 0.69507027 379.41544 742.291 462.40884 881.3777 4 0.6334669 332.88947 388.65524 504.0028 609.4884 4 0.574885 280.65707 420.51465 366.9506 537.55725 4 0.56347865 592.6011 286.24454 716.5365 407.31076 4 0.55126953 550.7884 420.75995 660.2873 530.45667 4 0.5417873 629.18634 390.33777 760.7137 561.4602 4 0.499843 685.7636 583.2963 779.39435 690.8443 4 0.4730215 583.12134 526.8486 708.20264 636.38983 4 0.46922943 641.414 492.61865 762.4709 617.708 4 0.45608282 446.5344 701.35803 552.48596 833.397 4 0.34859088 620.6159 382.8755 723.8737 502.88885 4 0.32967126 482.6533 457.09903 571.137 574.4938 4 0.32519913 506.2886 555.2669 605.0678 672.4991 4 0.29139116 314.17886 537.2034 438.02274 639.87164 4 0.26539335 508.00482 339.79538 634.64044 450.83072 4 0.24847989 405.32584 535.1977 491.46725 619.9068 4 0.22494043 527.7764 305.65594 673.29156 435.34186 4 0.2143281 379.878 371.78253 564.7602 569.61365 4 0.18808328 604.11163 487.11438 763.91156 565.9663 4 0.13768971 389.87073 381.33438 442.37244 424.68582 4 0.13196777 327.4721 571.8187 411.784 648.5735 4 0.09162048 486.29456 515.8833 662.3362 600.06616 4 0.07579073 340.0369 575.9542 377.9036 632.1748 4 0.06618459 565.0115 336.1753 703.6389 458.58105 4 0.06404808 582.8076 427.5933 723.4574 522.04395 4 0.0605402 657.01355 489.4466 733.3937 587.97003 4 0.059262007 625.66925 482.72055 671.06305 542.6174 4 0.056652866 375.1559 375.29517 589.13257 465.35583 4 0.056289434 566.24567 478.38824 702.8669 551.18085 4 0.053830255 373.99933 419.45776 415.31848 450.25873 5 0.87212044 238.07904 184.79407 880.30536 1001.10925 5 0.59095544 332.79135 383.4079 565.9607 599.7166 5 0.46628192 265.9316 202.79077 774.16174 537.22 5 0.4190003 422.58502 582.6593 553.7815 860.67847 5 0.3419069 280.79004 420.12073 365.74896 538.6906 5 0.30339795 375.08286 745.0877 465.0438 889.3045 5 0.16215153 599.1685 255.60724 791.6584 693.4389 5 0.14862278 421.8607 602.2204 527.96594 751.7889 5 0.12581263 251.10684 362.95856 479.06113 613.9159 5 0.09869176 369.8067 315.75543 741.4875 526.7461 5 0.08723187 339.42468 640.4163 430.29706 764.2465 5 0.07488622 482.6533 457.09903 571.137 574.4938 5 0.07223138 592.6011 286.24454 716.5365 407.31076 5 0.0707052 610.2409 627.99817 721.73785 750.03723 5 0.06725946 0.0 210.61536 88.46629 319.53638 5 0.06661028 444.66385 697.90607 554.58 834.08563 5 0.063219786 449.66602 388.07758 567.8111 567.74805 5 0.059065003 624.7018 391.99655 761.8888 549.7741 5 0.05202702 397.71896 376.10678 569.6711 486.18344 7 0.075856015 236.81448 188.3703 868.8031 965.3952 9 0.8734806 0.0 210.81978 88.29619 319.8119 9 0.77205753 0.254364 370.32605 143.45898 483.79987 ,test/3677.jpg
0 0.0872488 833.7299 316.4498 1022.9854 433.20084 0 0.069421016 34.152893 609.5998 1002.2475 1018.9649 0 0.05204035 254.31775 959.6581 454.8429 1024.0 4 0.7672627 434.04553 1.6538467 704.1581 183.11166 5 0.96838343 892.86584 22.151505 1024.0 305.34534 5 0.55048597 163.8074 879.001 270.35944 1012.9608 5 0.16653572 35.409515 612.07983 1005.0061 1024.0 5 0.060619883 103.05527 315.4899 950.6913 722.2543 6 0.41996977 833.671 316.00952 1023.25977 432.9024 7 0.98508155 118.792114 326.96924 949.343 726.0254 7 0.08277407 158.1353 336.6522 611.4529 694.7478 9 0.921927 254.6983 960.89404 452.5114 1024.0 9 0.15851344 168.96649 944.0013 514.6572 1023.2155 9 0.1013106 34.152893 609.5998 1002.2475 1018.9649 9 0.08546772 92.12717 313.63593 950.6876 728.0535 9 0.081466906 163.10544 878.62506 270.38812 1011.35565 ,test/3678.jpg
7 0.9991431 263.0224 4.928192 799.4914 779.3164 ,test/3679.jpg
0 0.787877 281.29593 230.24911 414.00015 324.9207 0 0.0837991 223.81589 142.83624 533.03455 657.2379 3 0.9997634 513.7569 528.66156 781.33307 812.07587 3 0.98220533 223.8733 143.3128 534.5352 657.76465 ,test/3680.jpg
0 0.99706453 745.18396 659.7454 805.21655 780.5472 0 0.16696513 0.0 416.74265 16.572624 524.9998 0 0.060372572 2.3967495 416.2054 27.952597 521.981 1 0.27426133 0.0 416.8656 16.871721 523.61993 1 0.109171905 4.68431 416.10217 24.15493 521.3459 5 0.9757328 510.12106 427.77176 739.25 791.9873 5 0.5319004 539.6815 427.25668 734.97766 631.24493 5 0.16913387 540.15326 441.95535 734.07733 544.2018 5 0.13764834 560.0515 578.92596 733.1472 756.8851 5 0.08391931 712.7403 744.71606 745.01935 791.0077 7 0.9983809 252.44862 344.05423 576.2009 688.2179 ,test/3681.jpg
0 0.4176284 8.959225 805.49634 100.15413 887.5167 1 0.99957436 900.0646 225.65503 1024.0 375.6552 1 0.98211956 549.16644 290.29282 697.91205 578.2023 1 0.8473676 550.4943 293.52695 689.46857 411.73508 1 0.4662848 930.20544 221.24883 1016.3291 279.8091 1 0.1705951 994.9814 244.856 1022.9417 287.57736 1 0.1356709 923.46045 243.43677 1001.93835 279.80444 1 0.10515838 9.483898 805.16534 99.72322 888.5629 1 0.061216384 971.11035 260.84918 1023.33484 284.89685 1 0.054954857 479.21906 519.37274 515.455 562.8437 2 0.053187247 551.12946 283.93118 696.3487 581.12634 6 0.9991221 654.93677 236.9688 911.8916 572.55206 6 0.05951725 674.0489 371.01495 869.2453 573.9159 7 0.99988747 32.34208 468.18707 281.5064 822.13776 7 0.9997893 405.1963 294.50424 573.90875 694.80615 7 0.9996593 231.87589 412.3064 429.15793 761.47705 7 0.7018667 9.560448 805.02844 99.817314 888.7124 7 0.099389985 440.67123 560.96674 516.20294 634.7315 ,test/3682.jpg
0 0.33078358 250.41449 407.30908 787.3023 783.10815 0 0.10163839 335.14468 423.24753 378.55722 457.5411 1 0.82407737 248.85648 404.47516 789.0519 783.45013 7 0.14558238 250.20264 408.44507 784.66296 782.62354 ,test/3683.jpg
1 0.059770357 531.93506 243.57697 790.62854 589.28937 2 0.99565923 534.60657 243.9062 789.63257 598.5827 2 0.9423796 531.7641 429.35965 666.6308 601.3488 2 0.11062869 529.4449 440.5255 651.3654 538.2433 5 0.99882406 212.03516 456.3725 476.80353 753.74066 ,test/3684.jpg
0 0.10728954 467.97754 662.6615 613.2821 822.2313 7 0.99908173 251.24356 64.16977 792.244 971.886 7 0.99859625 747.6052 419.8007 1024.0 1011.99146 7 0.7547612 466.4603 93.46669 625.55566 170.41377 7 0.5890346 611.01306 129.2401 661.21875 176.10863 7 0.18381694 445.84982 43.622353 627.81213 180.28622 ,test/3685.jpg
0 0.99929965 109.1945 484.08325 330.82178 708.4403 0 0.44478816 618.968 471.90662 695.59485 513.7177 0 0.37678865 167.112 702.78516 222.08948 763.93665 0 0.19068539 475.25888 627.0725 560.5142 671.17615 0 0.08087844 497.942 411.03278 723.776 721.3183 0 0.06459329 149.40222 307.56015 181.58008 333.39096 3 0.840292 0.0 599.09424 65.25135 758.629 3 0.07655452 167.112 702.78516 222.08948 763.93665 5 0.98141056 496.71127 406.44586 723.3396 720.0787 5 0.40344578 0.0 601.17755 66.37916 757.7695 6 0.09067852 88.144 360.99582 138.26189 407.444 7 0.3811457 495.9514 414.1765 724.9956 720.3003 ,test/3686.jpg
0 0.9997501 346.8427 277.15686 727.7607 774.4142 ,test/3687.jpg
0 0.2226972 757.2508 431.423 796.94183 517.4265 2 0.71866137 334.79987 276.89938 768.0848 608.33105 3 0.8022528 333.7527 278.19452 769.9419 606.9629 5 0.097121105 757.17303 431.5624 796.95355 517.42 7 0.09612902 757.2508 431.423 796.94183 517.4265 ,test/3688.jpg
0 0.9993592 0.0 0.0 152.8696 298.32074 0 0.17173213 342.32516 762.1692 391.65573 787.1964 0 0.1631464 0.0 33.16931 927.6964 319.0754 0 0.11207016 1.3496704 320.6001 295.43677 755.33435 0 0.087203905 181.3193 301.76404 245.50436 796.1726 0 0.073330514 174.09064 756.02466 252.73273 788.64246 0 0.05835178 585.0189 548.645 769.0978 715.255 0 0.052238375 20.201538 241.79675 988.01117 780.4247 1 0.98503196 28.868835 234.8027 994.86993 784.84985 1 0.09000818 0.69895935 327.09637 300.71783 755.4477 ,test/3689.jpg
5 0.9996997 369.29712 197.73666 834.1671 678.77563 ,test/3690.jpg
0 0.09399161 421.5665 442.71265 519.9015 525.66473 3 0.9337644 399.8711 323.30115 529.2765 453.96094 3 0.6208711 421.59973 442.85077 519.8383 525.72076 4 0.05791883 399.5279 323.20285 528.9674 459.27768 8 0.07137233 421.44763 442.80814 520.05176 525.2334 ,test/3691.jpg
0 0.60878515 668.2582 32.333008 977.4995 259.87122 3 0.9998074 183.72487 506.25397 584.35333 839.86957 ,test/3692.jpg
0 0.68526465 149.91475 474.2408 325.07092 507.67477 0 0.06851592 677.17346 339.91034 714.22314 351.18414 3 0.069694445 319.53802 379.49982 687.87933 637.4014 5 0.9887925 309.86707 374.16412 463.66644 546.1959 5 0.98639005 318.01544 380.00882 686.62445 637.2124 5 0.37187856 150.85138 474.07715 324.42627 508.60193 ,test/3693.jpg
0 0.05119344 15.531151 21.542786 247.67227 539.54333 1 0.069531254 108.41334 307.1809 245.25055 533.7583 7 0.999764 435.21442 348.1277 860.17426 605.6217 7 0.38389853 54.296577 295.44263 188.33316 529.6878 7 0.32994282 34.870415 72.36447 217.9632 523.33826 7 0.19983095 112.32684 294.92084 177.95978 531.0861 ,test/3694.jpg
7 0.9977368 312.22696 282.15076 712.4424 636.4505 ,test/3695.jpg
0 0.9702191 610.0835 435.54153 763.9498 548.0516 0 0.14071505 872.16876 353.42255 1024.0 748.43317 0 0.08946309 609.36304 462.2204 694.8513 539.6565 5 0.9944436 154.46004 299.23788 652.54785 688.70996 5 0.21922855 489.22775 115.25251 685.6869 358.5598 5 0.10683695 551.3399 77.638214 805.5694 344.6371 5 0.08066963 609.2773 437.24936 764.00336 545.5471 7 0.5113102 870.95764 356.32507 1023.32385 748.5801 7 0.067280024 618.1346 365.05243 1024.0 732.3006 ,test/3696.jpg
0 0.47419566 603.3595 369.59113 658.34436 382.35126 1 0.16909428 334.13968 326.9026 619.8544 533.1168 2 0.75769484 333.70288 323.92426 624.6246 534.13513 3 0.17159753 333.52438 324.30417 625.6886 533.8122 5 0.65345395 333.57117 324.26312 627.538 533.76337 5 0.064152 480.62756 319.8645 630.8037 425.12677 ,test/3697.jpg
0 0.43062523 630.9793 394.4218 761.9014 469.9239 1 0.642814 631.5615 393.42453 761.6205 469.7546 1 0.060468376 375.19287 412.35748 622.3838 598.2086 2 0.9938911 380.02496 414.3426 613.897 597.47064 2 0.13194934 631.59576 393.6359 762.0914 469.319 ,test/3698.jpg
0 0.95525694 216.27641 466.4387 589.033 642.70953 1 0.09325019 217.43723 466.15033 588.2401 643.2275 ,test/3699.jpg
1 0.25869706 417.50128 198.78468 449.4193 237.58052 1 0.06407945 382.45044 195.22101 450.02734 268.13434 1 0.06336706 415.17178 192.37428 454.62845 255.86201 5 0.6846662 140.81694 480.64276 465.91785 924.99225 5 0.63589317 0.0 827.7676 221.37292 1024.0 7 0.9995845 366.354 158.78076 772.0353 868.14075 7 0.32437593 474.0669 142.80193 513.0554 178.39677 7 0.31786636 480.7852 128.1786 635.99243 230.30421 7 0.15792422 550.2395 133.58559 637.6456 221.60579 7 0.10673924 376.14838 141.65063 634.1333 565.0616 ,test/3700.jpg
0 0.6778069 263.3093 302.33264 835.0099 593.5954 0 0.19251844 278.9355 0.0 1003.33417 343.89215 1 0.28472486 280.40637 0.0 1004.23535 345.2044 1 0.0729712 262.7395 301.3362 837.911 592.42737 2 0.2614712 263.3535 302.47382 836.7118 592.2664 5 0.29864648 263.58438 302.11 835.69995 593.1568 7 0.053515635 265.7261 303.274 821.54785 590.6001 ,test/3701.jpg
0 0.78073895 342.45215 329.37177 692.00745 830.40924 0 0.0885046 199.57996 449.36316 238.26712 480.88525 1 0.13605662 345.00806 330.72247 690.7628 821.40436 7 0.9979887 287.24536 0.0 930.79114 248.21863 7 0.9785857 251.33401 114.41513 390.75693 200.87799 7 0.5394728 344.5631 330.38416 691.13416 823.54675 7 0.056398578 304.24463 2.4281769 613.62103 233.53784 ,test/3702.jpg
7 0.9923373 189.3537 128.83212 824.8936 932.8595 ,test/3703.jpg
0 0.3943967 535.4177 592.6932 592.807 630.2109 0 0.11663174 334.0855 154.60793 356.0855 202.30513 0 0.09928039 299.2491 734.7389 376.7081 752.2622 0 0.05312081 558.8058 271.24442 734.0349 565.59216 1 0.99927324 214.2561 183.25061 660.39984 503.96094 1 0.99198395 205.21677 462.89532 627.76575 735.0717 1 0.37108898 555.5514 265.74738 736.50183 562.7678 1 0.2980402 177.15993 261.42764 648.5265 721.792 1 0.18064772 209.88449 337.5458 633.8707 496.15982 1 0.0751515 537.6443 270.23364 660.31287 498.02277 1 0.061590314 183.95793 455.5423 266.30258 658.1408 1 0.057867248 252.43736 480.1306 549.1597 569.28076 1 0.054840244 535.89325 592.5172 592.52985 629.6741 1 0.05340267 624.4873 267.9704 724.3799 361.90063 5 0.6491257 562.4097 268.26874 736.20966 560.77594 ,test/3704.jpg
0 0.99964845 423.94812 102.798004 697.6244 905.0176 0 0.05476264 434.31494 119.00195 559.7467 253.52728 7 0.09379663 420.97754 102.6084 672.968 821.54974 ,test/3705.jpg
0 0.9948949 571.2008 532.8411 708.1162 591.12115 0 0.5550229 623.8464 485.2296 712.05963 534.64886 0 0.2917507 377.08887 580.46893 439.18262 637.4809 0 0.26029226 484.50336 447.51376 517.36237 472.97617 0 0.20651406 503.00543 465.62607 578.565 508.89328 0 0.1989351 579.8817 435.28882 624.2201 467.93524 0 0.16056095 518.6551 464.5591 572.95294 479.41837 0 0.12015311 445.4583 522.6676 557.288 633.8806 0 0.10337517 293.8987 985.72705 377.9836 1021.573 0 0.08817473 288.18127 1002.6024 368.3454 1023.60657 0 0.071550414 437.10782 608.87964 591.87744 661.72217 0 0.06834208 666.3978 530.90314 708.3485 556.773 0 0.06723194 469.69397 494.7131 505.54523 527.019 0 0.059415884 485.2196 446.25607 571.928 484.98795 0 0.052522376 548.0857 536.89325 663.6183 674.7314 1 0.9909506 235.97931 382.6021 824.61847 832.8802 1 0.8871791 233.22462 586.21216 699.03424 830.49036 1 0.87201273 372.95355 384.88892 749.4981 730.881 1 0.52047604 444.09366 522.19403 665.02734 671.41046 1 0.5169249 547.95953 543.4591 661.12823 672.60754 1 0.43338665 389.09158 582.2999 655.3135 670.5354 1 0.3991511 368.16586 438.69067 491.6572 591.33716 1 0.35142922 444.0116 523.7681 561.8472 638.68036 1 0.34359404 296.0447 985.6053 377.55203 1021.4119 1 0.30953944 621.5504 418.82996 823.49243 530.8284 1 0.19733115 288.18127 1002.6024 368.3454 1023.60657 1 0.14774995 624.2031 485.2817 713.8866 534.639 1 0.14303488 544.2184 527.7338 707.6741 709.77313 1 0.1372874 436.41882 378.2 650.4215 477.10126 1 0.10135213 370.0347 401.1208 588.52234 686.5538 1 0.09568211 558.5065 536.84033 794.1669 637.66675 1 0.08601316 437.10782 608.87964 591.87744 661.72217 1 0.07409519 525.553 442.85742 810.83606 719.72217 1 0.07296766 407.15918 452.9889 492.2624 653.5382 1 0.061622795 485.5268 439.08545 695.04755 526.2399 1 0.05997344 653.07263 484.64554 821.71545 717.5876 1 0.057932753 268.43182 394.87225 526.5087 732.6855 2 0.6278561 445.0467 522.75275 552.12994 629.67584 2 0.23153304 296.25104 985.6325 377.52448 1021.6518 2 0.16103919 624.117 485.32327 713.81354 534.6755 3 0.07167904 500.19458 494.74796 543.82983 529.4206 3 0.05513909 624.117 485.32327 713.81354 534.6755 4 0.55888706 499.6073 494.8919 543.75024 529.31366 4 0.12023253 501.2842 465.61765 578.3346 524.5497 5 0.9997708 543.9457 958.5431 653.38416 1023.57935 5 0.69780195 296.51782 985.6456 377.5791 1021.3021 5 0.15448274 624.22345 485.34256 713.8713 534.6536 5 0.09448267 445.4583 522.6676 557.288 633.8806 7 0.9842503 268.7735 599.93756 338.15552 673.7575 7 0.092793375 295.88107 985.6609 377.47318 1021.385 ,test/3706.jpg
0 0.12964742 0.6394043 564.3196 396.92834 1020.6428 0 0.07809295 9.811981 960.0234 230.38318 1021.1287 1 0.6217413 926.72186 7.231247 1023.9622 222.88292 7 0.9979964 301.14542 270.70782 712.16394 839.74896 7 0.99736017 3.3509064 275.59882 377.0362 712.5899 7 0.9726872 0.0 566.24207 400.32678 1017.8595 7 0.24526785 19.342499 580.95886 359.63928 705.6465 7 0.12379278 60.498055 295.18765 157.12231 345.21402 7 0.05158382 58.681168 276.8138 259.55835 351.126 ,test/3707.jpg
7 0.999686 159.4932 227.20984 856.9066 856.7567 7 0.7044836 164.1333 782.0843 870.02405 879.6878 7 0.23589393 157.8424 638.0052 862.5288 876.99945 ,test/3708.jpg
0 0.97951365 227.10916 33.13253 681.5996 279.00162 0 0.9509223 356.49835 380.1551 688.5987 657.41754 0 0.8821771 735.916 466.73578 849.4863 578.95123 0 0.83294845 362.25174 377.22797 504.3859 527.0407 0 0.66295654 643.3591 217.44034 867.16705 488.8431 0 0.52861357 404.1651 162.4234 660.6851 274.8719 0 0.42971092 665.64667 419.3862 858.4023 580.79504 0 0.38724288 355.15723 489.05975 591.2742 652.2308 0 0.25959373 360.64276 382.1803 632.7363 517.8735 0 0.19158354 362.3352 267.0099 652.0213 536.55054 0 0.13597648 391.8313 173.52127 657.5559 356.40152 0 0.13101366 501.38727 292.87134 628.207 437.4007 0 0.07835428 232.38019 47.453445 908.65765 543.4657 0 0.06108816 361.02335 297.97647 510.1005 585.87524 0 0.05814159 361.3549 370.8126 515.9783 454.014 0 0.05092822 374.0517 200.82184 870.2918 569.3525 1 0.24183922 356.9187 382.43536 688.9723 658.63556 1 0.14140561 515.2039 493.4292 696.8936 662.19385 1 0.072902426 361.5713 373.3707 506.35767 527.2709 1 0.0507395 362.52145 390.73853 661.1001 534.785 2 0.6898489 644.4585 219.65193 866.0276 491.07324 2 0.1411748 565.62317 491.65552 692.0591 605.808 5 0.873747 501.05206 292.73627 626.247 437.03937 5 0.060506072 369.67078 278.30957 641.3139 520.3925 7 0.14810747 539.083 388.28894 628.3302 433.3479 7 0.096276715 501.7542 293.0736 627.8183 436.39026 7 0.053760868 643.50244 217.49365 867.30505 487.58185 ,test/3709.jpg
0 0.99958044 44.745728 175.9317 955.71216 786.5771 ,test/3710.jpg
0 0.34832647 564.19214 284.03427 609.4761 310.05826 0 0.13165824 523.1864 316.39166 573.9568 385.72083 0 0.055181313 974.6718 61.685444 1024.0 164.93211 1 0.37502757 703.828 285.71594 732.4519 330.07953 1 0.26805517 522.754 315.61224 573.69604 385.59088 1 0.08401326 629.6544 358.98962 758.1521 384.508 1 0.07546036 453.43524 304.4282 515.82764 338.61075 3 0.31954208 974.0666 63.27889 1024.0 164.3633 5 0.15513039 872.0139 315.59537 893.9441 358.44113 5 0.062153548 1008.71875 250.59042 1023.9053 357.66592 7 0.99981755 423.88147 290.19492 636.4314 803.14417 7 0.99959975 699.0313 220.06342 902.2255 841.66254 7 0.9994287 34.85289 464.29828 267.30634 731.81537 7 0.99638546 226.88878 404.86078 440.63794 737.4831 7 0.64529777 449.5457 284.3768 614.60834 340.7278 7 0.27310917 564.02423 283.98755 610.39557 310.22546 7 0.25157273 488.9204 283.48904 569.504 337.47305 7 0.15832765 687.28687 290.00232 750.19543 699.78156 7 0.15800656 682.04474 199.72897 791.16486 728.31177 7 0.11592972 451.11176 282.14554 621.6586 397.09567 7 0.11373471 522.754 315.61224 573.69604 385.59088 7 0.09274642 559.4618 360.139 601.47766 390.12094 7 0.077001035 668.4552 368.83804 727.6188 703.92285 7 0.06655661 388.86374 560.44446 425.3737 619.699 7 0.06642327 557.0196 304.83487 635.48395 393.1932 7 0.066192 701.1141 278.25714 779.9223 476.75867 7 0.058147624 451.394 302.9438 524.7833 340.80292 7 0.0546121 330.38898 403.24884 437.08795 632.52814 7 0.05128054 561.25244 304.73956 615.4656 332.41193 ,test/3711.jpg
0 0.72964776 719.25653 341.37997 835.9305 395.23508 0 0.32355356 431.75854 622.77423 767.822 738.06525 0 0.2917621 151.7411 432.0137 417.91034 859.59937 0 0.18761848 435.39215 618.8611 813.6224 828.98315 0 0.17412591 447.57727 404.56073 756.2814 678.5783 0 0.16109572 74.85072 256.3912 449.6208 851.4807 0 0.15743575 522.2624 302.14252 978.33 822.36896 0 0.12586218 101.69607 541.581 263.65643 964.44684 0 0.1240761 374.64407 461.36273 852.9153 1011.4747 0 0.11434065 174.99976 571.0259 256.1791 803.2306 0 0.11149639 639.3612 345.91284 905.72546 640.62946 0 0.10225187 157.17384 694.06104 435.82288 959.437 0 0.09967544 0.88150024 271.04376 260.88504 940.5794 0 0.098860525 38.74553 585.4103 426.87286 911.91296 0 0.09486874 22.352783 317.09525 788.4376 933.1687 0 0.09419344 483.6305 458.16635 787.72253 875.9497 0 0.08479284 335.93945 138.48135 1009.69763 908.36365 0 0.08043269 506.4783 358.05685 838.6532 728.0665 0 0.07650016 594.5061 396.82358 872.22217 905.27466 0 0.07365403 155.68408 160.13701 451.62457 651.47076 0 0.07274413 748.69763 392.61505 933.9 699.1414 0 0.067518294 396.9301 942.3834 514.9389 1022.6278 0 0.06375424 236.04306 769.02606 434.00565 993.26984 0 0.06252025 359.38828 461.46515 430.42203 791.7133 0 0.06233291 175.69476 310.09586 404.8723 721.3418 0 0.060323503 371.02267 213.17078 799.19653 689.75134 1 0.055022623 366.72202 459.18726 432.70944 766.63306 4 0.09390119 536.2553 398.82758 597.09564 477.32812 5 0.20499414 748.69763 392.61505 933.9 699.1414 5 0.1332141 628.7161 337.42108 913.45856 660.09686 5 0.10613724 242.19754 137.142 567.3694 494.36057 6 0.9548568 392.01184 600.74414 793.4606 1011.478 6 0.6029374 453.80923 349.94366 727.5189 681.87494 6 0.5380267 360.51022 321.4466 561.97217 483.8783 6 0.37932333 151.7411 432.0137 417.91034 859.59937 6 0.36463317 381.3969 779.05786 415.64856 897.42834 6 0.33497232 430.4278 623.22473 792.69025 850.006 6 0.2933686 411.7807 325.3224 914.8311 993.265 6 0.26622117 164.34753 563.5664 251.39462 801.5807 6 0.2412794 0.0 307.15723 429.49786 900.70435 6 0.1840183 637.6486 412.6506 780.00214 615.0031 6 0.18023722 361.2589 466.6891 429.83447 784.7926 6 0.15416569 666.5654 336.29324 818.199 608.15173 6 0.15198314 483.84326 377.81677 942.182 725.94653 6 0.11037631 127.88767 488.78644 255.39441 961.30206 6 0.10581641 382.95447 164.0521 1003.8672 768.53625 6 0.10437613 38.74553 585.4103 426.87286 911.91296 6 0.10117404 463.46832 573.9739 538.6995 644.9031 6 0.09917231 383.71912 784.7974 402.11237 892.4891 6 0.09903693 18.08374 228.29347 792.87665 726.69617 6 0.0859887 387.67218 773.5679 476.72504 938.3954 6 0.084648386 520.6217 460.64172 733.2355 674.03174 6 0.07846262 236.04306 769.02606 434.00565 993.26984 6 0.07824144 453.28293 480.39423 773.1044 733.9272 6 0.07561534 437.25842 617.9613 757.4385 731.0923 6 0.075072736 631.54346 348.8994 910.78894 630.548 6 0.07060267 304.277 579.6114 420.8929 813.4178 6 0.06932886 157.17384 694.06104 435.82288 959.437 6 0.067340024 346.59714 423.24487 476.03104 798.09326 6 0.06630645 97.8228 530.67175 247.99574 701.45166 6 0.061229516 385.92172 775.05023 438.94485 892.9893 6 0.05773757 175.69476 310.09586 404.8723 721.3418 6 0.052104637 446.12637 419.2266 634.9066 642.5727 7 0.92315 79.55652 123.48685 1003.478 706.6062 7 0.637008 11.406479 123.00162 274.62653 920.8712 7 0.6068488 0.0 285.18585 431.2857 852.8288 7 0.2840112 193.36478 118.6405 480.1873 645.9777 7 0.23777315 871.93134 302.35773 1019.2928 815.37103 7 0.23388574 448.21185 201.28334 1024.0 491.6153 7 0.21709247 400.16663 188.96106 987.0731 890.34094 7 0.21434493 0.7187958 288.9438 225.7424 708.2948 7 0.17140903 366.72202 459.18726 432.70944 766.63306 7 0.14841583 657.1246 363.26852 922.0726 896.1426 7 0.12313532 217.53888 119.992355 658.246 545.31995 7 0.102525964 748.69763 392.61505 933.9 699.1414 7 0.08338656 346.59714 423.24487 476.03104 798.09326 7 0.07948785 483.84326 377.81677 942.182 725.94653 7 0.07937388 628.7161 337.42108 913.45856 660.09686 7 0.07675725 371.02267 213.17078 799.19653 689.75134 7 0.07420444 22.352783 317.09525 788.4376 933.1687 7 0.06980136 743.66144 390.72052 998.69525 928.16254 7 0.06684423 749.1477 194.10774 1017.35315 673.75433 7 0.061014596 171.97292 156.78925 384.52887 839.81055 7 0.05942394 0.8373871 317.01663 163.35243 518.3811 7 0.057886764 420.00354 591.6741 883.90063 867.53064 7 0.05182935 376.7416 444.37903 478.15457 646.2175 7 0.051311053 374.64407 461.36273 852.9153 1011.4747 ,test/3712.jpg
0 0.9543764 97.204895 449.31863 715.77344 565.388 0 0.75952375 440.05756 577.79865 493.91156 664.3516 0 0.7075428 725.48157 0.0 1023.63745 734.18524 0 0.5802358 94.42908 410.5597 723.65594 744.24927 0 0.2712356 261.9995 444.1227 724.5513 521.6481 0 0.25089943 76.609924 351.06277 695.0796 591.83765 0 0.18950205 177.10432 494.3262 628.76086 558.3647 0 0.16024104 114.268326 407.39786 232.09172 453.41147 0 0.12312645 112.708916 357.34396 256.7395 448.18466 0 0.10466898 48.858 395.2473 728.42834 496.22845 0 0.10006908 318.90894 0.6620407 872.3187 122.45635 0 0.07277647 139.27304 404.57315 210.00354 420.35635 0 0.0625883 108.93145 391.33685 245.33789 428.63214 0 0.061912123 283.06622 0.0 1017.2381 184.28268 0 0.060142685 316.8543 0.6371765 534.2786 117.8303 0 0.05715201 135.06439 78.25546 1024.0 719.23096 0 0.050146405 268.0302 438.72986 737.04675 486.03094 6 0.9579651 206.0358 90.508804 839.23315 443.6123 6 0.95232695 76.38681 371.5683 731.5559 749.80695 6 0.19478428 71.3255 365.0907 710.87976 509.3734 6 0.18675393 110.10741 353.82263 265.32697 449.41797 6 0.0599247 107.12571 349.64316 245.05008 364.564 6 0.0506066 135.06439 78.25546 1024.0 719.23096 7 0.05212838 123.80767 403.1256 234.68454 455.08643 9 0.38120458 725.2699 0.0 1023.9011 732.96063 9 0.12318754 318.0944 0.0 874.6941 121.44272 9 0.10144721 316.8543 0.6371765 534.2786 117.8303 ,test/3713.jpg
0 0.7702431 149.22194 274.3302 380.06494 362.77142 0 0.56508493 657.8376 651.69824 747.113 679.0785 0 0.09950443 533.25146 612.6468 623.9667 646.25214 0 0.063350074 182.915 284.19724 464.81586 545.9878 5 0.9891311 225.86664 283.7434 832.2126 676.8062 5 0.09569886 226.28287 285.1228 473.96915 561.9066 ,test/3714.jpg
0 0.073575236 748.35956 242.50873 769.2337 274.72217 2 0.9985417 357.9435 158.15106 763.86804 395.17572 2 0.5193614 360.50903 154.95203 511.02234 395.0775 ,test/3715.jpg
0 0.9255288 0.093826294 892.7131 173.87933 1024.0 0 0.50333655 624.9661 495.22244 762.3018 834.8312 0 0.18655986 288.33304 285.00754 326.7933 348.51297 0 0.12718314 320.46954 36.61676 884.778 992.4533 0 0.11520777 301.7736 324.0479 408.8032 481.4441 0 0.07530007 324.60706 415.8616 782.9426 1014.9689 0 0.06604721 603.5805 429.3089 817.6684 865.148 0 0.06516929 237.59767 450.18814 413.64813 1018.97217 1 0.9796188 304.3365 38.81653 885.9532 1000.95166 1 0.2327036 630.70874 496.58438 761.4597 826.19653 1 0.22268549 239.27869 399.50598 786.473 1001.8264 1 0.079675816 303.70615 323.677 408.3564 481.14117 1 0.07701968 373.80493 729.27875 757.9188 1016.07477 3 0.6570388 288.38095 284.87366 327.44345 349.81592 3 0.5421776 303.0472 325.3946 409.0391 480.93408 4 0.120797746 564.74896 796.36273 643.5903 863.31573 5 0.33911002 312.78732 219.09866 523.67993 479.3041 5 0.29936376 564.1868 797.6271 644.9666 861.9164 5 0.1649647 301.7736 324.0479 408.8032 481.4441 5 0.082984544 948.4705 818.1517 1024.0 914.4963 7 0.2780262 634.50903 538.95166 760.1572 815.3032 ,test/3716.jpg
0 0.86222655 281.40686 937.89185 331.11664 989.8727 0 0.20107895 503.3786 148.72852 651.3005 223.54776 1 0.9944337 330.88177 341.67072 591.3072 583.44116 1 0.9552944 412.73886 439.96515 720.65125 691.43317 1 0.16310896 392.7965 389.97214 609.81934 642.9962 1 0.06912275 504.98816 148.75891 651.25195 223.36987 2 0.45871323 431.7409 454.8479 720.2753 686.85034 6 0.9616209 116.9425 545.9518 258.87152 682.6256 ,test/3717.jpg
2 0.99924976 340.94183 308.31055 743.7343 681.5339 ,test/3718.jpg
9 0.9963756 188.78513 1.316864 889.18896 990.0598 9 0.40006208 203.53741 451.661 848.924 975.438 9 0.090509646 317.4513 11.07663 912.5415 622.58044 ,test/3719.jpg
0 0.08825942 134.00912 391.4674 986.14844 711.17163 1 0.06591661 134.00912 391.4674 986.14844 711.17163 5 0.9936621 163.46777 395.22327 878.64453 703.7031 7 0.30836907 150.40723 395.56708 877.8126 702.79645 ,test/3720.jpg
0 0.7575958 643.403 647.0197 711.4002 818.4854 0 0.13369782 114.68616 306.88602 687.4772 550.97687 0 0.07272636 92.19235 391.04214 668.0034 681.72253 0 0.051149134 22.44748 801.2339 572.0005 1024.0 1 0.25679094 593.92957 833.84064 912.0591 1023.1619 1 0.2144477 30.721558 805.2342 1024.0 1021.7083 1 0.19205785 948.6271 864.4484 1022.7103 983.44745 1 0.1060416 580.7204 660.4636 1023.7962 1024.0 1 0.075820126 0.050109863 778.8274 580.0899 1024.0 1 0.075494334 843.932 951.9865 1020.1437 1023.41437 6 0.99809235 682.0061 407.77704 995.06494 756.3238 6 0.9917191 65.71942 577.014 714.98505 931.39667 6 0.8968905 106.52026 297.35406 680.61957 664.9901 6 0.7194849 61.856705 603.5023 214.08885 820.11523 6 0.636862 89.53705 384.293 721.13916 856.2345 6 0.31643203 643.3393 649.18677 711.08624 818.5951 6 0.29729462 124.56981 493.42462 614.3502 700.37335 6 0.21158957 516.29016 384.42102 679.1267 591.6968 6 0.17709967 447.50137 331.61447 677.7544 630.32495 6 0.12765625 676.3638 403.80206 954.28625 465.2301 6 0.12451225 20.161835 719.11786 841.1531 1020.0634 6 0.11980961 205.6389 299.087 682.9155 499.73843 6 0.1131708 232.77458 377.7825 683.7226 584.7058 6 0.07146206 593.7697 386.52032 681.6424 550.9959 6 0.06877335 369.92664 365.6432 995.93835 742.9198 6 0.058242533 535.5908 574.39777 721.7693 820.6623 ,test/3721.jpg
0 0.54023105 328.64365 473.69028 368.23758 502.11642 0 0.45986193 368.2282 338.93808 438.63727 390.56674 0 0.05103445 327.95786 416.77682 427.05618 534.5371 1 0.9960675 336.6714 254.55162 681.21765 565.9566 3 0.86273396 250.05551 537.54846 703.2533 1018.21765 5 0.66920227 249.71346 537.5845 705.4422 1019.8374 7 0.27235657 368.16788 339.03647 438.59433 390.54355 9 0.33491138 67.692024 321.00528 243.6395 511.76797 ,test/3722.jpg
5 0.9815222 381.00043 392.1481 571.6185 539.213 ,test/3723.jpg
0 0.8500812 242.00006 162.52301 856.52545 914.4185 0 0.7594889 408.44775 968.70734 452.71436 1024.0 1 0.07420777 408.5233 968.63556 452.83725 1024.0 7 0.46033627 239.77432 155.67844 855.92554 915.24585 ,test/3724.jpg
0 0.18492359 507.02573 341.9544 537.8485 389.72223 0 0.14614795 255.0327 461.5055 307.47473 501.46423 0 0.097417586 0.0037574768 518.59753 97.62393 612.56665 0 0.07329456 270.46948 568.1905 313.77905 617.3461 0 0.07096291 666.55286 33.923233 782.4236 462.89874 1 0.99369675 183.2843 257.0951 549.0767 634.6486 1 0.9910205 444.62885 447.87164 960.12213 825.23676 1 0.97446424 166.31494 560.3629 500.62878 772.75696 1 0.7495175 211.40494 258.73242 500.08847 491.2072 1 0.49527034 420.43433 257.29364 512.9782 452.4853 1 0.40777373 579.97284 445.93994 960.05023 698.8236 1 0.33307564 166.9046 412.3135 626.0964 773.23364 1 0.2422394 158.82718 586.6086 496.40604 685.57916 1 0.15983433 507.12662 341.21826 537.72986 389.75732 1 0.15702043 179.81038 412.874 496.46143 628.9506 1 0.08848255 425.5912 264.07697 493.1446 395.2049 1 0.07547897 301.79822 360.00122 556.6675 631.9043 1 0.071193196 478.28845 649.79724 815.5167 823.2837 1 0.071004406 507.0093 308.86542 550.16974 395.03784 5 0.27206686 309.3235 0.5044861 582.0217 285.2477 ,test/3725.jpg
0 0.50197023 178.92088 357.49823 637.6658 837.59467 1 0.75969344 177.578 355.9038 638.3793 837.7632 7 0.052172378 177.20485 356.71204 638.6384 839.14307 ,test/3726.jpg
0 0.10772126 309.4438 360.50473 766.6899 875.00244 1 0.06595614 308.50342 361.12164 763.4435 873.9792 2 0.8777832 309.3291 354.4955 762.7781 874.90295 3 0.09918826 309.09802 356.82532 763.24304 874.2626 5 0.48040164 312.5797 359.54095 767.72986 875.7277 5 0.18491049 572.73315 355.4051 767.9929 675.62286 ,test/3727.jpg
0 0.9976132 74.45961 421.26376 290.2574 668.1616 0 0.99507433 730.91943 400.07593 894.08875 659.8058 ,test/3728.jpg
0 0.11583049 0.0 0.0 1024.0 1024.0 3 0.15762128 232.83453 512.06104 297.3584 704.2494 4 0.113820635 231.97578 469.8226 593.45404 706.779 5 0.9448537 230.3883 470.98172 583.30273 705.9402 9 0.26063472 0.0 0.0 1024.0 1024.0 ,test/3729.jpg
0 0.9723113 1.7493668 666.26794 125.07945 847.88245 0 0.6975392 436.19873 808.3256 532.9083 941.54486 0 0.14788538 259.75507 98.798294 567.9258 351.94952 0 0.08590689 0.9752426 680.8744 119.964226 766.9219 0 0.05934138 575.78394 112.805145 657.6719 155.1977 1 0.14765158 259.1088 100.801796 567.07007 352.9486 5 0.2242575 575.5528 112.759155 657.39716 156.46005 7 0.9999012 134.08932 111.22003 649.54895 719.82666 7 0.9951079 682.49066 2.2571335 1023.3483 210.97397 7 0.70161366 435.704 808.68195 532.97424 941.4738 7 0.16764551 261.02686 100.15865 565.7544 353.41782 7 0.1427337 1.7587204 665.3868 125.534195 847.821 7 0.06934936 625.9257 43.636536 963.21124 271.31952 7 0.05483795 222.08821 201.86688 551.2785 568.7453 ,test/3730.jpg
0 0.13031156 254.63875 322.17352 278.7236 359.02783 0 0.10151381 523.4869 399.50082 681.01886 423.78397 0 0.06640771 520.23065 396.0002 722.231 562.7807 0 0.057972077 527.5112 401.57254 650.5112 417.033 1 0.110208094 520.23065 396.0002 722.231 562.7807 1 0.08177043 255.13531 322.91763 278.92444 358.90414 7 0.9988971 203.27728 314.3929 745.23846 736.46216 ,test/3731.jpg
0 0.7898143 116.04999 205.73535 984.22614 781.591 1 0.35808563 116.78775 205.12497 983.0033 780.98193 7 0.05943034 118.39349 199.31348 984.76935 781.5082 ,test/3732.jpg
3 0.95576096 320.8162 474.18796 778.8314 930.4075 8 0.2976458 320.6734 473.7035 773.22784 927.7334 ,test/3733.jpg
0 0.37236196 695.938 381.4331 936.73035 650.40625 5 0.06290438 694.46765 375.77335 935.91797 650.79346 6 0.6432984 695.10187 377.5619 936.1829 650.42566 7 0.9998621 298.555 199.05513 773.35504 526.5291 ,test/3734.jpg
0 0.06732758 959.25024 42.612114 1022.9938 106.53001 1 0.13461526 497.74573 417.352 715.55994 944.1988 2 0.96994215 496.6904 408.4603 712.9271 722.57544 4 0.100651726 515.7257 393.44614 700.21594 1001.8845 5 0.984176 492.05762 317.99762 724.20886 438.04437 5 0.88818747 498.62552 378.5768 715.5195 1016.9689 5 0.05916335 0.0 420.9174 702.31116 1024.0 7 0.78749615 957.95795 42.258564 1023.3001 106.43814 ,test/3735.jpg
0 0.1282316 728.5134 531.34265 913.88684 707.21155 1 0.7479046 728.20624 531.43506 913.8581 707.0895 3 0.99982774 256.23212 482.95862 554.3198 815.1847 7 0.964579 523.48914 314.8527 658.8856 425.25992 7 0.12718393 63.90204 0.0 1016.8083 196.90048 7 0.08218679 529.48553 316.4738 632.7016 358.31094 ,test/3736.jpg
0 0.89096 650.0989 0.3515091 870.3617 191.37268 0 0.87786037 160.38477 64.63269 307.2467 185.78827 0 0.8380575 479.8728 415.0924 644.96313 571.26544 0 0.81700057 580.8666 418.07098 641.3462 525.5532 0 0.6953948 627.145 416.82437 771.8529 559.8202 0 0.54861677 309.14685 476.03552 388.2511 530.87146 0 0.46824393 294.96658 52.82846 453.9857 186.9711 0 0.402455 589.70715 421.8281 613.5044 528.19556 0 0.33194506 195.84805 405.80774 325.68338 571.77905 0 0.32150668 367.73975 410.43567 492.7406 564.5355 0 0.2849225 581.2181 429.29086 606.5042 519.17914 0 0.26183498 461.60095 45.317657 664.55286 188.71855 0 0.15489906 752.57056 821.5374 911.021 1019.34784 0 0.15068428 578.81464 437.6139 595.6043 506.78833 0 0.13351482 595.94507 663.33673 726.05225 854.3857 0 0.10815808 570.967 431.2238 617.6861 561.7917 0 0.104728065 718.95435 431.06104 739.9597 515.12964 0 0.10410013 146.81166 59.90503 548.75146 186.58688 0 0.08894662 480.46948 433.02676 498.02747 531.9221 0 0.07126125 709.4074 419.99982 771.11053 533.57495 0 0.071073994 207.35825 496.45535 315.86942 572.1401 0 0.070992954 177.82701 624.1272 386.31415 939.31226 0 0.067174755 510.9478 420.41544 778.3039 570.65576 0 0.06620296 615.7043 521.3957 666.6778 542.6951 0 0.06514839 363.642 672.3 523.5555 924.4372 0 0.06450141 583.3738 453.0855 621.1256 522.0976 0 0.05422164 454.36365 77.27379 515.6456 188.12657 0 0.053484987 472.73047 663.4729 630.1887 843.03455 0 0.052938286 611.12726 519.2419 667.40826 563.0926 0 0.051282275 658.18115 512.6405 761.11316 572.8992 3 0.16671173 751.4928 822.08606 917.69055 1019.8341 3 0.12164789 651.2678 0.9611435 873.3528 191.035 5 0.78112996 465.30103 45.126427 663.9315 188.15506 5 0.6667967 367.1988 410.76733 492.28302 554.091 5 0.5913477 195.27805 407.0732 326.73306 565.39636 5 0.09855127 651.8375 2.0640717 872.70544 192.37033 7 0.08231466 651.13416 0.48976135 870.5333 191.25365 9 0.97912025 174.69705 625.04254 387.61887 940.3393 9 0.95351756 362.85968 673.6653 523.8103 927.4984 9 0.92880654 478.61005 665.0475 628.81696 852.4004 9 0.9255231 596.25226 663.41345 726.16315 856.70874 9 0.7553786 294.65506 52.88005 456.42416 186.52359 9 0.66946185 622.2182 418.43976 772.66376 569.2187 9 0.41406268 146.81166 59.90503 548.75146 186.58688 9 0.37420276 447.30304 669.4366 741.0472 855.2164 9 0.32274663 480.03094 414.81128 642.26764 571.78125 9 0.27318197 460.44794 45.25071 664.03656 188.83383 9 0.25135782 367.75894 411.14746 492.05545 560.9192 9 0.24664375 159.80605 64.81833 308.5146 185.96754 9 0.18735437 632.08075 420.89615 739.09686 526.5715 9 0.14659843 195.47147 406.5442 326.5043 566.4298 9 0.083044626 467.27243 663.8788 585.92816 738.9928 ,test/3737.jpg
3 0.0795127 142.29453 255.52779 786.3602 680.42004 4 0.23788498 141.56937 257.4654 788.0458 680.3155 5 0.87258506 139.95392 255.23068 788.51404 680.59436 5 0.22005787 60.76602 228.27823 1009.9603 1008.16895 ,test/3738.jpg
0 0.6358739 583.499 541.08276 1020.5475 1024.0 0 0.18921837 0.0 255.21893 325.27573 634.0673 0 0.17750002 101.30779 268.25793 339.1775 479.87567 1 0.9434176 7.2459564 173.01137 166.29256 282.549 1 0.23112029 484.3256 469.26007 1017.2539 1024.0 1 0.18523756 335.56 0.0 572.56616 489.48572 1 0.07948769 136.1482 266.33914 335.04126 484.134 1 0.057060216 103.92976 268.63605 514.2893 497.52557 2 0.9962985 478.46234 448.6469 749.0931 699.97577 2 0.8589388 106.92384 268.4423 335.5797 368.96426 2 0.66910374 101.45414 268.09857 339.96283 480.25818 5 0.057463072 334.4397 0.0 573.61566 485.8382 5 0.0527549 107.234604 265.31384 457.77563 495.32245 ,test/3739.jpg
0 0.9140739 290.48148 403.91043 343.6873 433.31204 0 0.09866828 276.40085 402.6333 343.071 451.58685 1 0.45275703 160.00835 426.65805 266.82562 498.43387 2 0.30445322 160.46902 426.96048 265.28827 498.11044 3 0.9415276 675.1189 577.69037 851.5525 668.24835 5 0.9980342 159.42603 413.04102 315.39566 498.9369 5 0.14566776 676.0298 576.55756 852.057 667.5627 5 0.10221072 206.14516 412.19476 304.05234 480.51978 ,test/3740.jpg
7 0.0892862 448.40085 408.24658 729.63794 691.5337 ,test/3741.jpg
0 0.14107837 0.0 45.009537 245.95944 485.50702 1 0.13003123 1.5193787 41.831345 243.96124 486.1646 3 0.99523526 489.69165 500.4688 875.8253 740.91 3 0.89628947 496.36047 506.12775 952.1749 1004.84467 3 0.07465025 508.233 657.86017 944.3225 884.44 4 0.97172844 148.37036 42.841766 522.5245 987.1731 4 0.62563545 196.10387 764.6996 533.2012 972.49255 4 0.6019847 405.66205 380.836 583.62177 563.1302 4 0.19681875 132.39194 140.8015 381.244 490.85687 4 0.19522011 0.0 43.66678 190.84413 742.66003 4 0.12314284 153.31618 254.66502 519.71094 734.0965 4 0.09425528 388.91315 344.2763 456.60327 397.24597 4 0.06882967 74.96579 235.49896 203.5792 501.911 4 0.06231675 39.56964 724.4602 559.519 1013.1133 4 0.057176545 382.89075 292.82913 480.99304 473.2214 5 0.2726299 31.585114 36.59204 528.6046 747.5651 5 0.14962254 0.0 101.645935 179.03671 722.0513 5 0.11844031 4.7470245 42.995117 297.12457 486.03406 7 0.6012303 0.0 0.0 111.336655 57.396797 7 0.4210626 0.0 138.90668 180.18918 724.8101 7 0.16175 0.0 41.13121 238.73975 494.64215 7 0.062021613 0.0 80.49393 22.52415 193.85422 9 0.14743449 6.916115 40.997025 248.76599 476.8568 ,test/3742.jpg
1 0.2468187 95.706604 174.55615 846.2636 950.92554 1 0.050905745 162.5506 147.0697 763.8768 520.3905 4 0.12356389 144.34784 269.07568 688.0457 495.1255 4 0.08248729 62.001892 148.90047 485.287 461.2459 5 0.28258303 88.7233 181.78516 849.8158 947.6293 5 0.09078352 203.83295 268.58063 727.0663 551.0657 5 0.08649516 62.001892 148.90047 485.287 461.2459 5 0.05371636 458.6163 303.22913 753.9297 767.14856 7 0.76047164 95.196655 169.81311 845.9224 950.6798 7 0.25974557 403.61432 149.51294 775.5174 550.833 7 0.12989834 206.0661 258.40677 733.76746 518.82776 7 0.053751934 117.92737 160.71149 781.30707 593.9399 ,test/3743.jpg
0 0.26782572 137.0662 535.4997 209.59402 637.7399 0 0.24288242 24.167885 535.6317 209.02972 655.3436 0 0.14684233 13.601837 498.483 1024.0 1024.0 0 0.058444962 126.43603 311.5786 192.87985 658.9385 0 0.053698484 815.75244 664.9402 1024.0 1021.74976 3 0.76785296 797.6959 254.69441 933.6317 563.31934 3 0.3848823 53.025875 312.47437 128.91841 685.8707 3 0.10429186 14.704384 296.62225 174.01367 660.38257 3 0.075801276 98.644485 316.1883 185.8026 651.6806 3 0.059957486 96.40181 312.19162 135.29236 539.36505 5 0.25901827 796.47534 261.789 959.3025 577.89276 ,test/3744.jpg
0 0.11933787 377.5399 54.121765 617.4487 516.466 1 0.70298314 378.1502 53.010468 616.8642 516.2095 2 0.71767753 378.7468 50.811127 617.32983 516.0165 ,test/3745.jpg
0 0.9645107 566.59 344.51147 953.32855 733.3054 1 0.08480056 99.48436 578.246 173.30019 725.6787 1 0.06117984 564.5374 345.46625 952.91583 734.1446 1 0.053313915 885.78485 686.5882 1022.70197 846.5988 5 0.5454392 885.9299 686.3185 1022.3632 846.06213 ,test/3746.jpg
0 0.17706649 439.29425 452.77283 710.7774 680.92944 0 0.071715415 437.5008 459.48218 521.94696 636.4712 1 0.17524351 439.29425 452.77283 710.7774 680.92944 2 0.05597527 440.2355 452.11078 710.50244 682.35504 3 0.09068177 435.74023 451.69727 711.3695 682.04395 3 0.052300673 667.6303 361.75974 735.9932 470.4728 4 0.6165925 435.38535 451.19962 711.4968 681.0679 4 0.5250958 435.97537 459.5381 521.8071 637.33325 4 0.077523544 699.68353 543.74255 840.2413 645.79614 4 0.07541744 334.21124 277.185 469.97223 483.08057 4 0.054300155 697.56396 303.25098 898.8019 638.2861 5 0.9985689 695.9863 302.95813 901.1505 636.6016 5 0.99724764 435.77783 125.5838 763.68396 483.664 5 0.98570365 46.000763 157.74991 1013.22314 952.47253 5 0.54344594 5.9567337 450.73035 155.94254 987.9486 5 0.39109412 434.7395 450.90863 713.027 682.40765 5 0.36553454 75.69743 246.02003 482.24982 720.276 5 0.33723074 83.914276 138.719 772.86414 670.55426 5 0.18902886 85.09616 420.04904 470.72397 655.27515 5 0.13356854 1004.0043 53.568047 1023.38855 242.70575 5 0.13008362 334.21124 277.185 469.97223 483.08057 5 0.08424099 726.129 220.65263 914.27954 397.49158 5 0.0814183 686.55225 268.95117 1000.7832 798.2345 5 0.057462867 261.6474 242.37646 477.34265 506.5338 5 0.056768764 200.70894 189.4612 536.1997 464.72363 5 0.052539315 601.54877 123.29703 964.6191 604.907 5 0.050093222 436.3686 459.59253 524.3667 633.3202 7 0.8906452 60.16063 248.60934 478.3429 666.6715 7 0.63314164 4.9730453 301.33853 150.47418 994.1887 7 0.15943791 261.6474 242.37646 477.34265 506.5338 7 0.08754665 333.8021 278.89346 469.56332 486.33243 7 0.075497895 200.70894 189.4612 536.1997 464.72363 ,test/3747.jpg
3 0.05997361 285.33258 465.91385 657.76025 751.8844 4 0.09406239 286.01324 469.54614 658.6811 751.126 5 0.9865367 286.2641 469.0462 659.1105 753.51215 7 0.9975866 690.96545 463.94104 797.4177 624.729 7 0.98988694 718.422 148.3168 822.896 296.48526 ,test/3748.jpg
0 0.111291535 556.963 693.0351 632.7949 1021.48944 0 0.05388549 107.6969 499.30823 299.38406 543.7311 1 0.98560286 51.05034 12.305374 555.50116 520.41724 1 0.9817555 101.339386 585.7697 631.4325 1003.1324 1 0.95538205 58.470947 107.69025 618.10144 1017.6219 1 0.89931184 61.77356 262.27963 606.14014 705.84546 1 0.875003 650.0638 410.52252 1024.0 719.98676 1 0.6284722 164.08127 874.5128 550.1644 1017.86145 1 0.4507134 378.75464 677.2874 629.11566 1018.6817 1 0.3404433 169.25735 741.6368 586.5841 1020.81244 1 0.30766603 51.010483 302.56448 561.71356 525.275 1 0.2894601 158.38605 875.76404 354.5191 1024.0 1 0.15107997 342.88333 282.23834 629.60925 546.195 1 0.099416144 101.379105 423.92432 505.93756 707.1915 1 0.06037567 224.0429 516.9974 292.72812 547.17206 1 0.055943508 480.22647 288.09192 1024.0 744.44885 5 0.36633506 648.687 410.21033 1024.0 720.386 7 0.057479996 556.963 693.0351 632.7949 1021.48944 9 0.12639754 555.28265 727.8124 629.15594 1019.7272 ,test/3749.jpg
5 0.99058175 331.85364 164.18692 656.2339 966.7677 5 0.58239394 356.17065 115.844955 743.1205 523.9133 5 0.2682525 882.91547 0.0 1024.0 206.87592 ,test/3750.jpg
0 0.28187162 650.1815 380.0263 767.234 457.96655 0 0.16541782 446.73132 373.93823 752.41187 534.8981 0 0.14105316 640.6027 418.88202 731.9947 475.7661 0 0.103208184 450.36154 366.7852 622.82056 513.4071 0 0.097030394 434.5525 442.863 737.4618 636.58167 0 0.0771665 534.53613 702.07404 653.9429 776.0662 0 0.0636861 328.55457 585.0228 395.72394 610.0663 1 0.35045364 450.4546 373.62897 617.95166 510.34186 1 0.15785222 446.73132 373.93823 752.41187 534.8981 1 0.11509908 534.53613 702.07404 653.9429 776.0662 1 0.10733344 635.8072 381.99356 775.8398 471.57773 1 0.08846563 640.6027 418.88202 731.9947 475.7661 1 0.07381845 434.5525 442.863 737.4618 636.58167 1 0.07270039 327.57062 510.90704 571.7394 604.3587 5 0.061140724 535.3204 643.1985 577.44025 683.3959 6 0.99723995 406.00278 609.9568 769.3391 908.4253 6 0.081756264 535.29224 701.69586 652.8596 775.81024 6 0.07641893 222.9877 499.12524 751.80054 823.99634 6 0.06988744 434.5525 442.863 737.4618 636.58167 6 0.064490885 450.49722 363.86115 621.9077 512.9145 6 0.06285253 422.11835 620.09875 722.82465 792.74365 6 0.05934025 428.75787 744.33 545.002 785.377 7 0.99768317 191.8656 484.83234 716.9614 758.5728 7 0.9836126 316.8154 174.20996 757.3552 497.33264 7 0.91280735 359.63647 4.3467865 701.8074 246.7088 7 0.61612207 358.88556 482.3412 729.9571 635.5687 7 0.23771279 447.62146 379.2639 749.14026 659.14795 7 0.21446691 331.56363 493.21146 571.1664 597.73395 7 0.1698472 550.1482 0.22294235 690.4646 48.776268 7 0.13939199 420.83737 472.3851 734.64014 548.27625 7 0.12771499 464.27393 630.1314 673.8512 757.65045 7 0.106659524 676.15625 3.8126373 871.5979 400.47754 7 0.08047022 323.47424 262.78378 739.55994 735.08923 7 0.060286824 323.11682 345.3839 541.72473 482.45294 7 0.05873109 514.1925 494.02057 737.45386 650.62213 7 0.05794539 535.9365 643.88025 670.9989 706.13074 7 0.051581997 507.89716 506.545 642.7321 660.44684 7 0.0500965 449.4106 364.1098 676.7019 520.85785 ,test/3751.jpg
0 0.60040337 64.71411 281.58752 786.0862 804.68506 1 0.469374 61.68933 285.23337 785.9925 806.8336 7 0.30810058 63.26541 280.6921 785.952 804.9551 ,test/3752.jpg
0 0.50193244 36.984436 210.71877 895.4463 603.67017 0 0.16632627 700.47064 595.7385 763.3306 614.1926 0 0.13342549 767.25726 517.23175 1019.72614 733.70807 0 0.10510804 443.4346 585.467 663.9873 639.2808 0 0.10108641 225.23355 641.16626 381.96146 700.3501 0 0.06946887 417.17694 614.35406 476.02307 633.4047 0 0.05411743 624.7492 595.5009 831.8272 624.61115 0 0.052668564 894.6352 475.6532 1014.8526 570.9259 0 0.052168157 161.92929 486.07074 735.9508 615.12775 1 0.9817084 143.50772 539.3865 929.3751 1019.3949 1 0.38650835 417.51324 587.73035 661.18427 636.6542 1 0.21541528 767.7743 533.9534 1018.056 736.32684 1 0.18875067 624.7492 595.5009 831.8272 624.61115 1 0.1702266 746.47943 572.07825 827.4947 601.38196 1 0.15927976 745.8224 529.9844 840.65454 611.00464 1 0.115538426 897.9778 475.89294 1018.93726 571.10693 1 0.11249178 595.5098 0.0 742.82025 30.123993 1 0.09466581 624.4803 570.5628 924.77496 629.24384 1 0.07645675 699.01294 590.2608 829.58386 618.7829 1 0.06496833 805.28986 564.86945 926.27435 612.2061 1 0.058953926 765.6404 528.9907 895.5204 601.0149 2 0.10311388 434.90924 585.34076 666.64154 637.9135 2 0.07318436 884.05316 475.2797 958.4273 550.3854 2 0.07089996 903.4241 476.65024 1016.59265 568.64874 5 0.1752494 740.2693 526.81573 916.3103 602.4693 5 0.10268503 624.7492 595.5009 831.8272 624.61115 5 0.080112055 699.01294 590.2608 829.58386 618.7829 5 0.07992985 745.4046 570.75494 827.5433 601.25323 5 0.061091673 805.28986 564.86945 926.27435 612.2061 5 0.05029319 702.2031 592.6021 761.7263 614.07587 7 0.68743 752.17175 465.38867 1016.33716 738.40344 7 0.59010834 747.9978 463.10895 1024.0 597.74567 7 0.40775898 664.8999 217.15843 1024.0 506.3222 7 0.3989157 870.0485 526.75684 1018.43207 741.2677 7 0.32728517 806.8293 334.33044 1021.80426 707.3508 7 0.17524163 740.2693 526.81573 916.3103 602.4693 7 0.16391374 711.3402 208.14438 1024.0 755.74 7 0.15082288 753.8829 480.488 878.2408 539.8297 7 0.13193333 800.83246 468.99982 961.19183 568.02655 7 0.098797575 718.6803 486.9499 941.5448 625.4517 7 0.08414644 895.4476 473.22638 1021.6866 570.0101 7 0.068552785 764.5458 530.10504 899.10547 570.9987 7 0.05069988 750.02246 494.80618 785.35205 534.19025 9 0.5709497 104.752625 214.00276 882.95013 598.8151 9 0.4897242 495.25323 454.75702 726.12274 596.1202 9 0.084955096 161.92929 486.07074 735.9508 615.12775 ,test/3753.jpg
0 0.13254155 641.6788 136.13914 685.3912 458.71216 0 0.058532003 740.78436 427.3068 816.352 565.6772 1 0.99565977 42.106567 93.25195 726.4619 628.6736 1 0.9555946 1.6944733 795.2125 142.09047 893.35254 1 0.94671375 12.503906 138.67703 1024.0 934.5156 1 0.94310045 740.8376 427.5149 816.17206 565.28766 1 0.8885151 392.89975 606.29755 494.17453 638.54047 1 0.66933256 270.52185 606.7042 581.58264 673.2781 1 0.64568424 64.8017 661.92914 990.3902 922.31146 1 0.6097109 498.55353 124.654236 753.918 667.3779 1 0.6074614 23.967407 447.96445 1024.0 844.8933 1 0.5683064 728.2408 152.85004 1020.6336 871.288 1 0.5538856 614.38275 115.29074 740.5026 669.1791 1 0.49826366 224.86761 671.8304 409.2444 693.0245 1 0.49276575 6.353073 508.17938 151.52052 898.86945 1 0.4896829 39.69348 447.81604 803.58356 672.76953 1 0.464219 43.577713 586.89276 307.9771 670.6243 1 0.424423 663.5361 115.94574 744.80865 575.6594 1 0.37788376 0.5395317 269.95142 111.89415 618.2526 1 0.34266526 40.46689 509.87634 326.52997 689.7516 1 0.33719707 0.0 792.429 144.65636 1020.53644 1 0.33706924 264.04062 620.73724 509.84732 664.16425 1 0.3259365 292.1947 597.22144 601.26447 647.8916 1 0.3016276 52.481934 553.17523 682.6762 676.96075 1 0.27601156 566.4328 116.07895 693.92426 629.5458 1 0.26516923 672.44635 118.86304 784.5557 449.86865 1 0.26112908 60.302887 483.8893 682.19385 617.4322 1 0.2449065 5.792015 205.60092 159.67441 953.2406 1 0.2295184 305.18167 598.68933 440.51315 633.9436 1 0.21879873 668.5276 111.800964 714.7988 450.1087 1 0.19767392 440.19757 421.50934 776.07526 662.27716 1 0.19443466 223.67691 632.445 603.52673 685.8338 1 0.18338752 644.4034 134.44753 691.7409 460.96613 1 0.17079403 727.415 135.80374 790.0142 280.55588 1 0.16586882 473.286 634.4972 593.88513 666.88184 1 0.16537341 382.0961 615.46155 495.3315 661.40295 1 0.16091546 478.76376 639.67755 561.39246 662.88116 1 0.13744195 671.36224 137.08849 688.6268 230.3308 1 0.11177459 20.082436 498.77676 60.305496 621.9758 1 0.100808024 672.98413 122.902885 696.8745 284.81247 1 0.094230995 639.8906 390.62857 747.8876 667.9142 1 0.089610964 477.3188 609.47125 594.14984 652.9393 1 0.08800922 709.8234 111.10281 752.6313 441.0123 1 0.08498066 686.8954 123.17139 789.8098 307.2627 1 0.08449239 32.077774 243.7566 252.14662 678.8716 1 0.081761345 694.45636 99.55786 794.0711 667.5309 1 0.0725222 4.012821 860.2432 108.01311 1013.5389 1 0.068997964 556.8533 302.4737 821.32495 679.32855 1 0.06779494 311.4359 577.9122 674.4545 657.9609 1 0.06771273 726.807 229.03275 943.255 700.42004 1 0.06600039 667.9605 125.226654 693.00775 383.95605 1 0.06571299 204.83893 586.5635 806.3467 687.1167 1 0.06458063 278.91312 141.21349 652.91187 640.2289 1 0.057701223 361.2544 631.6746 583.06744 665.98846 1 0.055105075 736.67535 334.74603 828.1524 574.8095 1 0.054985747 678.6973 214.7573 710.87933 440.73428 1 0.05449776 738.8016 312.25732 821.38324 450.91034 1 0.051957674 522.8534 648.9328 597.74695 668.13995 1 0.05150857 187.22346 500.5291 629.32196 549.98456 1 0.051267285 525.3233 642.8333 590.736 662.30914 1 0.050487638 14.999466 488.5902 344.66833 915.2324 1 0.05008335 206.87956 660.4556 574.11145 694.48895 ,test/3754.jpg
0 0.9992467 174.21191 194.06372 761.5145 781.8244 ,test/3755.jpg
2 0.99959546 424.71136 440.1246 755.8139 673.978 2 0.19837631 401.2265 432.7085 541.91846 673.52795 2 0.1005281 444.0823 437.22174 489.30923 670.41327 2 0.058579445 473.3686 449.3101 506.77765 675.508 2 0.05423828 464.28073 446.7917 492.65146 667.05255 5 0.32112676 402.02505 434.23914 476.34744 675.1267 5 0.15634535 444.0823 437.22174 489.30923 670.41327 5 0.114655614 400.03983 431.7527 562.64343 672.4917 5 0.083812006 464.28073 446.7917 492.65146 667.05255 ,test/3756.jpg
0 0.9826233 266.59198 295.7008 810.56464 733.4226 1 0.06640378 261.76657 297.2688 784.0874 733.31335 ,test/3757.jpg
7 0.99975866 223.01208 278.59985 629.0778 768.4347 ,test/3758.jpg
0 0.11333351 318.85843 701.925 335.50827 791.50543 0 0.099941984 64.258865 319.38123 224.06374 519.26526 0 0.07151434 153.7545 318.0397 236.78355 485.89664 0 0.0519689 313.0598 627.757 835.02405 898.5828 1 0.9851967 476.71643 147.28671 903.9769 541.1808 1 0.9709954 28.134384 296.30133 433.50787 600.4706 1 0.9639738 666.31995 892.9854 1017.78064 1023.5533 1 0.9226998 915.2604 0.19609451 1024.0 121.83313 1 0.8901534 321.56677 558.2287 854.2798 909.8674 1 0.8782684 93.44725 584.181 368.14355 769.4469 1 0.75180614 67.62152 508.42395 454.56726 772.2272 1 0.74422646 415.27637 881.9024 668.38684 1023.2653 1 0.73338467 143.8115 295.84302 384.5198 547.69586 1 0.6636021 489.67508 512.8815 1024.0 610.72644 1 0.4677271 81.95363 490.06995 407.74396 643.3264 1 0.38878855 322.69772 511.74316 405.39688 686.5233 1 0.36858687 34.063377 319.76254 225.34286 521.4291 1 0.34808728 318.0358 671.6278 1000.57996 1014.1084 1 0.26755145 356.14447 497.84814 466.84662 618.0376 1 0.187499 667.5531 588.46625 733.7042 605.42755 1 0.17210706 362.50787 525.1566 402.63513 643.2855 1 0.16884933 389.31796 498.7518 441.9152 621.77124 1 0.16516685 417.59924 867.934 1017.30005 1024.0 1 0.16120732 95.09391 667.1517 340.67307 770.2697 1 0.15265524 204.36317 589.08466 352.56842 695.23224 1 0.14571925 393.4087 502.2996 473.7541 596.02075 1 0.10571284 319.72156 542.65234 471.6233 731.9346 1 0.10307468 708.6348 894.39777 990.7039 959.57074 1 0.09195989 366.298 497.34158 424.4861 632.3633 1 0.0896778 316.91412 577.8223 387.99634 673.94464 1 0.082180455 320.4396 629.5227 383.4055 681.6587 1 0.078086 376.02957 509.1443 407.54 632.8452 1 0.07344342 165.72507 378.3078 410.66385 689.04645 1 0.072216816 121.74138 563.90216 379.93628 665.19867 1 0.07213311 335.25143 551.80115 393.1382 653.57385 1 0.06898595 761.2426 631.3554 840.94147 895.3029 1 0.068815745 375.37094 388.32892 434.1284 625.3639 2 0.7090659 61.133415 403.00067 217.82379 519.216 2 0.09905905 33.876198 320.86377 224.84756 521.7122 2 0.07778695 101.088684 399.3665 205.00595 483.00076 5 0.18170115 60.90326 402.26715 218.28357 519.409 7 0.06629304 186.0953 304.78644 237.66626 319.4463 ,test/3759.jpg
0 0.46013817 337.22217 268.0354 587.0735 463.49707 0 0.2447447 2.1004639 836.2954 316.70193 1024.0 0 0.24434286 194.50368 589.2339 280.82056 644.92615 0 0.120462954 350.18848 562.3192 411.9088 621.98145 0 0.09968511 249.27263 569.10223 366.47626 623.7165 0 0.098664545 258.39294 567.89514 325.58484 597.47656 0 0.09617835 569.01483 566.02216 691.7918 726.608 0 0.07664086 21.57251 619.6658 346.229 803.84607 0 0.075616494 353.03906 567.85846 460.23102 630.6232 0 0.06637568 303.07687 571.4048 357.1071 622.5353 0 0.06285204 4.838379 651.83905 958.2834 1021.5826 0 0.0564734 613.48486 555.5396 998.1654 991.0915 1 0.8491602 13.570099 413.9823 620.5836 779.4501 1 0.55643785 7.6569824 448.04022 582.9625 641.3841 1 0.5353249 303.15555 571.2963 356.93155 622.6005 1 0.4587859 253.51901 442.39868 602.44226 624.4674 1 0.4223807 79.566666 600.3572 354.19427 772.475 1 0.42173564 396.4431 575.3252 458.44415 630.60657 1 0.39447698 29.727295 619.1566 700.2987 1018.89307 1 0.3881858 238.5357 565.03375 549.13043 764.3127 1 0.34339827 264.2278 564.6474 461.455 630.6148 1 0.288725 253.97382 568.85724 360.18793 623.918 1 0.26417089 452.61328 556.567 531.1392 637.56604 1 0.23382278 337.22217 268.0354 587.0735 463.49707 1 0.20983036 20.608124 471.76178 773.45654 916.8295 1 0.1949224 2.1004639 836.2954 316.70193 1024.0 1 0.18933998 84.33469 612.71875 514.50415 804.4778 1 0.1676408 186.51341 590.3237 287.0035 643.07544 1 0.13394415 400.55396 570.0202 567.7913 635.8349 1 0.09941449 348.01617 252.4584 598.15314 635.40173 1 0.09082245 333.84113 565.15125 416.05994 629.2246 1 0.08900964 347.2577 562.3843 523.529 633.50684 1 0.07993196 293.01752 438.53903 570.4252 500.26816 1 0.06658247 406.78824 450.85583 560.008 629.1394 1 0.066003144 258.94928 578.43195 320.16003 622.4389 1 0.06515011 25.382538 620.49744 359.41306 867.959 1 0.06374414 146.4127 249.23471 651.9373 861.1229 1 0.06338611 8.731064 521.05304 378.73145 760.36346 1 0.06271626 496.50058 598.73315 533.96765 638.1726 1 0.06051674 512.58795 592.16345 571.29803 634.5458 1 0.050531544 508.58176 590.2173 538.7683 634.4114 2 0.8167667 195.05684 588.4661 279.0541 645.4827 2 0.34874287 329.19336 602.79114 405.96204 628.9335 3 0.08834985 2.1004639 836.2954 316.70193 1024.0 4 0.36578864 419.32678 683.0658 700.2565 875.6113 4 0.08484928 623.5543 718.5348 805.9435 907.97473 4 0.07230212 268.98016 227.94827 590.0643 464.18546 4 0.06507861 60.92386 651.1748 714.2317 898.5065 4 0.05997212 449.396 557.29254 525.72095 637.5644 4 0.05363121 409.65698 852.38464 681.06384 1022.99146 5 0.95927 527.5508 411.5553 973.52234 750.2947 5 0.8773884 9.182098 21.695602 833.7693 501.7173 5 0.58401656 250.97156 216.80196 591.15076 465.39606 5 0.5454446 36.065735 196.05122 340.42627 491.6994 5 0.5054335 639.339 575.5238 967.85266 886.5021 5 0.4708904 513.8604 247.37137 993.0892 881.44165 5 0.44863126 82.672424 38.46768 994.7027 848.86255 5 0.4435698 421.5212 733.66644 515.18256 801.61993 5 0.4108703 511.84137 863.74774 672.5297 960.89764 5 0.37215665 328.79892 602.8105 405.16806 629.017 5 0.3643406 628.4128 723.1201 795.4522 915.79663 5 0.3460236 26.38382 632.59485 857.78906 1024.0 5 0.2869529 19.026367 366.33197 885.68555 896.5002 5 0.2729911 0.0 53.56401 371.88705 437.19806 5 0.24801864 3.1010132 391.70242 193.0047 522.2067 5 0.2084059 379.22516 679.266 705.05023 871.02466 5 0.19986159 60.92386 651.1748 714.2317 898.5065 5 0.19472434 409.65698 852.38464 681.06384 1022.99146 5 0.1904086 11.666321 430.46622 393.27127 639.82227 5 0.17753832 615.73444 830.05835 714.29254 910.7755 5 0.14018103 90.56619 855.3182 705.2125 1022.9296 5 0.13843209 268.438 218.6637 1014.98315 495.20978 5 0.13769124 15.288361 36.69745 458.9467 659.30786 5 0.12072917 212.5618 178.51291 284.52982 243.51279 5 0.117002085 146.4127 249.23471 651.9373 861.1229 5 0.09541663 348.01617 252.4584 598.15314 635.40173 5 0.08249746 618.90936 700.7208 904.4681 901.25854 5 0.07926796 0.0 367.6739 314.9698 511.15668 5 0.07922761 449.396 557.29254 525.72095 637.5644 5 0.07807565 47.576416 256.95578 598.92145 492.4329 5 0.07647698 20.361267 371.81668 595.89307 709.5702 5 0.07234035 166.7687 72.12163 634.17615 470.5462 5 0.065057755 304.8903 437.53702 397.5245 465.93893 5 0.06487787 483.3961 408.2071 866.72314 612.5567 5 0.06164746 269.6816 158.82716 513.0792 233.37721 5 0.057839707 11.088852 348.14725 326.47772 767.65063 5 0.051919546 403.15332 660.9807 1004.1958 974.92566 6 0.9761361 0.0 370.13882 61.642025 485.4899 7 0.7471995 301.16672 436.81302 417.76505 465.65463 7 0.16294405 323.6587 272.27563 585.516 462.14545 7 0.08132141 12.137054 10.837189 692.74695 517.3789 ,test/3760.jpg
3 0.9997062 197.28561 292.1789 729.0171 779.30426 ,test/3761.jpg
0 0.5630422 849.62494 585.0526 1019.37177 660.1907 0 0.33994398 264.32477 854.72253 427.78485 975.8673 1 0.3656979 263.5653 852.7937 429.1728 976.20776 2 0.76844347 264.15253 853.0195 429.60333 975.9357 7 0.99826556 352.1264 212.90874 640.8348 476.08295 7 0.19060911 850.48236 584.9477 1019.8477 659.9334 ,test/3762.jpg
1 0.99968696 98.17537 325.35297 461.7829 729.42365 7 0.99991274 512.1831 281.90546 944.3872 755.2923 7 0.99973327 378.2025 519.9872 530.83545 797.5614 ,test/3763.jpg
0 0.9229297 222.14903 262.59045 485.89948 868.9159 0 0.25505078 581.178 434.42133 708.2417 674.0623 1 0.11819804 221.4362 264.47397 486.6961 865.4292 7 0.055680867 221.25562 263.4415 486.37952 867.3439 ,test/3764.jpg
0 0.11321207 302.78424 482.65402 520.5298 680.4369 1 0.99864596 302.58298 312.36118 783.81445 685.62317 1 0.24755664 302.78424 482.65402 520.5298 680.4369 ,test/3765.jpg
3 0.9795679 507.78583 529.08923 651.2625 716.9652 5 0.072271585 197.25992 967.6322 459.71408 1021.87415 8 0.10750713 507.97775 528.68024 651.39056 716.4711 ,test/3766.jpg
0 0.08142918 66.28661 462.0979 119.60624 657.01624 0 0.07735742 422.18323 400.4942 465.97424 437.47266 0 0.07626164 483.52905 706.3719 502.2495 738.55927 1 0.14075123 96.60748 507.51562 129.86974 546.246 1 0.12288149 105.82512 454.01416 136.23193 527.9274 1 0.08834022 100.80593 462.0354 123.93275 541.65076 1 0.06142994 90.09105 449.60342 138.19875 543.1106 5 0.059927456 570.4668 680.8894 629.9667 734.407 7 0.9996604 29.161865 395.14117 459.6505 895.4605 7 0.99843556 645.3968 396.91428 886.83527 728.7086 7 0.9967841 367.354 351.1062 706.3148 835.23047 7 0.98608285 805.68024 361.0737 1002.18 701.74695 7 0.63606876 56.136993 442.18817 138.841 653.2199 7 0.39398262 423.23026 398.65277 466.2709 437.99988 7 0.08207462 371.04584 394.14508 559.65967 754.99493 7 0.077470854 644.8814 396.7796 818.6182 516.5804 7 0.06565083 72.28954 467.16452 119.062965 654.9796 ,test/3767.jpg
7 0.99988544 134.31628 304.02496 787.9752 806.2382 ,test/3768.jpg
0 0.24703203 203.3518 468.02606 684.3093 791.0733 0 0.22452226 726.0379 275.03198 897.0313 413.2104 0 0.1727686 6.530796 407.84058 77.604065 463.92438 0 0.17200676 603.7426 610.2191 947.2225 832.1836 0 0.08576097 688.4747 262.24646 1005.8055 422.26703 0 0.065434724 186.39554 386.72437 1005.40173 816.8251 0 0.06140729 210.49449 472.33667 495.89258 667.1892 0 0.05147782 22.923325 267.15982 502.01648 664.23193 1 0.51188976 11.459534 269.70856 502.75146 663.53265 1 0.2690069 602.0944 611.3499 946.21185 831.90314 1 0.23457234 41.42035 269.66458 1005.3471 814.17456 1 0.2198236 438.41913 456.2267 958.309 826.1763 1 0.18265049 166.80414 0.0 1005.2443 417.69077 1 0.08501728 119.50037 88.08417 1004.0322 628.26984 1 0.06932037 203.3518 468.02606 684.3093 791.0733 1 0.06836587 243.32187 184.7244 970.89453 475.24252 2 0.8627293 449.97794 485.73303 508.5903 642.0321 2 0.75701714 18.018784 269.16415 501.0426 664.0725 2 0.47368196 438.41913 456.2267 958.309 826.1763 2 0.4404136 558.1525 456.87006 839.6619 584.32306 2 0.38104522 603.4134 611.6299 947.41595 832.24255 2 0.1678601 48.59146 283.80203 1016.4425 839.6024 2 0.12325675 455.87408 469.17432 613.12396 630.98254 2 0.11422848 218.00156 476.05692 503.6476 662.4467 3 0.10667729 603.15015 610.04736 948.2809 836.2124 4 0.82825387 604.3198 612.5914 948.2864 835.0922 7 0.75811905 922.60077 729.3115 1023.9671 813.3977 7 0.29295513 182.44952 0.0 1000.4389 419.87683 7 0.17121765 688.4747 262.24646 1005.8055 422.26703 7 0.12013301 726.0379 275.03198 897.0313 413.2104 7 0.051654544 243.08655 194.507 995.05945 415.83118 ,test/3769.jpg
0 0.9011337 269.13483 739.9489 436.4206 812.2065 0 0.28748605 222.55533 198.88565 823.0812 770.63086 1 0.066467874 222.11499 204.11493 823.48425 770.05145 ,test/3770.jpg
2 0.1155378 478.4198 319.27893 877.23035 919.47534 3 0.9906142 479.08783 319.82135 876.4025 921.63617 ,test/3771.jpg
0 0.99610066 361.6765 236.2641 773.86816 749.708 ,test/3772.jpg
7 0.9955413 224.79584 458.5703 840.5368 856.0244 7 0.78680825 457.33304 449.7069 827.7886 679.8032 7 0.051519867 232.45105 479.99738 557.4541 852.3366 ,test/3773.jpg
0 0.32140526 505.6615 703.8893 623.9999 776.65894 0 0.314925 799.7572 674.278 897.07556 703.96344 0 0.0805833 2.0537415 108.08412 167.08093 202.95522 0 0.05475346 457.96426 665.9423 625.00366 774.8057 1 0.999148 75.108215 218.17068 951.11005 757.2993 1 0.34671214 141.9266 0.0 966.3513 417.97305 1 0.10110368 385.4947 207.32358 911.2895 418.68686 1 0.082504496 440.84708 501.9036 973.647 767.6322 1 0.06570887 471.59238 673.1435 622.0895 775.1535 6 0.50435305 799.7572 674.278 897.07556 703.96344 ,test/3774.jpg
0 0.38258114 706.8129 405.5967 758.8016 568.93604 1 0.12981373 385.40717 279.06665 719.9488 581.57684 2 0.99051803 385.6017 278.97403 719.30774 582.2312 5 0.8905316 706.692 408.0852 759.1206 568.6766 ,test/3775.jpg
1 0.102353886 716.7227 721.3519 890.7906 839.29565 3 0.9505915 344.03665 633.1624 435.2419 704.37604 4 0.9742027 469.53415 200.4191 845.0985 812.52 5 0.17397028 469.47266 201.29492 845.0995 812.69244 5 0.14390804 344.0108 632.7806 435.39746 703.77435 7 0.9945258 136.3342 665.91675 462.85825 904.1078 7 0.979031 715.1301 720.69617 890.8977 838.6842 ,test/3776.jpg
0 0.3498332 185.33897 436.99078 218.99797 479.70428 0 0.16687316 343.73828 729.74457 631.0665 904.26495 1 0.9211854 125.44336 625.63184 683.8273 937.4037 1 0.8028897 155.25545 716.3327 340.55176 786.86285 1 0.3851708 116.13083 617.25555 682.74023 771.56 1 0.17819417 267.42813 712.88947 345.36795 778.75616 1 0.15138343 552.45935 653.1453 670.9237 727.1573 1 0.122146696 131.07883 662.11206 350.5496 782.4951 1 0.101654135 343.73828 729.74457 631.0665 904.26495 1 0.07481267 359.84708 738.85114 584.00415 782.268 1 0.05256169 345.76242 707.8075 588.2998 778.24976 1 0.050689597 174.79553 738.6866 266.29523 777.60394 2 0.6692514 267.5616 714.2456 344.8776 775.47363 2 0.59680325 346.4322 707.80963 588.2738 777.61884 2 0.12937441 159.40135 716.74243 342.86676 790.2167 2 0.09466971 116.13083 617.25555 682.74023 771.56 2 0.07692627 135.71223 676.40845 347.05792 779.2706 2 0.061955415 346.76794 739.1639 596.12244 786.40875 3 0.5016843 621.4812 392.90552 720.54565 518.02277 3 0.23733975 601.1943 471.29294 643.30316 494.43442 3 0.16525719 608.53186 489.26913 677.8772 518.8287 3 0.111452706 616.38116 451.70547 708.39154 501.4305 3 0.097240336 615.27826 464.58868 725.03217 518.0173 3 0.082726 623.2897 458.597 654.5919 496.3886 3 0.062288266 605.0031 463.76343 672.2358 519.1715 3 0.0505564 346.70578 707.8987 588.2242 778.03845 5 0.5283103 659.10333 491.11877 748.83405 544.5936 5 0.28489017 345.76242 707.8075 588.2998 778.24976 5 0.27590272 738.5664 483.29227 833.8347 549.21405 5 0.26225483 618.64124 491.06146 674.22485 518.69745 5 0.20144849 632.46716 442.21353 733.85315 523.07715 5 0.15185659 644.21893 433.30612 844.56573 548.68774 5 0.13897164 621.1887 392.62378 721.3451 520.17957 5 0.12448258 589.7498 368.7381 635.6551 499.7273 5 0.058829207 623.4698 489.28406 740.3453 525.2416 5 0.058701627 446.06555 110.66796 617.95984 132.47543 5 0.054439817 717.9415 450.85333 775.45764 492.66895 6 0.16392903 446.06555 110.66796 617.95984 132.47543 6 0.061525866 345.76242 707.8075 588.2998 778.24976 7 0.9939405 365.92566 77.123566 796.99524 483.23947 7 0.9916407 168.69096 373.25446 630.223 625.70776 7 0.9793866 565.60443 366.74292 967.21747 705.41284 7 0.4117613 265.81317 481.89206 625.2257 625.7234 7 0.35397506 172.37662 448.81494 222.51947 623.54236 7 0.33895123 223.28174 499.74765 331.93903 638.3545 7 0.27525714 243.90929 328.44882 383.79572 432.1849 7 0.14992407 287.0559 506.12164 353.8708 606.0955 7 0.077336565 324.09967 348.4824 583.523 588.21875 7 0.07351704 167.87027 398.69016 391.3364 620.2043 7 0.07277714 378.37933 181.5305 655.17914 484.9986 7 0.06884494 184.97943 426.98456 243.07971 598.16364 7 0.057815492 338.66138 349.79205 640.21686 491.4251 ,test/3777.jpg
0 0.8466963 319.45773 348.34494 716.66455 921.54004 1 0.35859102 319.65887 345.25116 715.2127 919.1685 ,test/3778.jpg
2 0.7170086 224.02237 467.4018 307.25046 598.75104 2 0.055659086 225.26797 470.49796 305.29208 517.9878 3 0.9524485 364.82715 566.384 652.2946 792.6474 3 0.44880494 218.29399 473.46677 437.24945 675.8876 3 0.15515113 224.0932 467.60886 307.4342 607.0836 3 0.05305751 222.99658 521.1625 296.6631 600.2455 5 0.2197984 224.0932 467.60886 307.4342 607.0836 5 0.15915178 225.26797 470.49796 305.29208 517.9878 5 0.08003984 219.80452 473.51767 462.2348 683.6484 5 0.052224632 366.04327 566.39954 652.72675 792.83325 7 0.094519034 273.06824 477.95544 419.6336 673.69727 ,test/3779.jpg
7 0.9939739 324.69153 286.46796 590.1259 726.9196 ,test/3780.jpg
0 0.057074536 298.2778 719.12683 381.2344 762.2809 1 0.97744477 302.2879 704.98315 703.7259 895.3174 1 0.737637 287.20334 600.0553 379.36783 760.35596 1 0.60667825 301.4801 507.53217 732.9955 896.23285 1 0.31672046 381.43973 722.2528 649.6388 795.2936 1 0.22307676 621.8924 686.40533 713.57416 732.7591 1 0.152842 298.2778 719.12683 381.2344 762.2809 1 0.13272062 621.0307 700.0134 686.68 729.6306 1 0.052500777 294.37683 706.27966 394.4671 846.5492 2 0.17057338 0.7571945 738.73584 91.65969 822.96094 3 0.11325927 2.2884293 738.61633 113.684 865.67773 7 0.9993113 209.7927 227.70761 574.1199 657.1398 7 0.99827385 343.64847 516.4848 734.26514 758.1413 7 0.99692935 480.36496 303.37048 733.09656 566.0665 7 0.5759256 304.79178 721.3558 381.2549 761.57465 7 0.121140406 572.0675 514.3905 735.5154 725.80444 ,test/3781.jpg
1 0.9971861 117.988434 49.831818 885.651 911.40625 ,test/3782.jpg
0 0.06737991 63.963226 321.18164 780.71326 755.52405 5 0.96938175 58.325714 321.72974 785.46606 754.71045 7 0.20130157 54.849976 321.72174 785.19464 754.5607 ,test/3783.jpg
0 0.9598258 225.38478 792.3765 299.91504 814.9687 0 0.6020601 606.53204 517.18994 627.1873 568.33826 0 0.4006074 634.7093 576.87854 667.64667 620.4468 0 0.32775816 252.60184 323.11038 333.63962 335.3113 0 0.3275506 0.0 820.05725 60.826157 1003.21423 0 0.16102943 256.72498 384.98816 437.54535 512.8489 0 0.15492891 443.99222 782.48254 628.036 871.9562 0 0.15415193 517.6427 649.4989 587.1946 694.69727 0 0.1483158 930.499 667.90735 1003.0498 772.6156 0 0.14410059 476.04413 456.5531 540.0777 479.3224 0 0.1378448 705.09235 699.8344 746.09015 732.2869 0 0.13414952 351.80228 382.05014 438.23996 480.97977 0 0.1313944 253.17447 327.40045 334.00076 340.12415 0 0.120358504 409.3324 461.2177 603.4838 649.2287 0 0.114611685 522.171 674.73315 598.17053 702.31506 0 0.10200084 735.41833 599.44305 830.95984 668.0883 0 0.09994074 737.3295 582.6955 773.54877 637.0256 0 0.09974055 181.36748 208.3422 250.62584 443.34738 0 0.07707041 234.8794 442.6139 254.59769 491.65515 0 0.07578373 250.13431 319.24493 363.88345 339.1914 0 0.06673942 699.5687 594.8036 802.1096 733.80554 0 0.06192012 654.36285 540.0398 767.5439 693.4689 1 0.9797814 279.30066 293.85318 394.7492 332.18393 1 0.9059377 397.4733 529.7829 975.5967 867.03925 1 0.8928381 736.35565 599.6757 830.3121 667.76483 1 0.8092113 446.73447 781.7308 627.53925 872.8101 1 0.6041241 655.8873 538.1833 771.7345 694.38727 1 0.5934374 517.7987 649.5518 585.07104 693.17694 1 0.45897126 583.05664 267.58115 768.3601 303.11697 1 0.4396345 743.13654 564.29614 964.7692 829.94934 1 0.40048352 435.09235 536.60876 698.31903 715.2565 1 0.37986377 449.57318 626.27875 811.2469 860.6811 1 0.35385504 579.89044 261.478 758.7453 396.09348 1 0.32202378 595.8455 667.227 648.184 712.8764 1 0.3158719 519.1473 674.46185 599.5755 705.4361 1 0.31020865 423.97943 600.403 461.64856 638.79645 1 0.29152563 719.0987 427.80908 800.37836 479.28406 1 0.26355138 634.60004 577.4576 668.05536 619.8791 1 0.2505575 646.5154 546.4388 836.3546 738.43646 1 0.2475612 416.23984 461.14755 605.4653 704.3844 1 0.1672116 585.5763 257.21008 765.6648 288.24512 1 0.13159987 641.0526 542.34644 878.25183 852.61865 1 0.12693894 510.82794 562.8921 604.4067 706.36096 1 0.120870456 476.04413 456.5531 540.0777 479.3224 1 0.10260414 513.5883 650.88934 659.45233 716.57794 1 0.08824302 633.777 533.17737 722.32104 688.34436 1 0.07947844 526.4458 554.40857 670.9977 712.48035 1 0.07570568 704.08325 536.15375 824.453 665.6446 1 0.07098014 582.81274 276.53046 713.5709 356.9881 2 0.285085 703.7943 699.40454 745.22473 736.85974 3 0.08963481 232.29291 485.7247 283.2644 525.6347 5 0.95187783 249.70105 485.0135 455.91473 579.6568 5 0.9489691 701.7071 638.40265 793.24493 739.04865 5 0.73539203 232.05002 485.8906 282.80447 525.96985 5 0.67438984 658.629 679.00415 750.0801 738.4169 5 0.52339184 453.43872 691.23303 503.44873 769.37805 5 0.48868942 531.67816 560.26373 679.3896 712.44867 5 0.37665194 239.69363 384.8372 439.48306 500.38766 5 0.31135947 653.9932 675.06915 716.2735 727.0861 5 0.29892784 345.28775 478.06406 444.96994 492.72446 5 0.25795788 461.93243 687.804 504.34393 737.69916 5 0.24958082 701.6679 694.2123 746.49615 737.6953 5 0.1826979 636.803 559.7597 692.943 690.69 5 0.14798278 342.48886 380.05908 453.75662 488.05273 5 0.13789922 594.48114 534.5065 706.3636 714.5558 5 0.13155682 233.95102 355.74033 453.57205 601.1201 5 0.1075132 240.95013 437.17627 329.97363 489.44128 5 0.106244534 338.61072 479.7031 395.56158 494.52567 5 0.08993092 220.2274 345.53262 538.3266 493.71225 5 0.078531474 633.7527 570.9675 667.6417 620.71704 5 0.077397995 610.541 284.05652 728.7013 351.59082 5 0.07728878 228.48065 461.61963 378.14227 542.5047 5 0.07728442 256.97824 515.4161 306.68643 540.41766 5 0.07440304 656.23236 676.84015 711.89374 702.5877 5 0.072165 574.4664 600.35724 678.0125 703.4572 5 0.071856976 605.9324 516.8064 626.6987 569.1571 5 0.06467422 339.01984 475.14203 448.42938 502.0916 6 0.6301044 414.80475 461.633 601.6263 651.9782 7 0.9995617 88.82701 514.2799 477.1078 802.99304 7 0.8875797 515.68713 283.1299 791.2688 527.32715 7 0.8844891 930.66473 669.62714 1003.8382 770.85236 7 0.6109919 224.96408 288.02902 797.2306 505.80582 7 0.5099413 530.7947 557.01135 677.61035 712.8219 7 0.4467371 227.09888 325.4477 419.3275 513.1642 7 0.4014212 694.9032 402.67908 870.9453 583.53186 7 0.30585966 228.07721 293.40137 608.08673 700.98224 7 0.29068828 525.5283 368.71512 877.2766 625.7023 7 0.28295928 888.23193 451.51825 920.62463 556.0275 7 0.26244798 319.62653 300.60718 604.83765 470.38123 7 0.24270804 400.7537 465.16818 605.195 625.8875 7 0.24187791 719.5224 427.73456 800.5839 479.1557 7 0.16482063 582.82916 273.02875 758.7946 398.26715 7 0.15576917 361.3694 381.13928 487.7495 481.21838 7 0.14666508 634.3985 577.0193 668.01825 620.23267 7 0.10859634 233.95102 355.74033 453.57205 601.1201 7 0.096797176 702.9243 634.9576 794.6426 738.913 7 0.08868943 257.99985 455.94586 603.29553 644.04645 7 0.085537165 403.24478 383.492 469.31442 485.3404 7 0.0680107 403.67743 443.37775 787.46796 798.8764 7 0.06379358 632.38684 285.048 733.6754 349.96603 ,test/3784.jpg
0 0.81049955 919.3399 829.88043 1024.0 921.32 0 0.28412205 857.29517 827.9998 1022.579 960.50323 0 0.23734953 145.65656 428.53937 695.8903 744.76935 0 0.1707852 132.09528 158.25049 897.144 744.7119 0 0.08262148 144.71565 169.34494 423.83234 761.9612 0 0.050036974 539.342 560.7941 659.75555 702.6788 1 0.97257984 703.50366 250.91754 855.3098 358.89484 1 0.9683528 134.7091 162.29645 903.1244 736.9122 1 0.2775321 857.63367 827.9255 1022.5713 960.7773 1 0.19087781 915.0904 830.0274 1024.0 920.1154 1 0.07744186 144.71565 169.34494 423.83234 761.9612 2 0.15104474 704.30096 251.00438 855.888 359.1634 7 0.4775299 855.0113 880.3673 901.9926 957.46716 7 0.47217417 139.87189 676.59436 522.0636 981.35547 7 0.40953118 156.72888 543.0596 670.33624 989.69934 7 0.2882486 855.4527 827.90546 1022.13043 960.80597 7 0.28718406 760.2466 523.4867 961.82056 692.5924 7 0.12151913 134.34811 162.20685 752.2351 983.37115 7 0.08572929 918.57935 828.3917 1024.0 920.9719 9 0.15468 154.7486 444.1057 685.56244 739.6017 9 0.05750906 538.361 561.64575 659.7204 702.4049 ,test/3785.jpg
0 0.8956508 271.75452 859.7279 403.82922 937.45154 0 0.8822458 393.97183 408.02158 647.905 469.1616 0 0.48577407 5.7428684 326.21716 55.362144 342.12646 0 0.47664294 394.3225 329.0637 655.29297 544.2426 0 0.34859824 407.7416 318.29245 651.8154 355.93967 0 0.2824036 0.0 95.985855 55.908737 223.02461 0 0.13020469 256.29886 231.32088 301.28738 262.71738 0 0.11168037 387.8954 891.2421 486.4132 937.2515 0 0.089535095 402.31516 889.74884 523.35864 998.4963 0 0.07367222 401.0505 409.2199 482.72177 433.47504 0 0.06432503 113.38379 283.24432 178.37656 298.2171 0 0.062277034 243.7703 216.18544 303.10812 271.132 0 0.059879042 9.704199 154.10756 55.26191 217.6545 0 0.051840756 270.1386 856.8934 510.0357 951.2226 0 0.051496103 0.0 95.403244 21.219362 335.02222 1 0.9977196 278.54608 619.144 642.81024 955.74005 1 0.9906433 101.4754 113.6693 293.65717 260.50903 1 0.9897628 2.6921997 362.59796 174.85966 819.04 1 0.9879056 79.879395 176.17387 324.31467 386.7403 1 0.90159893 114.42848 255.83727 274.95764 298.13544 1 0.6912959 474.8712 962.01935 521.1893 997.9274 1 0.6253355 278.34372 183.53494 310.88437 230.28659 1 0.4599284 261.8164 229.16718 298.61945 335.28998 1 0.4079512 94.07739 247.88391 287.19873 337.76343 1 0.39172897 0.09555626 97.21452 56.55719 222.8925 1 0.3856606 0.4215088 765.40137 112.614204 1024.0 1 0.38008127 272.86017 857.7828 420.31165 940.1447 1 0.3546965 232.53407 225.80089 299.3833 308.40924 1 0.31931776 256.29886 231.32088 301.28738 262.71738 1 0.2582263 5.4007835 326.54953 55.629444 342.03146 1 0.24587156 243.7703 216.18544 303.10812 271.132 1 0.237537 0.0 764.4303 39.290302 896.6791 1 0.21207778 106.67081 227.26556 295.03363 306.5174 1 0.1950503 226.36385 268.6755 271.32208 299.8362 1 0.19183008 264.21222 176.11983 321.84808 389.0268 1 0.18227383 236.33224 169.22023 311.07523 305.8075 1 0.119142525 219.23412 286.09058 269.3085 301.35358 1 0.11907484 284.2895 159.96352 305.00787 187.03932 1 0.10908525 113.859375 282.6829 181.19629 296.17606 1 0.10870273 228.99725 259.1793 293.34943 329.94968 1 0.105347194 387.23303 891.72064 483.06104 936.2836 1 0.093925215 262.02722 183.22733 309.71265 261.60925 1 0.092353605 202.422 182.75623 323.42883 390.29962 1 0.09106977 464.6535 932.4813 521.2071 997.6516 1 0.09061522 116.329865 261.4389 188.21088 296.82574 1 0.08208309 138.74878 285.54492 241.09912 298.05444 1 0.07222248 239.25955 256.49478 292.8986 282.48904 1 0.06657657 277.80997 200.33974 304.34787 233.03987 1 0.065625206 94.08286 167.53996 262.91547 308.9826 1 0.06481569 233.4179 279.35956 274.46234 297.0559 1 0.06422212 157.16321 216.81621 322.91064 341.783 1 0.063831106 306.16656 863.99994 496.40253 946.9041 1 0.06356556 1.6546631 764.60706 116.76246 892.75977 1 0.060384233 177.13425 256.2295 249.94879 271.58984 1 0.059684027 187.56401 261.0503 272.67184 301.115 1 0.057056114 146.27411 264.55087 245.01135 294.27 1 0.053168986 0.0 95.403244 21.219362 335.02222 1 0.051922206 282.15262 182.76299 313.28104 346.37933 5 0.1976747 733.52344 130.18375 786.2888 177.61407 5 0.05031488 23.00167 181.40897 110.69427 329.38004 6 0.9986117 362.01047 163.85535 593.8256 368.09473 6 0.98860687 391.68805 324.73962 655.2177 571.17004 6 0.11869931 0.5763016 766.36346 112.06398 1023.98566 6 0.056573283 393.16803 407.8521 650.09 471.70215 7 0.99977785 587.9249 91.34743 844.2012 349.998 7 0.9657996 21.99858 178.56973 112.75458 331.27335 7 0.42494732 2.6466599 94.677025 54.550636 326.18137 7 0.41260004 388.32883 894.2259 480.7451 937.18365 7 0.26874784 393.04733 890.6514 519.3535 998.17194 7 0.2016645 733.4889 130.12285 787.6294 177.84172 7 0.14390433 272.69476 857.20734 441.20105 940.58905 7 0.14150588 430.273 914.2006 510.29004 995.3011 7 0.10961914 0.55897903 102.36224 56.550026 222.39273 7 0.10591025 680.5816 135.18976 726.7502 167.18271 7 0.09503392 377.81998 888.58606 512.6726 947.94666 7 0.07793044 5.7428684 326.21716 55.362144 342.12646 ,test/3786.jpg
0 0.9992094 276.27365 375.2369 663.083 816.35156 ,test/3787.jpg
3 0.99576265 334.62854 356.0055 824.3629 737.3928 ,test/3788.jpg
0 0.99770504 205.7005 903.6138 456.6339 1024.0 0 0.986584 89.93658 652.4591 242.72922 816.96436 0 0.7266176 542.5431 452.69232 579.8146 768.1119 0 0.1084615 783.9011 838.3404 930.52136 969.3188 0 0.09664914 361.60107 208.39978 598.07336 482.37823 0 0.09263056 534.7506 473.4269 675.0115 922.87476 0 0.07484781 360.7631 215.95334 723.25024 991.57874 0 0.069536716 736.7157 34.569435 828.8801 206.6861 0 0.05178921 535.49097 633.26166 750.7728 994.0839 1 0.6273658 362.22568 207.6249 598.50916 482.60162 2 0.5529435 361.61972 208.21686 598.1505 482.2799 5 0.5255993 543.5918 452.00095 578.7406 769.72876 5 0.21209869 362.17804 206.8301 597.2684 482.5349 6 0.9995435 570.29895 241.72223 685.1267 314.7422 6 0.05607818 364.10513 207.68993 602.20337 481.4964 7 0.75907284 537.907 635.91425 753.7704 994.2338 7 0.38947842 609.00995 875.65594 758.6407 990.5081 7 0.35474873 373.1434 184.32927 461.19156 249.723 7 0.076129265 565.4425 803.9013 759.2484 1000.10406 ,test/3789.jpg
0 0.93782485 880.37756 434.5359 934.0823 478.6825 0 0.24662274 728.00336 755.045 793.48065 801.8055 0 0.06674161 346.18405 268.6947 664.84155 746.90076 1 0.06872373 880.04803 434.22308 934.58966 479.2694 6 0.98902726 347.70752 264.6749 665.04706 750.01416 ,test/3790.jpg
0 0.74898654 729.66986 145.82991 815.0252 188.03673 0 0.6669512 553.2568 1.8512211 613.07806 61.229828 0 0.107619904 490.1359 264.16797 559.24963 298.31818 1 0.58110136 490.3568 264.74323 559.6399 297.81757 1 0.23793258 553.60645 1.7775478 611.4099 61.309822 1 0.16289194 729.3606 145.81818 815.0831 187.78525 5 0.06140838 532.2058 228.06482 639.2477 296.31836 7 0.99987566 202.57227 228.51318 852.4015 762.117 7 0.6188541 481.0403 217.14655 725.90546 306.1836 7 0.3423111 487.44138 261.48154 559.3336 300.2877 7 0.30722937 553.08575 2.2175312 613.20746 61.157555 7 0.12535094 532.2058 228.06482 639.2477 296.31836 7 0.059358146 582.2566 225.62308 639.6245 293.54544 9 0.06963351 232.09464 471.3102 334.1415 621.60516 ,test/3791.jpg
0 0.99883205 221.31372 246.89105 856.42773 845.4661 0 0.98940337 317.11935 184.61258 474.93094 304.50726 0 0.12586167 449.01788 569.0402 858.0817 840.65216 1 0.075332895 317.49875 184.78462 473.84543 303.94342 5 0.14438304 177.3437 301.0176 222.49367 321.5444 ,test/3792.jpg
7 0.9997061 92.02974 349.33557 461.58075 802.1011 7 0.99893194 604.89056 379.98767 717.293 565.6644 7 0.99493307 618.0259 532.52924 913.4418 711.92206 ,test/3793.jpg
0 0.07711381 258.83167 474.7527 437.56427 634.84204 2 0.122186065 215.42648 599.2511 263.7587 650.08167 5 0.530327 215.004 599.38403 263.84464 650.7593 5 0.12630291 259.45422 474.65228 438.6667 633.31036 7 0.9996469 417.19498 39.182037 789.3176 617.43225 7 0.9982911 345.90717 552.94727 694.10724 975.7086 7 0.9962752 120.90016 583.2725 410.82013 967.74164 7 0.99218434 592.0255 436.27573 909.3508 978.9905 7 0.97855216 477.3689 13.235252 572.3356 109.08991 7 0.9248963 260.4317 475.1185 437.40887 633.1334 7 0.14743738 387.72577 418.38934 845.1088 989.06976 7 0.12656036 476.6831 46.51055 518.4442 106.93737 7 0.09275519 501.9041 11.258766 549.09283 109.172775 7 0.07521605 355.8403 587.613 412.40817 673.04083 7 0.07267935 414.74023 472.49548 718.61475 614.87256 7 0.06963517 621.6688 891.87885 705.2528 959.1777 7 0.06391141 567.64557 44.56829 628.0461 87.81736 7 0.061877817 347.18268 606.5563 424.54034 878.8832 7 0.057963073 220.66147 578.53656 396.7894 657.0179 7 0.057766113 343.50085 757.72314 620.1912 969.1271 7 0.056299567 434.3089 572.3716 617.30304 724.99255 ,test/3794.jpg
3 0.99944156 228.95279 338.0465 802.07336 671.3036 3 0.4199998 522.40796 481.4166 806.40027 680.27734 ,test/3795.jpg
1 0.2579929 804.35254 542.5266 882.53784 661.05115 5 0.9645345 600.17395 0.0 892.7732 136.41125 5 0.663145 843.37665 653.62445 1021.112 1008.0621 5 0.5799876 607.0274 4.322834 900.2297 48.635384 5 0.4118235 711.75555 119.703995 860.4466 231.41814 5 0.27669585 871.99243 902.6469 1021.6515 1023.90717 5 0.24799888 882.1706 332.8032 958.7702 389.7643 5 0.21052626 612.7369 83.50899 867.6514 150.13731 5 0.18747364 602.30255 9.152344 894.1027 289.70355 5 0.154239 821.8943 379.35907 1022.84485 1013.0549 5 0.13184385 689.7061 93.852425 875.56647 286.19186 5 0.102251045 634.2799 0.0 861.9801 29.782433 5 0.08828275 726.23505 139.53413 851.24005 199.91786 5 0.08710727 768.1914 214.23589 853.3325 280.30045 5 0.08543534 706.4506 124.24245 885.2784 167.4695 5 0.06918941 825.28357 271.045 880.9514 289.86124 5 0.05595394 622.6738 91.46678 855.11084 215.37587 7 0.99929965 474.25684 90.71094 792.52527 614.0094 7 0.99799454 715.01465 269.25513 971.881 628.573 7 0.98916584 25.82843 339.5431 459.6199 879.32214 7 0.15334506 862.5808 277.594 959.26855 403.2173 7 0.12724039 877.5295 332.2531 962.0019 389.65637 7 0.077687286 646.83203 97.28296 923.2953 587.4275 7 0.06744397 712.1986 215.53278 844.3191 604.8108 ,test/3796.jpg
0 0.09673684 966.26666 430.39896 1022.7476 480.04153 0 0.055260938 662.21625 307.8 755.59955 377.16534 1 0.9529218 126.304794 203.83504 375.35754 523.32074 1 0.307158 964.9601 430.40317 1022.64246 479.99503 5 0.078782246 126.84268 203.62617 374.138 527.7706 7 0.999255 698.80005 232.51306 1018.36816 906.9581 7 0.9968521 144.97379 184.72818 761.9407 978.60986 7 0.9507501 324.21954 112.42624 810.767 523.5884 7 0.12295642 484.35663 104.30856 805.903 718.6997 7 0.113607675 129.6821 199.62656 372.65527 550.1217 7 0.11005294 850.9637 324.4341 999.21027 371.07047 7 0.106771335 294.9158 110.96228 952.72766 795.34265 7 0.08902627 698.72 229.72754 893.36206 691.2707 7 0.058453135 662.21625 307.8 755.59955 377.16534 ,test/3797.jpg
4 0.08240018 237.47784 240.59702 773.16425 903.11084 5 0.9984794 244.42035 246.87357 774.296 907.1581 ,test/3798.jpg
3 0.9973967 296.33496 308.09964 638.3626 588.54456 ,test/3799.jpg
0 0.68919605 170.91492 355.9321 931.8418 845.94995 7 0.1426003 190.98471 350.6406 931.01843 846.66846 9 0.43963858 170.25488 365.22946 932.5393 846.38684 ,test/3800.jpg
0 0.8126324 643.43146 329.34583 698.8455 405.74548 0 0.5637823 441.48032 613.18176 597.908 705.7434 0 0.5355723 685.60095 409.1344 744.59094 438.28265 0 0.5295864 619.9615 406.54404 696.3077 464.845 0 0.5279131 229.40872 179.15784 283.04642 231.73096 0 0.32366884 275.50888 556.1522 508.69962 742.43005 0 0.27437186 611.3115 403.27594 758.7069 461.1585 0 0.13163072 588.5297 327.26877 698.0922 441.027 0 0.11581843 356.6784 385.4807 529.89856 461.70117 0 0.10700017 640.2224 406.9979 753.92126 441.79337 0 0.10047257 87.135574 481.32693 255.87315 559.36255 0 0.08596534 80.392456 400.83563 163.87389 481.39917 0 0.08267025 310.44733 248.1507 445.2486 357.96118 0 0.07971951 50.704926 482.03558 240.62408 622.0184 0 0.07379598 119.69697 403.383 251.96182 494.22888 0 0.07324964 370.20184 374.3875 665.8427 626.8627 0 0.07158141 279.8589 276.14548 302.62976 336.5142 0 0.069290966 153.05106 190.60912 216.7348 263.72162 0 0.063195415 635.9842 308.46655 717.4677 435.58698 0 0.061292443 647.4567 413.80295 799.00336 594.66064 0 0.05953804 224.43997 189.99846 248.51398 244.38493 0 0.052432965 285.34088 565.0115 780.59174 761.4247 1 0.45802987 311.45923 248.02696 444.54407 358.5885 1 0.24333364 6.981529 220.09206 179.30215 308.78165 1 0.20333424 440.66455 612.39526 594.9713 706.08105 1 0.15761864 77.94257 400.05927 295.28757 498.29242 1 0.07077126 233.30154 178.78441 281.87656 231.79378 1 0.05731809 173.19223 201.35867 214.24228 263.11588 1 0.052569296 0.0 606.1314 204.61551 721.7935 1 0.050621588 87.135574 481.32693 255.87315 559.36255 2 0.99898845 175.75082 238.76616 297.0789 341.16498 2 0.4027891 312.79193 247.34177 443.69586 359.5253 3 0.91451937 648.0707 421.45905 799.355 591.5135 3 0.8301237 51.66635 484.70312 227.05661 624.1017 3 0.55389196 644.75964 271.0229 837.99207 585.97534 3 0.35908085 285.80264 566.0848 780.178 759.63336 3 0.275111 275.83792 555.73773 509.3544 741.62335 3 0.24778815 702.44275 267.17145 856.7372 464.92834 3 0.18384838 77.31606 400.475 299.0437 498.35043 3 0.15104437 579.3289 328.59265 669.0246 458.0573 3 0.10876495 68.52741 482.23685 255.59085 561.08093 3 0.09675517 311.91333 247.37834 445.29028 359.4265 3 0.085358344 657.06775 399.60486 800.9369 514.4477 3 0.07380562 58.9909 392.57187 291.05463 625.1699 3 0.065502375 465.64038 248.80861 687.5045 403.77856 3 0.056032244 95.99522 327.47363 284.0267 409.02448 4 0.8045472 574.0443 584.1162 770.29956 699.6863 4 0.70913434 304.2324 337.46674 396.8566 393.9489 4 0.44921073 493.89594 252.52422 665.40704 386.12915 4 0.42476028 312.0452 247.81584 449.08456 370.49564 4 0.36775884 77.242004 400.48447 297.35687 498.7678 4 0.30046684 392.5425 326.93478 453.00644 376.44296 4 0.26054242 93.49711 327.3325 297.11176 408.91727 4 0.15205772 356.62292 385.18024 528.3464 461.84155 4 0.1363148 276.7153 564.7341 777.7412 758.4577 4 0.107185796 358.29785 378.83923 667.4459 623.9597 4 0.10712966 579.3289 328.59265 669.0246 458.0573 4 0.057407387 588.5496 603.3844 643.2464 634.8053 4 0.05547503 124.36484 325.01047 399.233 398.04782 5 0.7240762 494.17957 251.42638 680.5824 385.80322 5 0.62759185 77.51248 400.67957 298.01874 498.5893 5 0.59707934 95.55294 327.52783 284.37985 409.03992 5 0.3428121 427.1135 378.15717 664.64124 628.7485 5 0.2791724 356.6784 385.4807 529.89856 461.70117 5 0.25019726 548.5752 475.94638 664.2001 635.9914 5 0.21767445 235.50601 402.27972 299.61362 502.99756 5 0.13857265 572.32556 584.0201 769.2191 700.8548 5 0.1347303 313.3203 246.62573 446.29584 367.5244 5 0.1182948 651.5076 263.18835 855.9655 507.43768 5 0.07758873 646.35175 414.64825 800.799 593.5533 5 0.072355665 586.6166 334.6764 663.75305 446.648 5 0.0613587 54.25762 476.68774 249.37546 622.70386 5 0.060731158 285.80264 566.0848 780.178 759.63336 7 0.29144502 276.11597 556.7423 508.7439 738.53064 7 0.2628937 95.65176 328.31793 284.02347 408.96887 7 0.15974486 51.030243 482.59787 237.4512 622.74603 7 0.09668944 87.135574 481.32693 255.87315 559.36255 7 0.050881058 77.30643 402.18268 160.59763 479.0868 ,test/3801.jpg
1 0.057201426 127.84473 144.22156 801.46466 742.1707 7 0.9903093 124.25421 142.94675 813.60785 741.93066 ,test/3802.jpg
0 0.99993217 478.83673 325.74017 882.512 597.04816 0 0.98096544 75.03198 438.67392 438.69824 674.8005 ,test/3803.jpg
0 0.095385596 321.3144 375.42993 794.6143 679.7412 1 0.081704706 319.45624 376.5246 793.18097 678.97577 2 0.90565485 317.96735 373.6808 796.3542 681.0582 5 0.05523524 316.07343 374.83847 795.9371 681.66235 6 0.43001083 320.98062 372.05573 798.0825 680.52716 ,test/3804.jpg
0 0.61506486 377.4577 505.71466 1024.0 614.946 0 0.5106948 406.2794 497.59445 786.5475 557.1235 0 0.48782814 700.55084 556.4182 1023.5927 612.5901 0 0.13607465 382.87213 477.50104 770.6176 623.7089 0 0.0732961 600.0615 532.4365 1024.0 621.594 0 0.06201943 355.98526 409.6432 1009.9657 625.60315 4 0.4323436 355.8576 555.8489 751.37897 814.734 5 0.82306576 357.7215 558.6581 748.95917 817.4292 ,test/3805.jpg
0 0.17590332 533.4876 465.67477 616.9919 495.304 7 0.99966633 334.20493 356.31366 722.43933 839.8731 7 0.69199866 385.43896 394.97095 480.47498 452.80176 7 0.35091323 383.29425 366.68314 612.4687 487.5969 7 0.26141548 388.23727 396.27448 463.92307 415.2796 ,test/3806.jpg
0 0.78143936 747.1456 832.27057 803.7258 898.9859 0 0.18588048 733.96216 121.49429 878.943 593.13403 0 0.106629446 503.62686 470.9211 532.2191 518.3596 0 0.093334034 613.98883 704.2294 752.0529 786.9403 0 0.0678384 682.48004 591.34674 727.8791 632.0341 0 0.055161778 594.264 592.854 727.55585 732.4149 1 0.9586673 351.14062 583.90454 562.69476 788.76025 1 0.83791286 538.00354 396.88977 795.62585 639.03906 1 0.8356743 594.6668 593.2269 727.76447 731.6377 1 0.8099573 563.1879 543.8358 750.0987 632.9109 1 0.7169677 612.4854 702.6283 751.695 792.3445 1 0.69604105 598.9827 648.35547 876.76605 886.3898 1 0.64315873 469.53546 678.97253 524.7638 756.94214 1 0.5549262 469.3643 672.3077 549.6571 779.5961 1 0.51677555 734.0747 121.2242 877.85547 597.457 1 0.45657197 553.0513 438.6943 649.14136 493.46927 1 0.34446484 589.6115 544.0628 812.37006 746.24164 1 0.34155053 424.58856 645.7056 559.1243 784.8188 1 0.2992247 553.7724 411.71945 877.5396 897.14136 1 0.26236078 683.3584 591.80524 725.5375 632.4722 1 0.24153541 347.237 661.99664 444.94934 794.1335 1 0.19135751 503.62686 470.9211 532.2191 518.3596 1 0.12695542 340.70676 591.56506 599.8622 966.9789 1 0.111543275 345.7359 573.6535 468.2489 683.04755 1 0.11127853 660.27246 593.1774 720.147 710.5485 1 0.09800042 610.4669 713.123 771.65735 888.36896 1 0.09713322 615.28424 659.7062 868.6445 766.50195 1 0.09044617 478.52493 641.37177 552.74084 749.61554 1 0.081812054 558.3669 576.6803 605.92816 721.343 1 0.07399663 552.6559 511.28262 767.2716 596.2276 1 0.0728329 723.5295 701.27057 844.3472 749.009 1 0.06829384 354.9363 674.82556 534.7096 790.3888 1 0.06813894 734.0747 460.08963 790.2977 558.2646 1 0.06408545 631.7719 702.83 716.12897 729.0214 1 0.06045683 783.301 468.29416 796.38354 549.8936 1 0.05946318 721.7609 668.5013 862.54254 755.7336 1 0.05736152 535.3334 481.31183 764.3838 714.5385 1 0.051709775 561.6587 556.9571 602.3351 625.7646 2 0.30021244 594.579 592.7897 723.1387 733.1666 2 0.08547092 618.7079 705.8879 751.9524 776.53864 5 0.91827446 711.1455 546.5661 801.76843 638.6519 5 0.78045136 800.03424 520.4369 869.3896 704.09045 5 0.6929113 711.6981 620.19586 818.9668 697.17096 5 0.3682025 712.81226 574.33264 828.9923 723.5563 5 0.21611167 717.64984 617.7072 868.9488 738.3951 5 0.17848797 706.4079 537.00775 746.0572 581.08685 5 0.16530491 87.91609 84.64537 210.60725 245.0262 5 0.13782994 610.4767 364.76926 751.04346 458.83182 5 0.12048493 714.71594 650.74243 817.8534 720.4348 5 0.10314501 707.2805 541.3045 783.66345 590.5821 5 0.08013823 715.6499 529.4015 872.6293 770.4983 5 0.054178618 681.6037 590.5772 728.88434 633.3178 7 0.99911433 108.54381 424.1425 255.78807 679.0645 7 0.99727947 272.19946 308.80035 441.46893 580.83966 7 0.95089257 339.6487 587.8642 598.6361 973.1296 7 0.9164565 613.80145 371.02414 768.35626 462.7935 7 0.43892494 546.912 425.80908 784.4446 574.76483 7 0.4226556 733.7206 121.31531 878.7648 594.05035 7 0.25450957 342.89682 313.88892 440.37576 475.93158 7 0.1675298 715.5264 602.417 848.6556 754.3109 7 0.089517474 707.7801 544.39404 804.3798 638.77734 7 0.077489525 354.81946 326.10385 430.55768 398.5856 7 0.06355065 595.21924 554.8408 867.20435 774.2731 7 0.05358473 714.4203 554.56903 820.36475 713.252 ,test/3807.jpg
0 0.5003972 505.17792 379.45108 611.2525 437.91324 0 0.43055633 492.05603 312.9035 610.5675 434.87128 0 0.37185937 354.5756 18.626686 467.18124 199.60861 0 0.17895351 408.1524 38.90194 464.55396 206.169 0 0.1346842 252.72783 4.1388016 595.7187 203.91037 0 0.101911016 572.1173 403.8901 616.964 426.37717 0 0.057914298 454.2286 56.59974 537.9109 106.67303 0 0.052414577 582.9239 364.41516 615.6641 404.0741 1 0.47661462 493.87143 314.1515 606.1291 434.49487 1 0.38973317 505.9321 379.19037 610.6762 438.0244 1 0.093562745 773.16235 175.47418 849.823 248.15924 2 0.11438049 453.8088 56.819305 537.0686 104.37125 2 0.077424966 508.77332 379.47806 607.09875 438.3406 3 0.09199379 454.27643 56.860767 536.74384 103.79617 5 0.2924483 454.65552 56.816692 536.3711 104.931046 5 0.05854995 447.69687 61.696762 483.3043 89.19832 7 0.9998789 624.25134 287.5409 1024.0 733.8911 7 0.9914368 163.33041 369.10666 738.22314 1008.9497 7 0.9796062 138.83195 5.436615 607.0742 501.72324 7 0.97750205 542.18085 177.4708 842.5682 368.9985 7 0.4270488 231.702 1.7949905 599.84656 212.86557 7 0.18029673 551.1297 174.00684 833.0273 579.62225 7 0.17527369 454.15002 56.71662 538.4361 105.54163 7 0.16658221 350.4164 17.719635 464.30527 193.71576 7 0.1307883 391.07333 21.860313 604.7052 222.24603 7 0.11757692 544.3907 209.12245 597.7491 333.56747 7 0.08598631 518.48334 337.8246 689.0025 637.076 7 0.069993466 190.17892 6.854393 377.87155 116.354256 ,test/3808.jpg
0 0.56775975 411.7921 19.03534 700.02014 892.8629 0 0.35181537 195.07944 153.06876 438.25644 792.33875 0 0.05618663 419.8687 29.629303 570.78 845.32996 0 0.05496616 537.4415 0.0 684.80383 944.3352 5 0.6553022 193.0163 153.80325 436.573 795.5438 7 0.30455172 196.15152 126.36124 439.78305 796.3528 9 0.5648876 419.95392 35.577362 571.54456 841.70776 9 0.16274428 412.72992 18.942108 698.3863 893.8544 ,test/3809.jpg
0 0.92114645 592.7297 518.9376 760.63934 703.2672 0 0.13860443 596.06226 576.7708 722.3026 699.27716 2 0.9999008 131.79529 277.6095 689.55756 682.27704 7 0.100185685 592.7631 517.8819 759.7713 703.24554 ,test/3810.jpg
0 0.10128246 497.28232 391.37683 543.21216 416.07947 0 0.07223763 424.0597 500.60587 617.81274 704.83887 1 0.99603134 173.18999 98.7498 593.86365 361.51715 1 0.96726763 413.96713 499.52594 803.7114 882.7337 1 0.83018875 180.89156 142.06935 623.7555 506.3911 1 0.7834692 587.22174 212.6374 630.15826 309.84525 1 0.7541005 420.52753 458.1622 965.61896 730.74304 1 0.65679145 332.44342 334.59317 627.92816 505.27768 1 0.6056829 178.05173 458.12323 321.40204 535.32947 1 0.568845 189.73553 327.91516 369.8907 494.86578 1 0.41657743 439.4707 482.6318 792.20654 574.923 1 0.3380035 425.05753 497.6239 618.7084 705.3296 1 0.32780784 196.65897 523.14484 296.80017 745.85065 1 0.31030598 313.61163 420.68225 979.6518 884.3967 1 0.23405004 628.39105 408.2765 941.67206 752.5331 1 0.113181315 388.5833 213.43016 626.5487 359.34015 1 0.091709256 186.58636 413.22946 388.9522 511.80515 1 0.08491906 497.28232 391.37683 543.21216 416.07947 1 0.08328272 257.0087 256.89005 317.97 348.3522 1 0.070202224 182.51112 458.9874 219.74715 482.99405 1 0.067467146 186.21121 123.30315 404.90146 354.87738 1 0.057875264 192.71063 460.02563 324.0639 498.98035 1 0.055771213 302.95602 374.0937 384.30905 467.36188 1 0.053624675 521.07684 211.69832 625.9057 335.17078 2 0.08318155 51.813133 501.09613 208.37262 662.1086 4 0.5123853 302.9871 368.48282 394.0587 509.4777 5 0.5824143 302.91745 369.14914 393.92667 509.7333 5 0.50826895 175.37749 494.25537 478.57544 1018.197 5 0.17104736 15.747284 435.79224 220.6353 928.57104 5 0.081580214 280.48434 495.67883 412.18527 646.21924 5 0.060658038 53.384766 430.74207 206.75342 664.57446 ,test/3811.jpg
0 0.10778755 248.38785 315.38205 298.02145 441.22275 0 0.062107462 219.72443 301.5197 304.49683 449.39246 1 0.99971753 63.920685 286.20477 917.1693 773.37836 1 0.88214 262.5268 285.6197 845.2205 455.70538 3 0.16155393 250.83427 318.13745 295.693 440.4926 9 0.41069716 0.0 640.2079 54.17861 871.9955 ,test/3812.jpg
0 0.99990237 324.32202 407.7539 668.2883 668.47107 0 0.062648445 371.34247 655.6335 475.57343 669.5026 ,test/3813.jpg
0 0.14853434 0.7154465 255.60037 199.966 482.4283 0 0.124030575 10.769951 10.323273 194.52173 486.04938 0 0.083057575 110.604706 182.4062 675.85767 629.617 3 0.07388068 21.588814 14.7417755 202.19806 484.54028 3 0.07203968 0.7154465 255.60037 199.966 482.4283 9 0.96975815 195.43982 229.19748 612.7127 616.4689 9 0.7439835 100.08859 193.02576 870.94934 634.45496 9 0.20267971 221.6413 397.36584 871.33795 630.6068 9 0.0584636 116.61618 179.94365 568.29297 491.0291 9 0.05514588 416.48056 468.20282 876.0498 631.9239 ,test/3814.jpg
0 0.8528643 481.61075 97.232025 582.03864 679.4995 0 0.6489728 751.45544 164.66006 802.2379 271.09152 0 0.27392203 348.57373 60.92511 586.14014 889.22565 0 0.2513852 532.5488 130.9263 588.4148 262.7263 0 0.16895594 453.0569 90.010925 652.9481 671.0981 0 0.12332656 349.86362 85.25485 409.35202 960.4783 0 0.09958782 682.8439 360.0993 819.3225 463.70514 0 0.06939294 424.2737 103.55878 828.926 673.9204 0 0.05623679 735.4893 127.04908 806.33514 283.7445 1 0.07980319 405.43097 66.43051 962.5175 896.6288 3 0.83617556 683.1801 361.2155 819.0799 463.1496 3 0.4704638 688.9905 262.42816 814.2556 464.11255 3 0.3010941 424.2737 103.55878 828.926 673.9204 3 0.2573814 721.92535 154.79092 815.0257 483.7454 3 0.17485997 405.43097 66.43051 962.5175 896.6288 3 0.06411123 361.12946 71.36627 631.81683 683.4359 5 0.39394477 683.08307 358.48376 818.5075 463.44366 5 0.338759 341.94888 125.0549 408.22885 943.8225 5 0.24143118 472.2395 93.83005 582.35425 681.79333 5 0.07812884 348.57373 60.92511 586.14014 889.22565 5 0.076408565 447.19003 84.73639 697.7875 657.558 5 0.067482725 736.1854 451.36 750.95056 510.27112 5 0.059702665 403.38068 100.86456 541.72455 688.6392 ,test/3815.jpg
7 0.99879265 179.6095 183.69305 815.6787 814.1391 ,test/3816.jpg
0 0.082113326 307.8359 171.9258 394.8254 275.10596 5 0.99852645 244.35577 188.08713 310.51825 289.4758 5 0.9981675 634.80304 729.88275 743.1126 845.3172 5 0.94088143 302.99615 171.85947 395.4463 282.0414 5 0.09368458 279.0748 191.88399 310.89334 258.7425 7 0.084706865 308.08777 172.00687 394.76782 278.5002 ,test/3817.jpg
0 0.22577596 242.99069 316.85846 889.6666 806.66315 0 0.070567906 82.713 517.8023 224.78566 685.81354 1 0.9501338 242.97345 328.5927 892.98444 808.0916 7 0.2543959 82.713 517.8023 224.78566 685.81354 ,test/3818.jpg
0 0.6957369 454.70728 406.11996 496.98468 446.03085 0 0.6205747 305.3986 19.284103 419.56155 301.562 0 0.5030143 738.74713 181.82271 846.9168 217.72322 0 0.37804258 788.6834 171.03177 833.7708 188.04868 0 0.33795062 742.39795 186.17432 810.99414 210.29138 0 0.28876674 788.9143 174.1101 844.80334 221.5546 0 0.2683045 390.68466 549.2474 426.50113 581.4141 0 0.19974157 763.96985 238.78616 1024.0 899.33777 0 0.1783682 468.43585 453.5441 536.4819 488.43442 0 0.16570249 270.99792 605.8699 566.6449 839.1632 0 0.1462794 589.19775 252.10448 690.0596 304.52512 0 0.14596377 678.2079 173.99185 849.7401 222.77023 0 0.13356951 672.86194 174.10855 706.2058 207.68463 0 0.12416689 827.7418 94.51105 1023.16406 144.15869 0 0.124156065 347.59097 372.53247 526.92206 415.80695 0 0.09366533 417.12753 538.4221 462.10886 570.6194 0 0.091968805 741.3409 184.30013 801.9543 201.08128 0 0.09016002 792.7522 182.08516 842.14905 208.03203 0 0.0817809 313.18002 485.10226 414.86484 552.30945 0 0.06594261 355.44324 390.92664 437.70245 412.64716 0 0.0635242 972.41473 149.0364 1022.5479 305.97763 0 0.06115154 904.1561 223.47577 1024.0 423.92627 0 0.058720943 832.23676 96.615265 875.2846 137.33429 0 0.057665806 392.17743 543.02057 451.45892 580.25165 0 0.05673173 796.8072 200.27663 847.42645 230.52684 1 0.70396686 589.4133 252.26816 690.7849 304.7253 1 0.40154362 976.1837 179.42232 1023.7721 298.19775 1 0.36849138 390.62592 549.846 426.25873 581.4792 1 0.29933602 905.0908 225.27963 1023.96814 424.98666 1 0.20896052 900.70013 238.3642 938.83356 257.667 1 0.16642374 392.56628 543.7336 447.75873 580.5927 1 0.14563556 789.95874 174.72919 845.6105 220.61954 1 0.12352098 765.5393 239.32611 1024.0 899.86115 1 0.083958656 468.43585 453.5441 536.4819 488.43442 1 0.08182103 791.73517 172.07207 834.8128 188.31554 1 0.08098174 506.35754 104.203865 536.43616 134.39375 1 0.06203661 313.18002 485.10226 414.86484 552.30945 1 0.059131574 455.2546 406.27557 496.00284 445.8128 1 0.055618748 740.14276 180.72235 846.47406 217.96527 1 0.051322978 441.67178 128.17041 471.86276 149.59613 2 0.9806722 832.0374 96.49214 875.009 137.79327 2 0.45445064 589.15344 254.04166 691.59045 303.47232 2 0.32573134 680.6672 198.62961 729.9222 231.80627 2 0.22526474 679.335 178.43015 742.9216 232.57062 2 0.13343291 453.0604 405.47443 495.35635 447.54108 3 0.52468294 680.7056 174.97858 743.0716 232.4844 3 0.17690168 688.0485 186.74057 736.1873 220.10242 3 0.0954808 680.51544 197.41547 730.4451 231.83783 3 0.086753204 678.2079 173.99185 849.7401 222.77023 3 0.06271948 686.21313 173.34563 741.6206 190.58086 3 0.05156497 739.34106 183.00978 828.08386 213.7546 5 0.43719882 680.76605 174.98753 743.11224 232.66844 5 0.13708457 671.33307 175.2789 708.6868 206.37524 5 0.095623426 452.07648 404.74478 499.0063 450.79324 5 0.06504872 678.2079 173.99185 849.7401 222.77023 5 0.057757158 686.33685 194.6825 732.82587 220.85236 7 0.9996872 398.4735 401.31653 785.38086 701.50024 7 0.9971396 444.24405 102.356 685.32764 270.29486 7 0.9924704 476.92584 678.22754 896.3487 1015.619 7 0.9796291 282.38327 605.4165 566.881 839.9116 7 0.7970418 381.8379 443.4159 463.62903 513.9682 7 0.40951195 518.4515 408.29803 583.9515 431.737 7 0.37495536 376.9578 418.55173 533.09424 518.88007 7 0.2642539 467.4103 452.6804 542.4353 488.69357 7 0.12592952 454.85303 405.48904 498.73712 446.62625 7 0.06267491 479.78098 614.7449 559.89844 703.63257 ,test/3819.jpg
0 0.94857055 93.10602 274.38165 828.8735 865.33453 0 0.42753157 306.7497 407.48138 386.1798 457.19586 0 0.38028082 257.45724 403.50146 390.38174 465.9364 0 0.32036301 529.13385 467.0573 641.1551 579.7518 0 0.30238652 274.09476 493.7945 472.8989 587.81647 0 0.22634056 334.19983 467.1386 440.0097 527.87573 0 0.19004126 414.58505 469.923 547.0857 512.1136 0 0.14680105 285.20746 360.39972 383.13293 380.12762 0 0.14332572 258.12973 426.69672 322.63956 462.00488 0 0.120775 343.53925 363.05124 628.7907 487.87216 0 0.085868046 323.3019 458.61047 407.24704 474.3985 0 0.08110643 777.2175 171.04456 1014.5696 406.80072 0 0.069659784 260.08807 402.30173 327.5608 456.62143 0 0.059969246 314.14545 453.28918 403.21326 468.77112 0 0.05984952 282.9385 347.00183 377.07333 430.3158 0 0.058468975 467.10446 475.89594 618.71936 574.5983 0 0.055977482 251.67796 352.88516 413.02393 378.3962 0 0.050521396 566.9448 472.2201 634.78394 532.4756 1 0.31127733 258.12973 426.69672 322.63956 462.00488 1 0.14134239 274.09476 493.7945 472.8989 587.81647 1 0.11647411 436.00592 362.21225 627.6296 488.52982 1 0.06840338 355.36984 364.98584 562.33356 491.9107 1 0.06618226 257.45724 403.50146 390.38174 465.9364 2 0.994745 264.5306 474.89636 353.10812 534.57007 2 0.9328672 335.04254 470.3448 439.61835 526.991 2 0.34222287 350.22586 363.26608 626.8862 487.75357 2 0.20436725 281.32385 469.65524 351.20923 512.8535 2 0.14435814 288.56415 469.36813 339.54724 489.26035 2 0.10657266 270.8114 479.97385 472.37677 591.4674 2 0.09310668 258.62787 462.7594 334.41766 501.86145 3 0.22870362 351.6618 362.70874 603.0429 488.29077 5 0.9654174 281.3512 288.15198 544.6116 373.97955 5 0.46088704 349.2464 362.75522 628.3001 488.3771 5 0.35440764 286.24622 291.82736 629.9116 504.14468 5 0.2506897 88.14188 608.3932 179.4122 676.1504 5 0.15862198 510.42184 289.35565 535.85675 331.77576 5 0.05391206 484.46164 286.66638 531.91425 342.42712 7 0.13487437 343.53925 363.05124 628.7907 487.87216 7 0.06447285 306.8889 405.77368 386.03323 454.3651 7 0.052902248 334.55942 469.28638 439.69907 526.94824 ,test/3820.jpg
5 0.9969779 276.66394 464.8186 813.20764 869.9425 5 0.99533385 245.92303 207.32532 775.28937 494.9488 ,test/3821.jpg
0 0.103624254 214.2241 543.6166 618.31195 724.8102 0 0.09554903 274.593 265.19843 713.3019 458.75366 1 0.9974088 221.34514 270.34344 716.33203 723.15424 1 0.6230639 274.593 265.19843 713.3019 458.75366 ,test/3822.jpg
0 0.5357822 103.73868 244.7092 869.9984 837.6161 1 0.5453614 100.88971 243.9902 881.00134 838.1212 2 0.17725496 103.135376 244.6842 869.38385 836.0077 ,test/3823.jpg
0 0.9990729 243.86307 347.9173 761.0591 758.4472 1 0.39887244 0.0 0.0 548.6565 210.8736 ,test/3824.jpg
0 0.47464967 413.7537 186.1575 490.09225 250.46783 0 0.09525545 632.3433 256.88968 670.43695 292.92374 0 0.068139 386.65488 198.70389 634.9857 386.14017 1 0.98615277 386.40155 202.86192 760.39215 527.4782 1 0.7997917 467.15442 330.05133 759.10376 521.311 1 0.14899415 386.65488 198.70389 634.9857 386.14017 1 0.14576966 413.68747 185.23543 489.74258 250.40742 5 0.9995161 180.00925 270.63324 504.26077 693.06396 5 0.28848702 197.52655 270.6872 286.08917 329.1692 5 0.11459056 195.8454 212.18797 742.60065 693.5472 ,test/3825.jpg
0 0.9156306 188.20056 463.89075 553.1669 763.474 0 0.6184814 931.4577 685.9778 990.7237 736.1958 0 0.45548746 432.76978 232.41077 744.98193 411.82178 0 0.3913704 784.3084 430.23193 1019.1558 672.16785 0 0.36520308 412.3733 221.51364 1005.47864 646.98157 0 0.28132674 928.6381 685.27826 1022.70026 750.14606 0 0.27661654 202.5991 564.5254 388.29108 751.8447 0 0.2078868 931.945 687.7088 1024.0 866.0158 0 0.2068724 967.8946 964.45105 1022.79144 1001.3074 0 0.15917467 251.394 614.355 687.0276 854.4446 0 0.1473213 775.4217 618.4518 872.30206 653.3993 0 0.14209396 191.29855 368.49963 1011.8812 735.3185 0 0.12381549 668.5105 268.14087 1010.1782 495.49384 0 0.12370671 781.9191 630.1778 1017.9439 997.2475 0 0.09759821 114.68537 946.7105 183.81491 1022.538 0 0.09758528 0.9033966 489.95447 412.22015 753.1937 0 0.096638255 320.71396 502.37772 505.90897 693.97473 0 0.08083291 665.2525 287.63214 1022.9439 775.3343 0 0.08039658 268.46088 493.73285 396.79413 576.17804 0 0.06992652 658.3163 280.36673 758.2285 311.73953 0 0.06785459 520.71014 619.2501 677.73224 751.4678 0 0.06744805 38.979065 947.3469 231.78455 1021.7258 0 0.0659659 0.7816467 96.39801 141.66862 327.6374 0 0.06447586 0.0 724.22974 100.14952 876.29297 0 0.057503488 662.70056 120.103035 783.948 172.39096 0 0.053325735 941.6689 962.2455 1024.0 1023.59424 0 0.05230682 663.5913 613.7561 802.3833 924.34717 0 0.050301645 176.04126 512.9685 806.73145 894.6998 1 0.9919117 13.68306 72.001785 506.65503 555.73676 1 0.95224196 540.95776 120.808304 793.01733 286.83905 1 0.8733449 0.018260956 732.8451 102.4489 874.5963 1 0.6884843 0.0 745.9654 224.13669 1023.8808 1 0.6375013 748.36694 51.801285 1020.1782 468.36816 1 0.48321486 663.1156 120.85379 784.71387 172.43344 1 0.41486275 930.9301 684.9772 1024.0 961.1542 1 0.35576275 880.4347 50.838753 1024.0 242.45612 1 0.31232354 967.8946 964.45105 1022.79144 1001.3074 1 0.28772265 0.0 946.30994 238.83829 1024.0 1 0.23597625 76.16235 68.59909 1015.41833 570.4011 1 0.2111742 781.9191 630.1778 1017.9439 997.2475 1 0.14923805 931.55914 708.34534 1024.0 846.9094 1 0.11120901 0.6725502 963.94385 69.166016 1024.0 1 0.1090713 7.5384674 374.2134 508.24188 542.21484 1 0.10732245 941.6689 962.2455 1024.0 1023.59424 1 0.10427079 240.31454 441.10748 471.62137 499.5594 1 0.096585475 931.8112 336.48175 1019.93976 386.3366 1 0.09654641 0.0 323.52448 56.717213 434.47437 1 0.09532845 14.3003845 241.09761 777.26636 715.0921 1 0.08521196 302.17712 194.78757 1014.2451 709.6577 1 0.08514642 665.4357 115.25343 712.2011 151.57133 1 0.08451212 48.96762 619.0358 904.64465 970.63983 1 0.08010155 406.62848 203.65147 460.38458 255.93678 1 0.07280622 43.857544 427.16608 637.1189 897.8459 1 0.05696866 930.2747 686.07996 990.825 732.0614 1 0.055917524 905.82745 94.01283 1023.87494 370.2085 1 0.050490435 302.896 482.89713 386.13867 504.68228 2 0.4010698 931.46185 696.5373 1024.0 851.2934 2 0.16387354 932.538 731.75256 1023.50665 958.39453 2 0.14239709 967.89514 964.53033 1023.11975 1001.3787 3 0.13025568 669.0434 617.80756 805.47406 885.2237 3 0.11819123 962.44855 963.7749 1024.0 1014.2206 3 0.052809007 629.99744 794.9027 794.4137 935.57214 4 0.07033655 962.44855 963.7749 1024.0 1014.2206 4 0.06216501 892.565 963.9444 1024.0 1022.43756 5 0.8874515 602.26624 662.3258 669.2532 742.32837 5 0.78729695 786.66516 629.9501 945.7554 998.01416 5 0.74991816 898.58826 964.0629 1024.0 1022.4639 5 0.6983494 262.23486 620.00195 684.7654 855.48914 5 0.29631215 662.944 617.9582 803.9652 903.1254 5 0.2435966 622.366 798.46014 797.2725 935.9556 5 0.17458472 637.28613 660.30035 669.4426 742.4014 5 0.15213443 519.86456 621.40137 681.59735 745.96216 5 0.14956973 897.22107 972.03314 968.6715 1021.57745 5 0.113658026 665.60754 621.6095 1010.11084 985.1913 5 0.11047459 485.13293 616.52185 687.8019 847.46484 5 0.08426672 962.44855 963.7749 1024.0 1014.2206 5 0.053568643 604.6147 625.5726 853.28876 855.4056 5 0.051469967 169.79153 609.3126 923.011 958.8624 7 0.7226331 671.9545 612.5455 802.89154 892.9172 7 0.4740132 435.21655 232.7764 745.1151 409.817 7 0.3964346 776.068 618.19183 872.4907 652.38214 7 0.36063293 708.57074 604.44995 780.85065 639.7584 7 0.26006797 414.28613 219.2584 1004.05786 622.31714 7 0.18750763 263.09772 620.4934 685.7963 856.68774 7 0.13242008 930.2747 686.07996 990.825 732.0614 7 0.093753 194.26552 568.7137 560.05273 755.2142 7 0.08785691 170.23846 476.63342 979.15924 963.7423 7 0.073290996 658.3163 280.36673 758.2285 311.73953 7 0.06874307 191.29855 368.49963 1011.8812 735.3185 7 0.06034983 0.2912445 520.66345 293.7353 752.7207 ,test/3826.jpg
0 0.99687445 702.05383 501.9072 957.6024 745.21497 0 0.9938896 665.3115 696.01556 827.6681 861.73846 0 0.94940764 522.4064 544.33075 734.40955 702.88654 0 0.6868695 180.87694 649.8877 316.5387 675.9675 0 0.55407417 705.4546 377.33286 856.3042 507.08133 0 0.5003613 512.47156 593.65 585.6157 662.3331 0 0.2905672 177.75128 627.29193 321.0735 677.0306 0 0.24874917 326.24847 667.5589 375.17896 703.65985 0 0.23321357 220.07603 625.65686 334.7213 637.93176 0 0.15510243 368.87653 493.30286 995.18744 744.807 0 0.14920399 235.8163 718.2378 357.79358 773.48364 0 0.13740006 180.6441 648.26025 318.0092 728.9586 0 0.12625201 686.4249 386.16388 919.8939 443.9599 0 0.11824325 184.46182 626.6423 334.85403 650.3211 0 0.107003815 458.11002 592.45514 531.39703 658.97797 0 0.09284044 743.28925 790.45514 817.42535 850.6004 0 0.06873711 695.70123 577.9964 739.7105 688.11884 0 0.05903361 691.4759 690.7787 780.45624 762.15845 0 0.05407968 701.4638 391.40033 813.3328 466.61493 0 0.052886296 666.694 374.33667 988.62134 505.2749 0 0.052009977 521.2152 560.7638 596.60583 678.0591 0 0.051796466 223.82512 637.4783 312.52527 647.9391 0 0.0517609 625.7463 397.56396 972.26337 851.75854 0 0.051254433 439.36 617.75 468.29016 659.4302 0 0.050739586 212.8497 632.55023 316.60855 645.25616 0 0.050583 569.64124 786.0274 614.86914 863.9157 1 0.15372533 305.7258 478.026 443.0773 624.9155 1 0.14781553 514.3987 542.6384 724.84595 702.3894 1 0.10479492 310.07794 328.57428 736.50543 620.6137 2 0.98255116 309.58362 327.22668 735.4269 621.42615 2 0.09405969 305.2179 475.50507 444.65814 625.1136 3 0.22063687 233.17126 717.6472 355.58466 775.7245 4 0.20942433 233.8354 717.76245 356.68698 774.5985 5 0.9941718 346.83328 664.7908 652.0613 864.9242 5 0.21819514 235.8163 718.2378 357.79358 773.48364 5 0.10853738 180.87694 649.8877 316.5387 675.9675 ,test/3827.jpg
0 0.8986363 554.27264 127.73059 619.37604 195.65976 2 0.99991155 322.80548 133.05986 693.5394 627.3687 2 0.055004664 326.64313 137.1089 468.2445 544.20685 ,test/3828.jpg
0 0.9717219 218.82004 373.2025 265.25443 493.15503 0 0.6544824 213.07297 368.59232 302.0347 649.63354 0 0.6074398 758.13525 528.62946 827.1173 630.007 0 0.5576391 978.61554 792.79767 1021.5203 826.4959 0 0.47816765 760.38116 537.64136 790.4572 625.0946 0 0.45520243 118.454315 726.9925 174.66626 775.2006 0 0.32096615 24.885773 486.01025 501.321 581.58826 0 0.23237666 719.36597 573.969 829.4802 627.2855 0 0.19663547 37.01642 462.95425 505.05817 657.4569 0 0.073880196 219.72916 373.74094 256.45496 444.5018 0 0.056037825 86.39885 507.14105 450.49994 609.30316 1 0.99985635 532.8577 277.32483 964.38116 547.7633 1 0.9883725 20.683685 383.81873 506.95663 662.05554 1 0.9209875 56.36972 374.79865 435.9424 498.5315 1 0.9070918 559.4542 506.78784 955.1931 629.4586 1 0.83018667 606.0767 578.86646 1024.0 838.11523 1 0.7424735 894.9845 505.42813 951.32776 535.46295 1 0.66901517 578.37195 564.60223 960.0023 628.434 1 0.65347576 209.71973 372.56982 421.6151 480.7975 1 0.6302887 58.198784 403.72754 278.21408 501.3114 1 0.61754775 571.56964 514.6461 953.3144 576.2612 1 0.5614388 571.4869 496.90546 961.6314 553.2353 1 0.44218487 937.11566 550.53973 964.883 582.89166 1 0.33755773 569.7511 491.18976 774.77515 639.95966 1 0.31680703 235.72433 376.21362 411.57993 420.37836 1 0.23423074 565.58704 142.34067 806.26746 310.37393 1 0.22205499 547.99854 416.08838 942.3668 597.8123 1 0.21834937 29.326355 463.5174 511.61127 526.5031 1 0.19302636 978.7283 792.6655 1021.4728 826.91724 1 0.15231499 751.32074 539.4282 944.82526 595.4756 1 0.14769587 613.16693 588.7788 1012.1357 635.29333 1 0.14280148 951.44543 529.27875 1024.0 620.6774 1 0.13078003 256.01315 434.4715 492.82272 492.4864 1 0.11701173 747.43286 507.4397 919.37256 550.6028 1 0.10210817 570.5592 502.01944 622.30115 547.62244 1 0.07904238 892.1988 502.88678 966.03937 551.70404 1 0.07615785 781.027 578.10034 959.88965 626.5875 1 0.07316886 19.214539 484.54474 502.81128 593.9576 1 0.06847125 929.78186 527.52313 967.00696 551.648 1 0.06733441 569.05597 500.3717 626.8433 597.13416 1 0.065985166 538.79895 278.00266 849.46387 434.74606 1 0.06439521 931.083 518.7515 966.8965 585.7133 1 0.06361719 52.277954 451.2893 370.2185 507.84106 1 0.06325959 747.8758 526.41925 940.0711 560.1291 1 0.06262818 545.9805 465.06107 997.9841 748.4158 1 0.058428485 429.98923 437.59464 487.05685 460.4269 1 0.05720759 676.81604 602.2904 1023.2063 660.1686 1 0.05147699 574.8711 551.21735 763.5161 602.3775 1 0.051150188 637.5814 532.3639 781.4961 560.808 5 0.051304102 605.58997 690.5629 1004.0702 1021.7453 7 0.99898595 904.25226 784.2206 1024.0 989.23645 7 0.3515475 976.20795 529.34595 1022.9112 619.6124 7 0.31448343 978.687 792.60443 1021.5066 826.935 7 0.10445298 987.6459 530.8048 1023.09766 577.5277 7 0.065533 964.2824 376.9978 1023.4915 613.3802 ,test/3829.jpg
0 0.98631895 397.86612 410.66858 505.93808 637.8867 1 0.09315217 397.96246 411.34064 505.8239 637.30853 ,test/3830.jpg
9 0.9989526 112.19983 88.99042 968.7388 934.60754 9 0.34258354 109.63162 238.4078 260.27258 916.1383 9 0.25986326 115.86541 243.79747 251.11005 535.8731 ,test/3831.jpg
0 0.057855576 350.4793 0.0 828.4632 174.81268 3 0.99996364 270.5437 433.918 635.1728 709.40857 5 0.22786345 170.99728 0.0 852.22974 170.77605 7 0.8110645 170.10168 0.0 850.3292 169.38788 ,test/3832.jpg
0 0.96368176 397.825 67.42342 499.16022 133.32669 0 0.89937025 619.02783 341.6405 875.3751 483.70483 0 0.8859405 387.06198 848.5326 611.14233 941.7737 0 0.72631216 674.7838 46.157616 736.3893 62.87021 0 0.38799304 25.652905 215.49153 54.906628 260.56775 0 0.054103915 654.1582 69.351814 872.1947 254.90314 3 0.9987909 61.797302 283.903 223.81943 385.4876 3 0.9705429 654.13385 68.22816 871.93304 254.97214 5 0.9988122 261.08524 566.0707 774.23975 786.2084 5 0.34208035 25.70134 215.60887 54.961807 260.4073 5 0.08018622 651.9893 69.48078 872.7548 255.21982 7 0.07223676 654.66675 68.30763 871.9137 255.291 7 0.06482117 272.56653 711.1173 331.1297 813.39246 ,test/3833.jpg
0 0.06871789 629.7389 195.11748 658.41394 272.1933 0 0.059273947 617.9945 191.60875 669.55664 278.2374 1 0.05347805 398.0893 281.7039 641.8768 521.78766 3 0.06200363 620.0099 143.67395 659.5773 275.459 5 0.99790657 378.5393 278.7143 702.52527 531.80414 5 0.050635707 534.36536 263.94888 703.2523 540.4302 ,test/3834.jpg
0 0.6661007 2.9748688 634.41895 131.2974 757.30896 0 0.2694139 475.4298 442.0265 530.8767 470.08563 0 0.2688084 93.96216 608.1387 154.59402 661.8329 0 0.2075984 474.43985 441.5516 549.28625 488.15475 0 0.18206514 251.5134 419.72186 345.5892 467.10577 0 0.101698294 493.84637 331.53403 612.6296 401.83865 0 0.0977407 344.04504 368.8578 485.72827 524.9732 0 0.07758178 1.4919205 638.9938 109.61419 670.10986 0 0.07227919 493.08862 333.9684 548.8131 379.54868 0 0.065388 470.28418 438.1291 585.032 500.8625 0 0.06357792 0.08357239 533.91785 153.02081 666.994 0 0.06018962 810.57196 497.10056 833.39594 528.9339 0 0.058354307 634.7361 668.3564 776.3948 783.9378 0 0.057401024 295.8419 438.5785 351.96152 463.9508 0 0.05427415 458.39087 405.69217 483.52734 450.59024 1 0.9826865 485.30707 333.50717 608.94025 444.72385 1 0.845469 94.30667 607.5118 155.0989 663.0035 1 0.7389377 342.20563 369.4006 486.2677 523.01086 1 0.5322945 251.4263 420.216 344.70187 465.7813 1 0.34186408 481.3401 365.9355 496.81488 410.10852 1 0.25318503 2.9493103 634.0874 137.58997 755.5414 1 0.21948333 323.91885 471.4354 430.78195 534.9492 1 0.20232609 474.46948 441.93604 557.91797 490.5042 1 0.11503694 488.77603 369.22852 503.19748 411.9359 1 0.09207534 468.3529 437.3678 593.8689 503.76862 1 0.06698852 302.77817 444.1604 470.85086 533.08215 1 0.064577885 629.72394 669.0509 777.731 783.0952 2 0.7293586 325.50873 474.87195 431.1291 534.1739 2 0.34935156 251.71594 419.77942 337.40265 465.09082 2 0.14771941 3.4838028 636.5606 129.98407 757.6352 2 0.12683755 336.97485 374.0816 486.0797 523.33044 5 0.113768265 344.01816 368.69598 486.9479 522.9625 5 0.09118843 2.8023682 634.7061 130.75455 757.5572 7 0.9987935 481.68585 548.00665 928.6364 887.445 7 0.9979323 85.909225 425.17535 442.15015 651.9727 7 0.9967146 596.6022 324.04968 814.25195 542.6013 7 0.989581 468.0614 472.4541 800.4866 672.329 7 0.8869877 0.21172333 532.23395 155.91443 668.2664 7 0.8591138 574.6958 252.8363 858.6251 415.36395 7 0.8481644 688.5394 249.91898 863.16113 466.67307 7 0.40995362 58.14687 544.021 148.50308 648.2246 7 0.18537533 251.1594 419.87357 343.01254 466.28745 7 0.14717352 1.6100464 638.15643 104.822365 669.4936 7 0.14347284 3.463173 634.0277 131.86313 757.17395 7 0.12984698 575.5567 258.66418 748.46027 369.62634 7 0.11878843 340.47025 369.0517 487.5275 526.45746 7 0.10961633 581.451 307.39185 661.4062 365.05426 7 0.09554193 583.27496 322.144 625.3748 367.08505 7 0.05714652 627.55994 668.2974 778.40735 783.22614 ,test/3835.jpg
5 0.9992206 135.82736 328.59128 784.83704 689.3722 ,test/3836.jpg
2 0.9999746 380.82446 519.54614 605.23193 697.0564 ,test/3837.jpg
0 0.9994116 379.61502 214.10796 736.76514 485.99805 0 0.14353417 365.55145 338.38733 557.5419 486.88574 1 0.5246579 207.77469 2.2256622 388.5168 72.43698 ,test/3838.jpg
0 0.72553736 271.64902 560.861 390.7504 632.50934 0 0.42844775 194.56918 613.59314 276.18723 653.2251 0 0.3332653 110.777725 622.51556 307.48407 797.59393 0 0.3206274 392.13248 585.7754 427.9128 630.2328 0 0.2010752 411.45215 584.7659 505.97125 606.9544 0 0.19013837 503.3467 527.91223 541.5271 597.05334 0 0.17521723 113.20828 543.06775 266.3999 670.9518 0 0.14261669 553.1862 842.23596 660.93756 918.249 0 0.10588355 680.48596 383.80118 743.26685 438.3638 0 0.09160866 0.44987488 566.09863 129.07027 901.7041 0 0.089730054 869.0987 455.53064 940.9306 528.9916 0 0.084040426 234.28683 615.05975 277.57776 647.39044 0 0.08288942 358.69678 193.46713 456.78662 300.93106 0 0.07957311 158.33684 354.2977 206.31563 410.0607 0 0.076888874 88.79188 680.8189 121.17109 742.02924 0 0.06662925 113.878174 526.4726 170.93845 545.9792 0 0.053328514 387.10907 579.08246 413.67505 630.54083 0 0.051073987 128.24425 315.31747 463.0735 583.77466 1 0.9944575 237.8561 186.43378 524.1142 485.03467 1 0.99200773 584.9574 272.5138 740.96387 464.95636 1 0.9655734 25.227325 500.03094 97.90106 572.07684 1 0.9440045 515.1611 358.1167 601.0411 545.0917 1 0.9282582 268.94345 560.43 395.9222 687.0976 1 0.87513715 337.12393 191.5734 461.31186 342.74527 1 0.73039144 99.72492 310.1961 234.59314 516.69135 1 0.64245594 502.34766 528.0597 541.3369 598.5414 1 0.63229245 114.22976 543.1728 264.49503 672.10406 1 0.5775923 115.19589 230.97964 534.9458 590.9088 1 0.56155735 471.63208 716.02905 510.63074 770.6489 1 0.48313215 680.579 384.13837 742.95447 437.83136 1 0.4801923 110.59878 623.79816 311.21765 798.5179 1 0.46213374 361.8763 246.00926 453.01694 348.4531 1 0.33985966 382.53055 238.00874 458.5319 304.57745 1 0.3241381 899.47546 386.93503 963.08386 484.41324 1 0.26958352 0.33460617 566.9961 128.28357 900.43933 1 0.23550214 411.45215 584.7659 505.97125 606.9544 1 0.21000189 500.92505 353.02728 740.2473 554.2219 1 0.20327234 284.3144 257.33133 455.47668 341.44766 1 0.19336599 414.99774 250.55107 455.12848 297.04376 1 0.18960774 358.07492 195.6336 427.8254 247.3685 1 0.14458342 553.1862 842.23596 660.93756 918.249 1 0.14190227 580.9411 365.53583 734.3212 487.33606 1 0.13834071 367.2901 587.61945 390.73273 686.32916 1 0.13799228 5.882431 544.42426 329.92413 895.2691 1 0.11584038 109.098785 557.91046 377.4856 699.55536 1 0.114431374 1.0071259 539.1612 39.89812 564.97784 1 0.10977055 277.66608 272.86038 368.47833 328.967 1 0.10906898 394.19812 584.00543 425.11493 630.3133 1 0.098220766 0.5165329 535.4005 76.306656 571.0552 1 0.09224493 25.609447 504.86044 51.455776 565.7905 1 0.091869384 361.9752 218.46481 441.10837 314.73886 1 0.08852512 869.0987 455.53064 940.9306 528.9916 1 0.086808294 364.5746 303.47668 413.27057 341.9831 1 0.062269296 108.51396 309.8472 357.92352 549.1158 1 0.060452323 184.53424 610.648 275.82706 657.5201 1 0.05471164 113.52839 609.87915 283.35107 724.4778 1 0.053881906 513.6371 443.69574 686.3015 547.5197 1 0.051574077 391.0475 264.0791 457.2453 301.86285 2 0.9736657 278.13266 272.08585 365.38986 329.19803 2 0.11036438 0.58068085 566.45764 128.25775 901.80725 2 0.08018869 117.148094 543.1195 263.96228 668.3436 2 0.065478936 109.897484 621.987 310.11688 798.45465 5 0.7729264 0.119903564 566.9828 127.989914 898.70496 5 0.23756509 838.56964 522.9016 876.2847 599.8667 5 0.18168354 1.4356613 242.86176 140.1395 406.2458 5 0.1524081 899.3147 386.7244 966.0713 483.3862 5 0.12908413 0.4102173 226.79045 137.9692 570.2935 5 0.1068569 553.1862 842.23596 660.93756 918.249 5 0.09631079 110.7325 621.45776 306.97626 797.96204 5 0.09062164 117.148094 543.1195 263.96228 668.3436 5 0.090190455 856.0946 453.1359 977.14636 661.6321 5 0.05893967 367.2901 587.61945 390.73273 686.32916 5 0.05287754 929.5889 387.1412 961.81647 491.67307 6 0.86968845 106.32863 307.5474 535.3509 593.41223 6 0.56294394 440.88943 376.29373 541.4884 598.36224 6 0.08960593 411.45215 584.7659 505.97125 606.9544 6 0.074052125 95.71682 306.8826 237.54092 529.92487 6 0.057352953 305.5904 381.1445 540.0407 597.15784 7 0.99957544 723.09106 202.02054 986.8988 468.0471 7 0.9993038 467.0042 416.63043 845.1955 934.97833 7 0.99744296 827.584 385.12683 1024.0 783.66113 7 0.9517886 942.18677 186.69405 1024.0 489.58636 7 0.5981922 0.28437042 239.21721 68.405464 367.93695 7 0.28454313 844.0044 443.2505 983.44836 715.95557 7 0.23602718 110.183495 621.22205 307.3325 798.1188 7 0.19296715 0.0 566.70575 128.28778 902.05426 7 0.18463084 869.0987 455.53064 940.9306 528.9916 7 0.17656168 899.3147 386.7244 966.0713 483.3862 7 0.17173 0.75341797 230.00935 142.69482 569.61365 7 0.15822831 833.99854 451.4878 947.83997 573.75 7 0.1505852 739.5443 206.15128 1024.0 794.0786 7 0.14779043 88.79188 680.8189 121.17109 742.02924 7 0.113189034 917.297 438.88995 1024.0 644.35455 7 0.097590975 552.8155 841.07214 664.34186 926.37134 7 0.079129 935.2379 263.6536 986.16614 403.49655 7 0.07716889 86.66261 638.8322 128.20001 757.7978 7 0.062327012 837.83325 445.52625 881.8972 539.5991 7 0.058762804 838.20416 522.10315 876.957 603.26416 7 0.055623665 470.42722 710.2722 511.0928 772.9581 7 0.05455212 500.61404 521.34564 545.8949 598.7399 ,test/3839.jpg
0 0.37616602 798.0864 547.8983 823.906 592.79517 0 0.3370234 661.9004 368.2876 695.968 410.03467 0 0.085500695 672.7573 291.10486 718.89453 371.18488 0 0.08314526 661.8672 366.14233 719.1107 421.8062 1 0.10492906 798.31 547.9388 824.40753 591.96295 2 0.6466536 798.52246 547.3959 823.76013 592.9304 5 0.08753702 799.0176 547.25354 824.5941 592.4525 5 0.08177897 672.404 291.39697 718.64215 370.89374 6 0.9996425 133.84499 249.52887 486.4076 723.18225 7 0.99984276 384.07095 376.21472 800.54614 885.068 7 0.9917605 461.58688 56.025925 722.6636 437.99432 7 0.8932645 672.18835 291.20084 718.6627 371.13394 7 0.7698939 661.8416 237.63927 701.793 312.1014 7 0.27580965 655.09143 105.415825 735.0685 254.92029 7 0.2671018 661.3221 231.21829 718.41205 371.95157 7 0.18212211 477.60236 200.79785 688.04266 426.89343 7 0.13876882 500.4179 55.042442 730.63934 284.8211 7 0.13485835 798.0864 547.8983 823.906 592.79517 7 0.078237265 613.0792 392.37515 714.7416 498.07748 7 0.058918227 680.2128 235.17757 701.58295 299.30792 ,test/3840.jpg
0 0.62652636 440.95697 408.61893 672.9992 659.265 0 0.05004473 419.9241 331.89764 464.08188 396.81525 1 0.091254145 436.81488 409.88644 675.0324 660.19977 2 0.8099439 438.44116 409.30817 674.2223 660.3337 ,test/3841.jpg
1 0.98861456 363.53247 482.80966 455.94446 545.3216 1 0.09605288 309.04675 464.80508 466.70087 542.06903 7 0.999866 308.7243 352.67236 650.5633 854.4247 7 0.6348088 335.37366 370.974 558.1865 544.5549 7 0.07906433 538.25244 389.96692 565.5327 414.5713 ,test/3842.jpg
0 0.91298795 0.0 518.836 361.10696 698.33026 0 0.74031967 373.84613 548.3823 454.66486 616.5532 0 0.37916836 553.7062 289.90512 593.88403 326.10684 0 0.3648026 463.90533 739.05194 542.46356 797.02545 0 0.07881702 378.00583 370.25748 426.72208 401.86435 0 0.07014886 355.17172 707.1427 718.4756 774.423 0 0.060698222 339.57785 605.79333 741.9353 812.4636 0 0.05724492 384.33246 714.76514 691.49396 816.5144 0 0.05304396 390.6585 508.33612 432.2304 538.11884 0 0.051860716 999.50366 510.70764 1024.0 556.39624 1 0.99588096 336.3422 183.95854 898.07495 547.2075 1 0.96263474 332.44864 535.0462 770.0094 811.4672 1 0.8940796 235.73666 308.20142 729.86096 604.0107 1 0.7934906 707.06067 530.8805 792.03235 790.50195 1 0.7831669 377.5345 555.92834 708.1215 627.8574 1 0.5614904 732.2191 696.8063 784.7257 788.2113 1 0.43170893 250.23103 301.4735 375.78955 466.87805 1 0.40633753 382.01605 390.0261 715.63873 601.9573 1 0.39852116 639.2793 582.926 711.09216 633.6168 1 0.39642668 240.06569 305.5151 587.7646 502.2291 1 0.28313622 480.85138 525.8604 738.14276 594.01666 1 0.25491208 730.4424 541.2416 784.14453 729.8734 1 0.24475743 376.84058 547.6452 577.7707 616.42633 1 0.20538402 1.1195221 519.8592 357.77655 698.5346 1 0.20377819 308.46277 490.82532 713.2632 623.6963 1 0.19736947 246.99246 358.83447 806.9712 770.33386 1 0.19195691 476.36087 436.60803 744.4402 587.5066 1 0.14490141 469.16116 581.9301 701.33514 620.24945 1 0.12737933 347.7218 544.7686 734.6371 672.3382 1 0.11409595 304.53842 423.59006 542.5899 539.38715 1 0.11169258 545.1394 555.45056 712.62915 637.0115 1 0.11114794 424.38562 325.33447 900.0239 569.5683 1 0.106916085 273.9971 435.92233 607.7739 587.3516 1 0.10059039 751.3659 534.97925 793.3503 712.2787 1 0.09577007 654.63354 578.0295 710.5082 617.2918 1 0.09334292 550.24133 537.0545 787.735 779.85944 1 0.091512926 334.65784 365.39453 492.5155 481.01025 1 0.090832315 649.32294 599.0048 703.4122 631.0506 1 0.08739911 328.53326 181.78777 637.14087 474.02515 1 0.0859697 702.0339 575.728 739.3886 737.5691 1 0.08449331 664.2137 617.84674 710.83075 635.40375 1 0.081174895 352.3788 611.70154 741.8458 760.1648 1 0.078527056 329.71472 355.77954 576.29614 546.8845 1 0.0742705 718.9069 605.5748 755.5892 641.17224 1 0.07225433 528.0838 534.98663 701.6701 584.5275 1 0.07075152 538.92084 554.23065 671.144 595.2597 1 0.06843605 573.0856 588.62317 711.14844 633.9015 1 0.065894365 716.69165 506.973 1024.0 765.35034 1 0.06545256 720.5656 547.796 757.3145 641.6068 1 0.061550014 673.74194 555.49347 763.40173 789.7609 1 0.057760604 651.04 568.5726 798.4191 722.5689 1 0.053024825 998.246 510.17957 1024.0 556.16833 1 0.050557174 373.76324 548.6883 454.75543 615.9797 5 0.06116499 998.14465 510.23843 1023.7611 555.96893 7 0.9994294 767.7906 505.47418 1023.4947 759.62006 7 0.2829906 998.246 510.17957 1024.0 556.16833 7 0.057097666 994.20764 506.38312 1024.0 650.45526 ,test/3843.jpg
0 0.11242738 305.53375 398.1126 529.1435 571.67004 1 0.8297661 305.6097 397.856 529.50916 571.5885 2 0.12721781 305.3673 398.08228 527.7634 571.7457 7 0.1512869 305.84647 397.98557 529.2453 571.7855 ,test/3844.jpg
0 0.09437873 455.44055 753.4927 484.02673 849.8688 0 0.06315266 86.69998 947.79156 120.31735 974.1928 5 0.9984433 255.94179 380.58167 701.0754 703.17944 5 0.20878021 254.50119 525.86194 497.60593 702.9746 ,test/3845.jpg
0 0.9998462 183.97241 447.2433 823.6326 645.9221 0 0.06459799 882.38776 839.89453 943.88605 904.47864 ,test/3846.jpg
0 0.99997437 285.2577 211.13077 615.7801 894.2117 0 0.13850452 89.323166 398.83337 152.18492 549.08014 3 0.08003087 572.3495 750.9759 598.2632 774.4788 ,test/3847.jpg
0 0.30759478 651.13727 394.127 875.9632 415.984 0 0.28367314 158.15921 918.2511 228.90741 960.16077 0 0.26436543 147.91017 744.7813 234.54848 763.06305 0 0.1793831 489.89548 671.3214 510.51797 718.84375 0 0.11650049 863.84247 108.114365 924.0372 180.63701 0 0.11456937 142.43277 416.14014 445.50412 514.44073 0 0.10145883 664.3142 394.83517 870.0392 405.24503 0 0.088694714 646.3906 392.72592 881.0664 442.56454 0 0.0702728 234.45395 455.4699 452.48483 525.10535 0 0.060791753 651.22534 556.6271 786.0421 616.28613 0 0.051533997 600.7714 329.8058 665.38226 364.4834 1 0.9936708 454.8448 555.4878 873.241 952.7848 1 0.96956223 596.42773 324.55353 667.46265 393.51685 1 0.9645686 82.11336 603.817 461.58765 854.07654 1 0.94417536 502.84207 377.28003 863.3938 586.84314 1 0.91356313 462.25354 551.03253 623.74194 647.13165 1 0.8914057 79.458145 287.4595 510.57172 754.3485 1 0.84922385 136.43082 630.6395 456.54428 740.5194 1 0.84560937 594.83154 285.7548 716.9326 395.754 1 0.81220734 410.05002 292.70123 529.8048 446.7655 1 0.8111586 199.38678 303.92447 363.82922 367.3256 1 0.7872921 103.78635 281.77612 367.91165 371.9344 1 0.7339901 112.94031 450.32367 506.05896 668.5583 1 0.6812457 522.2051 276.24475 751.1843 395.21503 1 0.67936146 211.89908 304.66638 355.43234 336.52643 1 0.6749874 158.41772 918.3321 228.97278 960.3947 1 0.5091189 638.3348 547.08276 895.43854 638.1128 1 0.50877225 606.5395 285.1503 712.18207 323.4711 1 0.46546412 424.1903 451.78983 623.0426 595.49817 1 0.41518798 474.68298 542.42316 893.41565 661.44696 1 0.39628664 651.22534 556.6271 786.0421 616.28613 1 0.33720192 64.37863 295.94678 511.30734 451.30676 1 0.3270934 362.04187 322.07104 417.25183 357.14105 1 0.2713475 664.6764 288.0046 709.65955 316.74973 1 0.2449418 767.46826 167.61786 971.7793 584.9388 1 0.23656169 107.74635 324.5941 452.9984 577.0523 1 0.21325745 91.70134 355.8825 487.75494 432.30737 1 0.21097386 114.6754 613.5245 455.7342 687.44965 1 0.19486459 511.0816 553.3613 552.29376 576.1947 1 0.18219568 523.60535 294.8976 887.2103 411.22977 1 0.18113545 501.58215 585.6206 849.026 654.32947 1 0.17524916 863.02045 127.7636 912.24554 178.7254 1 0.17502989 629.55865 525.5631 815.7673 608.5792 1 0.17381957 482.13733 585.49536 868.994 737.2826 1 0.17233205 738.68164 150.79422 938.24146 399.12875 1 0.16918205 649.2761 391.07025 872.28723 477.56238 1 0.16404447 422.65454 312.66388 615.76733 635.53784 1 0.15488227 104.700714 379.7661 464.1082 454.32544 1 0.14655647 530.2821 275.72372 714.969 348.51706 1 0.13890643 353.09265 291.43384 589.10645 458.2417 1 0.1310911 152.48004 705.1172 454.4555 781.3126 1 0.1296655 440.6325 513.7654 627.2288 608.3246 1 0.12426427 92.586494 594.034 180.4932 752.4018 1 0.121514045 504.10925 283.00906 785.70435 500.00784 1 0.10707074 97.62375 322.5803 412.54562 412.54965 1 0.10572265 659.5301 311.4252 755.1021 383.93954 1 0.10155703 363.59317 307.07254 496.5452 453.077 1 0.0946046 272.7649 460.46606 458.62225 544.11536 1 0.09441588 600.1448 326.9926 665.5355 363.95953 1 0.09423058 425.97418 450.77295 522.4977 628.2269 1 0.09397013 492.15338 304.2389 597.951 464.7757 1 0.0919161 863.0639 105.185074 958.1204 179.4731 1 0.09035889 483.9355 244.35367 943.72516 588.70764 1 0.08518947 496.61627 607.9045 627.0889 650.414 1 0.08016402 178.15054 330.97125 463.4351 461.2967 1 0.072628446 459.3193 529.003 556.7703 670.00446 1 0.07041272 415.11386 440.25156 574.1106 727.56555 1 0.06889681 758.49915 544.2452 891.19214 642.54083 1 0.0670931 525.8914 276.09995 634.5651 392.3351 1 0.06576389 501.6701 555.6923 619.29645 600.7497 1 0.064543836 612.7417 336.55063 665.94617 380.53622 1 0.06258145 378.7351 649.3889 454.72485 712.7295 1 0.062499117 607.50116 339.74744 666.1728 360.36578 1 0.061221607 90.15686 577.54333 572.1439 728.01086 1 0.056872852 310.59357 351.96967 487.22375 451.5133 1 0.053180862 904.6217 116.672745 959.2811 173.13972 5 0.34896752 863.43787 105.548706 958.43005 179.28677 5 0.27103043 904.52673 109.69617 959.52234 169.82654 5 0.07235125 913.53174 119.393265 958.5364 138.91814 6 0.13890284 742.64185 148.72163 963.162 397.0699 6 0.051890057 774.6935 167.18066 969.73 601.58154 7 0.5320803 863.8423 106.09861 940.3364 179.05807 7 0.12994033 158.23474 918.1831 228.89691 960.34973 7 0.06596552 903.21747 106.38091 960.34064 168.14598 ,test/3848.jpg
0 0.8567002 572.63446 851.60364 691.721 962.4226 0 0.4406837 204.60715 484.0981 306.0365 585.7445 0 0.1559965 376.72784 534.37714 610.987 656.06024 0 0.054365136 385.44666 569.14856 596.0937 696.1843 1 0.901815 376.02924 535.0906 611.2433 649.65027 1 0.5278716 204.95123 484.16086 306.29144 585.43195 1 0.20888117 572.94946 851.7676 693.1124 962.08997 1 0.2058052 437.59442 533.5448 517.8858 560.38635 1 0.1810716 255.4054 481.09552 557.65405 603.71185 1 0.120723344 493.78683 483.4114 558.15137 545.82904 1 0.11558966 343.0465 510.85434 558.2463 627.0979 1 0.108795576 374.51868 548.55334 506.91235 649.6846 1 0.099486195 431.70264 483.4139 556.46857 560.71893 2 0.0812933 204.5041 484.18857 306.29504 585.60126 5 0.64405435 235.40126 138.91946 535.8696 520.7964 6 0.9975189 280.8526 503.3413 634.5756 877.1373 6 0.22530045 134.03754 120.50048 251.49298 294.61002 6 0.13244748 289.72424 569.31836 365.50586 798.9094 6 0.11280103 133.43802 116.60639 187.03448 295.08206 6 0.08994073 374.29822 533.58984 618.93726 679.4674 6 0.07479256 278.40222 485.61374 526.7048 571.20703 6 0.06447057 290.40182 601.6319 333.57925 775.0319 6 0.05062248 381.51715 600.91846 587.3535 687.0531 7 0.24391462 204.08432 485.42343 305.946 586.2541 7 0.094513126 570.77606 856.1189 697.8034 959.4081 7 0.053695686 376.5578 533.902 608.2844 657.3684 ,test/3849.jpg
3 0.9995815 173.75385 420.5876 680.9941 751.1556 ,test/3850.jpg
0 0.95350957 694.7607 494.6402 804.7305 661.6226 0 0.7222507 572.42975 514.88025 819.63556 798.70447 0 0.32335138 589.4825 611.4396 694.3338 820.9652 0 0.1528589 645.0996 498.63297 807.38464 721.7406 0 0.13659532 537.5443 566.42206 720.0156 880.2321 0 0.1362656 817.9397 534.25476 880.0242 601.27625 0 0.13188398 288.77768 574.5161 610.7991 943.47473 0 0.08032119 899.3367 193.44965 948.35803 295.59396 0 0.0761757 51.613255 791.4768 88.5341 865.2003 0 0.0647961 226.62257 1003.9347 277.39532 1024.0 1 0.9464343 899.3524 193.49112 948.3312 295.24472 1 0.22211787 686.4249 216.08156 913.2921 636.96265 1 0.124576606 290.12518 567.9811 600.6572 946.7672 1 0.05586159 51.600998 790.8382 88.35643 865.0828 2 0.31375766 288.7542 568.9802 602.38586 948.9149 5 0.9990747 60.519287 243.07492 542.75903 668.5818 5 0.6823575 705.0439 694.1039 767.1713 792.6035 6 0.85607517 289.28052 569.7446 602.5473 949.25073 7 0.090892605 51.600998 790.8382 88.35643 865.0828 ,test/3851.jpg
1 0.9904586 279.11002 246.87386 555.7755 632.7114 1 0.8322305 604.7781 269.68286 793.8353 609.12036 1 0.31266087 611.6774 255.49493 684.7872 345.5652 1 0.080749735 320.019 259.2578 531.01605 460.99756 1 0.06696765 613.7191 338.74405 711.6775 445.45444 1 0.05189888 614.22296 420.51688 805.0461 602.8537 2 0.99748296 225.76575 628.176 296.95142 675.7356 2 0.10802602 230.14302 656.78186 294.3593 674.9783 2 0.07871293 226.27301 626.3751 236.29929 677.5995 5 0.07056666 226.27301 626.3751 236.29929 677.5995 ,test/3852.jpg
0 0.40541112 450.68622 395.2624 503.56787 414.62122 0 0.18481481 440.66925 379.85083 505.62366 417.15912 2 0.99922585 383.99945 198.47589 622.5555 399.01886 5 0.99908507 400.46378 690.1765 624.1741 870.63513 5 0.7525625 476.25137 192.65698 626.70264 274.41 5 0.19292589 383.6533 195.45227 622.61865 395.68872 ,test/3853.jpg
0 0.99762625 0.7970123 812.1637 208.53258 973.0901 0 0.9495764 523.964 100.42002 752.9048 258.04016 0 0.12618336 668.142 412.9148 914.01227 698.1144 1 0.26203045 668.2029 413.2113 914.3168 699.7041 1 0.052509844 524.0286 101.51368 752.8144 258.02377 2 0.34438553 668.1953 411.65344 914.1543 697.65515 7 0.7484891 668.49695 411.79663 914.7416 697.20557 7 0.070534304 523.7376 100.097885 752.43524 258.05505 ,test/3854.jpg
7 0.9962541 252.34561 405.54425 703.74854 696.55963 ,test/3855.jpg
0 0.13197614 0.0 514.67676 143.38956 573.63525 0 0.08249831 71.25802 417.3451 116.88654 455.18427 0 0.081064425 538.6284 332.5585 595.40564 353.658 0 0.07654762 0.8812599 666.7683 112.33292 709.9885 0 0.05376954 7.8171387 558.11395 245.72835 843.1036 1 0.9293241 0.0 514.7091 147.41919 574.95605 1 0.9259736 0.39913177 667.66205 125.102196 858.3118 1 0.7875077 0.0 432.5184 32.68569 522.72626 1 0.7858052 1.1395416 539.923 246.7343 854.1627 1 0.75613475 0.0 668.9299 120.945915 767.07 1 0.65673697 0.0 570.9551 105.212036 680.6456 1 0.62943625 0.7087288 645.8026 100.112335 676.2235 1 0.5891362 2.6605377 609.69305 85.45699 654.045 1 0.5810676 0.5569382 575.81793 83.03679 636.4212 1 0.41846132 0.0 733.35583 119.29303 775.66235 1 0.34412846 0.0 641.02893 101.81714 716.8467 1 0.23773907 0.0 527.4218 138.15424 821.2325 1 0.21560277 0.0 670.89264 62.36499 703.64825 1 0.16041644 1.2129097 676.1372 110.66193 722.80493 1 0.1571438 36.901344 612.45856 82.266235 652.55206 1 0.14994648 0.65237427 633.83093 77.72372 650.45935 1 0.14211324 2.7201653 662.40454 100.13112 680.21265 1 0.13891497 0.0 660.36993 112.67919 693.7381 1 0.13884376 0.11522293 612.5969 93.57362 792.1935 1 0.13564442 28.207382 607.4616 102.027054 679.34283 1 0.12592563 5.0264206 670.1375 104.91447 683.216 1 0.08447004 74.00968 616.6233 101.6242 669.5448 1 0.075477645 0.9912605 737.33636 103.74773 758.47955 1 0.07375239 3.5884247 487.44235 116.148636 695.9937 1 0.06963473 52.345177 628.4918 102.84199 671.51135 1 0.06662211 0.26262665 696.19916 63.601387 718.8791 1 0.06254371 0.26917267 695.5038 103.75051 744.5349 1 0.059405208 1.4573421 669.18097 62.468628 686.99176 1 0.05414305 1.5656586 644.3704 82.38945 661.84406 1 0.054014307 0.46757507 605.33124 42.11269 648.66327 1 0.052265815 55.217453 591.12054 115.42128 673.51447 6 0.38320956 74.89212 590.03564 249.18042 806.9408 7 0.99979883 358.52875 314.29895 745.81464 688.2762 7 0.9984841 174.77614 576.5007 374.20618 758.7315 7 0.26624632 558.5496 318.82413 731.83575 413.0092 7 0.109328665 71.59044 417.3151 116.881485 455.38132 7 0.10614553 538.5097 329.08582 589.69366 354.42188 7 0.07912544 531.01227 317.63586 672.28326 358.42712 ,test/3856.jpg
0 0.96419144 409.97125 225.85489 915.79083 756.90967 0 0.8511133 241.48743 151.89021 417.34552 427.97913 0 0.82649505 504.5578 527.07806 821.84 751.3808 0 0.623952 86.65961 324.94675 571.6257 748.1333 0 0.49446204 42.31601 257.90582 1024.0 1022.1556 0 0.44253898 382.0719 141.57 462.02612 205.54776 0 0.35026613 927.62463 608.62665 1005.1322 659.1114 0 0.34651986 33.199066 74.32919 838.103 748.0984 0 0.24991482 815.0436 357.84427 1024.0 887.1216 0 0.19165508 430.09592 397.31345 1024.0 928.64124 0 0.18687242 598.85724 179.46225 991.05585 873.1255 0 0.17785169 422.63885 156.84564 580.88947 255.51688 0 0.1688704 368.22858 241.98001 698.02704 484.22842 0 0.16183847 392.42264 24.142693 496.2123 188.3429 0 0.16182804 418.7591 149.00162 578.3931 347.92438 0 0.15747787 157.07498 40.4433 436.25937 447.72522 0 0.15268259 407.40082 231.74988 688.4218 320.6305 0 0.14168027 256.11545 964.20526 348.5942 1024.0 0 0.1374264 222.31244 655.3766 343.36108 753.74756 0 0.11596611 928.1744 364.20602 1021.659 640.2582 0 0.11426539 797.83765 403.8666 954.2444 820.952 0 0.113682635 237.93999 153.45401 340.89514 362.18918 0 0.10475379 861.0843 356.9391 936.3709 629.8083 0 0.08586994 412.54242 232.17305 523.83057 304.91867 0 0.07676584 49.443268 10.501556 595.381 516.32837 0 0.07285956 115.24036 332.1455 315.71756 499.26843 0 0.07265996 163.16397 665.185 1024.0 1024.0 0 0.072285585 683.52594 298.01727 938.45355 499.12244 0 0.06638315 405.12946 199.09091 445.24976 258.8533 0 0.060466 879.4629 407.28082 937.8019 772.57025 0 0.0581621 0.0 444.5238 43.644646 577.21375 0 0.057376176 885.3857 357.68323 1020.08514 745.25183 0 0.056617662 347.68872 399.2258 380.68774 435.3909 0 0.056433793 559.1513 582.93695 1024.0 908.9233 0 0.052608684 366.44998 51.644928 940.92786 531.1576 1 0.33300507 364.00446 251.2331 669.16644 482.97125 1 0.32729498 85.73706 322.81107 570.17633 748.3938 1 0.29661426 922.8237 366.1012 1021.32654 636.8393 1 0.24432899 239.60687 150.47334 414.72412 428.86108 1 0.19562583 815.0436 357.84427 1024.0 887.1216 1 0.17860521 35.01715 195.96942 1020.267 1017.7507 1 0.13492028 16.233673 6.6400757 603.71204 731.6391 1 0.11578953 407.40082 231.74988 688.4218 320.6305 1 0.109814465 418.7591 149.00162 578.3931 347.92438 1 0.09983967 404.91068 118.162674 693.9519 381.5594 1 0.098141424 223.95296 651.4315 364.77386 753.20605 1 0.092642866 347.68872 399.2258 380.68774 435.3909 1 0.08816823 387.5191 244.4639 1018.2426 881.7584 1 0.08550808 861.37085 355.51093 939.626 628.62134 1 0.080927774 349.41858 144.82408 592.48425 443.34467 1 0.07275983 356.5875 252.28958 465.78073 486.33627 1 0.06868833 797.83765 403.8666 954.2444 820.952 1 0.05831131 393.32553 21.31868 497.86032 189.2655 1 0.056619406 167.694 166.39133 470.78946 478.04556 1 0.05111402 407.7849 156.25775 580.3183 259.33664 1 0.05002029 530.43585 281.6844 919.02203 756.21576 2 0.061742235 363.88507 249.60527 670.41925 481.71924 5 0.32728553 0.0 444.8563 43.573593 575.82086 5 0.14586313 383.1633 141.45992 461.94125 205.76595 5 0.11548662 255.97049 965.3636 348.8234 1024.0 5 0.074388646 421.59103 233.45793 524.6394 332.76044 5 0.06843097 418.57996 239.83597 686.62805 326.44156 7 0.9740229 520.53314 5.9006042 1018.3858 389.84802 7 0.866708 132.31831 2.9804764 493.41296 243.49377 7 0.4963385 163.16397 665.185 1024.0 1024.0 7 0.31523037 429.2268 19.811157 702.0359 349.03357 7 0.2982724 92.241394 0.0 499.5354 450.75555 7 0.24340856 854.1492 360.60062 1023.19727 880.8579 7 0.22989668 929.3369 366.4276 1022.63 630.23706 7 0.2007006 420.77924 24.939453 1005.37616 735.6028 7 0.19655181 36.341278 7.0985565 1015.79346 401.9713 7 0.17326 888.7522 580.4399 1024.0 877.10626 7 0.16678087 406.95456 59.099575 483.05887 166.30261 7 0.13183668 18.280548 9.013702 545.05725 690.6261 7 0.12850359 407.40082 231.74988 688.4218 320.6305 7 0.108601876 236.63792 17.381683 728.3868 445.08893 7 0.08320373 693.44855 298.39532 937.14545 522.81244 7 0.07258844 389.42227 18.76072 491.07724 203.17468 7 0.051351834 844.9277 297.99713 1024.0 655.3457 9 0.5655461 254.43184 964.8779 349.49945 1024.0 ,test/3857.jpg
0 0.29621223 793.697 127.710846 1024.0 707.4647 0 0.07013727 185.97589 280.06863 764.4375 853.12585 1 0.64817727 792.76154 124.2858 1024.0 707.4016 1 0.09344238 204.26157 281.35938 767.52344 862.17993 7 0.97339225 202.09848 283.1943 767.99524 860.41284 7 0.1225217 793.3507 128.22934 1024.0 707.1266 ,test/3858.jpg
0 0.223648 399.39694 673.36053 439.08322 707.5328 0 0.05341498 717.00244 830.3901 735.8219 876.8239 1 0.99246055 316.04648 570.36273 522.84753 794.25507 1 0.9116571 226.60577 586.1996 326.83997 671.44824 1 0.8609567 305.05704 592.7694 346.64865 634.89355 1 0.69382197 960.95715 976.9148 1023.3491 1024.0 1 0.6209227 216.89902 495.7439 530.3406 798.4259 1 0.52299976 408.9416 590.2521 509.79443 631.62756 1 0.32489535 326.73996 583.28723 514.6372 636.1488 1 0.19972849 520.7262 558.6652 585.60547 744.54047 1 0.17810097 343.37973 544.8865 424.05783 637.36865 1 0.16044758 306.10608 556.3234 462.4555 633.7233 1 0.15236777 509.4221 584.31903 527.0135 672.0651 1 0.12089747 612.49396 557.49713 682.9837 624.58185 1 0.11708186 326.81094 593.54846 349.0356 636.301 1 0.106651835 223.57913 579.1923 496.64676 672.441 1 0.10629804 567.81946 553.90936 690.44885 702.4517 1 0.0757735 310.97607 611.3257 351.2525 636.4778 1 0.07407852 373.10892 439.34476 417.99734 467.5062 1 0.06510921 338.2861 604.2557 361.70346 635.127 1 0.06113723 498.44736 588.9784 516.28296 630.6731 1 0.059407562 1009.1974 986.9333 1023.8439 1023.31573 1 0.052683063 481.40536 531.71387 591.6783 784.63806 1 0.05156274 492.36188 572.2854 523.1516 792.5283 1 0.05120462 306.1446 592.2859 328.11755 640.3906 2 0.58857566 611.7309 551.6105 682.3985 626.0487 3 0.22656903 866.9251 41.35353 935.8918 209.3447 5 0.9839849 458.30783 491.66208 565.1709 601.55707 5 0.21391924 612.5578 556.7441 682.97797 625.01227 5 0.1335337 459.8786 490.6554 560.888 538.44714 5 0.11159265 282.2163 417.32593 551.8581 601.99005 5 0.106187135 385.00427 430.5031 531.8228 588.5996 5 0.0875827 370.0062 440.70517 419.15744 469.85916 5 0.06517671 365.44617 429.20053 421.57214 481.23605 5 0.05970117 305.45255 592.89 343.4692 631.95996 5 0.059171937 476.5836 454.12732 523.164 492.2661 5 0.05754774 472.86554 431.89478 529.20935 495.5409 7 0.998154 674.3063 796.19434 847.61755 956.73816 7 0.9952631 797.0016 840.8595 984.73975 973.0663 7 0.9950465 213.58395 483.2135 463.6992 627.73645 7 0.9904912 547.7119 392.933 838.6824 541.67145 7 0.9090053 220.01025 415.3391 542.0796 617.1808 7 0.2750891 716.53955 830.1819 735.76404 876.62756 7 0.09645678 887.2254 5.105133 935.1923 109.73466 ,test/3859.jpg
4 0.17747323 302.25925 189.59694 821.72815 698.5914 5 0.9845634 275.93378 123.64447 847.6369 714.5435 ,test/3860.jpg
0 0.27459922 385.41425 0.0 398.51593 86.06531 0 0.12287916 607.44916 135.0561 729.33307 563.73737 0 0.0645119 335.13928 656.90326 373.36035 728.5849 0 0.05746838 951.5395 240.19576 1022.53143 509.0061 1 0.9822259 826.1463 248.13643 1021.7995 753.2286 1 0.96912193 300.64502 612.9689 632.3443 961.00134 1 0.9492673 358.07166 199.34372 619.4711 767.3229 1 0.6782886 704.63275 260.081 889.14044 619.0279 1 0.36625934 373.1945 190.13435 503.8013 290.80264 1 0.28114876 654.374 199.70612 1015.37964 726.32446 1 0.22968724 949.2278 234.80325 1022.90857 524.1814 1 0.17060424 852.5116 281.30484 1023.8003 546.02014 1 0.13311608 391.6947 184.45723 499.77258 253.37578 1 0.13227773 819.2777 251.50154 904.4697 712.4508 1 0.12361616 887.9784 193.25932 1021.9115 295.40042 1 0.12334864 254.13914 327.44095 640.17645 956.9487 1 0.090422854 610.0383 150.94911 728.3887 560.7003 1 0.08880328 733.64246 270.10626 886.6631 467.29236 1 0.06405781 825.3428 623.57306 897.265 700.3167 1 0.060067303 936.67584 754.9283 1024.0 896.9145 1 0.056740582 550.8769 160.59889 961.12836 581.4034 5 0.096601315 607.44916 135.0561 729.33307 563.73737 7 0.98916537 103.335434 221.31071 380.27063 585.5007 7 0.96150917 181.61444 0.0 580.5129 261.652 7 0.3222417 271.64893 215.5093 370.4082 567.3746 7 0.24220243 181.13605 5.1681976 331.84686 239.52493 7 0.18375 954.64075 245.07419 1022.38855 476.23123 7 0.13474011 185.49466 3.7618027 249.0087 234.4223 7 0.12951177 607.44916 135.0561 729.33307 563.73737 7 0.08613091 449.5559 0.0 573.35297 221.63867 7 0.08380274 230.33362 172.93886 413.388 578.7229 ,test/3861.jpg
0 0.9698712 499.3878 246.18364 612.2908 341.09796 0 0.8819773 445.07993 188.49641 589.7063 238.75432 0 0.86479604 205.39186 30.628286 321.39944 86.60169 0 0.5648884 571.388 291.41306 612.7148 340.89932 0 0.443825 482.72638 255.31554 585.8863 407.5307 0 0.13595721 561.90265 408.011 606.79144 435.26416 0 0.13386229 455.96094 537.3374 512.84814 564.7694 0 0.12977163 485.10522 305.42633 566.5044 323.51245 0 0.11911391 452.3108 477.72073 501.47284 538.66113 0 0.10545141 457.81757 338.44595 486.19653 366.51828 0 0.0999313 436.1013 315.18085 489.09567 345.34503 0 0.0943983 453.7202 190.2695 599.6515 411.30728 0 0.069135755 484.6767 315.52432 572.47614 404.70273 0 0.065841645 517.01184 570.5285 578.5665 635.52716 2 0.9969023 460.84055 440.53387 592.42487 538.181 5 0.9923564 257.8181 622.3332 513.32587 825.4792 5 0.9411217 483.9924 308.79987 572.92456 408.32526 5 0.19607331 566.0024 445.68866 593.54315 504.67218 5 0.054386567 467.57254 438.3169 592.5931 545.56537 7 0.0808292 257.0253 622.4936 514.3292 825.4642 7 0.05799892 484.32028 311.41135 572.3269 408.89517 ,test/3862.jpg
0 0.1872016 770.058 319.39417 804.5834 361.5478 3 0.33931893 770.9822 319.07742 803.97034 361.36386 3 0.052213296 679.1843 315.08688 746.7092 388.9648 5 0.19147442 771.36316 318.87625 803.88574 374.1721 5 0.17403838 825.62787 335.00397 883.5726 403.63348 5 0.11591621 711.659 348.18005 771.2337 394.61884 5 0.07667725 679.4016 315.7157 751.6355 390.2044 7 0.999936 78.77734 244.76106 430.042 702.86816 7 0.99982435 612.8496 330.5696 902.75146 941.4321 7 0.99940956 876.6648 353.8376 1020.48364 949.5485 7 0.9976215 371.2306 215.49918 679.38513 621.3458 7 0.99178153 340.81195 537.5403 636.4185 783.6604 7 0.6312235 824.78467 335.21536 884.7484 402.7551 7 0.25020078 390.83572 216.35141 551.4704 353.48398 7 0.17102589 338.67007 291.62656 655.67444 794.77966 7 0.1270544 479.2854 218.96973 684.6284 455.3745 7 0.10770594 823.0409 331.86655 891.2523 512.5848 7 0.09861574 679.0834 309.68176 746.7124 391.03534 7 0.09540392 830.2284 386.91226 854.32324 428.08963 7 0.07253871 76.63837 271.64 197.97678 494.84338 7 0.062581636 607.2797 332.93494 781.95966 739.80273 7 0.058838762 571.6692 281.71326 676.24 575.15076 ,test/3863.jpg
0 0.36905143 128.716 213.57312 859.2927 635.6409 1 0.8271385 125.347626 210.894 860.22424 635.09937 ,test/3864.jpg
3 0.99951315 211.31454 357.28888 642.5344 619.35034 3 0.9536346 403.13177 416.73502 648.5201 614.9435 ,test/3865.jpg
0 0.99515176 133.47379 304.14777 832.57043 761.5622 ,test/3866.jpg
1 0.5432436 320.26257 899.5688 537.2678 1021.82355 1 0.096172534 398.06708 981.71906 524.2531 1020.91986 1 0.094329044 319.9458 908.99475 430.13104 1022.3441 1 0.08183498 407.2307 934.0035 686.9883 1020.5268 1 0.061409373 197.83577 829.72437 577.9654 1012.84424 7 0.9988778 648.1355 582.4663 1024.0 1024.0 7 0.99776495 11.88739 265.73178 862.45215 1019.3551 7 0.9962063 824.056 455.84924 1022.78345 600.0863 7 0.9961384 227.15247 235.79205 728.12115 525.7875 7 0.66406757 518.30676 981.98804 694.9197 1019.6787 7 0.45233718 320.95197 894.199 671.13794 1021.7411 7 0.21887577 420.0542 971.00574 699.50806 1020.07886 7 0.1881519 829.19086 455.24277 1023.1246 510.66794 7 0.1671856 224.92218 835.32605 659.95325 1013.776 7 0.1366131 548.9618 941.3187 691.83215 1023.28174 7 0.112776674 730.341 478.86093 993.262 825.22375 7 0.10392584 810.1339 567.685 1007.2001 644.66034 7 0.06516975 536.2359 994.13043 677.8974 1015.3636 7 0.06288596 398.06708 981.71906 524.2531 1020.91986 7 0.059272643 271.72852 358.2765 734.3786 495.05133 7 0.05923273 23.110443 653.5984 708.2755 1009.6172 ,test/3867.jpg
0 0.07430369 651.5825 416.90408 682.48 434.629 4 0.9984421 365.64203 211.42262 573.42444 572.48444 ,test/3868.jpg
0 0.54798305 14.3871155 7.3619423 554.96594 113.67639 1 0.99768174 191.71414 361.62604 751.8346 643.2829 1 0.23230417 519.536 294.02908 772.1571 463.60007 1 0.117516935 508.55026 309.16064 539.21765 384.1665 2 0.953413 522.47565 273.89987 771.54803 467.14316 2 0.9490755 542.04193 177.15125 802.5893 345.41766 2 0.80670285 544.472 255.1116 775.50165 353.3013 2 0.18407308 551.6426 269.306 800.7328 310.25436 2 0.137108 539.32336 305.31317 764.85596 383.45154 5 0.19912083 543.21674 176.78185 803.7596 332.9693 ,test/3869.jpg
0 0.10059341 405.75238 396.403 753.61005 652.93475 9 0.9658332 407.20447 396.16818 752.595 652.65234 ,test/3870.jpg
0 0.4341967 371.63223 7.993973 460.06137 236.54156 0 0.15804623 820.5704 676.0815 943.55914 760.41595 0 0.1447506 939.3227 657.057 969.26056 756.9675 1 0.08460992 820.5704 676.0815 943.55914 760.41595 3 0.19637062 932.0136 658.0268 1023.71844 1019.28546 3 0.069802366 649.2704 640.1211 1023.3889 996.1085 4 0.54729456 806.0564 253.82 968.21155 763.99774 4 0.29971278 666.30756 345.42914 821.0347 751.46625 4 0.26253062 651.61285 197.12512 824.7778 1009.9595 4 0.2507943 80.94086 312.54956 415.1596 1008.1426 5 0.98671895 383.57196 16.703735 658.38995 770.7187 5 0.9170164 674.194 283.09375 822.29016 762.24023 5 0.91030896 79.7224 322.59622 417.47375 1004.4585 5 0.88538927 648.708 120.52292 828.3428 1013.0531 5 0.7801153 805.2488 252.92903 968.01245 764.23486 5 0.54815376 654.8212 244.21701 1014.45795 1000.4822 5 0.38229236 628.5383 81.74382 742.525 550.41986 5 0.09616587 742.7541 629.5295 1016.8178 1016.1933 5 0.087824404 386.74445 11.721848 457.36023 220.8399 5 0.07839843 392.54022 4.25 470.09082 625.07416 5 0.06911607 935.59424 657.11285 1023.6356 1019.60736 5 0.06428686 52.761353 202.66968 904.0614 1002.501 7 0.091196515 821.4615 675.698 943.1672 760.39355 ,test/3871.jpg
0 0.53568566 437.2813 307.03534 620.2397 446.0548 0 0.23294948 525.6395 362.71243 623.5963 433.07925 1 0.99965584 376.04718 206.72125 825.9871 731.3076 1 0.08585627 469.05865 400.527 826.35297 722.4939 1 0.06451551 432.9134 303.9845 619.63556 445.3183 5 0.9827185 188.3351 216.45567 228.5952 273.11426 5 0.10487901 122.08922 102.732025 377.28503 485.01578 7 0.102134734 525.6395 362.71243 623.5963 433.07925 7 0.06484463 480.1825 332.0356 617.92334 439.75027 ,test/3872.jpg
0 0.65518785 352.1532 226.42444 715.70593 342.9994 0 0.28473005 606.7948 771.5141 1020.80774 1024.0 0 0.24703108 603.2557 515.8609 1016.16144 1024.0 0 0.17450993 705.52893 449.63593 807.33215 551.2416 0 0.15873541 737.01245 213.82335 1018.03015 530.83453 0 0.1523038 231.0975 542.7884 644.2009 775.2282 0 0.089081526 156.6116 513.33594 995.34155 1022.91797 0 0.07268299 182.23969 270.08414 436.1278 475.2706 0 0.062312685 713.9945 450.0647 804.1229 492.34485 0 0.05945012 135.07434 121.44743 828.8318 501.58398 0 0.058175318 197.8695 207.28867 993.57556 866.47534 0 0.05693539 61.54007 469.01257 949.181 771.51306 0 0.05439631 64.53721 550.3043 266.0575 659.1218 1 0.9137728 0.0 504.97308 78.34952 599.8957 1 0.90423286 1.18219 549.63837 819.4117 1024.0 1 0.8708779 743.5558 219.05283 1018.1759 456.73068 1 0.711161 43.039917 120.001816 851.7121 502.63922 1 0.64900637 960.259 261.73398 1024.0 412.23978 1 0.3673489 207.80127 502.59753 739.89026 769.7599 1 0.3016778 64.53721 550.3043 266.0575 659.1218 1 0.26949492 597.04114 520.8063 1020.9951 1024.0 1 0.23306507 32.79666 257.88742 1009.75024 1024.0 1 0.18503073 181.8435 271.77698 438.60077 476.38904 1 0.11694071 218.25146 132.12811 1005.18445 703.14 1 0.083687715 11.717224 278.5252 681.07666 834.2104 1 0.08227764 0.0 508.79913 73.78401 552.0007 1 0.0752517 915.6187 245.87457 1022.7697 421.2705 1 0.06887103 953.9794 254.42366 1023.06274 295.17697 1 0.06872436 348.97806 226.44336 717.99023 349.6703 1 0.06637486 11.060272 246.0465 904.98254 605.26965 2 0.49454448 350.99084 226.83928 714.188 343.00574 2 0.2558192 182.63943 269.95825 436.38962 475.6712 2 0.20000513 745.2756 230.56339 1020.09076 452.61014 2 0.1283626 214.78241 505.06512 794.8988 749.4904 2 0.05225064 0.4264946 503.962 78.776215 601.1078 3 0.17879161 219.86923 507.5406 787.6416 735.8564 3 0.06720537 588.6408 660.6508 758.0854 710.5185 3 0.055348016 454.3838 510.9634 775.8108 696.2544 3 0.053045828 62.03325 551.14294 278.60315 661.32947 5 0.8392781 817.324 388.32416 1020.8782 542.5535 5 0.7662367 181.74881 270.42017 437.12875 475.53778 5 0.6816566 492.75098 287.0487 793.26746 517.82104 5 0.38039088 733.03687 393.3528 832.1848 468.72183 5 0.26431435 820.40106 388.3254 981.41473 483.5002 5 0.23245327 201.64919 444.3305 287.73254 500.4447 5 0.22124349 160.03912 510.6904 292.60532 561.72614 5 0.12637947 842.47864 474.998 975.5415 537.0782 5 0.12480099 851.65936 476.452 919.0632 535.89484 5 0.113884166 737.5895 213.27876 1017.56006 582.68915 5 0.10415876 162.65814 262.73343 818.3385 510.91385 5 0.093147 77.74975 487.773 303.11774 572.7358 5 0.054981753 72.86401 466.3863 894.4792 754.5632 5 0.05303003 0.0 505.26758 78.71423 599.1594 7 0.69584596 693.38293 792.6457 1019.7717 1024.0 7 0.6785785 214.74432 505.07916 794.03705 727.50287 7 0.6765863 0.0 392.80328 183.06479 594.4434 7 0.6138837 618.9497 501.97122 1008.7927 1023.6129 7 0.55490863 707.9193 448.1937 806.3314 553.6032 7 0.49629885 67.677444 551.2637 275.8238 658.06213 7 0.49385017 22.452118 337.92218 990.5122 760.7647 7 0.41148546 0.0 396.20502 182.73529 460.7259 7 0.4031165 390.1355 289.17416 803.598 515.6275 7 0.24782102 888.4945 767.80164 1023.68713 1024.0 7 0.23757523 737.5895 213.27876 1017.56006 582.68915 7 0.23667799 11.060272 246.0465 904.98254 605.26965 7 0.18637785 135.68481 471.60126 983.0408 1022.7918 7 0.17738755 349.1588 226.54326 715.70776 348.44772 7 0.14605415 372.7364 343.0562 533.1363 477.18066 7 0.12910207 510.37546 235.25133 1005.0536 746.82587 7 0.11965998 177.4114 271.55945 588.23254 491.28296 7 0.11303637 218.25146 132.12811 1005.18445 703.14 7 0.09694873 0.74671936 438.2715 293.67566 608.35657 7 0.078656964 70.82844 495.93213 293.7388 580.30994 7 0.07662289 226.7522 463.96558 502.04755 528.8059 7 0.073407315 721.50415 390.60242 1022.1395 542.2032 7 0.06727767 50.903976 454.80963 451.39276 627.142 7 0.06371313 201.64919 444.3305 287.73254 500.4447 7 0.0606295 678.7598 385.7209 1009.58905 660.113 7 0.05806022 718.9239 448.24814 802.14764 488.7955 7 0.0508818 0.2887993 447.38184 110.37154 591.3164 7 0.050535925 0.0 505.0917 83.47247 599.8493 8 0.13554324 588.6408 660.6508 758.0854 710.5185 ,test/3873.jpg
0 0.6803105 515.0302 0.0 591.00946 139.35545 5 0.9995421 473.335 87.74481 821.12354 923.6725 ,test/3874.jpg
5 0.053479273 614.88434 381.07327 779.31647 521.34955 7 0.9993144 138.67245 190.09607 862.8739 784.9034 ,test/3875.jpg
0 0.12739219 506.19608 269.90952 591.076 413.6777 0 0.079847395 800.35065 153.16145 845.72797 175.42134 0 0.067264155 775.1564 49.228405 955.9259 146.29457 0 0.06130469 415.59158 289.47766 501.62723 334.1878 1 0.9962341 451.1635 380.61588 916.51337 867.1019 1 0.46823287 414.71985 291.4144 501.8446 333.72867 1 0.43497238 722.51996 395.6407 911.863 743.3935 1 0.23157825 800.35065 153.16145 845.72797 175.42134 1 0.20970628 406.15787 290.5375 458.7952 336.991 1 0.10601995 398.74615 265.6446 591.51514 433.3064 1 0.09267073 506.6456 270.27808 591.7383 413.08502 1 0.08886588 403.57025 279.55115 532.6461 338.8863 1 0.06354983 803.3352 159.838 847.52527 183.52248 1 0.06320613 512.7504 269.00763 563.7149 308.11853 1 0.05024806 390.87634 267.41968 714.77405 627.92194 5 0.08492092 774.7234 48.415115 954.08325 144.7278 5 0.06710597 513.7148 270.70386 565.53644 307.32556 5 0.053525053 787.15216 54.802353 1023.07025 470.6772 7 0.9999478 216.63544 362.1054 482.99487 799.46857 7 0.99800843 695.7496 122.09494 898.2829 506.17886 7 0.98665696 540.62775 99.25969 708.53253 409.29266 7 0.97670937 211.77351 192.9506 398.80896 498.10162 7 0.93395436 398.3567 265.804 591.5822 432.91647 7 0.73194265 507.146 270.40247 592.14294 411.99677 7 0.25173032 187.19127 261.12457 425.0288 630.5133 7 0.23484062 799.9983 153.6228 844.76917 174.54099 7 0.2092999 190.64008 392.28577 281.63992 640.3054 7 0.10854622 514.77203 270.92184 562.809 307.23422 7 0.100077465 775.1415 50.019726 961.1775 147.56096 7 0.06500527 835.7937 371.12836 902.20215 527.10364 ,test/3876.jpg
0 0.543376 61.16806 710.627 194.22362 808.1608 0 0.24756725 58.886223 660.9927 199.62958 867.1792 0 0.21583289 429.82587 781.2405 461.78754 892.6963 0 0.19602875 798.5518 700.9461 831.7227 771.743 0 0.12920557 710.5805 679.03 807.3658 804.0746 0 0.08000405 757.2761 669.2719 826.0526 775.27264 0 0.07783125 431.14148 780.89246 448.28223 868.4824 0 0.051259935 73.42511 663.3417 188.33789 788.94934 1 0.58055377 32.45971 629.56384 204.54453 871.1708 1 0.3983682 63.16394 662.85345 186.34692 816.5817 1 0.15708223 54.985287 615.0527 174.0832 763.892 1 0.1514435 82.451965 668.8329 178.81146 734.0779 1 0.1264966 32.03794 598.60205 171.75049 709.7101 1 0.0850219 82.10811 682.3784 184.55022 773.3441 3 0.063179344 800.9661 489.29797 1017.3808 887.3019 5 0.13531277 22.704193 597.799 154.38298 703.42035 5 0.09680284 525.55597 331.35614 628.2182 420.47015 5 0.08152407 824.2418 493.2725 988.69116 527.2278 5 0.076311596 865.3279 485.85138 917.9165 503.6277 5 0.060467064 836.2603 489.09128 916.1209 510.09323 6 0.97760105 422.2461 648.63293 680.1183 968.40015 6 0.59438694 591.24194 654.734 690.8175 896.47925 6 0.43083778 45.724396 668.9295 204.48036 867.0041 6 0.34818485 23.518682 745.3913 71.55895 849.7507 6 0.20778072 63.436127 705.4194 189.55348 814.3566 6 0.16298495 613.6113 769.61316 694.7988 894.6841 6 0.15705594 84.34284 666.6376 176.0636 724.14246 6 0.15061879 537.4553 651.42035 675.5725 800.41327 6 0.14541775 13.030643 697.87646 90.04184 855.6688 6 0.05809886 84.299095 670.88324 185.8269 789.18024 6 0.052787915 80.08053 641.5927 140.22932 719.7895 7 0.9989176 457.15842 515.09143 638.80035 680.97656 7 0.9944054 673.28455 504.88724 855.1671 726.8438 7 0.986188 310.562 141.46973 496.7011 420.13422 7 0.98124194 343.44092 405.638 539.1547 696.0296 7 0.9679556 323.04944 140.9582 462.03235 273.604 7 0.9346751 347.35474 385.7554 480.67908 515.02905 7 0.9219882 426.64072 662.26965 567.1688 786.94995 7 0.9064754 491.99118 339.23486 616.4714 524.20514 7 0.89676565 630.1855 399.64185 805.32904 636.9564 7 0.8716815 710.37103 656.2576 821.42865 806.1497 7 0.8408327 503.1096 325.97217 763.7451 526.42035 7 0.80134654 815.3547 496.1153 1011.0673 691.64923 7 0.67826027 644.6504 412.90976 836.1731 774.8253 7 0.29685113 673.575 600.2179 792.58966 802.63635 7 0.26726073 586.9619 337.60928 799.76 570.70337 7 0.25241074 610.853 527.231 685.5248 644.80853 7 0.24981973 814.31226 600.9411 919.0748 685.7188 7 0.2171598 757.2761 669.2719 826.0526 775.27264 7 0.20831077 455.3485 403.67932 525.45197 520.0255 7 0.18324694 472.14764 492.2168 554.34845 563.10144 7 0.16738486 552.5103 477.55426 637.3039 541.92346 7 0.15625024 471.38562 362.21625 677.1627 613.77747 7 0.13993074 564.88947 479.59433 689.06537 646.2335 7 0.12856197 587.37115 342.09995 725.5826 505.8564 7 0.124254614 672.0759 673.82916 751.6107 761.18427 7 0.106282294 525.55597 331.35614 628.2182 420.47015 7 0.09570886 423.65692 642.1539 683.87177 969.99725 7 0.07344533 535.49927 520.4172 628.6376 674.4985 7 0.06665093 459.2449 328.91287 764.30896 672.1293 7 0.05980201 872.92773 579.6056 1001.52026 688.7157 7 0.05357239 668.5465 554.21594 745.91785 777.1128 7 0.051026687 489.16568 362.91202 535.8359 415.43814 ,test/3877.jpg
2 0.99842787 207.25372 100.77075 726.3618 690.3002 ,test/3878.jpg
0 0.054055035 205.03946 172.3808 715.8053 872.4318 3 0.052412473 202.61163 171.3576 719.614 870.84564 5 0.96707815 204.50165 172.47589 718.3096 873.24115 ,test/3879.jpg
0 0.36631897 371.07617 485.66107 779.91394 782.24506 9 0.86873233 370.73492 485.6477 780.2912 782.13257 ,test/3880.jpg
0 0.052649714 888.9044 571.38666 1024.0 777.633 1 0.9440882 984.8501 0.0 1024.0 168.6491 1 0.18957137 1004.73615 0.0 1023.2745 165.93158 1 0.08734348 978.3591 0.0 1004.8997 147.91113 7 0.99992204 87.52586 186.58029 383.00134 623.05444 7 0.9997843 526.75806 393.85858 910.36743 775.46564 7 0.9990816 363.3728 260.29303 596.1316 597.4403 7 0.99046385 888.8681 570.9979 1024.0 777.7926 7 0.056703042 842.84015 546.7793 911.06757 780.1804 ,test/3881.jpg
0 0.4912921 622.02313 652.1571 1012.71735 909.0228 0 0.24560873 373.94122 494.57263 431.13037 600.0697 0 0.16567475 364.877 504.62158 411.11957 609.70996 0 0.14730391 479.556 438.2746 524.4925 477.3089 0 0.06278958 256.69186 334.29596 271.5034 494.5583 0 0.062451664 393.08563 486.51215 412.11713 550.65594 0 0.05644844 52.689697 396.8597 196.90306 463.85483 0 0.054538198 416.9402 521.52374 576.5179 710.75165 1 0.9745745 416.74442 518.47345 577.6234 709.30194 1 0.9715485 247.62749 558.5646 429.09387 743.7748 1 0.94765717 288.07413 474.55847 395.71902 592.40906 1 0.42949626 280.96375 571.484 363.4204 616.9817 1 0.21666317 347.64966 477.2835 428.29907 611.9046 1 0.16083728 260.88995 445.43512 424.51923 666.90265 1 0.121021755 333.8694 470.71317 405.00543 542.62915 1 0.0972316 311.74963 468.26016 425.85162 570.1085 1 0.07271975 488.7109 552.07666 517.3644 614.6521 1 0.0679669 479.26306 437.39285 523.99365 478.2863 1 0.061520398 379.25037 487.8075 431.30524 591.47217 1 0.06095263 56.267998 379.54575 197.70331 464.83224 1 0.0557394 17.69828 386.66815 258.03125 700.31866 1 0.052292023 98.370125 377.0136 188.59601 406.91394 3 0.19901226 252.92854 332.85742 276.49997 493.6233 3 0.082650736 263.402 334.49283 289.9263 483.40262 4 0.15341663 460.74893 397.9755 479.8276 445.00278 5 0.9096726 962.0233 259.7898 1022.91113 717.33026 5 0.55063826 377.32724 506.72278 404.46732 543.9866 5 0.3746562 256.69186 334.29596 271.5034 494.5583 5 0.26209715 954.2125 256.6897 1024.0 379.65387 5 0.09238976 384.2663 494.69336 409.10834 546.4885 5 0.0745167 253.10254 331.2874 282.31866 494.33942 5 0.07123892 374.83383 497.3155 430.8987 585.7579 5 0.06054651 460.4152 398.90747 480.5549 444.31293 6 0.9972627 18.544998 383.75708 252.36766 702.02026 6 0.8008175 43.367317 386.40192 211.2207 472.25104 6 0.3255398 243.90356 411.08652 315.26733 587.5845 6 0.14022993 204.68304 404.4053 252.95547 693.60913 6 0.08299151 53.525093 398.66898 189.40582 445.55014 6 0.076388076 20.7156 433.45755 255.74716 583.10724 7 0.9999509 572.8005 278.7 820.3942 634.78357 7 0.9997143 809.9474 313.4394 985.6282 640.64526 7 0.99912745 388.50354 413.3189 535.19965 603.09827 7 0.45667857 479.9277 436.7847 521.88324 478.7283 7 0.22409761 961.24457 261.39178 1023.77277 721.02045 7 0.06097486 426.5651 419.24274 526.88074 481.87653 7 0.054401014 53.25846 396.25772 201.75452 445.8903 ,test/3882.jpg
0 0.8511858 544.8409 498.77002 623.84503 553.26086 0 0.5786844 495.58716 537.89154 558.53357 606.7662 0 0.18631725 417.08847 747.8881 492.62613 843.9605 0 0.17687097 263.31494 36.698303 301.2826 83.89569 0 0.16960931 133.71135 1.6544952 273.78784 157.49767 0 0.109876506 501.4281 491.24042 572.2676 534.4167 0 0.10603373 492.9141 485.99774 622.20526 584.6889 0 0.100005046 344.49847 360.2466 617.3549 592.3511 0 0.09041457 0.47595215 35.500854 142.7786 375.08066 0 0.06973504 145.42926 352.2331 275.10968 473.88324 0 0.067207135 3.4375916 67.08057 270.04776 526.1973 0 0.05174236 469.56836 452.3034 590.1056 597.0052 1 0.975653 4.375763 237.78229 255.087 499.7707 1 0.9684992 247.93587 361.25272 689.9385 835.3098 1 0.93061703 1.4720459 233.80606 317.49167 916.8782 1 0.8383929 306.78592 373.93494 608.5349 574.12714 1 0.784746 413.386 142.94427 688.0626 478.23346 1 0.7436061 612.73804 111.65997 764.4199 272.20233 1 0.67046475 414.85577 323.09598 596.4512 515.5874 1 0.61497307 634.6255 303.16156 733.6791 630.53845 1 0.5344486 294.9983 184.70619 724.1551 602.64905 1 0.53182554 672.0778 264.33374 727.8497 398.61438 1 0.49006513 258.5853 660.35406 448.91873 845.46234 1 0.40174428 397.90735 7.5081787 738.89026 553.0698 1 0.22807515 650.6965 240.47534 775.4069 397.2055 1 0.20083338 401.67358 328.427 673.72546 631.1598 1 0.19517519 164.95665 46.844345 458.70734 404.0548 1 0.1796334 270.3612 206.75212 468.83624 474.01202 1 0.17346753 495.8833 539.2271 557.34753 606.92804 1 0.15491214 101.16658 133.50406 186.22124 261.6405 1 0.14870937 147.38136 346.79465 276.2608 476.29208 1 0.14055909 540.2385 327.633 747.11865 610.19617 1 0.12912288 703.4736 0.0 944.992 492.4408 1 0.12534705 368.09882 375.30225 407.34412 414.6364 1 0.11139081 545.3918 191.11502 682.1833 460.79837 1 0.10735382 294.90985 203.86421 572.41815 517.3154 1 0.10664465 579.6988 1.1015615 619.0407 20.374565 1 0.105004765 245.52061 264.0852 286.73853 385.75745 1 0.09112311 623.5202 158.86177 767.51227 472.72607 1 0.090923 489.7363 485.73883 622.32043 598.0451 1 0.086644046 327.99478 148.9655 568.9803 383.53632 1 0.08509143 347.81366 362.28897 408.8504 429.4326 1 0.07903362 573.69745 6.72048 611.7851 38.804207 1 0.0783916 516.4146 92.254395 737.3066 443.15314 1 0.07379712 606.6389 128.60213 650.629 213.92082 1 0.06685724 679.0352 274.79434 725.8172 304.17142 1 0.065885924 286.2887 299.37692 439.463 457.24973 1 0.065743946 133.71135 1.6544952 273.78784 157.49767 1 0.06491835 494.0962 149.9614 629.89526 296.9123 1 0.064018846 606.2042 180.44324 643.9447 215.5939 1 0.06392246 655.82135 271.92517 727.96893 347.72217 1 0.063264236 106.62015 266.32617 291.81326 491.38788 1 0.06199667 75.71849 100.95216 277.19006 486.3672 1 0.05940614 519.58044 44.951706 764.7771 263.47473 1 0.057177126 257.11887 410.06866 479.44626 845.75946 1 0.057155956 359.5274 241.03168 452.9212 393.02673 1 0.055303436 635.18976 317.56332 691.5086 392.94498 1 0.05503567 597.4839 200.81198 697.0198 433.18625 1 0.05274635 100.66743 137.7389 158.63564 231.29549 1 0.052328452 0.47595215 35.500854 142.7786 375.08066 5 0.10184629 558.68146 2.7061863 581.8304 47.084633 7 0.98856866 698.56396 0.0 946.2151 493.09174 7 0.98331255 411.48917 0.0 615.6963 228.62164 7 0.97093606 260.6153 0.2808876 476.11188 92.10956 7 0.932304 174.37175 36.199997 453.82697 417.30194 7 0.8615522 566.2686 1.8544159 729.0163 178.4148 7 0.78713506 146.14047 144.17436 185.82419 261.48108 7 0.6728925 131.5908 3.0623245 275.4593 157.22772 7 0.47408146 319.80676 0.0 748.4292 257.34998 7 0.25748345 263.31494 36.698303 301.2826 83.89569 7 0.25159663 152.31181 152.77716 183.33183 219.69012 7 0.20991217 497.01437 543.6143 553.96985 607.2309 7 0.19044577 492.13818 43.79489 618.93616 211.8004 7 0.16691788 168.57977 111.84615 257.7406 287.53024 7 0.14194484 260.56146 11.340828 297.43933 101.55182 7 0.111022554 103.87985 3.243126 606.6466 198.96045 7 0.095793195 561.2708 2.88772 582.3713 47.051773 7 0.077590026 114.2838 16.385147 281.13885 275.6897 7 0.074834995 509.26538 27.00943 694.6404 202.39294 7 0.06263187 258.71793 0.0 454.88333 197.66612 7 0.06233455 146.02393 352.68835 277.71152 472.32092 7 0.06007598 261.07803 27.517952 329.86166 81.66644 7 0.0565148 391.5758 14.207169 716.5575 460.32404 ,test/3883.jpg
0 0.7891051 408.77145 307.6388 649.2033 696.7065 7 0.62232506 407.97064 311.20914 649.99725 698.3004 ,test/3884.jpg
0 0.46320206 93.19412 39.46518 934.00415 946.58606 1 0.6356406 101.18454 33.814117 929.1633 954.5615 1 0.33378786 0.0 676.76135 871.3725 1024.0 1 0.10656024 1.905777 652.5558 276.70483 1022.0 1 0.09981139 477.43494 772.72485 867.71875 1024.0 5 0.109211236 99.9397 28.43161 925.303 979.41504 6 0.06059637 99.25055 30.378143 928.16974 958.0416 7 0.9940607 240.72571 0.0 886.6665 182.59128 7 0.97772604 1.6056786 0.3927307 77.261 275.9539 7 0.34797052 255.32396 0.0 552.52167 181.83168 7 0.06406851 99.9397 28.43161 925.303 979.41504 7 0.063978836 3.3762054 0.0 97.59242 501.57843 ,test/3885.jpg
0 0.19501011 273.82712 512.23816 813.427 783.80493 7 0.23250726 229.50723 0.043937683 325.86392 156.16861 7 0.0948946 126.28912 0.0 325.95935 265.1282 9 0.9660247 271.5359 514.1392 812.063 784.33636 ,test/3886.jpg
0 0.47919413 479.71826 9.565971 525.6792 93.72502 0 0.28811 17.311401 22.360596 989.20514 934.2941 0 0.10212816 766.36334 0.0 925.83636 31.456945 0 0.08979659 712.5353 0.7778015 861.1394 346.47797 0 0.05929547 931.7462 388.1309 1023.1786 405.10178 1 0.12359915 12.905975 24.606445 986.80554 932.9526 3 0.05748505 19.29654 27.893738 980.9083 932.59955 5 0.812957 898.0031 377.54163 1017.2913 675.651 5 0.80019283 19.45111 26.787933 985.48035 934.4431 5 0.19732754 847.1158 283.6897 1014.7341 833.5752 6 0.71981746 901.272 289.61816 1024.0 471.55054 6 0.16392316 917.4929 387.65198 1024.0 427.46637 6 0.15929893 906.307 284.05356 1020.5231 688.5581 6 0.07101261 937.32495 400.0472 1022.6389 422.24625 6 0.06528077 906.08185 329.18024 1023.85394 414.9167 6 0.06356589 929.75037 388.071 1020.04224 405.49234 6 0.054688565 949.78613 418.32553 1023.44104 472.05362 7 0.08660156 891.2521 286.815 1011.55615 775.0711 ,test/3887.jpg
0 0.06281995 698.0148 200.64172 1024.0 337.19104 4 0.6241516 360.4547 190.03018 764.5338 902.8734 5 0.952761 363.06122 194.40219 763.5756 922.39417 ,test/3888.jpg
7 0.9999132 443.80856 252.13248 876.5691 810.32324 7 0.99979955 119.47278 195.04698 280.73477 580.79596 7 0.89238137 262.74023 7.093338 389.70032 495.55145 ,test/3889.jpg
0 0.37013128 518.67224 661.0656 745.8961 907.7148 0 0.3620426 744.6831 415.13458 1024.0 1024.0 0 0.31796682 152.80594 233.18741 492.9979 462.9083 0 0.14079279 780.9504 393.61096 1018.55963 664.0875 0 0.10343768 890.43884 357.3946 1020.7926 453.3078 0 0.07459481 501.7899 394.28128 1015.49963 945.94666 6 0.923779 517.6267 662.242 746.63074 905.84894 6 0.90781695 151.9875 232.95605 492.40967 462.41138 9 0.18669556 738.04456 529.6315 1024.0 1024.0 ,test/3890.jpg
0 0.7897258 640.08246 200.76012 716.1409 256.88284 0 0.36972603 664.39496 650.7411 819.32587 704.9563 0 0.09024929 488.54117 391.01556 541.4261 428.26642 0 0.07699732 693.1523 245.80145 777.101 361.87842 0 0.054616187 402.52094 334.388 458.73218 452.08746 1 0.11215904 402.62488 335.07693 458.56494 452.2278 1 0.10431101 448.69226 357.34946 491.65076 442.0441 1 0.08220832 418.50317 309.84836 482.25806 337.65256 1 0.06360073 456.6726 262.16055 613.0592 387.39804 2 0.063511424 418.50317 309.84836 482.25806 337.65256 3 0.15674868 642.1325 540.61426 859.3144 630.7151 5 0.8672072 361.8758 227.54167 563.0893 318.77216 5 0.77839726 621.7821 381.60788 722.67676 435.1854 5 0.7002355 352.05536 220.50085 701.6724 383.01617 5 0.58718854 588.1526 339.8493 699.9614 386.9759 5 0.53147167 538.86053 224.89282 687.23676 360.51678 5 0.33264074 479.49377 384.2858 643.9502 428.54306 5 0.3307459 590.7456 341.4547 738.27356 470.59595 5 0.30007115 449.32605 344.16406 531.12244 440.15558 5 0.24225672 536.04724 362.91153 610.7501 391.34238 5 0.23092712 556.4455 373.75558 621.11444 400.3112 5 0.23058248 464.62048 237.12772 620.57874 388.5767 5 0.21996073 448.69226 357.34946 491.65076 442.0441 5 0.19033206 681.5978 245.7404 779.8872 361.83157 5 0.18501158 581.8408 266.6025 691.93445 356.8198 5 0.17371729 595.7406 338.3634 677.82275 363.28064 5 0.16986556 490.02933 386.5845 726.3949 479.31033 5 0.15793213 400.85968 331.25876 459.8999 452.06332 5 0.14430052 609.67017 341.28653 707.73 436.61728 5 0.1420771 525.65497 341.54684 705.34784 408.92508 5 0.13291344 445.68192 230.71095 554.0782 311.82336 5 0.11667355 574.6737 347.09497 663.1642 391.33722 5 0.10778017 439.2584 383.97183 589.4538 438.4387 5 0.104728006 554.07904 349.18036 620.4765 401.00348 5 0.10273987 544.2216 352.49188 604.4295 385.26044 5 0.09989881 599.1364 351.28604 657.0661 384.46286 5 0.09063943 384.92838 245.15689 623.99884 444.9904 5 0.08659461 553.37396 348.89005 601.24567 372.78323 5 0.08046415 587.5165 354.50793 637.3966 386.96558 5 0.080340415 529.13257 367.02704 634.98645 407.498 5 0.07623879 593.3938 345.04965 669.0962 374.6921 5 0.07602637 396.17392 241.90608 596.83105 347.00287 5 0.06499984 554.4814 373.14835 641.93695 419.6533 5 0.06068793 488.54117 391.01556 541.4261 428.26642 5 0.06032663 566.7647 632.6996 616.0262 682.6575 5 0.057998985 455.4147 332.4176 733.9114 468.41705 5 0.056962986 364.8123 291.91983 461.26224 448.40982 5 0.05570635 556.37573 255.00491 671.7999 329.59543 5 0.05414318 573.3975 361.55374 627.30023 393.08493 5 0.05213128 615.06506 252.12749 685.85803 339.17084 5 0.05026581 567.78644 352.9777 612.30304 390.0096 7 0.99187416 208.51852 253.41354 728.74536 791.09705 7 0.68969816 665.07935 651.20905 819.3439 705.6943 7 0.32558906 344.95193 269.896 456.74442 453.08295 7 0.28666085 209.10132 274.64087 466.40906 471.35168 7 0.22456807 342.8839 212.84789 712.76807 412.39636 7 0.2103388 207.77008 274.48993 453.19 715.58563 7 0.14418483 577.36914 338.31906 740.0597 486.87436 7 0.119704284 479.49377 384.2858 643.9502 428.54306 7 0.11487205 402.52094 334.388 458.73218 452.08746 7 0.101502955 563.754 379.6459 619.7678 401.27432 7 0.092375614 568.26575 617.85236 616.109 683.7436 7 0.08148662 490.02933 386.5845 726.3949 479.31033 7 0.0773937 353.4884 224.87027 556.3981 320.58926 7 0.061139245 440.48987 316.96558 541.89484 441.62616 ,test/3891.jpg
0 0.95827293 696.27094 613.45 735.15485 689.2557 0 0.87693423 124.945816 824.76135 247.98402 1002.7737 0 0.8641168 523.88043 900.6884 624.3233 1020.8173 0 0.7750745 51.798767 564.6469 143.8952 708.63995 0 0.24936886 628.923 592.6681 719.0287 777.70483 0 0.19235343 228.32228 474.32092 370.45172 613.09045 0 0.13186614 305.42188 889.3176 458.5063 1023.432 0 0.11536833 362.86182 338.4234 517.4559 529.59705 0 0.11469296 615.8894 544.0286 649.402 605.13715 0 0.09096208 659.90796 871.9918 717.9708 980.77026 0 0.08922922 237.7612 450.8399 563.5908 1016.1988 0 0.08114905 347.52246 550.45264 392.3105 593.8147 0 0.08108597 421.02057 686.68823 525.77875 880.9685 0 0.052198634 290.19116 890.5787 636.97003 1022.46625 1 0.08731278 426.16663 469.1277 570.9025 713.1354 2 0.9785836 426.93427 467.32953 571.28894 713.7072 5 0.25531366 615.5941 490.60635 720.6284 614.32825 5 0.08624965 0.60743904 693.5137 51.221313 885.729 7 0.9895215 313.1349 0.07687378 454.98535 92.56088 7 0.90792966 227.78061 473.31033 371.5034 612.7259 7 0.8847351 659.567 871.87256 718.0774 981.43884 7 0.44293126 628.4769 595.17523 723.2435 774.95013 7 0.19806749 305.3985 889.2053 458.60614 1023.4413 7 0.12904122 0.8230419 694.2456 50.227295 886.1041 7 0.11822974 615.5941 490.60635 720.6284 614.32825 7 0.083776884 124.562096 824.9288 248.15652 1001.789 7 0.06576858 615.8894 544.0286 649.402 605.13715 ,test/3892.jpg
5 0.99872583 194.99942 393.42365 793.2893 875.68634 ,test/3893.jpg
0 0.1746611 605.8409 292.52072 792.3903 364.90775 0 0.05564418 608.4833 291.29062 800.426 452.0447 1 0.99629945 535.85803 296.45468 814.7478 709.5383 1 0.27007446 598.8281 291.74527 790.59546 369.11203 1 0.16829592 608.4833 291.29062 800.426 452.0447 3 0.99990106 229.18506 504.89322 474.03394 850.3025 3 0.99893814 326.85086 270.97104 484.66257 536.93274 ,test/3894.jpg
1 0.0615748 571.1563 500.5232 1020.7835 708.6544 3 0.7414485 356.7734 218.41208 558.43225 332.37576 3 0.6309518 515.21405 113.83646 1024.0 703.98486 3 0.44079575 525.72144 111.64867 1016.9823 369.08923 3 0.38306722 152.0381 329.9033 607.0399 684.6354 3 0.34197822 574.5639 501.6875 1019.4084 706.4906 3 0.2011749 0.40393066 216.52594 123.49136 303.29376 3 0.16735269 170.45279 544.31506 579.8629 683.9586 4 0.8588143 152.59323 329.17096 601.9718 687.7254 4 0.5166106 170.64543 544.75397 579.34924 682.9504 4 0.28952557 158.96844 807.60034 706.07086 1018.41345 4 0.09182642 574.5639 501.6875 1019.4084 706.4906 5 0.6526307 159.47655 810.39075 669.4904 1018.3661 5 0.5750122 0.40519714 216.55833 123.46367 303.0442 5 0.18316506 536.19037 838.6525 1018.4559 1023.8908 5 0.0637767 356.65347 217.28375 560.97864 332.9143 ,test/3895.jpg
6 0.99738234 119.5101 517.32776 790.3384 907.3795 6 0.23618907 532.5823 726.8921 767.69104 904.365 6 0.13722801 587.7341 791.40814 703.8073 852.11993 6 0.11361955 691.71655 578.3637 769.74695 636.5933 6 0.07575864 489.70273 552.78625 802.2269 899.61035 6 0.056340642 681.94086 728.3214 748.1518 842.7881 7 0.9995167 176.87445 375.2546 738.4015 576.10974 7 0.9968747 276.18427 219.44044 537.963 419.56042 7 0.067411184 192.7518 208.54292 567.8352 585.3669 7 0.05327498 594.21155 791.94244 711.87036 848.40717 ,test/3896.jpg
0 0.15445505 662.85565 204.11774 1024.0 1007.13995 0 0.11919842 13.484711 3.2519836 276.91367 935.8806 0 0.09335506 57.524475 155.53633 834.48553 663.9527 0 0.089607626 29.001343 248.15271 622.89703 1001.48425 0 0.08271956 872.1319 841.1103 1016.2857 1013.8641 0 0.07287113 553.9541 90.59677 1008.8657 658.4935 0 0.06619272 306.64883 557.8649 453.12094 754.5926 0 0.056425337 3.3523254 585.97 430.9348 1024.0 0 0.05099369 455.04855 930.0678 611.6437 1020.4902 1 0.18566823 30.603516 0.0 299.30258 463.87958 1 0.14810221 29.841888 12.394699 651.05054 450.44775 1 0.11448838 606.7945 170.6576 902.97345 404.7624 1 0.10606733 52.73105 39.460846 977.208 655.8485 1 0.092599854 69.59948 190.79312 250.90158 482.86557 1 0.070238315 22.47551 639.4183 140.6756 692.8537 1 0.052475277 261.48187 787.53436 490.89038 1002.5369 5 0.18229564 11.509125 0.0 298.87778 477.21902 5 0.105549216 602.0049 169.03935 891.96826 438.443 5 0.08544377 364.5841 280.6533 742.2555 669.0637 5 0.07132273 570.2908 179.35616 890.37463 667.2659 5 0.069729224 69.59948 190.79312 250.90158 482.86557 5 0.06031873 57.524475 155.53633 834.48553 663.9527 5 0.059435055 2.109665 1.0180283 295.875 174.944 5 0.05020713 117.60327 237.42543 677.17395 589.01196 6 0.9260562 37.03177 188.15091 930.8722 979.86206 6 0.80030286 5.531578 649.0498 175.22623 817.3269 6 0.789203 4.3813324 648.52606 276.83685 1013.70074 6 0.7692191 268.7467 788.2606 447.88867 944.36914 6 0.6564202 250.28865 778.64325 687.6899 982.67365 6 0.62673676 611.2716 520.9464 895.7761 992.1189 6 0.5621153 180.84143 495.01062 900.4961 989.6765 6 0.50716174 89.003235 246.26251 634.408 555.3163 6 0.47531316 12.6635895 789.68854 469.4931 1024.0 6 0.47160575 40.537125 0.0 296.29114 476.65936 6 0.44419277 2.109665 1.0180283 295.875 174.944 6 0.41601005 439.81567 833.21106 644.17114 972.4656 6 0.37417793 147.36064 457.97488 534.1354 841.2456 6 0.3511536 656.50085 173.96977 894.16565 433.94562 6 0.30701113 41.13031 230.98843 594.4332 783.10315 6 0.28786117 13.484711 3.2519836 276.91367 935.8806 6 0.2835419 25.345367 417.38577 634.85876 969.0249 6 0.2529395 267.03857 860.5177 478.71332 991.41785 6 0.23552468 570.2908 179.35616 890.37463 667.2659 6 0.21075419 52.73105 39.460846 977.208 655.8485 6 0.1841468 273.1748 566.3856 627.25336 994.8977 6 0.17329596 67.041824 219.47816 367.25732 586.3087 6 0.16685228 89.79404 708.20435 760.7405 1013.3861 6 0.15177861 606.91235 16.585999 1024.0 820.81476 6 0.14362615 24.036041 638.0664 137.61104 696.0968 6 0.14335583 63.01149 387.45987 448.72534 604.1012 6 0.13713028 7.4897842 390.29657 233.0008 694.0445 6 0.13545357 449.30835 922.39795 524.61816 1021.05334 6 0.12966718 346.37988 426.12228 723.7334 960.52954 6 0.1258842 29.841888 12.394699 651.05054 450.44775 6 0.11352482 449.5401 913.539 623.5511 1017.7338 6 0.10864392 806.90375 238.43867 896.7426 347.2636 6 0.10103118 6.6499176 637.3499 168.89365 729.20526 6 0.098582 287.9163 796.9473 399.2604 903.5822 6 0.09445887 195.30492 366.46054 679.73126 818.7352 6 0.09060636 350.453 788.8818 422.2868 815.3671 6 0.0802299 594.9623 2.63562 1016.93384 400.24258 6 0.07543882 347.64957 785.17816 444.4907 902.9112 6 0.06842746 14.593491 469.8631 376.28223 1014.63226 6 0.06315841 59.820473 208.23364 238.3357 460.1607 6 0.062750794 395.30573 21.936493 1023.8149 558.1095 6 0.060576767 265.50027 297.69867 742.69617 681.0123 6 0.060486216 93.28829 3.0233994 246.88278 82.52587 6 0.059967324 466.71286 358.02936 843.40063 838.97614 6 0.058852773 435.73383 840.9431 562.75104 903.78406 6 0.054200012 13.69075 393.7152 377.50293 767.8197 6 0.05395167 306.64883 557.8649 453.12094 754.5926 6 0.05115576 79.02846 656.6247 170.95337 742.38007 7 0.562354 849.9583 0.0 1024.0 1006.906 7 0.3654749 646.4685 19.468048 1023.9624 1020.8799 7 0.26145628 623.15576 513.8141 1024.0 1017.6714 7 0.08114421 553.9541 90.59677 1008.8657 658.4935 7 0.05426099 593.7932 0.5486603 1016.04565 391.11877 7 0.05280546 161.5458 100.461365 980.4265 714.26935 ,test/3897.jpg
0 0.06505324 277.9594 909.03796 355.1372 966.427 5 0.99923205 182.293 326.49326 767.2433 752.151 7 0.4204955 275.04755 907.7482 404.54462 997.03156 7 0.22285311 277.9594 909.03796 355.1372 966.427 ,test/3898.jpg
0 0.8109407 716.6659 79.281425 865.59985 162.24167 0 0.05734713 671.58057 44.47052 881.3375 154.46222 1 0.9535966 916.44666 130.62657 1024.0 253.015 1 0.9355957 676.11414 0.69958496 1024.0 150.11827 1 0.84790087 661.40784 0.6273041 1021.6366 343.33075 1 0.5056869 664.8163 101.030334 1024.0 255.16904 1 0.45377257 832.1359 8.302597 1023.9034 135.93457 1 0.12894794 671.58057 44.47052 881.3375 154.46222 1 0.102581926 717.45056 78.7359 869.3695 160.60728 1 0.08710118 619.1468 244.36127 680.5245 262.57733 1 0.08567965 780.20636 1.3081665 1021.63715 79.76711 1 0.07112199 921.077 132.47179 1023.9768 183.16408 1 0.060055148 909.63477 122.939865 1022.4309 407.63953 1 0.058466036 617.19763 84.45464 690.8661 145.5922 1 0.0503629 750.2902 46.049374 986.3851 136.68993 5 0.42053446 202.27756 102.25906 446.19333 236.29211 5 0.09133316 488.50946 233.82199 537.00397 271.66183 5 0.058468807 654.4937 260.68915 718.74884 310.1021 7 0.9997706 5.4933167 104.85007 760.9674 976.2035 7 0.9959358 623.05664 263.0462 1019.03406 745.298 7 0.976122 655.01685 261.077 717.87 310.0433 7 0.4065559 908.466 267.5404 1019.1641 439.61536 7 0.25263163 702.2346 282.02313 778.0188 333.198 7 0.050587896 652.50116 259.69757 784.2309 331.87018 ,test/3899.jpg
0 0.99948967 331.4374 403.50558 674.5349 675.8181 0 0.17356832 442.0388 398.85693 476.90256 442.13416 0 0.061009996 860.516 411.6519 1020.8967 436.57913 ,test/3900.jpg
3 0.062451724 132.92151 362.0591 204.30649 437.2278 3 0.05145882 97.389404 341.06152 1017.88916 944.53723 4 0.23102728 85.613434 293.1098 1022.7374 950.2559 4 0.10332905 108.60898 323.47015 720.51624 655.79004 4 0.09347158 132.97275 363.4184 202.54071 437.40546 5 0.9602674 109.89371 218.412 736.6111 659.4781 5 0.8286256 63.47699 237.50983 1024.0 962.2497 5 0.08314157 130.51167 345.8252 260.75592 437.5697 ,test/3901.jpg
0 0.95847744 781.09827 625.5056 961.20764 755.59546 0 0.6929692 699.5754 348.84244 847.894 531.0244 0 0.63133436 330.1626 33.55307 585.5913 359.13522 0 0.6063822 312.98102 497.96198 477.38495 682.96185 0 0.45526233 340.16632 656.22284 602.19745 1006.18866 0 0.17951185 337.6381 795.55176 460.20444 1024.0 0 0.11807173 327.0925 799.4591 350.87576 839.7842 0 0.100156516 3.6192474 835.0921 129.11989 894.3969 0 0.078392714 640.6391 503.12958 694.15607 561.3366 1 0.73323 338.49634 659.9372 599.8084 1009.4722 1 0.67742914 330.03036 32.9906 586.9446 359.4194 1 0.5856579 313.44257 498.06937 476.38184 682.7921 1 0.13994463 337.6381 795.55176 460.20444 1024.0 1 0.06692095 3.6853027 835.1166 129.14961 894.3445 5 0.46717542 699.3874 348.41406 848.0101 531.6343 5 0.10152158 785.3149 626.2488 959.352 762.4116 7 0.8445387 3.8916054 835.01337 129.27551 894.295 7 0.050518047 313.4309 498.0037 476.3202 683.2016 ,test/3902.jpg
0 0.87050074 226.7864 112.120575 576.73914 757.97705 0 0.46554574 443.79013 77.23398 499.62405 162.58318 1 0.2655635 225.28664 111.00873 577.1515 760.2516 7 0.6570974 443.68796 77.326385 499.74863 162.55678 ,test/3903.jpg
0 0.9863646 364.09943 355.31537 704.8504 743.2546 7 0.53027046 227.22212 773.17566 377.28833 947.6229 7 0.12434834 211.82135 541.9445 440.05865 954.01654 7 0.11138601 364.13162 355.66464 703.91003 748.02576 ,test/3904.jpg
0 0.97539127 697.1381 472.0582 760.98016 575.49365 0 0.8884434 385.43933 468.46075 883.88794 812.649 0 0.7797635 693.2176 461.5224 865.62836 574.8819 0 0.20457816 202.95755 485.64868 711.8783 812.9933 0 0.13222724 627.82776 335.8943 741.0532 477.46417 0 0.12428117 758.0359 464.15366 840.27966 495.71317 0 0.120038636 535.3155 455.45758 872.0712 574.01764 0 0.11504153 689.99554 470.5547 812.6088 524.3941 0 0.108464025 529.6588 364.01865 757.1874 478.85434 0 0.1027424 644.3242 370.6866 706.5112 475.98276 0 0.07745776 508.58484 484.6401 769.1649 571.8212 0 0.07023684 726.6766 460.12997 855.0107 511.14163 0 0.06744364 534.7068 316.59967 868.4645 479.87195 0 0.053233407 83.247505 298.52704 132.98874 517.41003 1 0.25050747 522.63586 459.4147 589.4346 484.35263 1 0.15472019 529.6588 364.01865 757.1874 478.85434 1 0.15466274 111.503006 245.44136 617.5871 518.9402 1 0.13498774 644.2871 368.29156 705.96265 479.90918 1 0.1031862 534.7068 316.59967 868.4645 479.87195 1 0.099368915 212.92093 451.4841 895.5625 811.1736 1 0.09325864 738.9969 309.00333 854.74066 478.54245 1 0.08390118 692.3469 462.40784 867.1128 573.9498 1 0.059046105 548.7514 433.33075 654.0715 484.9864 1 0.055678677 631.178 343.3833 732.0105 479.3421 1 0.05545993 760.10455 466.13684 828.8658 493.11072 5 0.30763695 759.95807 466.05167 826.98016 492.35306 5 0.08438176 755.4749 458.62122 812.1204 480.0061 7 0.9666518 402.14923 625.3996 546.909 786.0186 7 0.9623879 174.7117 509.87827 423.68442 594.79663 7 0.94504565 100.252716 246.38594 616.66626 520.9699 7 0.9081443 738.2285 307.94284 854.6565 479.17197 7 0.41017494 534.7068 316.59967 868.4645 479.87195 7 0.36338082 221.32428 440.19623 882.9881 815.30536 7 0.35584232 680.3458 334.61096 785.2815 380.82996 7 0.19384316 172.31355 454.128 538.793 591.53314 7 0.1319734 692.95575 462.2901 865.0828 574.35614 7 0.121199265 761.21106 464.49323 828.1196 494.685 7 0.08016687 639.945 334.46442 801.8261 480.1773 7 0.057599306 517.6216 367.54337 771.70874 477.2604 7 0.054184373 86.87835 291.14175 140.10443 514.5702 ,test/3905.jpg
7 0.9952004 323.6535 446.59888 482.07452 760.30725 ,test/3906.jpg
1 0.9825174 395.74866 230.92595 692.57385 664.71155 2 0.05733501 397.02673 229.97081 690.1554 663.844 ,test/3907.jpg
0 0.99958783 314.49152 410.68164 741.54047 806.553 0 0.4873866 312.17075 407.45975 387.0186 491.13205 3 0.05758867 312.60056 407.25232 386.3007 493.3949 ,test/3908.jpg
0 0.08653433 313.29504 435.3498 381.23022 530.2684 1 0.9993736 155.13272 38.95404 804.2412 790.73114 1 0.08468565 567.6843 528.0018 699.4667 645.00726 ,test/3909.jpg
0 0.2977496 313.8626 290.94482 679.2813 638.1662 1 0.22012797 312.64954 292.15375 679.0584 635.8093 7 0.7758637 312.69403 291.02222 679.74554 636.4725 ,test/3910.jpg
0 0.121007234 431.47272 360.1127 669.9611 722.53284 0 0.05028777 436.7118 368.03464 591.50134 469.5295 1 0.23176238 431.61426 354.6078 669.3861 720.8423 2 0.9651692 431.64145 359.7667 670.54236 720.8904 ,test/3911.jpg
0 0.9691621 508.44464 181.103 641.4539 362.91837 0 0.15370283 202.76631 441.21494 659.58057 952.84485 0 0.053746693 161.43033 955.59644 613.4923 1022.62036 1 0.6429877 193.00258 433.4972 657.1917 978.92456 1 0.110357024 163.58563 955.5707 596.583 1022.5984 2 0.6593093 208.78267 435.5426 659.369 954.9612 3 0.063653946 163.58563 955.5707 596.583 1022.5984 ,test/3912.jpg
1 0.29539502 506.99033 248.41779 596.87146 310.13037 1 0.20434834 372.40756 604.8115 426.64163 675.50415 1 0.065492876 501.69525 251.03767 688.01984 385.99152 6 0.110939614 642.3344 329.8258 708.3128 378.3402 6 0.06758244 498.05267 250.6434 705.5279 384.7427 7 0.9961152 370.55298 189.07211 730.31323 739.28076 7 0.09820878 488.18484 170.86133 710.066 422.15393 7 0.055149663 551.60284 344.43985 584.5905 398.75064 7 0.051328212 549.53766 340.66257 607.98285 391.7391 ,test/3913.jpg
0 0.27701312 865.3811 978.94476 1024.0 1024.0 0 0.12355837 329.35608 527.4665 357.65845 593.94977 0 0.07043567 239.16864 654.31854 335.82172 684.69904 1 0.9985049 111.21417 462.88336 427.37244 846.6785 1 0.99582434 379.7486 91.78502 666.43536 294.0829 1 0.95671815 229.70886 553.0177 354.2431 676.1769 1 0.9431542 358.3369 445.6375 700.6332 861.09174 1 0.5978523 97.54144 461.5777 776.1692 859.87506 1 0.38900805 329.2517 527.2069 358.10114 593.2921 1 0.23528534 242.7538 426.71106 378.28595 606.47107 1 0.21439055 119.52377 475.84116 378.46442 666.54016 1 0.14422312 609.0815 456.0784 664.47125 705.87354 1 0.09849342 207.6918 442.82468 403.42642 741.3646 1 0.0962913 633.3791 451.6598 670.60504 709.327 1 0.07168091 375.64862 518.7906 664.4733 672.62836 1 0.06688908 153.66803 466.5873 678.9153 707.5912 1 0.059706237 174.55954 478.93478 364.02402 596.13 1 0.057398662 391.54654 676.7194 759.70605 869.70013 1 0.05478569 400.26385 96.44005 584.70135 216.55424 1 0.050511044 334.1849 537.21045 386.66306 671.78674 5 0.17321713 865.2804 978.86896 1024.0 1024.0 6 0.99986815 337.28265 232.58235 665.0526 542.1647 6 0.9995332 662.786 391.83594 894.09143 765.9021 6 0.06723304 358.06677 434.12335 684.60046 859.9312 7 0.98236704 183.83232 2.1688156 327.19128 121.74185 7 0.110324286 10.521347 1.8233566 322.5667 171.04834 7 0.070580006 866.10254 978.7394 1024.0 1024.0 9 0.6408281 866.8697 979.31335 1024.0 1024.0 ,test/3914.jpg
0 0.22024076 698.6435 370.74384 732.4466 388.7979 5 0.44715908 29.370403 461.36288 107.44145 498.66965 6 0.99889576 94.30493 82.85675 709.66846 795.0894 ,test/3915.jpg
3 0.9992415 616.92365 478.49353 843.84686 764.16284 3 0.99858415 240.29352 306.7392 504.9085 473.95746 ,test/3916.jpg
0 0.14836003 298.22156 178.63809 329.773 213.52933 0 0.06284931 263.5788 160.36884 328.4225 215.50125 1 0.3410932 298.1081 178.62137 329.25146 213.3623 1 0.06702207 269.7578 163.67691 329.33136 215.37057 2 0.2792905 298.86276 178.32292 330.09732 212.85118 7 0.99977595 278.99896 203.62518 593.9172 818.20355 7 0.9993455 116.35632 144.68073 331.31253 729.46625 7 0.9812929 513.9945 54.587067 847.89526 853.4612 7 0.40611395 506.56888 64.07474 778.12146 573.3961 7 0.14017834 318.86374 218.8172 406.52756 287.7502 7 0.11842267 265.5769 159.2935 312.4768 209.93275 7 0.11319181 508.29697 56.83133 626.7773 355.71628 7 0.084077306 315.32596 218.99185 390.24796 259.81378 7 0.079660274 187.27968 155.82286 326.67853 313.81354 7 0.052569207 505.78363 61.729553 636.2341 710.6445 7 0.050648004 261.09128 155.75476 293.20132 201.3461 ,test/3917.jpg
0 0.36880454 413.92334 367.47348 722.9636 598.0114 1 0.18003453 411.60037 367.89905 724.63696 597.04047 7 0.94338894 412.23383 368.30014 723.107 597.7688 ,test/3918.jpg
1 0.114730895 76.878525 630.506 184.2787 825.9602 2 0.99946123 307.85498 308.92877 729.2545 798.2564 2 0.09224426 308.0162 319.50208 447.27194 797.6283 6 0.67795855 76.822266 629.432 184.41574 825.8507 6 0.1416692 57.093597 414.0171 375.2592 825.8524 ,test/3919.jpg
0 0.95430225 670.6836 553.51843 754.1505 591.93164 4 0.9997402 370.17657 371.48755 764.6756 571.0089 ,test/3920.jpg
0 0.9999356 194.6641 332.8133 771.53613 747.16144 3 0.22095256 117.95133 382.52585 153.55154 424.7985 ,test/3921.jpg
0 0.07657929 599.744 0.0 639.40674 458.75397 1 0.9680357 523.9108 445.0756 1012.52374 1017.2693 1 0.85278285 0.0 441.71494 1010.8907 1024.0 1 0.74253106 3.0062408 526.26807 388.01947 1007.1703 1 0.40055075 0.0 730.29395 726.1836 1024.0 1 0.2545185 3.248785 249.41835 46.893074 638.6278 1 0.14155571 16.01056 345.34167 555.5894 1024.0 1 0.066108696 388.01788 719.8193 545.52386 921.7133 1 0.05870397 309.50446 287.74817 567.91925 841.47546 2 0.9863667 312.01196 285.69537 570.15485 814.133 5 0.20083949 308.7386 289.8577 570.531 814.0326 ,test/3922.jpg
0 0.118371546 197.82889 386.90552 735.3827 839.08484 1 0.5890007 197.77786 387.41547 735.59375 839.25934 2 0.13834676 197.77786 387.41547 735.59375 839.25934 3 0.1545334 198.28403 386.82343 736.0702 839.3936 4 0.055316813 198.76196 385.24634 735.5551 841.4597 5 0.2233993 199.625 388.40237 736.37524 839.2737 8 0.55681086 199.85129 387.8415 736.10876 842.649 ,test/3923.jpg
0 0.13972417 256.74722 328.70285 702.77344 613.4957 3 0.9752867 254.98956 329.4575 705.8362 613.04517 ,test/3924.jpg
0 0.70521325 208.81714 415.1636 315.11224 485.53275 0 0.19382304 117.929565 455.71036 482.64154 846.11694 0 0.15089442 126.76283 254.37788 406.67206 540.5166 0 0.14567372 365.68796 449.25333 394.19992 499.4307 0 0.07759344 162.06026 327.13846 408.8922 489.7509 0 0.060493227 370.8871 918.85956 407.11102 940.51984 0 0.052157667 193.6939 429.2757 416.8567 500.72095 1 0.15807547 370.95752 918.68677 407.13617 940.5962 6 0.99321556 114.13077 447.66367 481.28873 845.7366 6 0.96143526 124.03874 248.35898 406.45685 537.48865 6 0.63545454 124.24092 456.05722 449.89203 661.68774 6 0.27225757 143.3644 429.0828 441.82776 581.23285 6 0.21407862 189.3245 435.9589 427.0742 507.47427 7 0.99987113 521.5096 208.97366 950.09784 886.3668 7 0.99854124 937.76874 389.16962 1023.9018 760.3105 7 0.06143953 207.76694 415.05472 315.44052 484.13455 ,test/3925.jpg
3 0.9998939 282.70926 398.8668 698.5469 749.6184 ,test/3926.jpg
0 0.9020443 238.87735 710.14014 361.01718 811.61707 0 0.82910687 537.9124 384.57684 669.37994 431.8648 0 0.7186927 277.3222 753.4582 356.72217 819.72516 0 0.4998333 770.3675 320.64758 940.0146 428.1939 0 0.34767666 774.28796 355.1772 854.99365 428.79535 0 0.31122983 194.09402 833.3096 443.22354 976.20154 0 0.063476324 862.8408 212.38887 1012.6481 234.6982 1 0.31583938 195.36377 832.95746 443.67487 976.67584 1 0.24632382 770.206 320.90326 939.6713 427.97583 1 0.16269027 770.30817 337.90622 862.66046 430.78036 3 0.7676444 239.43623 710.78204 362.7018 767.15826 7 0.999691 294.49713 426.98572 552.7971 595.8044 7 0.98716915 573.85046 195.52856 812.48047 372.89258 7 0.551135 770.2928 320.52988 940.59576 428.1442 7 0.5300144 194.49062 833.3576 443.09558 976.27203 7 0.09589762 772.7068 351.01608 856.00793 429.24002 ,test/3927.jpg
0 0.99033314 294.8559 254.98026 801.4688 850.2289 0 0.17084642 743.0527 738.66064 790.14923 776.17615 0 0.051077403 288.98596 278.81265 779.4514 591.2186 1 0.11364908 291.3491 266.6729 806.6499 828.1401 ,test/3928.jpg
0 0.08369437 668.0205 226.63406 721.869 265.47858 1 0.7045861 581.3712 0.0 670.51514 76.93565 1 0.1771725 444.9527 0.9264755 670.92865 177.73038 1 0.16601183 456.11258 0.0 683.0969 90.10441 1 0.16396119 449.96448 48.608803 548.26434 169.23514 3 0.9771435 645.4046 69.98463 746.78253 253.01294 5 0.09784703 642.03326 70.96376 747.7059 252.49565 7 0.9997614 7.007721 121.60071 469.13586 851.1097 7 0.9994394 416.242 65.30679 1012.58856 815.44385 7 0.99761426 110.384796 0.0 460.16672 213.59996 7 0.979756 0.0 10.915268 117.72827 287.52838 7 0.9122673 418.81866 90.226685 664.8393 553.581 7 0.1452178 468.80173 75.15783 752.8827 252.6553 7 0.12427909 997.87646 455.11154 1024.0 538.6007 7 0.06886613 145.1213 117.27732 416.077 293.43506 7 0.061454676 431.65765 57.992867 655.878 206.12476 ,test/3929.jpg
1 0.99913055 117.38254 372.14148 797.0332 747.286 ,test/3930.jpg
0 0.9998336 186.12263 236.08476 604.88904 714.74634 ,test/3931.jpg
0 0.45383903 429.44702 230.68951 639.52747 326.9862 0 0.4192278 308.11816 235.93489 650.2837 660.1925 0 0.23379743 175.52681 675.1078 355.24738 716.01697 0 0.10011337 832.41736 866.1116 1022.7733 1021.27295 0 0.08150972 7.2550354 691.2956 549.3009 1024.0 1 0.25209802 4.782593 690.15955 559.441 1024.0 5 0.19615313 4.2204285 698.8142 521.2532 1024.0 7 0.9016055 307.55753 237.07504 654.9812 657.79065 7 0.29162 831.5724 867.5365 1022.7522 1021.09766 7 0.20002492 429.38913 231.38022 640.3473 317.33 ,test/3932.jpg
3 0.079222135 952.0642 592.2672 1024.0 623.2455 6 0.998877 133.78387 173.48251 763.0583 723.0508 6 0.09523048 132.59177 172.50424 757.7815 445.4951 7 0.9979286 1.0252609 232.7662 150.72952 808.06946 ,test/3933.jpg
1 0.12501256 560.8968 589.67914 821.8216 894.1888 1 0.11580939 609.3345 108.22919 655.2661 220.8471 1 0.057055254 524.1865 173.18878 607.4193 690.0213 2 0.93776333 529.4123 140.69366 863.09894 685.9747 2 0.34001428 524.1865 173.18878 607.4193 690.0213 2 0.12855177 519.25464 187.35913 623.084 412.4762 3 0.56729066 537.3656 138.9914 861.7366 685.65735 ,test/3934.jpg
0 0.1967092 474.315 309.98337 641.61993 399.75766 0 0.13651565 222.44637 369.46313 575.678 568.8379 0 0.08295651 453.6991 316.20386 829.7838 551.16693 0 0.06814541 475.38763 373.93713 661.2658 545.5309 1 0.1554628 466.54077 320.62695 825.3314 543.61633 1 0.14249335 619.0657 350.04456 814.3291 528.5611 1 0.07003816 667.3324 434.77347 787.86316 536.31006 1 0.06774168 217.17578 362.59943 520.1122 565.1677 1 0.052807476 176.818 329.64062 844.64264 627.7318 2 0.80013806 464.66602 326.87018 830.6417 548.3133 2 0.78155947 666.4208 458.5505 793.7572 535.17346 2 0.7753842 197.09743 361.52267 478.5376 485.5449 2 0.3779117 619.0657 350.04456 814.3291 528.5611 2 0.21155788 219.21564 362.9606 522.5731 564.1182 2 0.08510991 225.9693 345.6298 848.2304 580.49225 3 0.55583304 252.04721 399.0683 529.21533 564.5355 3 0.15270188 330.96985 348.9867 828.3915 571.8283 4 0.06981083 455.299 461.31097 572.3975 560.0663 5 0.7737729 738.71826 127.40781 1024.0 517.2306 5 0.71635383 21.56427 491.3489 1002.4666 1016.1561 5 0.3825708 8.99292 215.0563 552.0295 1011.59973 5 0.37244928 0.0 248.42828 989.37683 699.36597 5 0.28706786 778.8949 327.51752 1024.0 512.2381 5 0.22132838 222.41501 372.7326 576.60706 570.30133 5 0.2207012 5.059967 496.8505 320.82724 1016.59546 5 0.21599175 20.513092 766.30676 953.39307 1005.7257 5 0.215955 459.72446 312.08582 831.6433 559.94104 5 0.17133711 2.7724838 238.17508 239.84262 885.9935 5 0.16782346 10.642342 535.71436 225.23602 845.2827 5 0.14185545 229.72328 546.6687 606.4884 673.0206 5 0.13627268 204.79556 343.56985 888.7693 641.9979 5 0.118093595 183.14975 543.52716 593.53796 965.1723 5 0.10350668 665.6251 476.8554 1024.0 856.1292 5 0.094816685 681.4614 187.79817 871.9032 472.1283 5 0.08577514 849.0493 138.32976 1024.0 394.70142 5 0.08187996 124.75351 878.1654 832.04736 1012.42004 5 0.07955956 52.824966 207.31638 531.2447 583.93713 5 0.078969084 412.02103 444.64062 998.5908 859.1019 5 0.07823776 589.5994 198.15291 994.2636 425.28717 5 0.06864712 46.230576 672.43256 529.92566 1021.2985 5 0.06836838 462.6435 508.13422 1013.8182 648.31464 5 0.06108583 208.80508 783.84424 897.22644 940.412 5 0.052451044 38.80954 236.72559 335.89172 639.5749 5 0.052420955 133.19978 348.69543 612.1293 827.3214 5 0.050687235 15.676941 482.7951 531.8248 891.6812 7 0.19003633 453.6991 316.20386 829.7838 551.16693 7 0.17590913 176.818 329.64062 844.64264 627.7318 7 0.09154342 540.89746 481.88934 615.97046 548.63837 7 0.06503462 475.56757 308.41577 640.6141 399.8506 7 0.051916372 476.56216 391.6514 654.5071 540.5867 ,test/3935.jpg
0 0.061172836 888.57385 128.82712 1023.7512 969.46423 0 0.0543442 682.3084 671.8098 847.37726 825.8685 0 0.053069744 741.6745 377.43262 778.18256 442.4256 5 0.13138194 740.76794 380.51157 779.77124 442.5352 5 0.11708713 1.7738953 155.71895 656.3342 632.6052 5 0.10640703 217.33287 318.3151 712.712 635.30664 7 0.98382866 82.527954 300.74966 1007.87024 971.28015 7 0.8770149 247.9676 345.84094 617.2004 629.08984 7 0.67060006 67.478424 301.54956 907.7638 635.2724 7 0.65871024 521.0842 337.04123 856.91345 601.5836 7 0.39953184 895.7245 146.53186 1024.0 950.60876 7 0.3081295 708.4002 344.97098 980.13776 793.7998 7 0.2951335 1.7738953 155.71895 656.3342 632.6052 7 0.23712881 496.3872 324.3197 978.44214 732.03503 7 0.22601719 855.54236 524.76685 1024.0 955.86084 7 0.21470635 585.94977 478.60327 717.10187 589.41406 7 0.15374267 652.89905 225.12277 1009.7815 953.64966 7 0.1513226 681.8294 671.1945 848.89056 824.3936 7 0.081237026 872.3228 709.0255 1024.0 945.32776 7 0.08022369 547.8389 404.09613 763.9664 588.6599 7 0.06890212 516.4702 421.10825 936.1062 908.6221 ,test/3936.jpg
0 0.10208576 49.491066 647.4304 248.68994 716.76794 0 0.0808188 0.0 612.92737 234.52957 715.1029 1 0.9892434 38.65567 575.5318 551.39 913.59454 1 0.38640025 251.23383 539.2343 326.4375 581.7768 1 0.23399532 165.05325 552.1258 579.94666 798.7071 1 0.15675361 98.492645 818.85315 499.57034 928.6561 1 0.11181046 48.735336 547.307 353.38623 844.62463 1 0.08668344 201.1178 536.09644 326.2461 588.0043 1 0.08198996 74.98064 729.20056 505.6405 916.95825 1 0.06607623 198.71712 870.88116 504.6474 923.31305 1 0.06544518 499.03864 576.4713 564.7315 593.776 1 0.055681564 315.21625 884.5367 497.11487 924.6514 2 0.38254556 252.91916 539.3011 326.46213 582.8261 5 0.37310654 202.6332 121.72678 426.36652 319.90067 5 0.1827135 302.28906 100.15558 372.4339 135.69714 6 0.13925363 73.28182 543.72516 328.86127 754.9561 6 0.10654135 15.577515 552.3269 273.43396 703.7158 6 0.10128658 43.63832 568.5481 410.32074 857.07104 6 0.06956992 36.75054 688.2833 121.15272 823.4763 7 0.9994893 564.27264 478.9879 1024.0 814.79736 7 0.9994049 2.8312073 134.01347 331.37204 541.35187 7 0.99919146 472.10022 659.42847 884.5082 1024.0 7 0.9827315 246.884 541.8162 572.2687 790.37164 7 0.12464385 48.62567 552.1127 572.44904 843.2687 7 0.076622225 0.0 612.92737 234.52957 715.1029 7 0.056217972 0.017738342 617.89514 169.03885 675.0359 7 0.053521786 422.55167 589.55225 611.604 899.7118 7 0.053080812 288.23254 502.1853 355.90076 568.4075 7 0.051750135 124.52814 127.70505 420.26404 314.37915 ,test/3937.jpg
1 0.19503865 513.08484 159.88173 538.31177 209.51823 7 0.99970335 271.43262 12.1770935 752.6228 939.5753 7 0.99939704 711.69836 423.82465 926.6024 701.4007 7 0.33137998 709.525 637.5749 759.2168 713.0522 ,test/3938.jpg
0 0.14302607 201.74799 184.13364 736.2037 950.9741 0 0.10589563 0.0 782.67535 40.52163 919.46893 5 0.7436309 199.8841 187.64267 736.9761 948.5012 5 0.27906856 0.0 782.93 40.2893 917.60065 6 0.10716386 0.0 782.3473 40.81201 918.6245 7 0.42239103 0.0 782.67535 40.52163 919.46893 9 0.81216556 202.15103 188.03317 737.5834 946.56604 9 0.42749545 355.01736 556.2729 740.7755 954.0977 ,test/3939.jpg
0 0.9975216 386.15564 182.30519 840.53894 506.404 0 0.050474662 381.692 190.9548 957.7516 773.3103 ,test/3940.jpg
0 0.5853139 557.05835 308.07294 824.90186 523.10254 0 0.45174217 764.7532 308.17328 828.30273 393.67847 0 0.100540265 583.5177 343.04538 734.5741 519.16 5 0.2529352 484.39618 309.96002 837.0754 523.2085 5 0.17106888 727.02246 307.22705 829.99695 401.69427 7 0.99893945 203.97795 279.33423 620.7611 619.2751 7 0.7018531 736.55237 307.75803 828.41626 398.16867 7 0.23910208 476.1743 308.15887 832.7799 530.15247 ,test/3941.jpg
0 0.8414356 0.0 238.34882 259.76056 770.9865 0 0.15305336 250.54356 364.65036 703.3561 532.4811 0 0.107618235 41.874237 539.20996 258.96686 754.1565 1 0.39217803 0.0 237.90454 260.5213 771.80383 7 0.99886703 243.82602 364.33466 760.9535 855.9926 7 0.11682479 248.73177 364.09714 703.33545 532.33276 7 0.07934441 281.9803 675.1162 322.8684 775.7656 7 0.079257704 0.0 237.77966 261.04077 773.9784 7 0.06480572 243.96935 528.33093 318.53284 693.47266 ,test/3942.jpg
0 0.26854616 152.70181 591.9381 794.86096 980.84534 0 0.20047814 389.3847 195.7193 586.9086 410.28784 0 0.051555406 108.35611 37.328827 857.15076 527.41284 1 0.41069612 152.22125 596.2021 794.9923 980.76324 9 0.9853538 108.08905 37.24843 856.05426 532.67114 9 0.92620337 158.1015 592.7342 794.74817 980.0219 9 0.45645267 50.154816 468.54474 673.18384 709.07684 9 0.13983813 151.23514 596.6559 705.06934 751.4093 ,test/3943.jpg
0 0.99932635 243.57924 278.53793 725.59607 606.1516 0 0.8934282 587.3469 266.94067 722.99524 594.34406 0 0.070790954 643.14905 562.8479 710.145 597.5431 ,test/3944.jpg
0 0.12012795 536.84717 492.30652 616.2567 576.8119 0 0.075300284 730.89667 274.35352 765.1451 340.35034 0 0.066972844 347.49512 654.09436 408.07068 674.28064 0 0.059067912 427.22635 489.1073 450.81894 510.17932 1 0.99572194 503.36765 188.02873 731.7541 572.59955 1 0.9619028 522.53674 183.5553 690.228 410.7829 1 0.90154773 231.57722 441.1434 428.31818 656.98895 1 0.8588835 237.9605 439.68042 418.05267 550.5425 1 0.8515298 612.7352 293.88736 717.9093 417.1121 1 0.56925464 498.93466 268.68695 664.31824 419.45428 1 0.43574584 535.4975 193.22955 591.6097 290.25833 1 0.25740033 244.87213 467.10022 322.20825 523.79034 1 0.21937485 273.9253 457.52832 417.4156 517.8488 1 0.18832958 537.0143 492.17743 616.8867 576.97906 1 0.17009182 225.37039 421.20932 531.12524 730.9686 1 0.14196405 713.5375 268.2185 892.4365 362.62958 1 0.13725771 531.9161 184.36427 636.2448 287.7517 1 0.12229027 295.10037 522.66254 415.64426 662.8829 1 0.119700156 547.023 632.3033 611.6318 685.372 1 0.112618245 586.95557 279.5445 685.04016 422.3993 1 0.07522289 600.709 317.6768 653.48376 411.6683 1 0.063677296 325.0539 496.16382 360.81952 533.9828 1 0.06321113 690.1933 344.10034 709.4692 385.96735 1 0.062907726 620.57367 333.79526 646.0999 412.15213 1 0.062697954 576.1741 218.86029 710.40027 385.59717 1 0.06042224 257.33154 493.781 421.68945 590.8873 1 0.05335776 724.03644 631.36694 832.1066 882.3811 1 0.0513251 671.14716 552.04144 824.1608 649.2214 1 0.05041608 324.75836 485.47446 413.03265 549.5437 2 0.61363137 619.9439 291.7692 717.07745 416.04654 4 0.07479248 267.9766 457.56046 417.22256 519.1129 5 0.73934805 645.63666 558.5804 785.3558 805.1286 5 0.18712133 284.3181 459.43442 417.34424 517.26697 5 0.13103524 238.98004 455.53516 413.85706 547.5226 5 0.07787166 325.0539 496.16382 360.81952 533.9828 5 0.06454059 656.795 568.83044 690.597 708.094 5 0.062832855 668.9301 565.5227 809.76825 687.80566 5 0.061575167 704.64325 576.1905 780.0915 641.561 6 0.08063614 768.1897 545.2501 825.07825 655.3544 7 0.9968612 386.38092 423.16675 556.62994 761.355 7 0.98524874 615.58746 499.64166 827.035 879.1871 7 0.89010364 955.0588 16.550491 1022.6568 229.49483 7 0.88828874 724.03235 632.2566 833.19763 880.99695 7 0.17353773 640.0509 539.718 786.29736 810.0016 7 0.13220933 405.88367 434.72882 456.97937 512.451 7 0.12743138 227.12305 425.57794 565.01575 754.3366 7 0.061687086 636.7825 503.6063 702.75903 556.91254 7 0.058814246 656.795 568.83044 690.597 708.094 ,test/3945.jpg
0 0.69472253 711.0502 432.85178 809.5215 519.8947 0 0.68726796 558.9747 0.0 920.8029 473.24316 0 0.59657794 712.46533 438.9065 770.6609 499.53705 0 0.33812624 737.5397 427.34598 780.1006 456.19125 0 0.15072528 133.3146 363.36526 208.02429 456.80527 0 0.14687727 9.327637 28.454742 724.5034 442.58954 0 0.092286386 140.27963 261.71945 760.5331 439.9603 0 0.06465947 670.1433 525.7752 736.3208 601.6181 0 0.058162842 220.78445 403.61627 746.4133 564.69275 0 0.057073113 130.1424 129.7446 834.47687 527.7977 1 0.10947483 85.08145 734.2006 854.96094 1010.3044 5 0.06219425 671.7812 524.03375 737.6419 611.2608 7 0.99421966 233.84439 517.97046 735.8159 740.088 7 0.75415444 222.00949 404.07828 752.0769 564.16187 7 0.6070828 557.5147 0.0 919.67 469.53845 7 0.53983325 13.635742 22.316223 777.577 472.0635 7 0.3714766 137.11087 260.2563 766.16406 438.10736 7 0.21157673 671.7812 524.03375 737.6419 611.2608 7 0.17873384 643.2395 524.0043 741.6616 697.9569 7 0.17134713 239.02837 480.30875 679.1164 570.0323 7 0.09254967 187.5875 269.61176 755.2064 665.72107 7 0.06726393 736.4069 427.61368 780.7243 456.03104 7 0.05613312 712.33057 438.42426 771.71924 499.61908 9 0.52838415 136.03061 260.04828 762.57227 438.5091 9 0.41853315 12.143555 37.646774 689.71497 422.00238 9 0.11279239 220.78445 403.61627 746.4133 564.69275 9 0.07177088 48.396942 142.14864 766.9713 533.70825 ,test/3946.jpg
7 0.9909862 368.07037 196.67401 752.1912 767.7408 ,test/3947.jpg
5 0.99954754 247.08444 420.62927 629.1715 952.34375 ,test/3948.jpg
0 0.96028817 503.66858 266.3079 570.453 300.34592 0 0.08258618 599.7347 381.39133 681.04877 397.6774 3 0.89188486 391.84573 218.9462 640.1604 480.9581 3 0.71566457 470.61737 303.78015 811.58075 649.7312 3 0.60226434 433.4761 131.77603 902.71106 652.4015 3 0.53711224 464.00018 320.18933 822.8232 495.38 5 0.09158716 451.94238 127.275696 902.83655 655.2579 7 0.9983381 898.994 347.54156 1024.0 598.6558 7 0.5562935 629.00684 137.55386 898.088 403.53635 7 0.35695207 451.94238 127.275696 902.83655 655.2579 7 0.10477522 618.42834 141.07697 1024.0 583.9556 7 0.08274243 822.59015 113.504486 1022.1348 603.77747 ,test/3949.jpg
0 0.13258122 190.3222 268.97955 920.49896 761.88336 1 0.9893706 191.68085 268.83954 922.98346 762.05096 ,test/3950.jpg
0 0.65439796 451.07388 42.635666 595.25916 91.29547 3 0.9943335 328.908 470.52173 639.52026 632.6411 ,test/3951.jpg
0 0.9994593 53.003235 333.62775 751.8895 748.24286 ,test/3952.jpg
0 0.49347442 517.80475 142.37955 611.0075 916.7853 7 0.57410026 517.8183 143.40842 613.7021 914.39233 ,test/3953.jpg
0 0.96499425 480.19977 869.3351 611.62335 1015.29456 0 0.79421383 841.797 802.1405 1007.4243 1017.75024 0 0.58281606 481.42 924.2953 497.1241 1014.64136 0 0.35822618 366.78235 94.91914 581.726 241.55159 0 0.31828958 479.61652 924.74176 534.60187 1016.03864 0 0.29289895 375.79907 309.2629 555.32764 356.1002 0 0.2708736 371.927 189.4175 546.9633 227.2491 0 0.24295989 476.59158 914.08905 574.489 1015.0904 0 0.23568206 383.7756 278.23615 587.6917 356.05054 0 0.21685997 359.93973 48.8096 583.6156 348.70496 0 0.16989455 283.2222 31.774658 415.57413 313.55383 0 0.12579252 457.60077 909.76587 495.8282 1016.76404 0 0.12572223 838.1377 809.4972 988.0217 918.17053 0 0.09806806 923.5009 828.8297 1005.5712 1010.1758 0 0.08895268 371.20047 302.54657 584.4366 417.0702 0 0.08788358 524.38446 864.0088 615.6705 980.5139 0 0.083165005 518.6209 722.6648 859.4167 782.0211 0 0.08251 386.7021 187.93552 586.5412 361.17813 0 0.07825789 468.05472 242.2139 587.7924 366.93546 0 0.077590264 844.97675 816.14594 944.2211 837.50214 0 0.07249513 612.5123 739.00824 760.99023 781.4843 0 0.062824726 384.19775 180.22647 555.28796 213.49823 0 0.06264952 845.04706 797.33716 943.81195 835.5122 0 0.051246215 496.0599 817.00745 1014.4254 1018.9697 0 0.051060125 380.30606 312.59216 474.03293 353.85455 6 0.99858 514.9446 353.1339 856.6168 905.14954 6 0.9919315 147.58528 275.33435 519.6689 661.9277 6 0.9879958 362.144 45.117386 583.4912 355.6892 6 0.8858722 518.89215 728.1823 852.0007 895.857 6 0.80726457 140.46346 545.2491 514.0429 854.6939 6 0.7687012 150.30447 322.37677 537.5326 924.5744 6 0.6061148 237.98637 739.15826 543.623 923.1912 6 0.5133759 381.56482 349.08676 541.8564 926.4253 6 0.23008266 163.77133 599.7987 398.24026 672.74084 6 0.17896718 175.2515 607.7486 222.93195 634.7275 6 0.17214975 518.6209 722.6648 859.4167 782.0211 6 0.1668526 149.75525 603.853 247.32178 638.06445 6 0.15887469 142.8681 625.23224 426.31482 728.00385 6 0.14899684 181.11935 326.05017 868.7084 892.319 6 0.1465094 161.28682 434.80243 477.52277 658.92316 6 0.13807662 382.83768 257.84863 587.21277 357.16003 6 0.12077442 153.97395 556.2096 175.04787 598.1738 6 0.11268217 366.78235 94.91914 581.726 241.55159 6 0.11194132 154.32465 603.9146 209.52005 631.8012 6 0.108715646 373.7085 326.58194 537.4145 638.97107 6 0.09965754 380.54416 306.47028 541.3445 448.63593 6 0.09388319 161.52255 603.0664 279.91824 651.2554 6 0.092573375 196.92966 626.6813 267.32584 649.0392 6 0.080299854 167.51779 540.8627 411.64792 669.19116 6 0.07509849 182.43604 623.7832 250.44131 641.7103 6 0.06990381 364.92355 114.80438 589.6089 866.0071 6 0.068997405 154.02386 551.0597 237.86182 635.5895 6 0.06807824 151.79964 598.1861 185.53307 629.6893 6 0.055903554 522.0755 178.61176 585.873 444.56165 6 0.055634864 483.7737 253.2005 586.83765 436.14966 7 0.910241 283.05838 27.73819 417.07095 318.50586 ,test/3954.jpg
0 0.995909 438.58463 409.19907 634.6085 559.3296 0 0.060573112 945.7638 961.23285 1021.70105 1022.9484 5 0.6484259 938.1916 54.33075 1022.8121 408.80014 5 0.33208185 928.6846 454.26163 1024.0 570.3249 7 0.7012635 928.75464 454.34732 1024.0 569.8655 7 0.06403343 939.67865 50.85051 1022.4367 411.52155 ,test/3955.jpg
0 0.14846252 43.08353 459.58356 67.99999 497.25555 7 0.9999347 694.8091 319.92673 887.09485 733.209 7 0.9999056 388.43912 289.6117 734.8812 769.1721 7 0.9998733 56.44316 281.21353 415.49213 779.82654 7 0.14587425 272.01013 518.353 414.33942 772.8639 7 0.09694002 365.1101 530.96497 419.44714 767.15356 7 0.056669477 123.653015 697.81024 161.63815 747.1142 ,test/3956.jpg
0 0.9495036 397.40356 466.86923 610.0673 708.5039 0 0.22242525 295.60376 93.26917 374.35394 110.75231 1 0.18979637 397.8943 466.76492 608.9938 708.4206 1 0.095320955 294.1441 93.12117 374.27576 111.67702 3 0.057420637 295.63812 93.6344 374.18152 111.35388 ,test/3957.jpg
0 0.21584776 217.73499 349.27173 593.9272 641.27295 0 0.12226449 606.4839 629.3849 726.49646 699.1295 1 0.21826921 219.42494 348.40326 591.5049 643.3183 1 0.0794435 469.31757 367.84302 823.8547 692.72705 2 0.99239963 469.66873 368.19354 823.67944 692.33746 2 0.93042225 218.79674 346.6858 591.7874 638.75037 6 0.097639844 218.10596 346.68338 591.01044 640.25073 ,test/3958.jpg
3 0.10972831 419.37137 333.0274 684.7876 686.49603 8 0.999894 267.53424 174.468 745.83716 281.0979 8 0.9995983 101.55307 405.3369 248.44348 767.9603 8 0.9738174 421.19943 333.33405 683.569 686.56177 ,test/3959.jpg
0 0.4490184 542.7878 391.65686 839.02277 884.213 0 0.24280106 0.0 388.224 388.14777 702.7698 0 0.21201539 224.11476 361.9251 574.55133 956.2049 0 0.07689365 310.32452 361.08176 879.41034 926.14905 0 0.058876045 363.997 927.33124 491.16388 1015.8398 1 0.44153365 543.2969 391.09726 836.31177 886.8613 2 0.96551883 360.34747 315.9862 567.473 923.0045 2 0.20819113 220.4643 421.60168 602.76447 949.1394 2 0.15063 421.56967 356.355 855.9563 904.7306 7 0.083133146 123.546814 909.6115 501.11212 1023.462 7 0.06976665 365.66275 926.39465 496.0591 1022.10034 ,test/3960.jpg
0 0.81073296 112.87102 68.872894 279.2539 274.8182 1 0.57174015 112.79597 70.86035 278.2914 273.82593 6 0.99992037 314.60516 320.71344 871.5899 865.44476 ,test/3961.jpg
0 0.92297256 752.6817 506.62238 798.58 563.8808 0 0.87895 746.3748 472.12616 803.62445 597.63934 0 0.44672903 363.4227 375.35663 387.62387 449.74725 0 0.43490055 561.166 680.55743 590.599 718.6635 0 0.2661064 475.6628 657.0892 503.60025 688.5705 0 0.23360555 761.6418 473.55435 802.32904 504.2463 0 0.20482495 465.5758 465.81393 506.16034 590.78156 0 0.20411238 477.52847 573.47644 586.9293 691.30896 0 0.15589839 582.9942 634.4684 759.69696 676.3441 0 0.1258013 571.45123 479.35684 618.72565 511.18436 0 0.104717046 514.1228 603.4939 593.2965 689.90625 0 0.0989772 741.68036 531.8693 795.88007 595.04913 0 0.08630894 583.194 653.67786 763.3585 679.43884 0 0.07996726 708.6713 474.59906 816.2659 573.361 0 0.06931726 585.1438 600.2626 632.7864 620.64526 0 0.061358616 731.3952 365.74612 777.13556 397.33176 0 0.0521519 575.07715 587.0417 745.8214 624.3205 1 0.9922786 261.4955 253.94601 928.6693 703.6089 1 0.9858425 372.5445 219.5958 833.57184 473.1829 1 0.67724335 499.7749 466.24402 878.2555 686.47656 1 0.64290786 571.43146 479.12225 618.3757 512.0594 1 0.57217944 272.45056 319.92694 499.7469 665.7529 1 0.5623339 567.7854 476.07742 716.33203 528.4748 1 0.55039096 490.36307 476.91833 799.2815 617.13074 1 0.5370769 363.8824 375.76788 387.13593 450.28796 1 0.5079736 505.85333 471.82263 620.27594 517.36255 1 0.47454467 475.7289 657.0997 503.3654 688.2618 1 0.44751558 583.194 653.67786 763.3585 679.43884 1 0.41520274 465.5758 465.81393 506.16034 590.78156 1 0.4044736 483.86835 212.59952 776.15924 277.41583 1 0.27469975 572.28613 491.21832 680.318 526.7945 1 0.24027441 375.06677 363.684 847.021 471.8143 1 0.2262959 711.1262 475.92517 755.57263 532.109 1 0.21012828 401.1858 320.2305 846.0128 616.81006 1 0.2038066 477.96564 334.21567 891.91815 832.10034 1 0.19949476 499.64438 588.6023 818.64746 821.16907 1 0.1857386 571.06775 473.5129 791.98413 543.34 1 0.15785676 575.07715 587.0417 745.8214 624.3205 1 0.14865339 495.22064 564.52686 797.0142 687.73486 1 0.116257735 568.3795 436.47424 825.8386 480.78925 1 0.1111053 483.06006 471.31747 685.21716 523.6191 1 0.110936165 436.53217 643.0152 505.49323 687.8869 1 0.10223562 510.71088 445.29068 577.326 518.9712 1 0.081707075 504.69293 537.34375 758.38385 619.6759 1 0.07776283 552.3157 595.5298 767.3147 679.8723 1 0.07549187 601.758 507.24396 678.10785 526.695 1 0.07033075 477.31696 459.85797 617.6868 580.14984 1 0.066400014 498.84125 482.31097 510.63422 579.0893 1 0.065377735 439.1646 469.5019 506.44434 689.6745 1 0.054273047 707.8557 656.1727 762.63074 676.9203 2 0.1648863 468.3784 471.61142 504.75284 589.1487 7 0.09627471 753.28455 507.17453 797.73083 562.22626 7 0.07117948 363.78915 375.16547 387.1533 449.98425 7 0.053935986 746.30145 504.46176 801.61066 594.37085 ,test/3962.jpg
0 0.20277908 164.67639 446.50946 273.41946 584.9482 0 0.14464112 228.56909 403.09695 296.67767 531.301 0 0.13168411 125.647385 391.49622 334.65326 675.21277 0 0.123998314 954.7434 517.3821 1024.0 602.2814 0 0.106595315 269.4771 460.7099 292.53156 533.3674 0 0.101778336 226.2424 520.97943 273.8408 660.89105 0 0.08417433 191.4932 439.03186 282.89865 528.9828 0 0.08311814 256.8184 439.38394 294.48984 564.24036 0 0.07515643 191.66248 435.10394 297.3654 479.62634 0 0.06435036 85.800095 388.24225 330.69214 904.884 0 0.053047232 251.20581 796.4336 289.34845 828.04517 0 0.052499365 228.63664 397.6758 280.80765 432.6746 1 0.083099216 228.63664 397.6758 280.80765 432.6746 1 0.075901516 93.62099 522.5565 260.2284 706.2739 2 0.08647026 93.7098 522.70404 256.9733 705.2082 2 0.058379784 226.2424 520.97943 273.8408 660.89105 3 0.31212574 154.98817 449.47314 276.76416 579.39954 3 0.08071997 269.4771 460.7099 292.53156 533.3674 3 0.052529298 90.36301 498.78308 173.72284 585.6019 5 0.5385293 145.65593 223.18747 184.6768 272.2465 5 0.3990776 954.6828 517.65015 1024.0 601.8522 5 0.34890604 91.57942 502.49377 171.90465 578.0626 5 0.22311062 157.59897 445.83133 276.2512 582.8298 5 0.09798331 123.40029 702.25903 282.7401 890.18713 5 0.096947424 192.62057 441.30972 230.03436 476.15286 5 0.09211041 114.77256 434.8005 204.41766 493.65787 5 0.080240384 230.18765 391.44687 290.88443 439.77084 5 0.06885661 191.66248 435.10394 297.3654 479.62634 5 0.06742457 126.39822 447.5849 202.95068 518.6478 5 0.06405992 197.03789 438.68973 275.4176 459.53427 5 0.063332886 117.255264 403.8297 286.03345 629.8208 5 0.06224589 104.99313 401.77316 272.48044 511.9727 5 0.060010195 91.24073 508.69617 258.99454 710.6903 5 0.059713516 127.03829 837.97015 222.03186 876.9421 5 0.059051342 135.05008 436.8041 256.90622 481.13388 5 0.058844235 91.0802 502.95847 135.51537 600.8788 5 0.058072437 132.23271 513.4797 165.42271 542.96466 5 0.056092314 136.55655 453.51025 204.64136 570.0546 7 0.99991703 669.52026 480.26508 859.2667 797.42865 7 0.9996909 331.54462 509.84412 533.9391 897.0487 7 0.9996123 484.96863 349.47327 714.0585 699.0526 7 0.9994892 597.44116 211.16849 814.5065 527.4557 7 0.9976629 798.1184 250.4455 1014.8054 482.873 7 0.99728334 146.09091 68.72081 420.9014 463.698 7 0.9960945 831.4745 393.49823 1023.69507 764.7161 7 0.9836051 325.052 260.3391 562.7686 587.54395 7 0.95674443 63.480545 372.85568 344.53668 946.119 7 0.57669353 398.20575 204.36514 577.11707 386.08664 7 0.44184896 102.85098 386.24197 337.11667 693.43933 7 0.25901857 755.3353 435.93384 809.9415 503.74475 7 0.2029413 1001.45386 339.9209 1023.7698 446.42352 7 0.19098192 227.65219 398.53787 334.118 676.734 7 0.1838316 954.6089 516.7439 1024.0 601.897 7 0.17502618 145.22034 222.52036 185.02353 274.1619 7 0.15510392 137.27435 305.14014 219.3039 408.04047 7 0.1499267 486.8488 208.14955 818.5228 708.2527 7 0.13666447 959.7432 602.14514 1024.0 771.72144 7 0.1348691 442.14676 532.8381 487.78897 621.0336 7 0.10812659 160.05661 444.07788 273.06186 587.25525 7 0.09962997 462.791 548.69476 486.6116 615.8256 7 0.09305925 278.7815 405.0094 339.87518 700.048 7 0.078116424 198.4688 521.09015 283.98834 661.51056 7 0.07706196 328.53677 422.83145 353.86038 476.74954 7 0.073809 329.7095 517.7531 498.73795 701.0612 7 0.06908187 132.98387 174.8021 379.44086 700.365 7 0.06507461 952.21545 421.23358 1023.8102 695.9444 7 0.055783022 321.76978 608.5495 340.3863 673.35016 ,test/3963.jpg
5 0.9949721 311.30188 339.57437 740.8522 676.6012 ,test/3964.jpg
0 0.71957016 239.41989 17.041626 1023.5845 761.3345 0 0.19319482 853.20026 404.5157 1023.1409 752.1154 0 0.09281862 472.24292 506.65906 819.32947 766.7156 0 0.081564724 677.62177 534.81036 805.1082 673.77875 0 0.07577442 935.01154 380.26447 1024.0 771.18976 1 0.1315465 16.172043 694.88763 319.96326 943.24286 1 0.060095403 472.28864 510.32062 829.134 766.8293 3 0.9365618 477.20987 492.4065 706.3479 758.7943 5 0.8478255 0.9022827 616.5078 1024.0 1024.0 5 0.78643966 191.95198 593.4404 489.44757 863.57007 5 0.6722899 3.9087372 872.21967 402.2193 1024.0 5 0.46054673 5.534073 695.1618 327.893 946.4632 5 0.24322876 174.29695 594.3188 482.23065 733.9588 5 0.20031762 817.04706 585.4101 1024.0 798.0196 5 0.18959111 683.3159 557.5458 796.5211 671.228 5 0.17697072 18.76088 602.30664 501.6737 940.2501 5 0.13408251 0.0 853.3808 760.7518 1023.35223 5 0.13393654 724.9863 531.4016 849.3157 607.7715 5 0.078377366 809.78955 566.7347 880.2079 662.6419 5 0.069355585 152.26364 531.1233 964.1129 896.77856 5 0.068532884 1.6392937 752.9727 106.01004 984.68097 5 0.06261144 807.47485 655.2147 1024.0 760.9889 5 0.050698634 431.26334 652.38965 1015.9822 830.86707 6 0.07751944 820.9706 606.9973 1024.0 780.2322 7 0.8719099 677.8021 539.2708 804.3994 675.5595 7 0.33595687 473.12207 542.7277 861.0309 762.6069 7 0.22788353 809.78955 566.7347 880.2079 662.6419 7 0.12613036 0.0 569.41095 1024.0 1024.0 7 0.107169874 490.8465 635.3849 974.2458 785.2975 7 0.06902685 806.7019 577.75836 1024.0 786.7154 7 0.05519019 689.6085 529.3966 838.1875 612.98425 ,test/3965.jpg
7 0.9998832 230.3937 163.75092 930.75574 817.2934 ,test/3966.jpg
6 0.99940133 137.99197 182.26965 776.80273 837.28296 ,test/3967.jpg
0 0.20283264 356.69604 215.64426 782.48083 781.646 1 0.65574586 355.60324 211.46405 781.4242 778.75336 2 0.6007694 354.41528 211.53513 780.9415 779.5813 ,test/3968.jpg
0 0.17551418 490.88428 622.26526 517.8181 644.13635 7 0.9974496 613.6188 379.81766 1024.0 745.1505 7 0.9940347 360.23596 282.6603 720.8179 611.3436 ,test/3969.jpg
0 0.8756818 3.1515198 260.17786 194.10965 589.59094 0 0.2138997 335.94702 0.0 450.31885 185.26544 0 0.19536023 286.10492 210.16638 346.30072 222.65433 0 0.16963579 546.5404 241.19913 811.1162 304.66208 0 0.13478273 382.99557 555.9777 434.14822 696.6319 0 0.09210565 806.44507 403.1438 843.8417 424.41687 0 0.05984404 540.5737 251.40952 816.9144 351.2748 1 0.9967469 257.635 137.32016 882.8237 937.7356 1 0.9490899 409.88046 248.45627 838.2687 489.96042 1 0.9188696 659.50446 320.00864 820.39667 498.15494 1 0.9030978 398.70554 408.79935 652.9786 638.72296 1 0.7710215 624.9397 332.1657 933.0818 510.18823 1 0.7654096 291.11987 127.62459 819.91064 503.36554 1 0.50562245 384.38318 559.5939 431.3982 697.1345 1 0.4770472 799.91547 274.5819 869.3743 408.53845 1 0.46318966 664.35846 391.117 836.9565 488.0822 1 0.45997444 475.28912 254.65689 820.5932 399.85196 1 0.45694348 729.845 334.10117 808.8594 411.5903 1 0.41848603 571.75574 269.18076 848.89575 459.73788 1 0.4177555 383.6138 332.59464 813.35254 692.80005 1 0.3811211 285.8043 210.62244 346.3618 222.55597 1 0.35182783 417.08258 570.59985 448.93018 628.3203 1 0.31048256 786.85175 360.47934 941.3392 430.57413 1 0.30876923 667.6391 430.01495 761.02313 490.1159 1 0.30413482 401.3598 328.46423 570.7035 494.2093 1 0.24139614 641.98566 340.59338 765.4323 483.59204 1 0.22538945 473.737 298.36487 890.8486 576.2032 1 0.21942239 689.7557 327.6994 814.39264 442.5395 1 0.20108202 674.5774 364.24155 934.3899 452.16122 1 0.17285143 369.25186 287.63654 684.85974 500.46094 1 0.14403725 383.59937 349.60516 764.36487 552.27277 1 0.1424959 417.5992 443.68167 521.07635 501.95016 1 0.13773713 516.3644 423.09506 598.47974 465.24692 1 0.13510874 658.18115 400.0505 738.0342 492.23672 1 0.12415138 393.81894 575.6551 425.73672 675.8476 1 0.12107543 517.7043 405.61935 647.66034 524.879 1 0.1118461 644.9366 390.91904 701.2026 495.64352 1 0.10495563 669.5138 405.0348 691.15845 488.8946 1 0.094745874 624.771 376.11118 730.8379 504.23007 1 0.09454078 541.4929 421.76254 594.41614 492.4647 1 0.0940703 611.9565 406.36847 786.5711 514.0823 1 0.08915601 717.64044 398.51358 816.571 466.7474 1 0.081569724 683.3453 340.3849 763.08905 450.6784 1 0.081232585 681.6939 398.14612 762.40765 449.71356 1 0.07882501 785.13885 334.44608 809.77423 406.77963 1 0.07187988 638.2801 275.58206 817.1971 399.90347 1 0.070807025 664.14514 459.56198 700.36816 495.8702 1 0.07016871 344.11472 253.65083 613.08057 611.0322 1 0.069891214 405.13226 407.34012 564.8697 501.05344 1 0.05870441 792.618 329.30664 838.3781 405.70752 1 0.05560898 603.70715 294.61942 768.27136 447.04886 1 0.054983094 546.5404 241.19913 811.1162 304.66208 1 0.05493538 753.3644 400.9353 843.59485 417.4458 1 0.054935362 650.4843 352.70932 750.3536 407.29257 1 0.052616112 715.0758 289.813 843.17957 397.5064 1 0.05229805 385.35696 575.41754 404.42453 692.61615 2 0.051255584 286.51227 210.05476 346.36554 223.06053 5 0.15553316 285.6935 210.12434 346.16544 223.30766 6 0.5809733 548.15906 241.26364 810.4873 304.34244 6 0.077162534 540.5737 251.40952 816.9144 351.2748 7 0.17269593 285.74445 210.14479 346.28656 222.40392 9 0.16402796 4.347603 258.32947 188.99759 589.0836 ,test/3970.jpg
0 0.14901224 266.13275 79.200775 853.40656 986.8578 5 0.072301276 267.97623 80.64267 853.8008 974.6885 9 0.85990137 268.9335 80.28842 855.1992 969.86035 ,test/3971.jpg
0 0.96608835 494.83594 389.77783 958.1398 884.65857 0 0.79778767 392.0561 172.35332 453.1867 245.51659 0 0.6762034 493.99762 421.28305 655.4637 818.473 0 0.3435644 717.6819 376.46912 921.2473 618.36224 0 0.10989652 581.8285 438.26556 939.3533 756.5881 0 0.10300982 414.37814 529.4135 491.27487 593.0406 0 0.07597327 456.61337 508.0734 519.279 542.6012 0 0.075428225 594.6686 595.77936 957.62476 882.7032 0 0.05574009 521.0431 798.3174 677.93665 892.4265 0 0.052533202 451.91248 73.18724 814.85095 363.15454 1 0.14329684 710.20605 379.45374 925.3987 615.7349 1 0.13968231 497.59735 389.658 956.87885 885.8456 1 0.07626248 696.0558 391.4666 746.26746 459.02814 2 0.8556896 448.51746 73.867004 813.46265 365.20367 3 0.9634999 179.17331 203.6495 360.9158 729.97217 3 0.2816485 452.08795 73.64293 813.8671 363.94812 3 0.09230014 370.59503 826.1821 418.69507 888.35876 5 0.23965335 448.52353 73.3363 815.97595 365.32898 5 0.15259878 415.54944 529.13654 487.35132 592.029 5 0.14696918 178.80196 203.72098 360.9995 728.2317 5 0.0713376 484.8435 786.8556 587.4868 843.58655 7 0.2065529 522.4 796.2525 674.8435 892.342 ,test/3972.jpg
4 0.18085131 231.3652 304.6195 744.80444 866.8273 5 0.9324627 234.2506 306.62564 743.4849 862.9043 ,test/3973.jpg
2 0.9991654 405.4614 324.65894 704.4818 741.6583 ,test/3974.jpg
0 0.9933728 180.76707 412.36023 477.09778 727.9933 ,test/3975.jpg
0 0.058318093 32.008015 415.46786 146.33025 475.8574 6 0.9985061 115.127625 262.09665 964.1988 852.9966 6 0.6332231 32.42444 415.40598 146.56345 476.40372 6 0.2683644 32.43254 416.81323 125.86566 435.98065 7 0.99709 1.5279999 407.9309 209.65205 944.1101 7 0.99558496 294.64133 715.70447 1008.8179 1017.3651 7 0.91554064 1.840889 885.4752 221.58722 1023.73035 7 0.33949977 0.0 805.8878 312.9999 1017.40344 ,test/3976.jpg
7 0.9993943 159.48926 622.49457 864.6655 976.25726 7 0.9931005 228.17087 60.55548 741.67163 350.62735 7 0.9928623 101.26489 323.7561 877.4827 671.4595 7 0.08341639 180.61014 387.3141 891.3795 874.4503 ,test/3977.jpg
0 0.054188404 311.56583 683.1898 359.77744 721.2742 7 0.9998073 546.68506 173.83939 806.2551 392.25717 7 0.9994542 253.08269 150.4938 579.5926 457.0363 7 0.99785775 311.95126 567.1107 707.53296 846.42664 7 0.22346033 374.5774 211.13542 426.54126 268.60083 7 0.21170823 406.3654 206.26639 472.39523 271.1321 7 0.1338216 412.186 215.32065 460.97275 258.39987 7 0.06716878 394.19595 161.66875 476.9113 273.6328 ,test/3978.jpg
1 0.64498717 174.28766 410.55182 260.5297 455.7052 5 0.09034807 220.67235 830.8706 304.55002 907.0475 7 0.9997483 252.09041 356.59122 431.59167 747.2289 7 0.99876714 417.85217 325.2682 568.497 719.9988 7 0.99850696 33.178787 348.6139 275.82928 884.0885 7 0.9970606 838.5648 217.76146 1020.0913 492.02472 7 0.99305445 537.8556 321.9019 693.005 667.9524 7 0.9887205 635.4713 273.825 792.9519 567.9045 7 0.98743224 0.0 611.2949 42.66945 895.0161 7 0.9807951 221.51028 832.40454 304.0828 906.4917 7 0.97086346 765.80176 269.15253 890.97107 551.3558 7 0.7922716 953.1817 242.92346 1021.2327 469.01288 7 0.0643912 939.6977 204.99377 1021.19586 367.72467 ,test/3979.jpg
0 0.28371692 0.0 152.55191 1024.0 1024.0 0 0.088575944 422.04443 526.60077 888.83154 1023.4063 0 0.08360314 459.47638 278.49356 1024.0 993.0005 2 0.9958876 464.68118 469.1195 717.97925 627.40027 2 0.21548764 555.0143 474.13446 712.9103 591.72955 2 0.15359536 501.09732 528.4741 658.43713 583.4458 3 0.08543948 422.04443 526.60077 888.83154 1023.4063 3 0.062624365 0.0 542.9156 969.9115 1024.0 5 0.4437979 0.0 542.9156 969.9115 1024.0 5 0.27980816 18.686478 635.0138 290.3493 828.272 5 0.18245275 465.9723 282.72076 1022.30676 694.9277 5 0.12270797 422.04443 526.60077 888.83154 1023.4063 5 0.081858575 4.8206177 151.91077 1024.0 727.7242 5 0.057000533 16.494263 523.78625 446.4639 893.22534 6 0.11562927 0.0 942.72363 154.07823 1023.62646 7 0.12195834 0.0 537.2029 912.29126 1024.0 7 0.08881059 0.0 142.09201 1024.0 1024.0 7 0.0582007 464.91983 305.5985 1006.0161 623.648 ,test/3980.jpg
0 0.72781557 67.90246 0.119903564 177.46637 178.8005 0 0.4301772 11.355225 406.1667 439.4385 735.4079 0 0.3534976 403.33334 808.73334 487.32755 850.9996 0 0.14749685 762.5167 749.71246 794.1704 802.44403 0 0.14198293 1.9896698 10.407089 97.74092 159.79538 0 0.10195169 0.5886688 14.880829 152.07458 198.96497 0 0.06133761 0.32518196 82.43045 16.376549 151.945 0 0.05317133 376.17896 794.1165 492.4665 855.8974 1 0.9927383 353.49463 656.1985 641.89 926.8009 1 0.96170133 626.9823 640.0345 800.67554 831.384 1 0.8086153 698.56854 794.06366 821.61835 895.02704 1 0.71667606 575.8773 662.57495 818.8147 895.9464 1 0.6021918 375.72626 704.75256 814.99286 909.9513 1 0.3370186 584.94543 761.12164 739.33167 906.4688 1 0.27775043 351.14343 790.7328 625.1873 924.32117 1 0.118985064 621.2367 765.8636 700.249 806.66595 1 0.06656003 391.60248 808.8434 488.11993 852.2201 3 0.07179849 644.8058 203.47757 979.1295 558.7545 5 0.15629639 644.8058 203.47757 979.1295 558.7545 7 0.9998362 42.207855 105.8096 614.3574 467.93295 7 0.9991523 871.3683 480.13837 1023.7676 661.16364 7 0.13929586 403.33334 808.73334 487.32755 850.9996 9 0.37959602 10.521866 406.6452 438.2979 734.53265 ,test/3981.jpg
0 0.3598228 234.4024 640.61487 300.66803 715.29065 0 0.065492116 64.27814 386.29102 952.2358 611.1792 0 0.06387051 202.87042 510.26935 816.13904 858.07086 0 0.06309559 176.62732 246.88055 912.74243 874.20294 0 0.062003832 121.22214 39.867126 962.80176 507.26703 0 0.05478837 241.83777 533.0538 833.9469 687.248 1 0.6862624 233.43631 640.4096 300.96567 714.99164 1 0.08910987 498.85056 420.31604 552.0421 438.86523 1 0.071750335 826.72754 613.64014 866.8811 647.7357 1 0.06264995 496.09482 424.31335 601.30554 440.59113 5 0.75157595 104.85293 526.78516 244.26523 815.80176 5 0.0845168 243.8995 701.13586 287.75394 769.12866 5 0.07697062 0.0 8.573074 229.3074 412.21686 5 0.059963617 153.58466 594.7504 241.49231 793.12177 6 0.99743086 729.00995 751.05194 839.56305 849.6434 6 0.98679566 112.22954 784.88257 319.90863 1022.6769 6 0.9809795 104.066864 781.86694 903.974 1019.5741 6 0.9415013 335.70392 0.0 1006.0418 236.56909 6 0.9199734 294.21255 617.0355 810.4979 898.7434 6 0.89329135 119.07138 18.008118 995.9116 467.45203 6 0.83989793 72.32291 387.2648 952.474 614.40674 6 0.65200716 246.71725 539.2869 841.8102 702.42145 6 0.581683 434.0987 561.1738 754.3328 690.64404 6 0.550182 211.13553 815.7592 288.62622 929.30756 6 0.5451677 266.64142 606.0524 856.705 774.8681 6 0.51576287 222.78378 492.08023 892.9116 834.99414 6 0.3703533 241.14352 70.9448 938.92053 324.05582 6 0.34000662 176.62732 246.88055 912.74243 874.20294 6 0.31321633 272.04907 745.8057 780.8114 936.89545 6 0.26430273 125.61694 770.5189 274.44604 900.3865 6 0.20447317 89.70261 347.73 948.5127 469.49222 6 0.17907418 134.26434 165.82924 925.94366 607.73737 6 0.16074811 514.7591 797.3176 904.68524 1011.45276 6 0.096117474 596.87335 755.4737 840.634 874.8162 6 0.09413886 253.87312 552.47815 586.1074 798.1969 6 0.08627384 373.8951 657.4809 837.1001 752.43695 6 0.07990336 273.3077 774.7237 447.4543 951.38727 6 0.07382042 380.53925 3.1870766 686.5457 120.275345 6 0.058894053 279.3073 544.3469 465.6684 653.98474 6 0.057403553 743.87646 215.41042 836.6925 307.05478 6 0.054602742 1.556778 422.65753 84.32167 556.4547 7 0.9477748 4.415695 471.5077 134.61525 1018.88306 7 0.5032394 0.0 411.14743 298.66345 1024.0 7 0.11131365 0.0 7.922989 236.62404 413.63696 7 0.092443064 90.21081 510.8808 243.63089 823.94 7 0.07532268 125.88541 986.7453 221.92316 1021.998 9 0.074037656 1.8374748 423.05582 76.27176 544.96906 ,test/3982.jpg
4 0.9440968 308.84726 153.69058 673.1643 814.2456 5 0.45652533 312.79617 148.91983 673.98706 811.53284 ,test/3983.jpg
3 0.99544805 273.13324 193.23901 867.4383 757.0478 3 0.09809578 254.5684 192.10826 746.96594 554.342 3 0.09207653 256.0968 177.73396 384.38843 552.687 3 0.06239562 255.75308 225.79288 325.1721 566.41895 ,test/3984.jpg
0 0.9998833 115.61218 266.6262 1007.4972 741.8666 0 0.3093533 815.07446 9.684128 1022.99805 506.85376 ,test/3985.jpg
0 0.93292814 2.4666748 611.36145 252.56694 950.02466 0 0.45267177 491.28378 110.4993 1020.3053 823.9906 0 0.16246489 903.3127 10.666084 1024.0 192.43573 0 0.09538045 61.206726 30.422028 1005.205 832.55396 0 0.0712635 0.0 796.69275 254.66837 944.4053 1 0.69527704 238.0929 48.670334 939.808 410.5705 1 0.6087122 59.013397 29.113647 1009.421 837.9143 1 0.090815976 85.88934 270.9577 752.9987 816.3437 1 0.083521485 140.31406 254.39745 690.21326 597.8293 1 0.05209969 493.24323 108.27057 1015.8803 835.1982 2 0.2984972 517.6529 598.47784 663.3466 811.5938 2 0.27775097 87.38089 322.52823 705.36865 811.64465 6 0.43144023 73.4841 157.21469 972.9115 821.88635 6 0.06571661 177.80923 40.85898 940.4862 430.40204 6 0.05585146 86.53131 341.04208 693.92267 813.1024 7 0.17724237 0.44844055 613.24097 254.90735 946.4596 9 0.09652584 901.1455 9.249046 1023.9575 195.75955 ,test/3986.jpg
1 0.055861074 0.0 629.7778 142.53961 727.7242 6 0.99316335 111.70773 435.135 932.69104 912.1549 6 0.97998023 133.06085 241.8789 867.93506 584.96875 6 0.6372836 113.877106 427.24982 932.37805 664.6806 6 0.20235729 104.25333 460.65625 350.17743 623.10754 6 0.15663467 125.94687 460.47867 616.57336 644.5835 6 0.072670765 112.925385 524.90466 742.5311 815.1334 ,test/3987.jpg
0 0.9815067 339.78717 329.49567 424.79108 561.01324 1 0.99925846 365.6944 197.94162 747.0429 758.8578 ,test/3988.jpg
2 0.9997954 229.36084 357.7229 706.1733 670.9729 2 0.06985918 503.62192 352.92285 717.32715 589.16376 ,test/3989.jpg
0 0.19100049 689.88586 512.5359 706.719 562.1334 7 0.9995161 500.68274 221.11603 726.84155 742.40094 7 0.9991708 278.25143 271.4713 515.37555 665.37695 7 0.68160194 507.9833 246.39435 577.55286 320.48718 7 0.46120682 506.22113 225.89328 727.2277 405.55984 7 0.09256733 567.64935 240.85031 699.4156 388.23972 7 0.052019976 507.9034 221.67145 615.57385 377.69586 ,test/3990.jpg
3 0.9999751 389.7759 482.7706 582.8573 611.64453 6 0.119219564 653.4844 403.6762 1021.845 688.4067 ,test/3991.jpg
0 0.9890097 132.75952 372.97617 216.1059 431.51718 0 0.112725995 0.0 417.41995 94.71823 532.05963 1 0.6203476 575.5304 220.27242 710.05383 339.51074 1 0.5388014 534.7908 248.45033 916.42456 758.61786 1 0.44990864 807.9669 129.51315 1021.2429 876.9022 1 0.34226602 528.5766 278.22327 594.84735 403.53864 1 0.21477306 9.001556 0.0 630.0017 280.6197 1 0.20730607 899.1522 161.67072 1019.6046 322.24622 1 0.102263406 533.1406 304.0874 721.38306 718.1213 1 0.09553061 536.7346 212.25986 710.6455 400.0958 1 0.0803868 133.17073 372.65176 215.81093 431.57187 2 0.825421 541.7329 250.28525 905.5226 754.41455 2 0.057295408 528.36304 239.94923 738.13574 725.6009 3 0.45925984 405.5996 622.5453 777.68555 1022.83545 3 0.09283377 837.1175 253.23495 1021.6402 879.4712 5 0.82860255 842.4249 586.3274 1021.8087 868.7694 5 0.76784545 0.0 417.2634 94.5643 532.01904 5 0.33117315 406.51678 610.07825 762.19525 1024.0 5 0.108506985 813.5679 248.25429 1023.5558 636.1752 6 0.13454962 576.08344 219.98889 710.2397 339.53052 7 0.76292753 809.5925 243.92535 1024.0 634.9685 7 0.32036906 0.0 417.50513 94.63877 531.92413 ,test/3992.jpg
0 0.20274161 911.049 704.4982 1023.46295 1019.84 1 0.9853206 597.1479 502.4311 1018.1944 1011.0162 1 0.9624474 911.1078 703.9354 1023.81323 1014.4027 4 0.999548 424.51395 366.78568 638.1607 876.885 ,test/3993.jpg
0 0.1823161 82.34726 294.2893 957.0206 908.72815 1 0.556047 86.64499 292.6031 953.7339 912.35736 2 0.6940891 87.74014 294.9867 948.1575 910.9011 ,test/3994.jpg
7 0.99905163 276.9075 430.18994 453.83054 616.34717 ,test/3995.jpg
0 0.3132288 918.4976 96.0251 1024.0 194.08223 0 0.08868311 383.80115 625.81464 520.4477 712.52484 1 0.40485385 384.56604 625.66284 521.62256 712.9485 3 0.06830749 384.56604 625.66284 521.62256 712.9485 4 0.99886763 380.2364 301.59882 593.60944 685.3975 5 0.8184932 918.38544 96.13907 1024.0 193.71976 ,test/3996.jpg
0 0.98679847 656.55273 590.48914 937.20654 915.3749 0 0.93949056 133.49875 688.7352 399.9252 928.1395 0 0.9350579 347.52206 7.467392 450.3348 351.24976 0 0.90548104 981.60736 451.36533 1023.7962 565.75726 0 0.841457 444.71237 443.7442 497.31363 575.5591 0 0.820792 587.58 532.9255 694.54474 711.72296 0 0.62185013 132.79384 515.27924 405.75366 1008.5064 0 0.50452554 19.259384 829.843 419.49957 1020.9485 0 0.10123475 425.22183 331.68 533.0881 594.1202 0 0.095006555 432.53748 377.99338 469.01 419.3243 0 0.08120328 372.19666 532.7382 629.08844 905.2131 0 0.073452026 611.5842 603.96484 697.01685 717.8048 0 0.051714774 344.71063 15.70134 495.39777 510.09222 1 0.86774296 299.55606 518.72186 399.21426 722.06146 1 0.8200256 373.41483 528.17755 629.04004 915.63983 1 0.38147372 342.6586 695.12354 409.1484 752.7798 1 0.20964886 368.21567 745.14166 403.68527 776.42535 1 0.14516991 134.36826 666.8841 399.71994 929.8681 1 0.11350286 342.2455 717.70605 406.31796 776.32446 1 0.11264995 317.34036 479.59094 570.6355 705.08215 1 0.06828775 121.63684 510.1079 405.89636 1021.0978 1 0.05698869 332.3468 534.6128 407.15363 775.3717 1 0.053880528 360.95615 562.50714 404.79062 693.5888 2 0.082259655 711.8289 810.4769 751.5771 838.09106 3 0.1353676 711.3665 810.53503 751.10504 838.0665 4 0.99794835 624.79126 479.71066 925.6648 656.22375 4 0.1464014 588.87463 528.8774 696.58765 711.1298 5 0.70925784 312.62418 277.15387 639.5928 959.53375 5 0.658263 319.86517 245.44319 594.827 651.25885 5 0.61947715 711.7316 810.34 751.47284 838.0938 5 0.26991126 376.8051 528.29736 638.2091 949.98083 5 0.18803734 432.19528 351.8689 593.0852 578.69763 5 0.10443269 319.17175 418.07812 586.755 580.9684 6 0.06074556 299.0456 517.9884 400.2644 728.15784 7 0.9000291 1.7897167 788.2716 61.263092 1019.12366 7 0.56330913 19.672852 827.71014 417.21985 1021.0799 7 0.11177844 0.0 792.1944 126.25078 1017.8472 7 0.09181783 32.81266 828.0583 71.40237 943.2266 7 0.05565547 132.62471 690.28644 396.38928 926.36896 ,test/3997.jpg
2 0.99998736 413.16443 371.57605 725.48303 708.5492 ,test/3998.jpg
2 0.9968142 140.7284 616.6719 654.6397 965.2333 5 0.9888728 133.04747 25.002213 632.68353 403.3009 ,test/3999.jpg
0 0.99932027 265.65292 644.78955 660.746 825.025 0 0.22522919 321.228 272.08844 602.41064 395.21826 0 0.15720348 326.8455 279.46408 365.1238 318.3209 1 0.64372605 321.11383 271.7655 598.4793 394.11456 2 0.09090124 321.19656 271.79575 598.3331 393.80746 5 0.30717713 320.9309 272.079 600.0894 395.59232 7 0.39671063 320.5788 271.86237 600.3401 395.01813 ,test/4000.jpg
0 0.39169028 311.4739 241.17838 896.48193 919.7798 0 0.20257069 177.73447 161.94547 477.12717 408.26688 1 0.79111844 310.57416 241.79126 895.88544 913.63806 1 0.7227997 178.02647 161.45082 476.66663 408.1695 7 0.6111286 178.17375 161.14972 476.8282 408.22876 7 0.1153965 1.2673092 429.61456 16.213572 514.877 7 0.096518934 380.5064 217.82521 470.40808 326.79187 ,test/4001.jpg
0 0.7632895 430.1477 523.05457 898.64734 915.98865 0 0.62123084 563.1908 535.3595 898.21265 788.12134 0 0.44476172 446.32877 450.67697 698.97217 591.5314 0 0.40863106 163.34242 619.23785 644.17236 895.7486 0 0.27467185 434.86414 551.708 655.5021 908.6057 0 0.18336615 449.904 525.16516 525.88477 593.7727 0 0.1570963 436.13123 592.0032 535.2887 660.6747 0 0.11104291 536.8632 493.25482 685.6077 923.9777 0 0.10374955 0.0 365.32834 99.858604 460.93265 0 0.08719925 287.8583 534.62427 899.7117 749.54395 0 0.08596055 165.78438 606.8472 574.0548 751.543 0 0.06780294 0.0 517.316 933.1871 994.30206 0 0.065717824 0.0 282.49924 179.15752 507.03836 1 0.066265985 453.45874 450.99786 700.7107 586.6169 1 0.056013167 163.34242 619.23785 644.17236 895.7486 1 0.053496342 564.83374 533.6919 899.9918 768.5084 2 0.5963079 445.83228 450.63394 700.046 590.54736 3 0.9742877 308.90894 61.661606 568.2126 517.5071 3 0.07404526 450.4438 524.63995 524.76135 594.4047 3 0.07324311 417.49292 559.2591 637.9817 922.9798 5 0.25294665 309.15518 61.894287 567.6664 518.4766 5 0.09105596 323.58636 423.39923 482.29742 518.9791 5 0.074681364 445.09686 450.45645 698.45026 591.28015 5 0.07464488 0.0 282.49924 179.15752 507.03836 7 0.70521456 450.24326 525.2489 525.54285 592.70276 7 0.08492202 564.053 534.35474 898.0365 776.88416 9 0.17305584 0.0 362.1282 100.156006 460.267 ,test/4002.jpg
0 0.5678069 873.5232 847.7403 1024.0 1024.0 1 0.9773933 320.60013 132.91464 815.80505 736.615 1 0.8699645 422.3784 477.75107 808.6256 944.7489 1 0.73115486 669.48987 288.70514 829.2987 471.62555 1 0.4752907 875.1815 846.4376 1024.0 1024.0 1 0.42697632 470.03046 248.70523 803.7598 694.9852 1 0.32260412 452.99408 542.2049 514.42334 635.9842 1 0.109308474 327.78925 127.5748 668.37805 545.9873 1 0.10588673 321.6495 182.59213 542.5734 679.9015 1 0.08875758 682.32623 520.6921 846.7338 866.9078 1 0.08865169 697.46814 380.8891 801.9402 455.21954 1 0.0830945 398.5744 433.87177 488.89056 790.12506 1 0.0630364 473.57245 482.0126 794.3339 691.80237 5 0.19530624 595.4841 825.68616 1024.0 1024.0 ,test/4003.jpg
0 0.061510526 67.65732 201.61789 949.73975 805.2091 5 0.9827974 66.99332 202.4346 947.5864 806.1267 ,test/4004.jpg
7 0.999788 126.674225 215.11899 920.4197 754.19385 ,test/4005.jpg
0 0.9993149 369.08368 319.93768 741.6872 723.57196 6 0.056941286 128.50899 67.80295 183.05855 111.03116 7 0.054521892 369.85056 322.26367 738.2322 722.255 ,test/4006.jpg
0 0.48337117 330.96564 842.0331 459.5772 865.5724 0 0.17919953 211.15671 845.844 246.93277 910.35986 0 0.120770104 639.6351 569.69666 756.9882 645.6786 0 0.096740104 600.8835 311.7365 674.8083 366.5763 1 0.98678976 435.033 40.21016 834.3425 312.351 1 0.9718293 120.58139 422.9175 371.69528 619.5155 1 0.96846384 288.53442 228.47844 804.3679 586.9202 1 0.9152658 154.18289 675.3191 436.29117 1016.97253 1 0.47280616 125.81564 658.89795 663.5409 1022.39294 1 0.24513154 298.01346 868.4802 525.16064 989.7246 1 0.2305567 179.54271 529.66925 332.95966 627.0821 1 0.21330284 343.35706 452.86115 469.96063 621.87006 1 0.20922251 322.8156 169.6402 821.0406 312.8701 1 0.16297391 192.47353 577.4776 225.81956 611.5771 1 0.14751314 380.54816 807.3047 418.562 843.70166 1 0.13311072 302.1097 768.7661 516.3171 1014.09326 1 0.11371929 123.61603 523.37964 190.17725 618.63416 1 0.11136315 302.66547 854.3875 642.6614 1022.49713 1 0.09471916 307.58655 541.8583 345.29614 561.1334 1 0.09368724 413.58154 43.59262 612.3413 321.7668 1 0.09007 330.6422 842.0919 459.61334 865.62683 1 0.06593964 320.88336 455.90552 780.41156 588.6161 1 0.05606774 244.86299 380.94806 460.1485 644.51874 1 0.05276228 181.29648 575.1052 228.12735 597.1223 3 0.0972243 847.2681 573.51715 894.56366 593.9847 3 0.08347619 572.42554 565.82605 625.31665 599.32227 5 0.41640648 0.0 728.6168 154.28015 878.09985 5 0.16877592 0.0 733.30176 85.09238 866.8501 5 0.15694821 820.18134 615.0092 942.2658 735.04913 5 0.15109849 585.59125 545.9142 670.929 587.4354 5 0.13402094 863.60156 157.87015 904.73145 228.35608 5 0.12046923 669.7776 570.935 945.6819 669.4826 5 0.0986003 753.31165 580.76025 945.9618 737.1245 5 0.09649807 842.93964 614.3699 940.9576 687.4746 5 0.08519758 631.5919 569.73834 759.27246 647.1541 5 0.067203954 68.64758 787.0097 158.1143 876.1419 5 0.053078137 6.0736694 632.9923 295.4283 880.5448 5 0.05116675 919.7602 660.01996 1009.06195 690.41315 5 0.05060406 839.57355 578.5924 930.86774 625.20264 7 0.9986156 673.818 698.9453 1015.1406 1021.5825 7 0.9786876 314.19608 527.9063 936.1144 929.97565 7 0.9579859 302.2924 899.0705 742.3887 1018.2663 7 0.8225396 165.08667 548.0217 412.67755 783.901 7 0.8114832 6.541687 629.2511 283.2993 881.02734 7 0.74487954 854.83215 481.65698 1024.0 745.4645 7 0.66749763 932.38495 489.2095 1023.32294 579.9062 7 0.61306155 641.17505 569.1599 757.426 646.16736 7 0.52110356 70.40936 787.4343 158.57846 875.39026 7 0.39383912 885.6856 658.5829 1024.0 741.8982 7 0.24132949 0.0 726.8419 156.6352 883.5912 7 0.23370507 129.44073 668.8217 739.63513 1019.22284 7 0.22379342 670.15857 543.8795 975.7063 780.827 7 0.16130976 29.158966 598.0269 419.72433 824.6772 7 0.14989258 290.38702 723.1398 993.17706 1022.2522 7 0.062135454 904.08856 660.7029 1009.6237 707.245 7 0.05145721 425.70056 946.7987 738.5492 1023.3899 ,test/4007.jpg
0 0.50162435 141.79459 512.089 235.91583 558.12744 0 0.12199922 424.35706 515.6372 799.36914 798.5665 0 0.08260866 861.7853 313.07925 1019.61487 392.68985 0 0.07701739 59.317886 438.43875 427.36865 570.49615 0 0.0758097 159.48398 4.795822 208.84369 349.1773 0 0.058264665 563.464 496.34476 709.39136 675.1399 1 0.97364205 59.764664 507.9926 511.4131 793.6114 1 0.68696374 931.1329 150.38248 1022.81866 328.62222 1 0.6702305 69.31943 546.44684 415.48438 702.8123 1 0.34870493 90.66562 638.054 443.13284 794.5446 1 0.3484768 85.54474 222.88736 923.3215 470.43314 1 0.34540436 54.185135 430.16083 421.0954 573.84753 1 0.31250033 860.0378 137.20647 1023.0262 414.51324 1 0.27083233 125.21236 324.6681 384.65778 448.39734 1 0.2558993 71.10742 328.23138 438.4503 712.0245 1 0.2527196 857.46246 308.37808 1018.35675 394.26834 1 0.21433811 118.68161 26.475937 1014.76355 338.80762 1 0.13991444 164.23355 338.25684 816.8441 471.12543 1 0.13533771 769.397 313.74725 1014.77686 424.29785 1 0.13071135 93.16087 290.7871 496.49 450.71906 1 0.13016458 760.81213 312.1463 899.03125 346.39746 1 0.11922424 387.67 426.44455 1000.72266 788.6 1 0.09337064 125.1705 249.46754 932.5757 660.61066 1 0.07830848 770.5532 328.88498 894.51965 342.87155 1 0.05951963 422.53088 511.94986 799.02966 799.03516 6 0.8300997 418.292 510.01685 802.2079 798.0713 6 0.22088417 421.9612 419.23395 995.52295 790.4444 6 0.16356052 429.63504 523.871 529.29675 769.74426 6 0.112907745 780.3456 227.76974 831.4187 322.81735 6 0.102901146 715.39465 231.0152 891.9878 326.87738 6 0.088417634 663.19666 420.19556 965.73083 683.80005 6 0.07288994 291.76968 414.6841 833.3323 563.58484 7 0.05834293 161.8341 400.98163 306.0716 442.3222 7 0.057925124 129.69827 384.80026 371.31274 447.00827 ,test/4008.jpg
1 0.07329855 496.1617 511.0995 774.3959 746.0897 7 0.9909738 192.80008 637.96 698.5536 897.6799 7 0.97847545 155.06754 301.47998 671.48 615.914 7 0.82239443 153.11215 285.82095 782.9669 909.55554 7 0.7810774 547.0575 238.30573 783.2909 366.81482 7 0.16099271 501.75842 513.33417 775.8873 749.0474 7 0.08280403 255.31549 501.69727 776.7281 760.24744 7 0.07098558 214.64453 644.15497 637.3577 784.5649 7 0.06733331 585.5524 277.87125 722.2819 366.19107 ,test/4009.jpg
0 0.7300966 894.9001 549.0738 937.9211 637.24567 0 0.6993157 816.421 752.09326 1016.7738 863.14124 0 0.44895148 326.6044 574.4673 442.48862 640.3508 0 0.38381365 472.3236 692.7869 589.3655 762.2797 0 0.26738864 294.4862 442.70377 426.47174 498.7465 0 0.25451824 888.9135 778.3073 1020.2066 863.5118 0 0.16736767 815.6244 752.74554 941.1813 802.7071 0 0.16124152 135.60695 764.20306 213.47609 804.0141 0 0.15452974 700.3786 593.46704 801.6757 686.72046 0 0.14869648 513.631 792.5989 636.1803 915.1874 0 0.1044833 716.2569 617.8269 829.8304 699.2749 0 0.08603076 214.57536 623.7671 445.57568 726.64087 0 0.07642565 721.9127 594.01215 795.0979 655.9727 0 0.072768696 542.0002 691.51483 588.5225 756.549 0 0.067508325 138.86838 810.291 254.2102 929.6256 0 0.06277644 135.98764 716.34076 228.83948 810.5278 0 0.060516115 456.47287 611.95825 846.3113 783.11816 0 0.059408378 214.47298 807.27014 255.55043 840.81274 0 0.05674374 418.36127 624.9912 454.9887 694.25977 1 0.98174286 342.76974 471.8372 821.11865 722.2971 1 0.9764623 135.70148 567.1509 877.37384 938.3965 1 0.84442 26.785889 412.03006 428.35358 642.8614 1 0.52567935 4.749771 169.17058 420.653 445.3781 1 0.47482482 162.75427 261.4647 275.0423 428.21103 1 0.41459736 715.0722 617.3418 832.38055 698.9984 1 0.41087765 138.99173 565.3983 437.32632 805.72363 1 0.38915506 888.9135 778.3073 1020.2066 863.5118 1 0.3571125 512.56104 790.99713 635.71594 915.4246 1 0.35336626 439.42096 605.5206 877.69403 914.6477 1 0.32708353 779.171 440.8472 946.40955 626.4328 1 0.322319 138.80634 813.0377 254.1015 928.9448 1 0.2864673 474.36273 696.7324 581.3029 769.6135 1 0.23209032 327.01608 574.7095 442.49698 641.5426 1 0.20929162 863.0207 322.3725 955.13776 461.3382 1 0.20539953 293.05997 502.08072 390.303 639.24805 1 0.16585772 811.71387 753.35095 945.99133 803.6941 1 0.14023414 210.50189 168.85349 398.23438 430.5549 1 0.1367005 214.57536 623.7671 445.57568 726.64087 1 0.09527491 356.80463 620.3824 455.53473 730.582 1 0.09004513 61.139404 218.58582 299.34857 437.65387 1 0.08722745 700.3786 593.46704 801.6757 686.72046 1 0.08569552 311.90298 520.24927 439.80338 641.829 1 0.08400737 106.622406 435.7259 798.8572 777.3272 1 0.08014187 169.11438 600.73755 506.8047 751.1476 1 0.07556811 665.85516 608.78064 845.86334 718.6726 1 0.06826821 38.824432 160.97516 593.90283 688.00775 1 0.06497979 816.421 752.09326 1016.7738 863.14124 1 0.06033614 482.03894 608.3019 829.7545 755.4249 1 0.057059284 233.28558 569.75757 439.58252 647.4374 1 0.05513182 221.65616 496.8469 424.8027 735.16455 2 0.78885555 138.67198 859.9845 251.01057 927.9352 2 0.33202663 721.76465 595.1114 798.08704 653.86395 2 0.29089877 711.6411 605.137 846.63684 707.6147 2 0.13061613 855.12836 307.089 952.23004 462.325 2 0.12922263 330.0407 602.8794 355.02332 642.1665 2 0.12378891 702.18475 616.5407 824.8796 676.89166 2 0.08040817 513.4039 788.9817 636.81366 914.5879 2 0.0735117 214.33719 807.50946 248.57559 866.90265 2 0.07135322 472.22003 693.793 588.7518 763.79315 3 0.42803597 326.46884 574.32086 443.3936 641.1523 3 0.26536644 137.01796 808.73773 250.13689 887.4996 3 0.26219544 139.24481 860.0934 251.01361 927.90955 3 0.2162614 545.0305 684.6442 639.4502 781.6586 3 0.13794146 418.5031 626.87964 454.88953 693.9678 3 0.087328106 354.09518 619.4707 438.06888 658.60425 3 0.0832949 852.5073 303.9787 947.44446 420.84106 3 0.07453965 213.03972 807.2945 256.19696 838.2209 4 0.19054486 568.88727 683.9418 636.642 777.28357 4 0.1463251 605.6177 672.36487 671.5979 760.1472 4 0.06413768 471.7099 692.79663 589.6093 768.38416 5 0.9226504 620.95557 657.82855 732.68176 754.58344 5 0.8140228 851.9447 302.91522 948.3334 378.42328 5 0.72566164 555.09247 680.7188 638.1204 784.457 5 0.28653097 721.76465 595.1114 798.08704 653.86395 5 0.2821918 215.24646 807.8609 248.29636 865.79315 5 0.2793285 709.0724 612.5969 836.15625 699.18396 5 0.23332796 472.46448 693.40356 587.625 767.1831 5 0.22773515 605.5161 667.1808 677.1759 758.35596 5 0.2182719 552.6058 746.5877 636.674 782.3553 5 0.20482352 815.0154 749.2668 1016.8297 863.18915 5 0.20188706 330.0407 602.8794 355.02332 642.1665 5 0.17210895 214.47298 807.27014 255.55043 840.81274 5 0.14137502 326.6077 575.0726 441.71823 640.05414 5 0.14036366 136.9773 808.8564 250.73746 887.4649 5 0.12962705 566.5936 769.859 631.04626 785.51074 5 0.121727966 853.8468 306.46732 918.21436 348.19162 5 0.114113554 542.0002 691.51483 588.5225 756.549 5 0.095365845 811.71387 753.35095 945.99133 803.6941 5 0.080566026 516.8942 791.224 636.46234 915.20386 5 0.06548218 856.8937 303.38733 954.7118 462.3667 5 0.065346316 477.88007 634.35614 792.488 777.695 5 0.059500404 522.8238 684.977 662.6501 758.6408 5 0.056637265 646.056 642.47034 766.64124 748.29016 7 0.998408 331.27606 157.47966 634.0991 487.95795 7 0.8567878 581.37714 173.75883 948.11383 558.4182 7 0.80049247 294.54327 442.82312 426.39056 498.27838 7 0.26194686 595.46985 398.63092 891.15894 543.70935 7 0.21569902 326.8272 574.67914 440.53412 640.78656 7 0.061803967 139.35236 810.4721 254.4007 929.4151 9 0.05996534 885.5209 778.4176 1020.66736 862.2821 ,test/4010.jpg
0 0.08573126 821.82086 360.14526 851.70636 397.86023 3 0.7555253 677.9946 374.54724 755.66284 465.4721 3 0.4660963 760.93805 394.3957 790.61566 435.17633 3 0.13958074 461.29352 291.19995 486.13263 328.11926 3 0.090212904 741.8232 383.86874 791.18634 436.7803 3 0.081732 702.47705 317.3186 827.9983 373.4112 3 0.065866776 421.4906 159.79086 556.2946 215.13815 3 0.061584756 822.23486 359.3443 851.61584 398.70996 3 0.057558864 736.775 380.4214 767.92737 422.27234 8 0.9990219 334.45276 461.14978 451.3258 598.9077 8 0.9987256 459.34808 422.03326 516.4823 594.71106 8 0.9982906 363.91364 312.5165 482.35138 448.21024 8 0.9948236 636.3833 465.03986 694.2855 628.8211 8 0.99349964 513.9601 180.05641 683.44653 322.23047 8 0.9893076 310.97192 369.36786 356.4994 521.1851 8 0.9850439 297.66565 208.97015 408.3288 379.4839 8 0.98371625 512.9155 304.92523 686.99133 504.11243 8 0.84967977 659.6564 270.01312 828.3651 375.64862 8 0.54171664 701.30475 313.809 826.94196 373.66306 8 0.5282059 421.4906 159.79086 556.2946 215.13815 8 0.32355407 678.02856 373.98495 755.5304 465.54202 8 0.14865798 368.0895 371.31995 424.26425 446.92853 8 0.12000024 740.8893 383.60068 790.53613 435.43954 8 0.11952611 736.5997 380.59094 768.32294 421.62463 8 0.08111466 556.42944 298.50806 679.954 447.18274 ,test/4011.jpg
4 0.9992107 356.1389 204.49536 584.0721 723.1015 7 0.05255862 76.586174 520.5918 283.38373 630.4458 7 0.05070454 358.19653 947.0427 497.10168 1024.0 ,test/4012.jpg
0 0.19322592 372.25955 294.187 725.13806 523.10706 1 0.89881057 371.56076 294.4112 724.5089 523.35144 5 0.08965229 370.89868 294.49182 724.24146 523.23645 7 0.061581977 372.25955 294.187 725.13806 523.10706 ,test/4013.jpg
0 0.13176028 1009.7317 770.5044 1021.1854 885.7838 0 0.13080853 592.4403 680.9962 605.83386 725.3518 0 0.06730211 797.88324 544.289 905.18134 681.66046 1 0.15235639 469.07477 368.8516 833.7486 719.40466 1 0.08234554 460.50247 362.4069 623.02484 682.6553 2 0.9954384 462.78387 366.1772 839.4765 719.4653 2 0.3810576 798.7437 461.35388 836.79315 688.82947 2 0.21633472 462.2962 364.11932 625.33344 680.2226 2 0.056750823 611.97833 444.93115 836.5147 711.3335 5 0.99818534 329.77374 360.9817 478.65808 670.5542 5 0.051109947 799.118 462.20355 838.22723 688.58014 6 0.2260514 1009.7317 770.5044 1021.1854 885.7838 ,test/4014.jpg
0 0.9997173 208.3494 162.56485 792.85486 860.97534 ,test/4015.jpg
0 0.99974495 155.75589 202.58176 753.9182 690.3822 ,test/4016.jpg
0 0.28301373 247.2445 270.67548 726.76215 851.3426 0 0.26507735 268.65427 257.20932 603.08374 310.81387 0 0.10690012 671.33655 279.55505 722.42175 317.21234 0 0.090389706 478.64465 279.4378 610.57605 422.55908 0 0.06574931 255.85431 292.17334 505.95355 858.42896 1 0.32741046 246.95828 269.9968 727.0416 853.95764 1 0.08848723 671.33655 279.55505 722.42175 317.21234 2 0.052191276 247.8465 269.40875 727.7326 853.5816 3 0.3603845 248.90515 267.579 729.2535 852.61365 5 0.12556796 249.23878 267.64194 727.9451 852.08264 7 0.5831899 239.30544 267.25467 728.40533 856.4027 ,test/4017.jpg
0 0.29470623 135.10141 152.93164 789.98926 901.6361 0 0.12672068 136.01366 147.56345 467.9356 705.69727 0 0.054544523 525.9122 202.40659 577.05695 220.57593 0 0.051396314 485.95068 399.80682 599.516 530.37225 1 0.8221188 132.98282 156.83536 790.93677 899.7135 2 0.12518546 135.14996 155.69635 792.7741 900.285 7 0.23620652 353.68945 159.47623 653.478 337.63974 7 0.09445149 130.58963 144.37787 786.85144 905.434 ,test/4018.jpg
2 0.9998573 240.36499 195.72768 712.0826 683.56396 ,test/4019.jpg
0 0.7715433 483.27563 631.9358 669.85864 791.9337 0 0.68586797 988.4844 769.01337 1024.0 899.3448 0 0.13405433 726.86633 456.4875 772.3187 599.75934 0 0.09334788 825.9316 0.0 1023.00165 132.09076 0 0.0890572 457.8775 380.99982 500.6458 488.55396 1 0.99766195 459.10934 210.30788 978.1057 642.6496 1 0.5375546 457.68503 380.91458 500.30856 488.42728 1 0.24940148 380.7821 200.33957 504.30536 282.33398 1 0.10041612 825.36444 0.0 1022.988 132.34836 1 0.079987384 451.6821 374.32812 512.1641 629.05164 1 0.052292794 453.1524 212.12389 503.50012 499.16943 6 0.96853715 664.49976 548.97986 996.4164 964.9353 7 0.99339217 715.84924 546.9932 885.64075 772.15765 7 0.98914903 838.2684 459.37427 1021.35345 773.5648 7 0.36520627 482.93872 632.7979 670.58276 791.57635 7 0.17978977 663.9367 508.35852 1005.0806 966.0702 7 0.08733192 989.13464 768.73865 1023.8135 896.77515 7 0.08130933 950.9504 466.48108 1022.0097 776.7317 9 0.23943196 990.50604 771.1062 1023.9644 897.44666 9 0.05971934 1002.99457 775.4799 1023.27716 867.3914 ,test/4020.jpg
0 0.92920333 351.8233 682.47363 453.53418 759.3373 0 0.5348752 361.2671 316.7517 644.7131 826.1814 1 0.66651803 391.73102 295.7952 527.41425 355.58633 1 0.62473696 360.0112 312.086 643.7361 826.8283 1 0.1328444 352.10623 682.5571 453.5555 759.7258 7 0.3266728 365.2063 307.1751 644.9983 827.4941 ,test/4021.jpg
0 0.7794328 445.52106 637.0102 615.78815 680.4388 0 0.6940111 673.51935 277.20602 695.972 321.1921 0 0.25192705 446.44992 601.6281 619.9026 714.40814 0 0.23643859 969.35486 547.0309 1008.0138 662.2914 0 0.094913915 442.42078 463.22845 620.00525 760.4091 0 0.054618593 240.38388 521.54016 358.88278 589.61633 1 0.99381506 238.98383 521.3235 358.8094 589.46277 1 0.3287236 963.16907 490.36646 1017.7488 527.46436 5 0.51410484 866.9624 530.4464 971.1489 602.16296 5 0.05045173 969.35486 547.0309 1008.0138 662.2914 6 0.999376 217.34174 319.3321 404.5042 535.7071 6 0.99875116 441.95578 482.6622 619.75037 759.34607 6 0.7461943 969.15924 546.9221 1008.0837 662.46594 6 0.050477862 221.89578 319.8563 398.72543 430.74997 7 0.9998543 391.22546 251.23526 560.29663 546.07764 7 0.9993168 594.7113 292.53577 868.5862 680.93195 ,test/4022.jpg
9 0.9946732 44.072052 215.63974 971.781 962.48926 ,test/4023.jpg
7 0.9995782 299.437 199.83028 720.1166 679.11414 ,test/4024.jpg
0 0.11588544 0.0 0.0 982.5736 1024.0 0 0.082857385 343.952 390.83203 690.4586 806.9951 3 0.9795659 344.65808 389.54126 691.5741 807.9363 3 0.11793344 0.0 0.0 982.5736 1024.0 5 0.7370846 0.0 0.0 984.2678 1024.0 5 0.06342099 333.13803 388.00745 690.68054 804.0447 ,test/4025.jpg
2 0.40368772 265.00977 204.08966 780.4348 726.2448 3 0.9952348 267.2584 195.38062 780.37683 722.9612 3 0.12235953 283.8241 183.27692 770.4132 393.2638 ,test/4026.jpg
0 0.28562912 499.68866 1.8748932 743.8947 281.13477 0 0.110965796 175.81348 371.54016 754.5375 741.29224 0 0.10550115 822.8536 0.0 1020.2779 77.80942 1 0.95590353 181.38898 369.4626 743.3208 735.1485 1 0.64200944 521.227 1.430954 741.84454 282.0074 3 0.19035058 395.37384 228.2936 696.41547 410.30328 4 0.9610356 394.12854 228.99081 699.4004 411.2007 5 0.086720265 394.44257 228.50797 697.1762 411.18228 5 0.06765426 822.8536 0.0 1020.2779 77.80942 7 0.55276656 196.42813 375.82333 748.8981 742.1874 7 0.050092027 823.723 0.0 1020.6389 76.20038 ,test/4027.jpg
0 0.9880653 802.51843 0.0 1021.81104 281.95963 0 0.27814236 560.0536 402.63965 660.4403 432.1454 0 0.16628802 250.34576 963.6465 348.13177 1024.0 0 0.09066343 839.2569 2.8034859 1024.0 110.29025 0 0.08548205 845.27936 0.0 1024.0 50.57699 1 0.8897769 251.56728 963.66565 348.44644 1024.0 1 0.6802532 560.47437 402.53568 660.34863 432.19315 1 0.09799509 757.8743 97.3262 813.3824 154.54854 5 0.99913424 564.5026 82.11693 811.71 240.93593 5 0.99900776 845.56055 471.62582 916.94385 692.9354 5 0.30115342 907.4069 418.86633 1024.0 796.5194 7 0.99899143 182.02306 522.1158 545.97845 997.9128 7 0.17749159 182.4584 573.79645 248.40768 647.81635 9 0.055517778 804.8372 0.0 1021.9196 281.97205 ,test/4028.jpg
0 0.66447693 439.63266 26.360046 1004.4866 334.33725 0 0.2560852 279.6537 59.101715 908.2157 945.03235 0 0.13635394 744.0486 836.1293 1024.0 905.45044 0 0.10881907 511.87225 76.92268 999.20526 540.09326 0 0.080551066 553.9397 101.39598 975.87415 301.00873 0 0.06828222 446.47748 1.692627 508.27533 276.57 0 0.06360905 562.9226 87.209564 1012.24023 907.21155 3 0.55274236 452.66174 27.045212 502.17102 274.98438 5 0.6982085 744.844 842.5775 1024.0 905.9673 5 0.23745586 449.66223 1.2679901 505.29102 280.41492 5 0.1027371 447.015 12.316544 1008.87805 341.19135 9 0.9580442 285.05368 98.65933 937.433 945.1787 9 0.14223996 562.9115 74.006744 1007.4702 874.8815 9 0.07026719 439.63074 30.580322 1001.994 337.31314 ,test/4029.jpg
0 0.11133809 427.32193 105.88162 930.54956 577.9418 0 0.05682279 150.29257 0.0 435.23856 375.75818 1 0.87523293 739.61835 0.13848877 1019.0347 259.14038 1 0.4672677 154.11514 3.2963867 488.0471 180.4453 1 0.25967804 95.08795 1.1563568 1015.94916 231.53932 1 0.21641095 568.8514 0.0 846.93353 258.1071 1 0.17277265 427.32193 105.88162 930.54956 577.9418 1 0.16197391 463.84836 0.0 1016.8761 342.7856 1 0.077515006 243.19308 37.60167 949.475 459.28394 2 0.14067458 433.5217 86.15355 911.1715 508.24896 3 0.9904146 399.68628 325.72607 805.9614 782.7229 3 0.8784466 410.9894 89.43509 930.64343 770.5665 3 0.26844504 516.7445 201.12637 928.31006 512.09155 3 0.06310223 431.076 87.93794 866.2463 472.62256 4 0.096192054 420.14044 308.66956 571.2217 391.05188 5 0.9619136 143.65471 722.1438 448.482 929.7412 5 0.08576935 432.4441 107.11009 928.9324 574.83215 7 0.987207 0.0 41.229614 473.63632 748.3541 7 0.10694509 433.12766 98.19949 935.2711 585.813 ,test/4030.jpg
0 0.83761543 660.849 467.3339 755.2344 643.3511 0 0.67915267 675.91205 531.7238 753.94366 637.50116 0 0.5754728 655.39996 464.94763 743.7382 502.27362 1 0.053956874 661.8158 471.55856 754.7035 642.8775 5 0.9992042 513.211 376.8136 707.4205 682.87537 5 0.8436268 505.26337 775.8109 593.04254 852.1522 ,test/4031.jpg
1 0.08994711 470.0978 467.8368 636.1317 644.9292 2 0.99177295 468.93912 468.09756 638.64087 645.7294 ,test/4032.jpg
0 0.1996618 191.66522 210.72342 851.6363 776.93286 1 0.08023803 186.40878 211.71048 852.05725 778.29553 7 0.85550165 192.20462 210.99039 851.98315 777.7593 ,test/4033.jpg
0 0.4271434 726.5806 415.55923 823.9549 562.4485 0 0.15510981 298.10568 350.17276 778.26294 687.6133 1 0.16238898 298.8271 349.06982 773.5389 689.9335 2 0.961922 298.6128 349.13916 775.1449 689.1836 ,test/4034.jpg
0 0.33964205 330.9945 469.25174 388.85443 520.41174 1 0.109360635 354.666 652.17755 776.879 981.9865 1 0.0543639 645.0265 594.02466 912.51355 669.2073 1 0.05063743 685.1584 466.4566 1001.52216 655.00336 5 0.24714142 661.4795 628.57526 885.7888 902.62726 5 0.2040001 355.6172 646.01685 780.9872 986.53284 6 0.9990773 400.84274 232.31966 1004.56274 456.9735 6 0.9889481 145.4398 256.4792 415.57068 615.4445 6 0.96896845 64.36418 559.24243 528.31006 724.4542 6 0.9378426 87.62558 674.9172 372.15674 826.5035 6 0.9170079 693.61584 447.6996 1015.5958 620.17773 6 0.8493342 355.2329 645.25635 781.9852 985.39954 6 0.66042805 533.3706 569.77637 717.79297 649.4518 6 0.64338094 70.591705 526.601 376.91727 830.9383 6 0.6399419 390.5135 366.57416 738.7 597.07983 6 0.5544219 522.2596 580.8477 925.30145 666.4642 6 0.4419656 213.05786 248.2884 991.7156 639.43854 6 0.40204996 405.73322 395.93573 999.12933 581.82153 6 0.27653465 70.063065 437.55902 487.91504 756.8337 6 0.19443429 664.65765 644.26044 882.0313 893.56866 6 0.19367918 153.71664 569.9391 527.5138 655.26294 6 0.18455581 68.06311 467.31073 179.43498 731.17487 6 0.1584662 355.76935 646.0073 730.9682 822.58276 6 0.15184462 654.01746 311.9391 1009.7991 764.3866 6 0.13907272 80.33247 665.4857 379.7489 747.7936 6 0.13462338 675.2115 434.35654 1024.0 983.2296 6 0.13377051 4.0015564 557.5022 503.39627 970.9625 6 0.1328746 75.303116 454.57004 195.75728 562.78864 6 0.12500817 499.92322 599.1528 593.9424 649.0806 6 0.10017614 532.50323 581.406 590.02545 642.8406 6 0.09606463 496.73862 622.3547 589.6831 652.9255 6 0.08442685 650.21564 566.5489 992.32733 859.1242 6 0.08435001 28.505219 30.375122 391.31592 660.561 6 0.083234444 0.1574173 480.27548 213.1836 1024.0 6 0.07102507 57.46846 616.6094 363.65558 738.3257 6 0.06768487 375.07144 436.10715 1022.7766 772.0392 6 0.06721113 33.031403 492.47766 766.91235 812.82666 6 0.06368177 66.48152 599.96106 185.89316 737.43933 6 0.057293423 428.8759 558.61304 512.5909 573.8895 6 0.056094263 163.53804 555.159 465.3391 613.17365 6 0.055489752 355.26697 642.6142 576.855 797.2386 6 0.052802265 654.5615 536.4899 968.04675 667.38043 6 0.051311243 523.29395 623.9973 588.077 645.01733 7 0.9767501 0.48551178 564.9102 210.88281 1020.05914 7 0.9513495 821.5001 441.32245 1023.68835 1024.0 7 0.5479979 656.2876 631.62866 893.46204 900.8567 7 0.15503433 632.5243 412.66296 1022.89026 1003.6671 ,test/4035.jpg
0 0.9043627 60.860737 570.44305 126.27782 785.7563 0 0.49836084 74.89157 489.03036 186.06543 764.048 0 0.0547277 69.13039 473.30518 359.67255 888.6798 3 0.9992055 367.48035 404.07635 828.8324 665.21014 5 0.4963623 61.33951 568.7821 125.1707 790.28284 ,test/4036.jpg
0 0.10878601 848.1975 401.44702 908.1188 475.3871 0 0.090945415 393.1738 142.31985 467.8575 211.40683 0 0.08759311 883.6099 355.5655 995.1303 466.75885 1 0.72912157 457.66357 105.58951 542.4311 211.85721 1 0.12819624 392.74014 143.1206 468.24966 209.17642 7 0.99975556 614.1014 262.9035 845.94147 685.6113 7 0.9994247 272.49695 124.55353 663.66113 906.4915 7 0.6034373 427.1739 171.88258 505.7254 364.86194 7 0.3421636 380.2384 147.68869 492.7713 371.0461 7 0.248678 497.27267 160.44717 601.0184 214.00116 7 0.22723979 466.13293 105.173645 541.85443 214.60834 7 0.18918882 274.14172 134.47665 493.91357 803.07837 7 0.14187625 306.0467 159.0871 477.8109 377.36224 7 0.1175846 392.83493 142.41856 468.82895 209.59239 7 0.09088082 509.73633 163.92513 562.9606 209.72685 7 0.056445323 478.6985 161.59154 548.13293 212.16078 ,test/4037.jpg
4 0.99982136 459.38232 300.46863 664.6488 657.4198 ,test/4038.jpg
0 0.4235212 13.960953 0.2736473 426.35748 113.95221 0 0.06005084 13.4457855 2.9012222 403.2921 216.27573 5 0.08105736 0.0 0.3680725 996.3088 765.3872 7 0.992238 0.0 16.401917 999.9271 771.21075 7 0.8813535 0.0 0.0 423.98987 113.24611 7 0.12844466 189.68744 0.0 401.89612 70.511444 7 0.05715245 531.6925 227.38272 863.57227 564.35693 ,test/4039.jpg
0 0.65012324 629.76184 600.78 749.9949 666.3594 0 0.38385403 947.04755 785.28723 1022.22723 1023.87305 0 0.20292844 711.3622 554.2937 759.08105 580.2162 0 0.15930699 628.5224 660.90894 789.50323 847.13477 0 0.12484873 897.67725 740.79614 1024.0 1021.07874 0 0.12453593 249.724 681.7816 737.11523 904.0416 0 0.1113913 914.099 686.43866 1023.02356 742.92975 0 0.11076828 331.49915 303.6831 776.41516 608.9271 0 0.09785119 838.21936 659.0238 1021.6139 798.08606 0 0.09565332 786.25854 936.8583 970.0438 1021.97 0 0.08925713 922.8185 609.4121 1023.66064 749.52234 0 0.08884222 180.62477 357.77365 679.83453 582.0303 0 0.08763988 347.57947 420.99536 737.71436 659.8921 0 0.08548842 219.76279 394.6509 767.88196 752.79333 0 0.08508205 886.36664 762.9378 1021.7442 901.63446 0 0.082654245 111.8573 569.16705 611.84644 755.01715 0 0.07881377 870.93616 688.9526 1023.52844 770.9102 0 0.07679194 652.345 643.2744 827.053 941.91833 0 0.07036797 793.8039 730.0216 1017.0916 1021.3208 0 0.06901392 860.59705 739.1752 1024.0 777.3795 0 0.06352661 127.934326 607.40094 741.56757 832.99567 0 0.06276665 325.57767 261.7383 604.6603 311.19968 0 0.060630344 642.4077 530.5635 1018.0044 1024.0 1 0.954862 173.46927 3.804718 726.36365 308.574 1 0.9038088 63.675842 198.5242 794.3426 800.6188 1 0.83131075 924.9095 576.0373 1024.0 745.73566 1 0.7107969 97.6564 556.604 876.07056 976.42065 1 0.51204413 108.96973 557.3823 594.57104 746.86194 1 0.46665317 138.31393 438.1557 773.818 844.3891 1 0.4142328 214.53726 650.1491 793.8445 852.78595 1 0.37581602 788.00867 936.2949 970.93286 1022.1295 1 0.37438124 331.6884 427.31433 640.01575 730.3374 1 0.34841567 320.51672 280.7002 813.75085 608.2355 1 0.33664325 614.31415 539.0136 1010.0279 1024.0 1 0.28814405 192.47069 292.93494 630.5908 752.4563 1 0.26854834 883.9896 531.9467 1024.0 777.5645 1 0.23346098 597.9734 615.3099 786.91284 890.8068 1 0.1867795 712.3604 554.38104 759.0534 579.8753 1 0.16566323 301.38608 196.18634 615.4404 284.65756 1 0.15307409 110.34827 128.25732 651.5985 361.5254 1 0.14416912 619.32465 812.03107 1001.1507 1023.5097 1 0.13996968 772.8862 520.7455 1023.4772 811.1266 1 0.13956961 637.8159 687.2649 872.06287 1022.9729 1 0.11936076 761.59216 679.59534 1022.9553 1022.7295 1 0.1124213 488.30826 170.96576 1000.8313 641.8396 1 0.10979069 317.94077 394.75574 1007.8793 839.1697 1 0.10561769 836.07336 648.4718 1021.92664 790.6776 1 0.101210155 637.09735 876.3479 837.4178 1022.879 1 0.10055456 357.89337 436.01636 763.54913 635.2261 1 0.097254924 552.6394 552.9652 637.6636 595.9181 1 0.09073924 637.48035 666.0255 775.12305 845.9691 1 0.0784406 942.8886 553.8163 1023.6541 673.38794 1 0.0760612 604.8453 263.23895 992.6474 538.4173 1 0.07299752 312.74622 174.78683 677.58014 327.97162 1 0.06919967 143.33209 43.924835 800.8666 587.09314 1 0.06413155 323.75818 261.4439 626.15546 317.09003 1 0.0631889 925.76654 681.6885 1022.4963 744.7418 1 0.06022585 180.62477 357.77365 679.83453 582.0303 1 0.06018315 294.51913 691.2455 734.541 913.34656 2 0.5762208 662.7758 674.1107 781.6607 766.0072 2 0.17197345 660.93146 708.15466 745.54755 766.47375 2 0.07605125 633.64954 655.8433 791.1023 843.18866 2 0.06660113 787.1394 936.7507 970.36475 1022.03986 3 0.2567452 958.2513 793.4452 1021.2966 1024.0 3 0.13294746 255.6797 3.5311337 337.83725 63.63851 3 0.0674651 930.02747 865.0652 963.8811 974.96094 5 0.22175153 639.6403 660.1729 789.5578 844.51776 5 0.1751109 787.1394 936.7507 970.36475 1022.03986 5 0.17124483 809.73035 779.2401 949.0222 933.50183 5 0.13560006 866.1919 731.44 1023.66516 798.2917 5 0.116795816 863.82025 786.1538 935.39056 878.1737 5 0.10747764 662.7758 674.1107 781.6607 766.0072 5 0.099329464 255.43936 3.8562508 337.62686 63.851727 5 0.06607616 960.6618 830.62854 1024.0 1024.0 6 0.48500693 787.7459 936.47974 969.267 1021.9989 6 0.12477472 563.26807 267.14978 1000.08386 618.6273 6 0.10855189 721.4995 446.47827 987.3264 623.36365 7 0.6556795 376.00226 424.2315 648.3493 587.3887 7 0.58113796 801.5039 732.225 1016.02344 979.48035 7 0.49447045 809.8088 779.8535 949.13434 933.4813 7 0.36416993 763.54926 497.37042 1020.61444 1024.0 7 0.2783142 630.05334 601.32825 748.3026 665.8042 7 0.27687758 654.96136 645.37335 806.6269 912.67584 7 0.26979902 301.38608 196.18634 615.4404 284.65756 7 0.23550653 542.0149 540.6582 638.44446 595.91565 7 0.2276273 512.88074 466.6239 652.1588 587.7721 7 0.22591987 652.72046 647.89185 1023.54724 928.7954 7 0.20537181 357.89337 436.01636 763.54913 635.2261 7 0.18413869 331.6884 427.31433 640.01575 730.3374 7 0.15420368 890.52264 693.33997 1020.2901 741.569 7 0.11878689 887.9713 522.4166 1024.0 782.50354 7 0.097620025 866.1919 731.44 1023.66516 798.2917 7 0.0974968 335.98383 421.00195 534.56537 490.43768 7 0.0971731 439.98135 500.21732 646.46606 588.7836 7 0.09277669 863.82025 786.1538 935.39056 878.1737 7 0.082152545 834.0836 748.12744 1018.5747 880.822 7 0.071293175 345.83832 421.28195 556.264 551.9739 7 0.06854458 311.84006 298.0686 794.77686 612.87933 9 0.11121369 960.6618 830.62854 1024.0 1024.0 9 0.071224265 919.5612 765.09595 1024.0 1023.3539 ,test/4040.jpg
0 0.29027274 210.92961 953.45233 223.77211 1024.0 0 0.15190141 359.7943 658.83545 415.31238 776.6206 0 0.08631756 291.24936 760.9426 404.26047 804.3251 0 0.067654856 350.71368 708.89307 420.33868 771.7716 1 0.99409556 255.99377 459.78955 813.64185 936.4636 1 0.4804818 126.65343 608.64325 414.37384 988.3226 1 0.2068004 273.55087 602.91406 375.20236 738.1598 1 0.08091058 362.01166 658.4622 418.80206 777.75836 1 0.079386875 278.10907 663.9826 365.88348 733.2696 1 0.06501769 293.4724 773.8885 430.30798 920.9255 1 0.05213702 694.5197 462.08557 878.4594 680.76746 3 0.056824293 359.7943 658.83545 415.31238 776.6206 5 0.294142 456.2411 0.0 781.0366 515.47595 5 0.18766186 487.89944 263.62524 771.47095 507.57776 5 0.12562071 42.691406 18.588425 338.60632 452.54004 5 0.09191163 361.5903 658.2573 415.8245 777.3434 5 0.06467159 494.00003 311.73026 761.1487 388.72702 7 0.99814177 0.0 878.321 138.91544 1023.33575 ,test/4041.jpg
0 0.352196 335.13303 164.68459 565.04877 661.2539 0 0.23715785 416.9527 223.89157 602.2997 666.3696 0 0.20725702 525.5106 215.72879 595.869 611.51965 0 0.19637768 543.58777 608.4166 751.125 869.8861 0 0.19456269 272.8437 281.16815 735.21106 924.83575 0 0.13902584 538.63196 211.00655 655.1034 608.63055 0 0.11705796 230.33887 218.32242 640.67065 699.5023 0 0.114759095 557.9745 193.75034 861.255 823.40283 0 0.10999327 247.96744 284.04175 430.0718 349.43707 0 0.08727016 299.44113 612.72687 749.70056 1024.0 0 0.07331956 477.60272 272.03766 554.2598 630.21967 0 0.06616809 167.8552 484.66376 623.9923 1024.0 0 0.059550803 10.035767 218.97495 620.9356 1010.2284 0 0.057301745 384.27014 603.9953 559.4818 1024.0 1 0.10491867 12.496368 402.27075 579.02844 1011.17993 3 0.13514072 251.47507 286.51654 423.17435 362.28046 3 0.08811009 7.5295105 427.87482 637.93677 1024.0 3 0.06156289 255.58182 283.8591 427.8135 430.31766 3 0.050949752 507.0347 609.46906 756.8059 867.00507 4 0.1593538 536.5683 609.0577 753.36835 869.74384 4 0.12505312 632.08704 486.09778 858.87354 832.49927 4 0.07987197 296.9629 194.30879 615.0092 675.46454 4 0.06453802 559.1377 182.25702 879.9238 821.825 4 0.06307702 538.63196 211.00655 655.1034 608.63055 5 0.75373334 631.55896 486.72058 858.6637 827.3794 5 0.5897685 525.0599 611.772 757.0087 868.8944 5 0.43939298 560.1854 197.17383 872.67883 815.75977 5 0.385826 278.0965 213.47997 606.8801 673.4795 5 0.19853297 293.48474 899.85126 487.4433 1022.3271 5 0.18600632 299.44113 612.72687 749.70056 1024.0 5 0.17360055 5.895935 432.84012 561.7658 1024.0 5 0.1539308 502.95352 214.3688 594.2817 618.27844 5 0.08684735 624.4557 544.1623 757.09814 872.2753 5 0.08583551 422.3276 591.4491 805.2888 907.6909 5 0.07060732 384.27014 603.9953 559.4818 1024.0 5 0.05218376 478.6363 269.16003 554.5285 629.42957 5 0.052108448 39.818115 250.71979 809.1514 914.3525 7 0.38747546 0.05965042 881.6212 16.256443 1020.6725 7 0.16539985 1.1857977 783.9249 31.373394 1024.0 7 0.16244961 358.45746 174.95651 566.7529 667.0 7 0.09073494 0.39491844 900.57245 35.54621 1020.4388 ,test/4042.jpg
0 0.24153739 273.5651 0.0 481.46085 953.282 0 0.18594435 428.13687 213.69623 526.83124 254.05359 0 0.07368404 1.23909 94.86379 134.23235 229.21149 1 0.13969442 273.5651 0.0 481.46085 953.282 7 0.8309545 269.8771 8.663361 482.3942 948.4241 7 0.08779343 427.73575 213.46355 526.6422 254.51814 ,test/4043.jpg
0 0.6233567 338.0767 645.4923 376.20663 691.31335 0 0.6090436 920.7699 741.82324 983.9258 809.24316 0 0.4136642 358.5972 324.32166 443.85226 393.42773 1 0.8821898 39.54694 538.3604 108.69771 586.5838 1 0.76618993 357.99692 324.84875 444.07352 393.19666 1 0.59595567 920.4663 741.9459 983.9208 808.9442 1 0.5610468 338.1914 645.4308 376.0642 691.5287 1 0.057358086 41.72647 564.9778 66.8035 588.6439 5 0.05431469 358.5972 324.32166 443.85226 393.42773 ,test/4044.jpg
0 0.89404947 18.201355 214.84189 401.50717 881.1614 0 0.16307838 3.4634323 180.60297 95.199875 925.78876 0 0.103092246 417.12302 125.939606 736.4214 486.66544 0 0.090215944 0.3641777 190.98077 107.34833 500.45044 0 0.08612181 324.91443 108.11755 868.5676 856.2666 0 0.082541674 383.86194 253.36115 441.95605 500.93903 1 0.99230194 324.95148 104.52368 873.01666 856.38214 1 0.36746946 810.9877 369.97977 898.1741 631.5819 1 0.16298875 433.46133 108.53978 766.084 497.7331 1 0.13255239 0.38539886 368.29 76.94029 922.70544 2 0.066746816 325.06253 105.095215 874.60547 856.1404 5 0.11868076 0.13768387 390.20953 76.53996 920.1247 7 0.42141798 18.280243 213.91742 400.80353 882.19037 7 0.05210982 0.43743896 365.6753 77.51347 924.327 9 0.22012377 4.8404274 181.11642 102.41002 932.78906 ,test/4045.jpg
1 0.084977716 540.42725 326.32422 664.3248 353.78564 3 0.05089819 679.059 108.70919 919.5572 359.52036 5 0.8956524 126.44111 387.57205 365.234 602.40704 5 0.6891249 458.59845 138.77554 550.88763 233.12988 5 0.36223114 678.90155 108.57251 919.6733 359.59238 5 0.16501868 241.65163 387.17603 322.3593 401.81543 5 0.13150157 493.53427 354.97775 613.7709 402.76938 5 0.111773305 237.2105 384.68015 346.72018 409.14548 5 0.089745946 541.3917 325.26154 664.31274 356.07544 5 0.087879986 708.9702 119.68684 917.23816 160.90213 5 0.07199422 701.2921 101.88402 920.1233 135.64766 5 0.055131897 692.07837 115.01409 919.50073 198.7172 7 0.9998771 284.63672 363.25366 790.72754 729.8331 7 0.87857836 790.1783 349.69727 839.1015 421.55957 7 0.78304577 519.16766 330.70093 826.6064 519.9517 7 0.5436992 662.25555 320.52344 814.33234 536.02954 7 0.5309975 494.46613 356.6928 613.6374 402.7365 7 0.20103745 717.6538 351.70236 822.24695 522.37036 7 0.13723862 494.59854 330.91565 675.76404 405.23322 7 0.13241604 543.5258 326.42923 666.1983 356.44028 7 0.113668986 768.6774 346.62973 834.1363 527.34985 7 0.087563984 786.4902 348.39996 829.4958 483.65045 ,test/4046.jpg
0 0.69713473 304.14423 21.091278 480.52667 302.20197 0 0.5578055 82.515396 551.99084 337.9519 832.9833 0 0.41179508 852.43524 283.06866 990.12823 367.0622 0 0.411306 846.62244 221.19699 1018.3076 555.06494 0 0.16163197 886.22894 279.95966 985.74066 549.83734 0 0.14830935 335.65097 32.158882 415.08853 127.876686 0 0.14391881 979.38684 242.93384 1020.827 574.21075 0 0.12461317 992.8069 267.2792 1022.0681 329.73337 0 0.12246982 302.2159 5.4862366 811.81494 296.4637 0 0.09752113 975.25024 150.04251 1024.0 291.70215 0 0.07420433 971.34875 226.39146 1023.04407 289.02954 0 0.05312875 329.32147 37.825096 434.40613 235.98755 1 0.5673055 82.791115 551.6036 337.24927 832.5008 1 0.14420035 304.237 107.217896 476.73053 300.19482 1 0.11785031 847.818 224.12688 1019.91345 553.8122 1 0.09324623 302.2159 5.4862366 811.81494 296.4637 2 0.9457992 847.01575 226.58218 971.8091 361.3596 2 0.22030325 304.237 107.217896 476.73053 300.19482 2 0.15731032 852.4859 223.20651 967.04425 300.08926 2 0.14982687 82.791115 551.6036 337.24927 832.5008 2 0.059358157 853.2049 282.66772 992.3486 367.50995 3 0.30747083 221.0264 55.478973 301.78262 290.2426 3 0.21197076 847.1924 223.37503 1018.10693 553.30444 3 0.12546243 971.34875 226.39146 1023.04407 289.02954 3 0.062656365 334.4453 32.60771 423.10406 128.65729 3 0.057450976 387.24402 524.7393 918.92017 761.74176 4 0.39164793 321.66415 513.5173 937.13196 760.64874 4 0.0673573 971.34875 226.39146 1023.04407 289.02954 5 0.8887585 322.83563 514.46594 933.414 761.80945 5 0.47590187 977.87134 147.09541 1024.0 317.63574 5 0.35856864 305.4932 61.59349 475.4304 300.04456 5 0.21648723 979.38684 242.93384 1020.827 574.21075 5 0.17214485 847.1924 223.37503 1018.10693 553.30444 5 0.12532088 328.65845 514.1693 566.156 731.97595 5 0.07745799 335.65097 32.158882 415.08853 127.876686 5 0.06799791 971.7531 212.40503 1023.25616 286.0402 5 0.054307126 851.24005 282.17938 990.30206 367.79767 6 0.8367595 310.3006 3.200058 802.28156 295.14496 6 0.10858808 736.26373 72.3394 842.6634 204.7949 7 0.20217761 82.515396 551.99084 337.9519 832.9833 7 0.18205662 977.87134 147.09541 1024.0 317.63574 9 0.09619515 864.52277 240.66556 1024.0 558.91516 ,test/4047.jpg
0 0.05256902 83.31912 134.01456 922.7511 864.8085 3 0.33498162 674.07245 340.44254 718.4843 387.65848 9 0.98909676 85.21573 142.90369 925.3567 863.5377 9 0.06480626 345.78345 376.4873 836.5919 626.1809 ,test/4048.jpg
0 0.7056072 817.98193 812.75366 891.7855 856.4686 0 0.5797955 728.3759 941.9297 1022.73773 1022.2025 0 0.5276557 743.09894 751.3445 848.76654 841.3981 0 0.5151159 446.12384 982.08984 536.22955 1023.1847 0 0.43327153 441.68347 953.6796 492.86383 1021.6379 0 0.3895899 584.0077 858.53204 647.4768 941.5705 0 0.25464997 186.8199 837.67084 393.40332 900.7723 0 0.23498498 806.9769 846.86115 862.876 871.0267 0 0.22230324 854.9497 761.02484 934.103 832.18085 0 0.2091944 809.4608 811.4573 913.9314 878.14844 0 0.2025838 804.6143 842.36743 894.6407 881.0957 0 0.1328367 913.81476 647.2925 969.86334 762.4335 0 0.10881199 834.1331 732.28296 933.9941 847.65027 0 0.10618758 443.3768 954.0667 461.03226 1021.94196 0 0.08414963 835.03064 774.30237 876.66223 805.2612 0 0.082010426 719.0151 677.18304 770.5966 852.77216 0 0.06673741 830.56934 643.36127 965.0519 787.43207 0 0.066443495 705.9305 329.4931 1022.6507 549.5479 0 0.06385318 397.43286 819.5187 448.2522 1021.43713 0 0.06267344 866.1787 780.7495 927.5325 817.8507 0 0.06240172 737.0353 665.30664 847.8755 826.042 0 0.060042795 835.2219 700.595 922.3728 802.71606 1 0.9574315 705.3678 330.25073 1022.77454 545.76526 1 0.9263582 623.7131 533.6251 1024.0 1024.0 1 0.9238788 93.405365 733.0928 433.67496 1022.1926 1 0.6805688 832.1418 706.93445 924.64215 781.6454 1 0.55064857 919.14844 537.7831 1024.0 925.7589 1 0.40044397 728.2815 317.98297 997.7666 909.6186 1 0.3957153 379.81158 810.0504 678.29254 1020.79504 1 0.38019958 715.7956 659.12964 775.5527 855.9984 1 0.36613205 707.29016 669.8987 924.7506 887.75964 1 0.36599043 908.81085 647.93195 951.98663 760.8962 1 0.36376563 583.93195 857.9647 647.7979 941.7953 1 0.2652309 737.6644 558.4944 761.1874 618.94324 1 0.25895557 820.74146 811.9842 911.079 866.5267 1 0.25183943 636.77295 806.44385 1019.2246 1022.99695 1 0.21363592 115.58829 742.7433 1024.0 1021.39795 1 0.21254839 832.64514 641.961 956.56604 785.1176 1 0.20068434 841.379 743.2869 936.6909 845.9421 1 0.1701243 740.8923 750.4565 848.5356 844.7314 1 0.16920628 809.63806 833.41675 912.0748 879.3218 1 0.15402848 318.21472 356.4509 995.83093 974.1798 1 0.14064348 717.30365 680.3981 843.5385 853.7821 1 0.12883742 192.33563 830.74786 388.47467 897.1237 1 0.12351291 885.0681 644.1305 971.41345 774.5636 1 0.12059033 637.96454 437.10144 761.37665 574.8949 1 0.11337504 837.93335 729.8468 915.8533 798.583 1 0.110800266 843.42883 731.76776 889.51184 781.0153 1 0.10987236 650.8728 653.12164 769.6095 850.78864 1 0.10879178 757.1136 690.4157 838.4926 769.01544 1 0.10727755 750.51404 424.236 846.9968 551.7811 1 0.1049475 701.769 780.3485 753.01117 853.8048 1 0.10385548 856.80133 768.18414 931.8753 829.71014 1 0.09706003 807.47034 847.20306 865.40125 870.44965 1 0.09426853 751.9912 673.79034 908.9934 776.0693 1 0.092848 746.5209 556.0197 766.53577 612.3388 1 0.090692766 706.66656 940.0975 1022.4881 1022.59 1 0.082295254 654.27924 424.3249 775.7675 887.9195 1 0.07109774 690.07794 759.1242 738.2109 852.741 1 0.06801154 875.74347 728.0992 906.7216 773.47833 1 0.06376962 863.8133 835.8644 911.8234 876.1749 1 0.059355073 375.41016 788.5205 442.41138 1021.7776 1 0.059318937 723.396 554.45624 764.6195 712.0649 1 0.05907363 632.7728 732.0907 731.5437 853.922 1 0.058607824 749.46954 524.141 779.273 557.4342 1 0.057224438 708.3158 556.1397 768.1361 813.5201 1 0.054825515 798.08264 846.6822 891.56177 877.3498 1 0.053453892 720.8663 776.0194 746.9534 848.35815 2 0.11233857 807.47034 847.20306 865.40125 870.44965 2 0.081986025 835.2219 700.595 922.3728 802.71606 2 0.07669459 762.1407 692.6305 840.2906 769.23804 2 0.06547739 855.22626 764.6544 931.0269 835.8285 2 0.057716653 821.09033 812.3612 890.73376 857.6664 3 0.1724769 551.48175 442.8816 635.12823 604.531 5 0.9939844 749.3576 477.06012 970.79755 751.61884 5 0.96059203 361.89142 143.13838 642.0889 596.30176 5 0.87173957 644.45874 438.1731 754.26184 569.8062 5 0.85595316 551.2551 440.81772 643.52954 605.31104 5 0.7504656 601.88367 475.98004 663.02795 603.3752 5 0.38429642 337.0775 412.06253 770.40625 910.9917 5 0.29789403 10.008209 414.99826 380.5081 814.1177 5 0.2777704 447.50525 982.2166 536.101 1023.2878 5 0.22041763 751.4072 553.84674 887.1494 761.51483 5 0.17301638 807.12335 844.4991 896.0164 882.3527 5 0.15010384 549.11127 437.85828 766.76056 601.06885 5 0.14608514 338.9015 286.4892 997.906 958.58466 5 0.12984091 702.6074 402.58798 1019.36694 976.1105 5 0.10937397 830.56934 643.36127 965.0519 787.43207 5 0.08914676 629.44037 471.1779 663.01215 587.2334 5 0.083005875 284.34958 363.08905 413.52884 813.4644 5 0.078655206 807.47034 847.20306 865.40125 870.44965 5 0.07595166 913.81476 647.2925 969.86334 762.4335 5 0.071957774 832.4292 854.7532 891.6643 878.42834 5 0.06502457 741.65247 942.1461 1021.86707 1021.9745 7 0.9958501 545.135 956.6291 669.39795 1024.0 7 0.25701827 728.70764 941.71375 1022.59033 1022.27466 7 0.12203745 801.1875 845.6193 893.7439 881.8675 7 0.07179258 702.6074 402.58798 1019.36694 976.1105 7 0.070973754 807.4791 846.14496 862.5493 871.6745 7 0.061226543 916.2124 533.94806 1024.0 926.3663 ,test/4049.jpg
3 0.26230136 329.6456 417.61786 581.56067 616.4599 4 0.08659902 329.67307 417.5056 581.8645 617.0779 5 0.99915314 324.99005 113.292496 548.8482 443.62152 5 0.96795624 332.32 417.4079 576.96747 613.4267 ,test/4050.jpg
0 0.93250155 163.00354 598.12836 710.71234 763.7941 0 0.9308495 233.71173 161.22104 767.4685 362.8868 0 0.93072605 157.70493 141.55603 770.4612 781.1588 0 0.3093974 623.4938 884.8054 990.22424 1022.57837 0 0.12516026 174.09927 208.23415 224.73767 578.73016 0 0.09515954 668.5888 299.93045 775.28485 745.6947 0 0.059834495 133.94208 565.07513 672.00226 892.64667 0 0.052621506 573.1915 295.89725 783.3148 766.3458 3 0.09633783 156.86337 143.6348 774.5183 777.4592 5 0.3620062 623.90845 883.75024 988.1355 1022.5017 7 0.4968735 619.9448 884.3651 995.0082 1024.0 ,test/4051.jpg
0 0.98915815 634.9621 671.70514 719.763 807.409 0 0.17987587 266.07104 563.9186 301.64362 646.25635 0 0.09566609 26.256771 845.40735 72.368256 914.30225 0 0.08969369 567.542 827.1169 616.1798 914.7531 0 0.08143103 642.65015 806.09454 854.07227 1024.0 0 0.06666755 557.9175 399.39563 1009.5416 1000.35425 0 0.058248278 634.19324 846.9075 713.01526 919.4011 2 0.9998828 284.39246 434.71973 595.7809 954.50354 5 0.052198697 536.3124 362.72675 996.53955 1020.9328 6 0.07763723 557.9175 399.39563 1009.5416 1000.35425 6 0.05375258 567.63995 826.96826 616.1866 914.34985 7 0.9568741 642.59076 802.04315 915.2205 1024.0 7 0.11994145 265.90982 563.5152 301.27914 646.2753 ,test/4052.jpg
7 0.99989855 421.7356 274.50006 781.29346 731.2971 7 0.23118229 480.71573 280.34222 586.071 342.636 7 0.1919628 788.328 52.883842 845.18677 169.09482 7 0.10597876 778.5282 21.102303 850.47266 226.43628 ,test/4053.jpg
0 0.63441783 504.94287 7.6484985 1019.8906 621.23334 1 0.06822554 505.45795 7.6460876 1020.90106 621.2449 5 0.10688457 504.88745 9.266785 1018.9313 622.9672 5 0.07688193 240.36652 34.811554 460.61285 351.4786 5 0.05673179 438.3984 192.97795 479.05783 260.037 6 0.99740535 118.81705 416.1338 763.64514 860.194 7 0.08109227 784.87396 584.6875 841.08746 665.084 ,test/4054.jpg
0 0.0906781 196.11957 573.61224 337.72888 658.88214 1 0.19954082 167.19159 461.13235 249.8992 593.11804 1 0.1744187 160.5925 458.99487 339.87216 598.9634 1 0.0869459 172.91238 477.9275 245.28152 539.7873 2 0.61302197 175.88249 476.07806 245.57146 539.3789 2 0.426011 168.62393 473.0659 248.55853 590.20874 2 0.08702851 164.84952 441.77853 222.29156 531.4518 2 0.059267107 179.20616 477.8347 240.89732 511.94333 5 0.98358905 500.2075 594.0574 608.25146 663.4204 5 0.9460292 560.73474 591.5335 616.656 670.0184 5 0.9237628 235.9805 435.37082 408.65854 527.37335 5 0.65934354 164.05746 439.78983 226.16718 514.0785 5 0.5763377 169.52177 464.55365 215.60909 510.0971 5 0.4207862 159.2918 455.45728 341.08472 598.65344 5 0.32771182 164.75858 441.51465 249.24661 582.2921 5 0.17320581 170.46736 463.96457 243.36845 537.7218 5 0.15572715 230.61145 458.65442 264.35867 491.8167 5 0.11682083 165.82462 443.28104 346.5529 528.1959 5 0.11484658 241.13403 334.1443 410.56354 541.9778 5 0.081345424 198.73695 444.96902 232.03471 478.9443 5 0.06971457 550.85724 592.14325 600.5694 607.87225 5 0.06774233 175.69981 439.4133 227.96864 482.43344 5 0.0663188 227.54337 453.65735 289.9747 493.36835 5 0.058917098 159.45116 448.89572 210.88707 500.3491 7 0.9996871 571.93835 409.17758 934.5737 816.36255 7 0.9994147 311.4197 488.74512 555.1693 709.45557 7 0.9743317 245.22653 338.9488 412.27036 478.4381 7 0.80968934 191.19504 568.3708 337.8281 658.4694 7 0.50498176 161.42699 463.1211 343.02313 598.4535 7 0.1194956 160.95148 436.11536 411.7541 647.4575 7 0.0992842 505.4741 597.5374 579.27893 663.09906 ,test/4055.jpg
0 0.1820625 295.6908 324.4096 946.5248 823.38727 0 0.15093097 422.60333 334.9475 716.8238 406.37433 0 0.063250646 415.4483 337.3585 702.1462 498.0215 1 0.16068576 272.3347 323.74097 947.55444 822.5585 2 0.052829158 272.3347 323.74097 947.55444 822.5585 5 0.99982977 186.40005 334.9231 411.39603 576.07855 5 0.17066476 93.06879 321.6585 954.3233 828.4924 7 0.806895 76.95868 319.6553 958.5251 829.84326 7 0.196957 47.60443 484.57513 687.8185 834.76605 7 0.13846822 914.6857 429.9982 997.89215 483.6451 7 0.097647905 183.24863 338.0183 932.31726 584.6708 ,test/4056.jpg
5 0.99974793 305.40082 393.14325 703.9865 604.10236 ,test/4057.jpg
0 0.99989223 309.3111 241.86389 702.6505 756.9217 0 0.62943465 955.789 0.8601341 1019.7054 57.46487 0 0.06977785 836.4475 0.32699203 1020.327 67.46643 1 0.63726914 837.5696 0.0 1019.5304 69.27115 1 0.077838905 955.8841 1.1260567 1019.61383 57.481243 7 0.6443756 955.76965 0.43785477 1019.73206 57.325016 ,test/4058.jpg
5 0.9993316 714.8243 325.97427 935.9327 458.34885 5 0.16720507 42.303253 370.0961 725.59045 889.60767 5 0.096976236 14.843323 447.8896 408.153 892.9145 ,test/4059.jpg
4 0.96714234 409.5653 337.09543 596.18384 863.20776 5 0.22652 409.82385 335.23508 594.2993 863.92285 ,test/4060.jpg
0 0.8307361 586.13245 428.87894 735.05396 544.2041 0 0.57281166 764.6927 599.6891 846.8433 911.042 0 0.41928998 426.39948 145.54521 630.9151 624.4728 0 0.3266524 449.02805 479.84998 625.1042 567.25684 0 0.32619333 331.38745 311.76453 736.0349 556.28186 0 0.29068798 449.94873 357.66272 556.7647 565.3734 0 0.2788767 110.0441 95.829704 643.4916 236.2078 0 0.21516025 650.136 613.86365 833.4856 934.94946 0 0.20824856 8.557678 60.45923 830.29407 960.0696 0 0.20483299 164.55412 91.07303 648.33716 655.0083 0 0.18043591 601.9978 19.752045 1022.03076 867.80566 0 0.13651505 477.32324 333.26752 694.0901 503.90094 0 0.09538531 499.39075 153.90747 630.5231 262.25827 0 0.06306389 363.85468 321.36804 564.4617 553.5122 0 0.062815204 483.41733 336.66782 592.4521 547.74805 0 0.06050613 429.41074 434.445 734.4243 579.19604 0 0.050534885 399.3099 470.41714 652.7533 695.3488 2 0.11004153 339.5904 314.612 553.3092 553.8555 3 0.064531766 893.31323 931.4676 945.71216 1005.6762 5 0.9616454 338.78775 311.86078 553.5994 552.3851 5 0.34989884 340.98795 154.61821 636.4364 565.84485 5 0.25871018 164.55412 91.07303 648.33716 655.0083 5 0.19096817 893.8526 931.46765 945.8477 1005.87305 5 0.1420961 600.92554 19.357147 1020.7676 867.5504 5 0.09057977 407.55682 161.42953 632.91644 340.41037 5 0.08692397 443.93134 351.87668 549.57227 559.525 5 0.065428436 332.05432 315.4601 390.45154 543.51416 5 0.061487004 43.879486 65.31378 683.24695 968.8537 6 0.066544324 601.9978 19.752045 1022.03076 867.80566 7 0.56888235 401.69318 513.5038 659.606 714.49756 7 0.39711368 23.188507 434.37756 824.8147 941.09314 7 0.18542066 43.879486 65.31378 683.24695 968.8537 7 0.13850182 548.7925 149.74692 630.8142 265.8608 7 0.06388989 348.7384 140.03487 672.59625 635.9463 ,test/4061.jpg
3 0.9968771 464.21674 316.90646 759.9703 648.2831 6 0.3967053 189.30418 167.09514 602.0477 337.42358 ,test/4062.jpg
0 0.8976625 0.0 0.0 1024.0 1024.0 0 0.38294858 579.77515 169.85568 1024.0 999.47095 6 0.99981326 345.5046 527.4397 638.4436 750.3302 6 0.99792284 364.89618 309.97284 699.215 537.3771 9 0.109054126 0.0 0.0 1024.0 1024.0 ,test/4063.jpg
0 0.065389395 122.583755 241.99936 156.09712 290.5286 7 0.99979395 597.7504 411.19012 987.24774 936.262 7 0.9995265 62.29248 244.02328 315.06833 677.0503 7 0.9977319 451.08798 165.9635 826.9291 690.3186 ,test/4064.jpg
0 0.8875396 324.66022 796.3256 400.98846 875.9434 0 0.6166388 255.56729 798.95105 420.92648 874.85315 0 0.21554224 681.2567 281.8731 764.353 332.0415 0 0.16910523 369.60736 625.27734 399.80322 664.4138 0 0.1531243 758.73254 282.9899 811.8489 300.84085 0 0.1526994 390.1115 623.9897 437.76117 650.4196 0 0.12506463 163.91022 677.18304 312.11365 857.1375 0 0.071413174 301.28604 799.25726 363.23764 865.2078 0 0.06831704 491.86465 591.9388 511.2549 630.67474 0 0.06196656 468.05414 649.9934 605.9649 711.26917 0 0.059306543 505.81998 583.4993 532.29376 628.54095 0 0.059267268 46.12906 742.2291 350.84918 881.5271 1 0.95225453 311.6601 391.29596 519.92847 637.1392 1 0.8007548 368.32462 615.77454 490.51523 693.4973 1 0.6491622 464.0229 650.82886 649.70807 794.30066 1 0.60185164 47.499237 698.3569 561.0863 964.8687 1 0.4569616 460.19095 516.0248 508.61423 600.54785 1 0.41686693 385.70963 502.30853 745.00903 816.1423 1 0.2647338 467.49606 648.53613 606.62244 724.57214 1 0.24659528 375.95233 608.7663 672.14874 801.79694 1 0.23624705 156.48439 672.83563 321.72388 857.6176 1 0.23187837 413.56476 507.2367 721.43475 689.6786 1 0.21594582 321.78412 264.2652 619.68164 661.8811 1 0.20375267 408.09927 684.2695 515.4377 736.7852 1 0.20214528 758.73254 282.9899 811.8489 300.84085 1 0.18573023 364.34344 638.9883 575.8395 879.6892 1 0.15456909 309.4543 392.0954 750.4209 732.4047 1 0.15188785 381.24554 702.17053 578.1619 811.6078 1 0.1250379 370.50406 544.19385 497.48068 700.8739 1 0.115271695 546.6904 672.95905 609.4402 793.8985 1 0.114455424 458.24326 459.01804 517.00287 639.27924 1 0.111102074 588.3769 494.13828 697.5174 539.92456 1 0.09644209 52.539246 740.91376 413.39218 898.86017 1 0.0855393 492.63834 592.4124 511.03745 630.73285 1 0.07967728 369.07718 782.0726 542.45386 911.52423 1 0.07049711 680.7346 281.88345 764.3147 332.0305 1 0.068602696 275.57162 803.1506 499.78934 915.0479 1 0.06724243 648.20483 534.8023 757.61536 671.9333 1 0.066677995 277.29846 686.125 565.0412 942.9833 1 0.06635036 472.23398 650.4745 587.1894 695.754 1 0.06501675 368.67624 623.04193 439.31436 664.2652 1 0.059938494 390.1115 623.9897 437.76117 650.4196 1 0.058030106 395.89795 662.9334 517.8229 807.2371 1 0.057626355 754.412 282.07407 812.7754 314.98294 1 0.0551318 61.828148 765.07324 275.88696 877.58655 1 0.05415881 379.72595 626.652 620.39734 728.0226 3 0.29908326 507.13892 500.31937 713.3425 650.3563 3 0.24016382 255.59183 802.2843 344.43826 880.5801 3 0.15182315 158.76625 771.1508 279.1523 856.82196 3 0.14583011 503.5839 586.04974 549.9499 627.94806 3 0.11966809 505.58334 584.1186 527.7576 630.8199 3 0.10537013 492.15027 591.72705 514.34204 631.3154 3 0.10215798 162.44485 714.8583 288.9111 845.64417 4 0.083730035 255.59183 802.2843 344.43826 880.5801 4 0.07459284 385.01852 697.9334 507.19333 806.68146 4 0.06819954 404.3385 718.99255 474.78113 791.39526 5 0.7858184 153.28116 681.72626 453.59537 825.9068 5 0.47763103 303.2307 800.1922 355.27643 857.31134 5 0.43954244 166.63309 676.96405 308.64432 857.49713 5 0.38913336 411.12097 717.5099 475.67548 788.71313 5 0.35873765 254.82779 797.81104 417.8148 875.03186 5 0.35461158 46.12906 742.2291 350.84918 881.5271 5 0.2706565 255.59183 802.2843 344.43826 880.5801 5 0.23938143 373.6014 705.3196 501.62875 796.15466 5 0.23309906 410.21323 692.19574 508.73013 737.1645 5 0.21323435 158.76625 771.1508 279.1523 856.82196 5 0.09629452 373.3683 734.5975 465.45874 804.7579 5 0.09190313 379.4213 782.4065 437.57108 805.9723 5 0.08163182 491.86465 591.9388 511.2549 630.67474 5 0.08141418 381.24554 702.17053 578.1619 811.6078 5 0.081007876 305.66437 870.25244 388.49268 911.1643 5 0.080813944 419.44846 691.79767 494.8724 774.1055 5 0.06366986 275.54843 692.0758 484.3981 800.4343 5 0.061882615 381.2198 767.0578 454.44806 812.2729 6 0.07005476 381.24554 702.17053 578.1619 811.6078 7 0.9992693 601.7469 196.55583 879.6215 633.0555 7 0.95995975 389.3061 251.07559 657.5994 592.47 7 0.63610804 681.7985 281.99814 764.24384 332.05368 7 0.4213465 615.6223 226.1934 701.4503 400.52283 7 0.31721407 757.44336 282.68613 811.66614 304.01865 7 0.096216075 753.59174 281.6836 812.3299 323.53192 7 0.070625775 147.20042 677.67474 449.66614 829.7492 7 0.0653509 156.48439 672.83563 321.72388 857.6176 7 0.061705954 46.12906 742.2291 350.84918 881.5271 ,test/4065.jpg
0 0.3623749 247.00998 0.0 449.28873 249.75763 0 0.18903309 23.556648 398.39398 96.89591 445.12604 0 0.14152828 514.2955 398.42477 582.9216 496.067 0 0.13998473 0.0041713715 418.49652 48.120163 655.94073 0 0.1276144 217.89261 433.27893 249.6937 458.67413 0 0.09148678 75.11544 675.85095 110.25907 716.718 0 0.09099263 263.5364 780.83417 401.76968 1022.5866 0 0.079376765 579.1191 265.48624 627.7985 539.86926 0 0.06797232 61.15532 668.81903 112.28577 790.73126 0 0.050193947 473.9191 257.47205 622.11475 554.54285 1 0.9892481 387.07553 170.64362 626.44696 559.84674 1 0.98686266 572.2426 213.59683 712.1169 382.11905 1 0.8088984 1.8905945 371.7992 234.38953 669.64954 1 0.790041 259.35925 781.3932 401.38715 1022.9867 1 0.6025253 487.42664 398.08435 586.1736 497.2497 1 0.59159184 9.662865 270.73322 78.491844 420.56976 1 0.401545 7.7822266 271.9513 241.39468 490.60895 1 0.38828012 473.9191 257.47205 622.11475 554.54285 1 0.3545666 516.96783 263.222 606.56305 488.94202 1 0.31574354 0.0 401.1775 120.17676 802.3695 1 0.30719164 68.373764 333.88815 222.84889 482.07047 1 0.26006043 17.94442 245.1755 109.80841 458.07346 1 0.24364917 0.0041713715 418.49652 48.120163 655.94073 1 0.23938593 347.8293 427.71176 385.41104 466.54697 1 0.215644 451.14597 443.92087 604.9371 550.45135 1 0.20311566 4.749138 247.13794 95.65995 673.97894 1 0.20055503 574.19904 263.7127 624.3304 534.7925 1 0.15776603 366.1727 161.92915 543.2555 473.98505 1 0.15199712 218.58821 434.69946 250.00243 458.81488 1 0.15002175 31.070145 246.76643 362.36792 462.31305 1 0.13865365 482.23605 335.79553 605.78394 504.5169 1 0.13069743 63.64656 670.8205 112.181595 788.87164 1 0.12949063 61.27316 532.1265 131.74294 798.9528 1 0.12333355 528.30286 306.5374 599.8635 439.59656 1 0.11846984 472.7115 198.28848 552.2972 504.36765 1 0.107599 247.42422 0.0 449.1918 249.68864 1 0.10533564 384.85852 186.24512 700.42615 752.27295 1 0.10126429 58.99501 0.0 493.8811 464.7319 1 0.100530766 211.32428 212.60855 407.1928 455.6768 1 0.0989373 383.4105 294.2207 585.47266 491.2279 1 0.09586983 351.17062 36.272873 504.77762 416.8777 1 0.09342315 75.48952 675.26794 110.55794 717.2184 1 0.08442665 462.0189 182.3126 708.2029 419.56726 1 0.078057855 576.4748 230.57895 652.32697 466.0845 1 0.07479692 3.9299774 219.03748 343.54028 642.4714 1 0.0701304 404.92847 365.94907 611.63794 553.91034 1 0.06946536 28.249077 398.55182 94.73658 451.07788 1 0.060524512 240.33386 814.6683 300.31763 1022.9736 1 0.056727067 415.63278 11.581085 495.84128 343.22144 1 0.055758517 10.979469 403.89694 223.5206 522.72565 5 0.99924916 519.13196 541.0655 705.66943 815.12225 6 0.097208746 1.6292458 2.5550041 101.02957 96.37865 6 0.081897825 0.0 469.5761 46.58895 648.64935 7 0.99456054 52.028793 457.18384 533.4639 859.49805 7 0.9943327 0.0 798.46423 208.2391 1024.0 7 0.9274241 0.0 0.0 112.35327 400.64288 7 0.90661365 243.5989 0.0 455.76102 304.45386 7 0.855294 2.3542633 1.4942322 488.62012 393.91757 7 0.74822396 77.31623 0.4699707 262.25253 373.7325 7 0.6195651 0.0 420.20746 47.62566 655.56866 7 0.5734048 62.137947 672.0066 114.06051 784.911 7 0.34970674 212.334 209.40443 403.78363 454.89655 7 0.24058524 263.5364 780.83417 401.76968 1022.5866 7 0.2190529 164.0632 919.8267 205.55533 1023.29376 7 0.19032715 172.84995 925.89343 203.1001 987.85095 7 0.15865295 50.986694 193.81236 426.9529 450.003 7 0.1433225 2.168579 4.3138733 237.8685 519.88 7 0.14103206 3.7103348 801.18976 124.2075 859.7631 7 0.11686042 66.916916 249.32278 107.82329 325.9481 7 0.11083332 373.54596 10.663315 499.79956 400.19464 7 0.10059158 75.355865 675.0884 110.11917 716.54553 7 0.079408646 0.90847015 0.0 107.7939 106.659454 7 0.06489247 1.1623459 60.04415 65.52215 236.28159 7 0.055242263 336.186 0.0 440.9362 280.25 ,test/4066.jpg
3 0.9590995 321.86633 351.77585 595.9989 561.08203 3 0.36723158 437.98108 476.27832 808.3701 671.0823 4 0.5311454 438.28366 476.23438 807.286 672.28674 5 0.6710932 437.06964 475.4154 803.15265 672.95215 5 0.17559408 322.81696 349.50104 593.2101 563.0506 5 0.073742926 881.21063 24.020428 957.95514 107.94299 ,test/4067.jpg
0 0.31934083 532.9043 249.70474 573.07434 278.37247 0 0.22771087 322.08163 339.06232 359.8148 392.28534 1 0.9947525 454.09924 113.20453 688.21265 473.9944 1 0.95032156 446.58136 73.06215 885.5954 492.81134 1 0.8697947 622.4515 51.98534 776.25214 157.22606 1 0.8244352 631.6852 6.9020233 908.1526 426.8814 1 0.78024775 645.57446 211.83554 890.02405 423.8085 1 0.6987311 116.49725 97.41407 242.29358 250.17447 1 0.6778565 463.16733 112.69589 558.28876 255.30856 1 0.650115 769.81824 104.1127 874.0215 235.87442 1 0.5180984 517.48645 460.6274 602.36914 654.1346 1 0.50786954 624.8487 41.296387 784.79584 301.87747 1 0.4352608 757.9722 55.184875 798.56805 182.62596 1 0.38404626 757.0582 113.356415 796.5259 163.2471 1 0.3732601 621.5445 61.092335 735.69867 126.270996 1 0.3235757 676.996 279.27515 821.453 415.90387 1 0.30727008 525.881 188.27916 596.7543 283.754 1 0.30260402 659.7129 126.15447 775.6333 298.9473 1 0.2539618 174.1835 331.70947 208.1124 402.84546 1 0.2533986 105.46565 115.05876 480.7594 370.75928 1 0.21468969 508.64648 128.94193 683.9037 259.41885 1 0.21319589 641.8576 70.800095 729.383 108.51465 1 0.21128821 502.86493 129.36665 553.94464 259.46582 1 0.21013595 322.06036 339.1946 359.5368 391.699 1 0.19250393 859.9008 218.90753 913.22736 263.7425 1 0.187051 611.81866 338.34372 782.1873 486.74515 1 0.18503654 495.96307 94.96941 786.16486 272.30142 1 0.17220233 750.82666 48.628395 787.9619 155.76312 1 0.16669156 521.2385 185.44191 661.7997 283.97552 1 0.15355797 764.3761 56.407513 785.60266 125.656235 1 0.1298065 761.48517 110.84731 845.8162 190.49612 1 0.12976386 764.09204 189.29099 789.2323 286.92386 1 0.123537056 708.7309 321.30258 796.1016 416.77505 1 0.12075697 848.62646 223.63533 905.553 280.88104 1 0.119917564 735.4476 41.663025 824.92426 179.99873 1 0.10672922 688.05774 47.929108 795.9602 159.09706 1 0.1057234 650.44226 32.43306 872.52075 244.0977 1 0.099516004 532.9043 249.70474 573.07434 278.37247 1 0.07419689 755.0519 112.16706 770.8926 171.41669 1 0.072667085 656.78516 155.28998 767.9458 407.1806 1 0.06905171 502.26953 391.22736 639.7073 659.10175 1 0.06770057 475.201 5.7647705 888.15106 281.1532 1 0.06549144 807.7194 17.427704 920.2436 160.14558 1 0.06101892 749.7508 61.506905 859.08563 215.36908 1 0.055527136 757.93384 9.465637 919.3606 252.24298 2 0.12321457 777.3339 116.51149 858.7868 234.98366 3 0.07257881 779.03394 111.33414 861.0348 236.31116 5 0.98749673 557.94653 461.32593 758.33374 760.24976 5 0.5764566 262.56586 297.01706 336.2647 384.54514 5 0.17688341 250.77501 251.5792 376.01648 407.98752 5 0.13725322 105.48445 116.20535 475.81952 366.85425 5 0.12006387 130.95139 124.065186 226.95569 234.96036 5 0.058384214 557.7383 471.44183 605.9053 734.6152 7 0.99977 168.4708 267.96594 520.48865 1004.94324 7 0.71024746 643.7204 0.8012047 847.8167 114.367905 7 0.53158075 325.57846 371.26328 376.30606 402.78146 7 0.41259646 251.43973 251.59041 337.0339 397.96954 7 0.34733042 321.77008 337.15515 375.12653 403.11646 7 0.25340813 633.3399 0.0 918.2642 176.82922 7 0.24861012 799.732 13.834656 920.94354 164.65633 7 0.22274283 819.02405 18.556934 876.01807 118.16373 7 0.19177496 619.1821 10.3183975 796.0415 153.87952 7 0.13701604 746.6339 18.461449 830.2466 179.15018 7 0.12796788 684.55914 4.774872 911.02985 301.24527 7 0.112856165 641.84204 0.0 739.30225 106.59921 7 0.086586125 773.2668 102.359055 874.1423 236.22469 7 0.07428589 654.59094 0.0 802.79517 68.39767 7 0.073676586 534.30566 249.86562 572.9126 277.10995 7 0.07261038 228.36299 249.64969 376.85974 420.06845 7 0.057854254 767.01917 22.815948 902.3806 217.5214 ,test/4068.jpg
0 0.053781185 851.92737 28.26503 889.9697 119.09218 1 0.9958729 26.899017 114.11029 845.40515 830.4406 1 0.95851994 266.87982 112.87021 759.84235 560.3793 1 0.713318 699.1374 291.1737 959.5839 577.84454 1 0.48923528 22.361649 197.18228 294.3219 515.84216 1 0.19012211 67.92877 438.16357 791.11584 841.62415 2 0.3962542 851.8365 28.146431 889.46185 118.86295 5 0.603437 851.5241 29.029293 889.2431 110.3425 6 0.076517746 851.71515 28.993546 889.3049 111.05142 ,test/4069.jpg
0 0.853161 614.95447 646.71564 671.6079 726.24945 0 0.7967141 106.10991 140.26393 348.0932 270.80334 0 0.19072144 535.0743 652.7867 671.5975 818.7098 0 0.1871786 1.7266827 241.06879 36.16735 373.4651 0 0.10470079 564.95404 732.57025 599.06244 798.9598 0 0.08741695 400.27762 397.6897 465.54166 455.03253 0 0.08543767 179.65598 133.13004 347.47794 233.76895 1 0.9997143 231.36644 156.48557 651.5793 538.7162 5 0.9780291 532.26245 713.2174 670.9784 817.7517 5 0.14774394 0.0 105.60447 112.51199 272.6563 5 0.07556522 786.18933 222.90112 841.3428 255.12772 5 0.055816308 103.99292 145.78249 347.61847 269.7898 7 0.9157219 0.0 105.11111 112.53871 272.87335 9 0.14174014 104.66712 157.65964 350.22058 268.79025 ,test/4070.jpg
1 0.08550362 341.87134 297.02744 744.6908 710.0886 7 0.99082667 344.54944 296.23242 744.574 707.9378 ,test/4071.jpg
2 0.99873155 442.89078 506.50388 647.46655 635.2143 ,test/4072.jpg
0 0.8424397 166.84943 238.03856 283.00986 482.4192 0 0.20399058 167.91908 625.4095 204.8769 669.4687 0 0.06240131 14.13784 239.7619 261.12152 507.28644 1 0.09419617 166.39816 236.29037 277.46274 487.6863 5 0.07125936 805.4976 628.8035 877.33734 702.7133 7 0.9997135 468.88834 182.2666 610.54517 381.34735 7 0.99906033 212.09709 213.23285 572.17914 920.1077 7 0.9977817 156.0043 805.4339 455.35526 1017.9881 7 0.9972325 893.9459 464.8394 1023.07715 715.0331 7 0.99721104 515.11383 915.24414 833.47955 1023.11084 7 0.9941036 551.70135 269.2114 854.1329 692.16736 7 0.99288744 945.8395 692.9097 1023.2261 818.2723 7 0.98568195 4.517029 297.071 241.07582 1024.0 7 0.9478893 446.53723 520.1737 800.48486 1007.82385 7 0.9268881 0.71894073 771.9634 82.82484 1022.87415 7 0.8814879 826.27954 688.8926 980.4492 827.18713 7 0.61729014 805.5841 683.5481 1016.2871 1008.3784 7 0.32938993 1.3946891 769.7609 14.113102 874.21735 7 0.32178167 3.9655266 773.49695 38.00902 885.65515 7 0.3155067 277.01978 199.07146 591.6362 575.09924 7 0.1981043 166.65898 236.42548 276.52887 487.62512 7 0.06348943 190.48721 768.5727 819.6947 1011.6131 7 0.059623666 333.72125 270.87518 831.3134 960.08624 7 0.055215318 400.3903 241.4118 578.85645 602.3891 ,test/4073.jpg
3 0.9943071 192.95395 226.134 775.77454 834.9298 ,test/4074.jpg
0 0.75060505 67.514725 676.8485 459.5429 740.7394 0 0.060276587 660.1266 394.3487 942.7639 658.9257 1 0.17051786 66.28053 677.71173 458.48126 741.02875 7 0.9904393 659.87195 393.91986 939.7501 658.5002 7 0.07033516 66.72383 675.64795 458.92743 741.2427 ,test/4075.jpg
7 0.99899715 337.67673 250.99182 929.90784 829.379 7 0.87219125 429.56433 355.23618 604.00146 498.83383 7 0.41893712 630.2362 364.40002 767.6415 479.87933 7 0.23649083 331.58957 225.87094 547.17676 595.79407 7 0.23181388 598.82526 365.29126 768.1586 552.0961 7 0.10475602 624.1882 435.6347 750.6175 549.3914 7 0.082899794 750.1625 250.06546 929.26526 643.4149 7 0.062458873 333.19275 340.38345 651.2707 642.0337 ,test/4076.jpg
0 0.12106285 311.6392 529.73157 417.55997 576.71875 1 0.99981016 275.36124 313.70792 857.4153 857.0133 ,test/4077.jpg
0 0.7388304 394.4356 514.6265 516.72705 594.0494 0 0.6579673 460.3459 692.79114 880.41754 1024.0 0 0.23683497 524.132 696.536 626.8267 726.6782 0 0.093215555 395.01743 517.04663 539.2033 691.9546 0 0.059900314 497.624 423.19113 640.19104 496.40195 1 0.9889746 231.65182 129.92175 643.1145 390.799 1 0.9635164 477.96774 415.4879 763.01245 704.04895 1 0.9475937 588.5521 161.70807 835.0325 321.18857 1 0.89769125 502.82764 423.5395 637.6522 496.70947 1 0.8532448 34.86847 410.28625 555.0947 841.9645 1 0.8319304 267.36313 131.94707 799.4302 487.73224 1 0.72464037 460.0174 693.5522 880.6828 1023.6171 1 0.71758485 372.8579 247.86497 754.34937 488.18597 1 0.6996465 28.568054 215.36911 769.93066 884.44556 1 0.43070105 508.8594 454.425 608.7848 497.35925 1 0.38481706 388.7749 275.65308 769.51025 714.3353 1 0.37226436 351.9734 204.07211 621.45416 394.3458 1 0.2698683 675.40765 340.69522 793.03217 422.3481 1 0.16967356 530.1367 220.47462 799.16736 444.0929 1 0.16668694 509.90747 140.16203 830.2284 394.91406 1 0.13002735 536.3833 427.89963 630.5781 473.05338 1 0.10869553 371.124 301.71805 618.98535 393.7897 1 0.105302975 492.16644 418.74884 735.84186 490.85822 1 0.09509189 371.84662 321.89572 649.89935 494.41116 1 0.07314208 225.68083 182.56345 455.84833 370.18228 1 0.054312363 55.81006 679.44885 556.3202 845.0277 7 0.0711802 460.71826 692.8806 880.72156 1023.8419 ,test/4078.jpg
0 0.42137772 424.68408 755.37506 524.11505 979.5771 1 0.9972344 309.91473 363.14502 828.38165 772.1238 ,test/4079.jpg
0 0.075459346 45.23684 64.97766 246.53766 778.3062 0 0.06656244 0.8445282 534.9541 36.98949 965.01526 0 0.0588212 931.5242 52.18274 1022.74695 248.27505 0 0.05008717 663.8013 247.23929 987.75793 1011.2915 1 0.10967999 949.6271 79.12201 1022.63464 653.39935 4 0.98067445 419.04727 380.17932 653.06323 972.67017 4 0.955253 667.2837 427.80264 941.41296 1015.75134 4 0.8967284 129.08467 32.201874 406.65454 987.50415 4 0.76591134 587.91614 0.0 754.3301 905.28424 4 0.58995277 45.717644 21.22461 240.93396 849.5702 4 0.3914647 0.6899166 540.63184 37.032173 965.8727 4 0.29968235 688.11694 566.4804 744.395 690.03436 4 0.16280982 607.21466 468.6295 690.4229 916.0886 4 0.0787369 598.0066 54.42984 741.94434 568.5897 4 0.063198544 403.29584 140.40915 733.77094 956.1626 4 0.058836043 427.29547 462.1031 644.68536 702.4747 5 0.4048612 907.7979 25.507294 1019.07513 646.60046 5 0.3943766 46.70845 34.40628 244.9876 833.55835 5 0.39356223 662.1471 312.4587 979.7462 1013.27795 5 0.29998574 493.35977 266.57144 617.5932 481.00198 5 0.25235623 892.64166 258.07098 985.2735 522.00684 5 0.2133271 932.00385 34.52234 1021.91425 282.7734 5 0.16462512 41.039825 16.758972 414.51978 988.4671 5 0.15333734 599.1676 0.0 744.56287 753.35864 5 0.12374276 0.8445282 534.9541 36.98949 965.01526 5 0.10568814 403.48328 249.8352 665.7914 975.959 5 0.101535164 761.15985 284.27478 977.74176 563.7922 7 0.44812846 882.86035 190.95596 1024.0 1007.1627 7 0.3348817 897.29645 170.29611 1017.0268 663.3927 7 0.18446305 2.182066 518.7052 36.100807 968.30664 7 0.11676252 899.3322 609.4223 1024.0 1024.0 ,test/4080.jpg
0 0.8309113 290.83813 318.46545 675.61194 702.3305 1 0.081046745 289.87054 318.30853 675.8254 699.3122 2 0.50778264 289.52127 321.72003 679.75183 702.9881 7 0.052831534 291.6162 318.17938 673.87524 699.06555 ,test/4081.jpg
0 0.92201024 411.77176 332.69022 482.53726 395.12332 0 0.88018876 239.35484 214.49951 565.26086 356.08398 0 0.44020256 184.80095 323.65353 289.55118 353.04575 0 0.31384957 641.6981 174.18808 830.88416 245.80502 0 0.22012796 405.4631 572.43787 547.2639 641.97876 0 0.19602266 208.32042 320.83505 282.507 334.66135 0 0.17813607 190.35294 321.45062 277.86377 342.29993 0 0.11512958 185.31516 331.03693 229.97864 351.56512 0 0.1091754 919.8927 447.03754 1022.0802 617.0147 0 0.105052896 592.16284 239.89594 610.43225 281.18604 0 0.09012962 472.6574 308.31445 567.3859 358.7259 0 0.08246742 470.3866 314.8961 527.28394 355.73514 0 0.07996662 631.52655 209.14238 654.89935 262.04916 0 0.07848533 267.88806 668.8614 430.9629 830.4019 0 0.06986878 352.33704 342.1446 430.84418 381.9475 0 0.066798195 415.19165 314.74606 543.2222 354.8176 0 0.06444342 225.66049 321.17328 301.40823 422.09033 0 0.060302794 553.66595 241.38013 624.9285 296.5385 0 0.052366022 574.39685 243.34967 594.88 283.789 1 0.9751116 194.99295 575.57043 700.4054 846.4769 1 0.9335568 230.80775 572.4731 462.56494 671.4638 1 0.855696 405.12314 572.5355 547.03564 643.5939 1 0.6858184 466.3952 675.9153 710.9393 787.2545 1 0.51044214 477.47784 345.9734 641.665 395.98853 1 0.5061355 210.58795 342.74258 702.8427 439.79813 1 0.47902995 143.0578 318.66003 717.44666 628.9869 1 0.3508582 237.7475 214.76567 564.88574 357.08264 1 0.35079405 991.5236 496.21588 1023.44183 552.4517 1 0.34715936 352.37915 342.62344 431.33765 381.40488 1 0.34619972 223.26164 334.08905 487.45813 424.58716 1 0.2883022 138.8974 365.7177 712.1228 851.0422 1 0.24341168 375.0374 629.1024 706.2812 789.17725 1 0.19986074 475.97345 305.88522 567.3841 358.9158 1 0.19310665 259.80652 669.53467 435.72217 826.00964 1 0.18039021 406.4371 323.78687 644.54504 392.95905 1 0.17492579 193.95027 323.2968 329.89734 422.32983 1 0.10929136 411.18097 333.37836 482.73743 394.92065 1 0.065919004 198.29147 593.8801 469.8029 862.1527 1 0.06590473 175.98862 571.6678 358.43893 677.5577 1 0.062496033 476.62976 283.55792 641.06274 394.8083 1 0.055829924 409.936 312.9522 566.098 354.90094 1 0.050620697 200.65828 563.56055 650.1648 688.9513 2 0.98397404 549.7365 284.36526 636.56036 361.24094 5 0.4863591 626.94116 167.0977 1021.3508 451.27118 5 0.3628003 594.55914 261.26376 630.0788 285.74295 5 0.20420073 550.6415 282.1808 636.08435 362.55536 5 0.19977045 551.9294 241.0132 628.30304 301.29172 5 0.19902131 592.16284 239.89594 610.43225 281.18604 5 0.15733209 632.4468 188.07225 1015.79895 685.6519 5 0.14402582 547.6163 281.21033 635.55316 312.09515 5 0.107560635 585.10406 238.01257 629.9338 291.274 5 0.085399434 575.81726 240.47318 593.3921 283.55783 5 0.05611961 589.9825 239.55144 602.63776 283.65195 6 0.9513563 141.08289 340.57956 717.206 584.2655 7 0.9282629 821.1148 152.93063 1024.0 291.26624 7 0.8615014 919.41565 459.50742 1022.07886 614.89246 7 0.09394063 672.68585 135.40488 1021.8415 277.1222 7 0.08619529 411.29858 332.73563 482.62207 395.3323 7 0.067941785 850.7236 157.194 999.29596 228.50253 7 0.06371859 641.6494 158.77608 837.985 225.35338 7 0.059079338 853.80743 208.79944 1016.7144 253.55118 ,test/4082.jpg
0 0.9981445 150.01044 742.6612 823.3973 1024.0 0 0.5627214 630.7767 682.3429 869.0904 714.12585 0 0.33099693 587.25134 672.4388 858.66565 792.0643 0 0.31397006 368.4897 439.73987 676.70197 760.1212 0 0.21216656 588.8083 701.3464 723.4119 793.28485 0 0.13227673 664.6196 365.7825 950.3546 518.7383 0 0.1293584 280.76486 776.04974 433.52994 933.0953 0 0.11979817 4.155693 636.7283 200.47342 710.36694 0 0.0990596 648.05115 429.6134 722.2467 604.2057 0 0.09205498 630.7499 674.5405 853.21265 692.8601 0 0.07704164 616.37695 679.9739 865.94226 741.65454 0 0.07258509 255.58116 314.03156 695.9906 779.09796 0 0.06516145 202.93506 14.557007 735.14734 802.015 0 0.06495157 419.75433 450.18878 706.87445 632.4777 0 0.0601154 663.4141 416.79965 879.3217 506.4952 0 0.058586117 586.3413 580.19714 809.7739 801.4917 0 0.05787279 620.7298 643.04706 869.9975 712.95245 1 0.11568862 910.4981 283.38635 1024.0 629.84485 2 0.38371742 910.0481 272.40637 1024.0 630.5917 3 0.20533676 909.8106 282.5746 1024.0 629.8102 5 0.98226273 196.93561 19.97519 754.15857 813.56165 5 0.6826388 910.0253 271.1415 1024.0 630.3439 5 0.36171424 771.29364 364.33295 948.05023 528.9787 5 0.109450035 589.0157 698.71387 724.7514 793.5654 7 0.5468699 669.09595 364.64978 951.41626 522.873 ,test/4083.jpg
0 0.83175594 271.94965 742.4004 678.70886 1024.0 0 0.34843004 181.05746 699.67316 262.55295 895.0013 0 0.2470928 227.79214 950.75275 338.4764 1024.0 0 0.22570139 0.0 618.5033 242.72098 1012.2567 0 0.21925594 181.57976 688.58813 332.36597 1021.4192 0 0.110571645 196.3196 407.50037 537.6268 968.35596 0 0.1014563 541.96594 549.9723 581.6422 674.3782 0 0.09304118 255.99951 454.74454 321.92224 609.20483 0 0.07325757 268.85074 433.6343 371.14676 601.0157 0 0.061734915 5.119915 747.3279 126.664246 961.70715 1 0.994011 195.96533 379.9834 544.47705 967.5276 1 0.8100008 276.63324 433.20734 372.31036 599.7736 1 0.5058629 4.8437767 744.8451 128.8557 971.7875 1 0.50386274 378.49142 458.13855 486.7325 587.27905 1 0.48842767 232.47183 371.03778 495.7344 609.0479 1 0.3509355 267.21783 452.1962 321.7918 608.75366 1 0.23765406 395.89062 388.11438 605.58673 699.4818 1 0.125428 297.80228 417.58887 333.67563 602.7025 1 0.11801124 0.5390701 589.4648 118.59659 806.6031 1 0.11113219 296.87842 736.4416 672.90265 1024.0 1 0.094260626 0.0 807.80054 29.79404 1009.12964 1 0.08550899 457.53275 293.5841 468.96988 388.0938 1 0.050081987 0.5797653 534.1915 247.5133 1022.3638 2 0.07910904 533.0267 735.5227 616.2518 775.8313 3 0.2003303 291.4996 562.59625 322.53366 603.4964 3 0.13357782 642.5162 820.6259 681.6702 900.92975 3 0.10544567 423.5804 734.5257 669.61816 1023.0981 3 0.09989395 612.583 221.28677 633.9551 330.93387 3 0.08734652 607.75385 222.4065 634.48737 452.89624 5 0.9950714 530.42267 652.5364 623.8305 775.3097 5 0.14797209 532.76886 738.67737 615.88983 767.55225 5 0.07876881 177.18839 544.8925 227.85495 710.46747 7 0.9713435 231.24898 951.0449 331.83734 1024.0 7 0.6754573 2.9308624 717.2311 234.00668 1022.61816 7 0.6286639 4.963333 744.4651 128.17345 974.0431 ,test/4084.jpg
0 0.21554622 134.0735 794.51245 226.86913 823.39795 0 0.1852134 150.10747 404.21677 239.32686 548.6665 0 0.12515736 113.05649 769.80896 229.35086 822.879 0 0.056122545 1.7522812 784.3971 47.034966 800.6648 1 0.99830073 213.87778 296.9782 789.9286 782.3061 1 0.085676976 688.7461 210.64581 1024.0 786.02783 1 0.07402098 1.7522812 784.3971 47.034966 800.6648 7 0.9499647 249.66312 247.50787 421.8428 304.63647 7 0.8693778 149.94397 406.27893 241.35938 548.48157 ,test/4085.jpg
3 0.28537792 466.6096 447.18106 779.86255 556.9709 5 0.99484926 113.1555 444.00604 333.78253 606.872 5 0.89841926 459.015 445.57047 783.2009 557.1371 5 0.112205006 734.4796 471.22815 781.91736 554.5337 7 0.97049487 642.2826 703.0326 939.8506 889.18494 ,test/4086.jpg
0 0.98235774 520.4022 751.1872 655.32007 939.5214 0 0.9757657 188.99107 506.08804 289.36838 635.1647 0 0.8863751 854.6651 1.0043583 927.67426 58.56212 0 0.7182513 204.41974 173.00667 310.81818 296.95096 0 0.6889316 588.851 753.90857 656.43524 852.16406 0 0.4522139 209.36743 31.277727 258.82358 89.56645 0 0.32406145 0.0 39.59886 268.99304 188.76883 0 0.21135347 3.494007 80.23227 121.98659 184.00229 0 0.07129212 550.77545 785.18585 623.3464 916.63275 0 0.067235164 43.747982 915.78326 71.629196 982.17755 0 0.06540339 1.1195965 200.27875 18.118855 300.0654 1 0.12983285 854.3593 0.90351295 927.53424 58.48317 1 0.065416425 188.67554 505.8852 290.82532 635.1402 5 0.22061847 0.0 42.869797 263.5701 187.15402 5 0.11803693 3.494007 80.23227 121.98659 184.00229 7 0.9997019 262.93045 244.85883 773.0211 808.73737 7 0.8393388 0.0 39.81269 263.995 188.25357 7 0.7553196 209.68364 31.333723 255.14915 89.49197 7 0.5722166 43.768166 915.8029 71.37985 981.971 7 0.24556664 1.1195965 200.27875 18.118855 300.0654 7 0.13227616 66.39356 60.325138 260.80182 122.79547 7 0.09575825 3.494007 80.23227 121.98659 184.00229 7 0.07235628 518.37885 750.1099 655.31244 939.8768 7 0.06133521 1.1783276 198.74458 36.847504 300.61984 ,test/4087.jpg
0 0.9993105 439.2674 311.1344 813.9401 582.8076 ,test/4088.jpg
0 0.77505225 167.69037 113.19211 889.1816 861.75183 0 0.097747885 530.55286 116.509705 876.55457 735.0906 1 0.37522808 167.76895 116.13864 889.4354 869.9094 7 0.11555743 161.69128 130.62927 898.1133 870.4768 ,test/4089.jpg
0 0.52804965 765.4393 400.58728 822.86566 422.66754 0 0.24322405 793.41034 305.8374 823.33514 333.8363 1 0.11530349 396.5381 1.0963554 648.42065 94.83017 1 0.07769441 765.0827 401.17294 822.9693 422.87442 1 0.05711376 431.10797 74.857635 494.5409 94.826614 1 0.055739775 636.6985 0.0 755.40027 95.16164 5 0.2694029 793.41034 305.8374 823.33514 333.8363 5 0.0661198 633.97845 0.0 755.74677 94.90282 7 0.9997379 323.46222 83.769165 845.4545 795.27814 7 0.69879997 530.0636 82.43216 843.2312 348.9279 7 0.5339175 316.30154 78.1469 587.27673 345.60468 7 0.29912442 379.6385 74.46094 585.6537 171.3716 7 0.2651957 330.266 78.132324 846.6687 409.34073 ,test/4090.jpg
0 0.28104788 982.9886 519.92615 1019.2574 552.9324 0 0.15429077 780.1446 92.62767 801.0727 215.95097 0 0.12957345 784.11255 123.59709 797.6522 212.94609 1 0.99673873 457.10983 74.42221 947.05054 649.94763 1 0.970933 883.88745 686.4542 1024.0 925.67017 1 0.7245824 938.1642 540.3335 1022.7488 697.59863 1 0.43199342 982.9383 520.02356 1020.2237 552.6764 1 0.4062228 813.0516 482.31274 1022.69586 968.1798 1 0.35200125 841.44775 879.1858 991.27844 991.03674 1 0.31743518 912.8457 675.537 1020.6919 784.57153 1 0.2816933 916.6605 560.4153 1022.1769 777.73083 1 0.24885698 824.6113 824.2891 1016.6322 1021.1855 1 0.14465559 809.80774 626.5165 939.1416 866.9552 1 0.11802699 868.5767 451.56586 1022.8652 760.65533 1 0.107030176 841.6038 803.67017 1016.91547 941.11743 1 0.10377841 781.00085 88.88222 970.0432 347.55133 1 0.10071767 780.2449 92.84381 801.5979 213.86703 1 0.07917814 467.63538 378.10214 512.84564 540.49255 1 0.07557822 489.508 312.72345 912.0755 646.2022 1 0.07172179 928.35583 657.70264 1022.7063 733.9833 1 0.06273109 978.4451 516.21606 1022.1031 583.6116 1 0.05861144 520.67236 294.476 942.6222 462.08472 2 0.058789406 779.90765 92.35437 801.6607 212.39719 5 0.7711066 779.8932 94.12366 802.4618 211.52466 5 0.09700872 554.364 555.58124 876.1876 742.4781 5 0.08253452 885.5255 383.3326 955.9364 467.6732 5 0.064316034 810.9472 617.1013 937.1264 890.739 7 0.9981811 73.534256 99.358154 551.14264 938.4888 7 0.9871176 906.3785 216.08893 966.4432 354.4309 7 0.65832496 530.97107 744.58374 569.16943 804.328 7 0.60835826 810.45276 621.09436 938.4486 880.91394 7 0.5112037 862.4006 456.42114 1021.7563 745.5419 7 0.46643278 136.6989 787.29376 563.657 998.9671 7 0.34813067 134.00182 773.67645 353.05414 1007.6445 7 0.23873213 66.84842 109.84668 516.93945 558.3842 7 0.18723866 810.04376 453.58978 1022.674 987.09296 7 0.11111029 137.56569 376.2397 518.9235 826.36163 ,test/4091.jpg
5 0.99934214 271.95093 527.1817 584.5088 733.2619 7 0.0615609 419.95758 522.325 478.55847 546.9245 ,test/4092.jpg
0 0.98238915 591.9116 432.47794 815.3618 634.21643 0 0.89083475 494.32684 370.8075 619.3007 570.21924 0 0.28838208 501.8827 432.88815 548.671 566.1885 0 0.25959146 479.3684 428.40747 702.70935 566.1443 0 0.20721698 371.66425 446.12338 671.94525 647.6541 0 0.17775564 457.37732 342.7492 578.98083 571.96234 0 0.14980967 335.38306 377.59448 640.6107 572.39374 0 0.12657198 671.7177 636.45514 724.31696 648.04315 0 0.110218205 641.52264 586.6316 728.3603 649.0242 0 0.09781492 650.6806 808.55164 727.0457 866.4994 0 0.08261688 531.35956 723.2369 549.1994 780.74115 0 0.06039115 168.01501 348.11456 688.55786 656.94867 0 0.056304075 350.4836 365.6128 824.214 657.7971 0 0.055779688 401.18433 387.4778 631.2881 512.0636 0 0.054478783 555.97156 384.26474 628.1459 457.67636 5 0.9796235 178.89442 335.44873 627.9303 612.51416 5 0.88578564 377.34573 471.7137 649.7423 708.03784 5 0.116647236 556.9592 331.83972 638.80066 395.09912 5 0.06910892 389.68115 602.5775 617.5485 713.0751 5 0.065759234 474.31183 340.0224 627.25446 555.77325 ,test/4093.jpg
0 0.39254606 515.42175 224.90486 608.68555 268.3678 0 0.38396248 256.99622 248.33997 760.397 789.0863 1 0.9549107 265.0635 203.49689 729.8157 488.2467 1 0.92453223 257.2809 214.31702 761.04065 795.0302 7 0.26418704 257.63464 306.41193 761.6998 783.5455 ,test/4094.jpg
0 0.14613925 480.22623 674.5804 699.76636 749.3671 1 0.9958068 180.4006 297.91656 847.7278 749.06805 1 0.056904577 295.79486 5.326874 1024.0 86.48069 1 0.050834518 479.45636 670.9774 704.0025 749.9933 5 0.4575174 476.70477 745.37476 695.4882 996.67346 5 0.06658977 480.22623 674.5804 699.76636 749.3671 ,test/4095.jpg
5 0.99997246 217.69373 103.52278 444.4756 608.11487 ,test/4096.jpg
0 0.41600746 339.5411 551.94714 489.03287 761.16724 0 0.38328087 267.27454 499.63547 501.80334 766.954 0 0.22343567 931.8075 314.33417 1020.36755 451.9093 0 0.21269827 298.4163 441.29095 612.3678 770.1834 0 0.19918162 278.13977 475.62573 378.62793 762.7566 0 0.16529784 934.37756 251.46199 1022.12756 279.94278 0 0.15705808 200.04535 456.00305 811.4241 839.4717 0 0.10325487 356.3142 505.79782 771.973 751.021 0 0.09967749 286.4754 460.49652 526.8755 578.7238 0 0.096751355 841.26263 235.29167 1019.85895 543.5101 0 0.09095355 350.9196 569.83264 429.6509 767.7577 0 0.08452619 303.36975 463.625 337.22156 554.253 0 0.080452286 916.2967 222.51242 967.2808 460.80563 0 0.073802836 259.64233 460.2694 453.3011 670.32495 0 0.07225614 887.6953 217.67828 950.41516 465.9613 0 0.06997109 898.98 217.74551 1021.4407 460.25882 0 0.06634651 205.79445 546.84326 600.0114 830.93616 0 0.06326892 274.25003 546.95215 474.519 678.1124 0 0.062205963 295.089 662.68665 492.5818 759.6648 0 0.056315307 761.3112 71.28262 801.2441 156.4914 1 0.96280974 804.8207 213.41116 954.50745 491.30856 1 0.9280763 808.2426 336.27707 878.1696 511.40024 1 0.8544296 932.29395 251.61014 1023.42004 329.02957 1 0.84229296 754.3275 63.77008 1023.39795 678.9831 1 0.7774568 597.97577 1.9013672 1011.035 590.56067 1 0.7293026 934.8463 251.67734 1022.0608 279.6688 1 0.7241627 864.57007 128.67012 1022.78906 262.41614 1 0.6959471 593.801 7.448883 811.2473 525.2777 1 0.6810327 753.96576 49.966576 1022.42426 290.38223 1 0.6223267 199.83377 457.84875 833.4568 846.1295 1 0.61097646 747.76587 372.27936 1022.86 664.9224 1 0.36962485 814.021 470.716 871.9055 564.45197 1 0.36476684 804.82526 299.62042 1017.52264 565.91626 1 0.23867406 784.04816 130.2435 1021.3853 368.3558 1 0.22039722 805.0305 254.3374 839.9702 284.91827 1 0.21121778 869.7631 236.50229 1020.976 518.96497 1 0.20241962 803.8698 246.08269 843.8111 307.3579 1 0.17531352 813.86615 475.03403 875.63104 504.41507 1 0.15846169 615.02454 253.94824 1024.0 694.64844 1 0.1548351 245.42151 452.1114 591.2562 760.2371 1 0.15402661 977.3549 514.51086 1023.8105 561.3275 1 0.14809641 816.5725 448.2251 1019.26306 569.74927 1 0.14020996 809.17633 217.07446 935.2397 356.07074 1 0.11176355 837.80865 496.25455 868.0014 531.6075 1 0.10246035 879.2735 127.60822 979.80927 216.52872 1 0.10225032 837.5596 202.53716 913.6332 516.8193 1 0.099190935 816.55115 495.35233 856.7366 561.5527 1 0.096138164 205.16907 539.97577 298.6441 757.9753 1 0.096077114 818.26245 482.132 871.9391 530.8333 1 0.0922239 820.96265 517.1898 849.6461 560.24414 1 0.08637781 337.55573 500.19458 787.38214 746.7838 1 0.08592436 956.4324 124.790886 1023.89856 147.06015 1 0.085277945 807.82434 228.18091 855.4343 328.4818 1 0.08252556 803.99426 274.0664 832.5326 309.25574 1 0.07785058 833.4638 494.8729 862.0092 552.5476 1 0.07668292 672.7998 8.360512 1017.8677 192.95773 1 0.06261886 870.8957 224.4445 929.5584 481.19818 1 0.057485323 730.61707 128.68546 961.2865 520.3906 1 0.057317767 219.03925 475.29333 448.2708 781.2914 1 0.056356076 829.5348 329.11584 962.416 487.3089 1 0.054240357 677.00024 0.0 1020.7715 83.713295 2 0.29968676 804.31683 257.0275 839.91986 283.09756 2 0.10820441 803.99426 274.0664 832.5326 309.25574 2 0.071907036 803.22626 252.47214 842.0572 309.67337 5 0.98696357 1.1341248 492.89557 215.44269 772.87787 5 0.94684166 256.44812 534.5897 384.5252 762.7229 5 0.48225328 309.12317 502.24872 771.44714 766.49786 5 0.29333115 212.65169 510.42175 446.22906 775.6238 5 0.23897372 345.04907 583.8342 490.07288 761.94617 5 0.16729406 295.089 662.68665 492.5818 759.6648 5 0.15120152 458.1706 515.8833 751.8547 685.1669 5 0.14305581 207.57906 538.74805 306.4065 760.4751 5 0.089095585 199.83377 457.84875 833.4568 846.1295 5 0.08901064 219.48637 621.6032 282.3646 756.02997 5 0.08005808 317.765 536.7265 449.70624 751.19464 5 0.07159599 251.63347 615.35846 298.14072 756.4261 5 0.06779257 274.25003 546.95215 474.519 678.1124 5 0.06716249 269.3752 461.96893 584.38586 772.1867 6 0.99608886 1.5011826 751.9098 151.13266 988.72656 6 0.86081785 16.757751 13.971161 651.2879 507.00607 6 0.5334496 111.93594 493.09265 213.80295 538.41187 6 0.19963768 14.598419 218.70352 645.3085 455.9329 6 0.051197685 207.57906 538.74805 306.4065 760.4751 7 0.2306194 945.0044 308.69873 1021.734 450.82666 7 0.18165633 197.4 461.3791 818.3932 841.3394 7 0.089192614 225.66647 471.8993 456.23868 774.47534 ,test/4097.jpg
0 0.18714921 504.3415 799.6986 685.6735 859.32556 1 0.17412795 504.3415 799.6986 685.6735 859.32556 3 0.9063399 410.77625 216.12872 608.78125 423.10144 5 0.99811757 56.153564 392.66815 975.4009 851.20074 7 0.14926861 504.3247 799.59863 685.1721 859.666 ,test/4098.jpg
7 0.9997415 177.42618 497.70996 620.53906 780.1515 7 0.99916816 412.0294 287.98425 575.99243 507.86285 7 0.99887675 181.52728 315.19998 408.54822 606.05383 7 0.99691075 704.6833 617.9361 1004.0524 978.42255 7 0.9948643 587.4437 227.67139 813.0952 698.3021 7 0.98599964 728.4792 163.72252 995.686 650.39453 7 0.10915327 581.33887 334.1994 720.50916 696.0734 7 0.058948066 566.2818 364.10675 606.33734 488.8637 7 0.058920845 654.6572 220.70636 814.8478 379.14526 ,test/4099.jpg
0 0.9904005 546.8106 120.11163 1016.63324 751.73914 0 0.84538215 818.5332 140.76697 1023.85205 586.702 0 0.712349 625.10223 98.465485 938.2806 570.48584 0 0.58258873 769.84735 492.78882 986.34576 743.6406 0 0.4508779 784.3993 151.61383 837.13464 185.18848 0 0.316476 585.3114 265.33725 783.8805 629.2908 0 0.26975638 930.6702 538.042 1021.3975 666.6765 0 0.16192202 632.58044 453.88666 974.60986 762.7625 0 0.06908538 818.91406 237.54181 897.9487 327.44946 1 0.07742308 0.8413124 464.27545 32.837814 594.7602 7 0.9998276 218.11472 0.0 639.218 701.69556 7 0.9994112 17.84777 0.0 192.3403 204.86298 7 0.9962257 484.65332 611.9857 772.16833 938.42847 7 0.99538994 68.95134 160.45253 256.05365 566.4331 7 0.9809807 162.25415 534.5376 634.7691 1010.0963 7 0.9068363 174.75822 132.21419 218.14388 194.6779 7 0.45211112 141.18347 463.25864 256.65112 569.21216 7 0.2762293 26.94381 0.0 190.55844 604.2593 7 0.18720019 0.67398834 498.139 15.437504 567.4406 7 0.09915897 542.63654 118.71573 989.9351 759.64355 7 0.0805501 582.6164 96.38052 816.6446 650.2721 7 0.06514965 2.1859293 464.40854 31.450768 592.09973 7 0.06511088 584.9228 271.94733 774.53204 613.6178 ,test/4100.jpg
0 0.85051525 200.86383 604.64777 249.06772 681.0318 0 0.38591424 570.2025 303.07275 610.401 361.07642 0 0.22097558 302.97638 363.68552 363.21313 384.99472 0 0.13325588 196.82805 603.7312 239.27254 724.4916 0 0.10069359 414.3719 489.85944 502.76813 604.4312 1 0.996974 15.044647 389.22675 390.518 903.715 1 0.9958183 223.76768 168.7756 680.3297 765.7991 1 0.98050094 357.2289 336.5196 564.32056 427.40094 1 0.72209567 570.09906 303.32062 610.5688 361.9253 1 0.39930716 243.85732 313.60452 576.31 441.3527 1 0.30592093 302.97638 363.68552 363.21313 384.99472 1 0.25955635 200.1177 603.1655 238.75641 725.10425 1 0.19014838 258.5783 312.6221 378.06116 383.03775 1 0.1794968 330.21594 169.99243 616.1172 433.38623 1 0.114146076 297.59094 351.73004 383.75323 387.52258 1 0.09091888 550.4796 347.37558 571.17285 406.74985 1 0.08411652 388.35638 375.30994 555.75287 425.97583 1 0.0535869 337.04626 351.78464 377.44257 384.75754 1 0.050930835 205.79997 605.1642 243.56508 681.26965 7 0.059148096 570.08093 302.66583 611.09644 362.8769 7 0.056641582 302.97638 363.68552 363.21313 384.99472 ,test/4101.jpg
0 0.79030377 252.0556 638.0835 363.58832 706.65344 0 0.705962 500.95142 482.42245 615.9641 546.8047 0 0.61892164 488.34668 536.7042 515.8513 595.8595 0 0.30127862 329.9732 472.83432 387.57654 517.455 0 0.15809739 475.28058 447.89697 514.03033 483.03998 0 0.12256714 326.7914 675.52954 496.69888 803.29736 0 0.119438075 463.543 913.53174 505.21738 934.82874 1 0.46080005 500.2594 482.57697 615.72485 546.6379 1 0.18109539 250.55334 637.7024 364.54712 706.70557 1 0.11152519 253.179 636.97595 498.81384 800.8463 1 0.1044914 332.18488 678.0637 496.17365 801.57166 5 0.104070984 0.7213669 450.315 121.16223 574.08405 5 0.06381942 500.34723 482.6546 615.7443 546.6939 7 0.99982506 74.038635 676.1465 568.66473 1019.3794 7 0.99978584 350.80637 385.0092 976.92004 847.16406 7 0.99972206 28.648743 107.97629 591.2489 535.8956 7 0.9882819 0.0 502.82788 239.89551 936.9972 7 0.95792633 13.133255 452.3458 391.03406 625.1204 7 0.897681 1.309658 450.79926 122.11073 582.0916 7 0.8663195 0.0 208.35374 77.07851 446.70142 7 0.60951424 0.0 118.760155 27.896677 282.79578 7 0.5266444 0.0 310.0099 69.672195 426.80463 7 0.36922786 1.8525543 442.18207 232.36426 746.9744 7 0.35939112 463.8873 911.6292 505.8472 938.78864 7 0.2910319 345.04852 684.18823 498.10858 800.7765 7 0.2759811 4.998062 436.62717 494.38232 762.0857 7 0.2735214 250.55334 637.7024 364.54712 706.70557 7 0.20643976 350.67474 440.73648 569.8885 779.03 7 0.1748193 24.709747 423.434 597.81006 1024.0 7 0.16835557 487.7624 536.49005 515.8725 595.6982 7 0.14053872 0.0 257.71616 37.47155 328.52396 7 0.0898869 254.6848 640.81085 519.4969 801.2553 7 0.0794685 501.0045 482.80988 615.2299 546.23004 7 0.061785657 0.06807375 319.65567 13.655251 404.84006 7 0.05191457 444.0849 897.2858 509.68683 938.1171 ,test/4102.jpg
0 0.9905449 661.3877 419.01376 765.667 480.35733 0 0.89890236 550.4813 466.89648 686.89355 588.73535 0 0.7972763 590.28345 467.97156 684.1417 502.1681 0 0.7262914 520.3063 229.66151 625.6498 270.56396 0 0.48536164 301.01746 370.36658 420.20642 445.73456 0 0.43763983 288.43793 350.0829 429.9334 483.78162 0 0.3309882 500.47992 454.2297 575.10126 500.95078 0 0.32847068 462.23364 235.43565 620.7578 290.99988 0 0.32771632 520.15045 228.77792 579.5402 255.53293 0 0.29285008 196.88617 330.79907 454.07776 570.09644 0 0.26605427 474.01788 485.00235 553.1927 535.3922 0 0.25795874 449.73788 502.16116 520.4367 584.523 0 0.23254697 460.7724 239.42944 660.09796 404.568 0 0.19640262 335.20993 345.64267 387.57913 371.118 0 0.1863777 408.9062 460.35046 575.1122 534.84937 0 0.1706907 538.69165 385.03778 613.98596 427.99597 0 0.1670625 318.93985 464.08163 432.2258 522.0428 0 0.15990683 474.73996 309.01535 665.5439 376.4785 0 0.15915225 549.13464 237.93082 616.12756 276.85788 0 0.15828457 229.92508 380.6148 425.63693 518.2135 0 0.15523055 527.6017 410.79837 598.50256 466.0483 0 0.14638878 643.2858 466.44363 681.9974 499.8336 0 0.13868721 376.972 466.11102 424.3451 521.5947 0 0.13627018 414.33755 464.58862 479.50223 513.5713 0 0.12535185 507.4251 326.47992 677.0289 590.7706 0 0.116971344 363.44882 314.6925 483.12997 349.84735 0 0.09846893 588.7859 479.57175 683.1282 526.26245 0 0.09802452 382.22537 320.91656 485.2451 391.8554 0 0.09635621 292.01767 803.7556 338.31064 825.9569 0 0.0942774 229.4143 456.38184 427.8036 519.7495 0 0.09341307 376.1176 466.1146 474.38068 524.0131 0 0.09045977 503.96442 417.24234 593.0079 503.1196 0 0.08731212 571.28186 351.18573 619.9868 398.50922 0 0.08553978 209.52345 460.47446 430.74103 566.5354 0 0.08099904 339.26828 313.25623 502.3859 373.13007 0 0.078814365 204.17381 575.19763 445.9997 666.09326 0 0.071237884 371.52338 334.12967 468.71283 366.5803 0 0.0681257 372.18607 290.43002 655.8899 356.92447 0 0.067230545 544.4549 351.8932 617.53265 435.73834 0 0.0644757 527.56433 370.49365 614.8834 465.2962 0 0.062138636 583.6244 490.36847 681.9769 556.2557 0 0.054662727 386.88947 503.71512 460.1219 522.0571 0 0.053217266 378.7774 294.45215 720.76825 608.5198 0 0.052566186 489.93866 306.07983 667.32635 483.51367 1 0.98441154 156.75465 328.71283 652.59485 753.337 1 0.7520782 247.15721 562.8858 331.55328 595.7441 1 0.6996816 461.54675 248.53488 593.51575 290.15646 1 0.51064605 185.47528 332.0431 491.85114 600.2699 1 0.48700914 247.28308 562.7454 285.72076 577.65326 1 0.41568422 211.69849 460.25677 430.83148 568.69635 1 0.3351159 325.7148 566.4276 365.38925 598.09937 1 0.32588577 364.6644 314.04016 482.98483 349.2691 1 0.31058374 340.84082 543.84216 488.76923 621.6846 1 0.2480978 465.74683 234.39397 663.8844 398.5547 1 0.22945864 519.3028 357.90308 625.51154 468.1609 1 0.22101738 249.20041 563.2507 299.35165 583.5789 1 0.20242472 188.6613 450.04034 544.07 645.73175 1 0.20018972 519.12683 228.6731 621.48987 271.165 1 0.18671936 226.59238 357.18448 429.59048 524.387 1 0.15506569 223.54608 565.01697 446.48285 641.39465 1 0.14150721 368.67462 245.22849 654.95514 352.8325 1 0.1277791 489.93866 306.07983 667.32635 483.51367 1 0.11752055 527.6017 410.79837 598.50256 466.0483 1 0.11588073 376.972 466.11102 424.3451 521.5947 1 0.114849105 519.4722 228.91077 579.67645 256.03705 1 0.10735727 377.86096 292.52148 645.17365 362.885 1 0.10392649 351.5623 494.51465 518.3701 619.68384 1 0.09572905 381.28842 464.23102 472.5671 524.3136 1 0.09441344 498.69476 378.41748 614.5372 500.27368 1 0.09384314 406.14926 337.38974 538.7411 468.23465 1 0.09048212 348.32913 563.2149 400.7031 613.0977 1 0.085270695 384.3152 338.56635 643.70715 471.16962 1 0.08090809 507.4251 326.47992 677.0289 590.7706 1 0.0752621 248.27382 536.14514 504.12677 608.98267 1 0.072195016 241.54478 556.3958 376.7397 603.80133 1 0.07077265 423.4225 605.6071 467.3993 647.69635 1 0.06730281 391.17502 317.76727 477.01297 342.0127 1 0.063435145 340.48355 559.96356 430.84152 617.8144 1 0.060123723 417.85663 534.4004 498.36658 597.1907 1 0.059846185 449.73788 502.16116 520.4367 584.523 1 0.056200583 538.69165 385.03778 613.98596 427.99597 1 0.05443386 229.4143 456.38184 427.8036 519.7495 1 0.05212726 474.73996 309.01535 665.5439 376.4785 1 0.051320143 318.82986 564.5229 385.31827 602.4787 2 0.90963703 409.76227 336.48376 537.60486 468.64734 2 0.07048826 324.4249 567.6216 365.17215 595.319 5 0.11531148 384.82544 335.0824 462.73743 387.09906 5 0.062847726 410.1006 336.1024 533.73755 468.08914 5 0.06146642 371.40503 332.5063 480.61932 368.33722 5 0.056518346 324.26788 566.5839 365.20972 595.1391 6 0.10177991 410.245 335.81207 537.1861 468.701 7 0.15204734 551.5626 476.22232 685.4547 587.81384 7 0.11902509 466.9553 310.299 651.41284 355.1859 7 0.11709949 464.81793 235.40796 660.1558 397.3404 7 0.08409495 209.52345 460.47446 430.74103 566.5354 7 0.05278788 519.5722 229.3111 630.83234 270.2248 ,test/4103.jpg
0 0.22735806 426.20926 576.4435 470.1293 610.97144 0 0.059488233 458.47122 306.41495 496.20016 342.96805 1 0.09289098 578.99347 408.57364 629.4216 448.44522 2 0.85598075 424.92023 572.6259 477.3905 684.8807 3 0.14842062 424.80627 572.38214 477.99152 684.66046 5 0.084126025 424.47745 572.0517 478.7947 684.81415 5 0.072053194 577.4992 295.44128 711.7398 455.73553 7 0.99961334 466.41333 250.41495 986.9529 857.9789 7 0.98008853 284.67786 308.30994 511.42493 652.0159 7 0.37142724 579.02203 408.67938 629.59894 447.97675 7 0.3511899 489.04395 225.10927 795.8617 597.2624 7 0.27901196 576.3871 294.2791 711.97253 456.00342 7 0.23193431 458.98038 306.4811 495.03732 343.08432 7 0.09239702 790.5821 281.22818 997.862 696.6825 7 0.09090318 578.92316 309.59668 800.0463 421.17078 7 0.069822684 428.23605 475.91272 498.28494 684.5867 7 0.052368663 350.72675 310.00076 499.34338 344.37466 ,test/4104.jpg
0 0.903938 398.93097 53.26895 611.6945 921.54175 3 0.35858712 405.6953 830.52997 514.6871 923.10223 5 0.19119269 399.769 34.35013 613.6173 915.8347 ,test/4105.jpg
0 0.99987864 296.608 440.5488 610.755 649.68567 ,test/4106.jpg
0 0.21045263 299.56445 654.70557 341.79633 674.00635 1 0.11717157 0.08965683 545.1077 100.56157 573.19794 5 0.93946224 0.0 805.9762 223.07101 909.552 5 0.7320358 392.32413 111.8687 476.28024 165.76192 5 0.3504647 320.73145 834.33386 874.7073 986.73035 6 0.9991968 263.9261 500.83368 409.74475 629.6645 6 0.096243896 271.31158 496.52585 392.2226 533.5619 7 0.99866307 387.44366 265.5118 768.8863 799.99976 7 0.9669808 732.2552 361.92834 844.0673 583.53015 7 0.21709628 654.1168 331.34393 843.08484 601.97687 ,test/4107.jpg
5 0.99992335 50.8226 350.6144 857.718 787.3002 5 0.06296135 61.93637 340.3565 463.59555 771.7641 ,test/4108.jpg
1 0.9878803 632.5572 287.54974 1024.0 727.7438 1 0.9739388 967.1778 418.14777 1024.0 520.65295 1 0.96706903 919.71014 676.87335 1022.617 944.7115 1 0.13797393 1009.11774 416.33505 1023.9139 530.9982 1 0.09315401 348.46878 294.06363 848.12634 651.4424 1 0.08252726 729.5344 433.88354 1023.7826 695.9956 2 0.11131724 918.2824 682.89557 1023.29364 945.09686 3 0.8434322 348.0044 308.60806 751.2256 630.06116 ,test/4109.jpg
0 0.36437455 747.22363 425.16266 1021.755 678.2552 0 0.3023149 8.516846 1.0485687 572.9114 429.62183 0 0.24616238 260.09937 5.7236786 622.7584 269.2121 0 0.06017132 0.0 294.92477 403.77277 409.17886 0 0.05744661 15.656952 176.05504 868.69495 551.923 0 0.05006784 335.05582 358.36365 376.56204 378.9431 1 0.109350845 769.68304 433.54694 1022.1176 600.03766 4 0.92248774 319.1892 275.88593 897.9126 871.5612 4 0.8779035 2.7511444 295.61945 424.30396 407.82495 4 0.848429 370.14795 333.2643 804.7158 528.3473 4 0.646631 294.54474 383.06708 659.00507 882.55927 4 0.6371344 19.512405 386.2439 318.6239 613.29755 4 0.6259477 565.2921 443.23224 884.00916 861.78265 4 0.5140386 7.6591797 316.63934 371.38623 1024.0 4 0.5117461 66.79123 418.20435 353.8066 798.40234 4 0.50486887 695.406 411.00946 1021.85095 731.27094 4 0.36350745 210.44597 382.09387 292.75305 452.12122 4 0.35024506 388.6833 429.34457 513.0552 606.3634 4 0.33200735 281.4474 376.4705 437.43976 694.995 4 0.2613483 215.43228 377.45517 328.32834 500.36142 4 0.24396653 28.468506 369.63718 956.28467 951.4789 4 0.21671791 279.49326 372.80273 357.22733 659.8685 4 0.21269533 249.71996 367.8095 377.8509 508.0551 4 0.20301041 378.0815 356.0798 817.5242 729.08325 4 0.19331795 5.689209 299.32544 540.96674 606.573 4 0.19259161 299.43808 367.90152 486.5704 833.1244 4 0.17913201 269.65854 476.1746 312.09573 539.20135 4 0.15049748 373.98566 340.65387 595.4363 657.5571 4 0.13087326 699.8461 496.57507 901.2558 738.6166 4 0.1101878 246.60754 380.11044 370.5124 786.2406 4 0.09308122 495.08676 368.39978 784.38257 495.0133 4 0.09193092 375.91254 354.94568 465.20367 597.0644 4 0.0895485 311.66064 632.3863 402.0514 822.3658 4 0.089347355 25.201752 235.98828 844.77673 748.093 4 0.08329662 489.38492 620.7549 637.39136 815.48413 4 0.08250706 431.18054 358.61945 538.6084 631.9899 4 0.069886155 846.1584 639.93634 1015.4395 748.3215 4 0.059746336 580.63654 462.179 822.8985 530.45886 4 0.059010252 370.94046 233.78975 1001.62646 665.01086 4 0.057523325 838.0724 737.71423 897.53906 813.8146 4 0.052743554 211.08324 421.19757 304.52148 493.25873 4 0.05254617 634.1562 591.8948 878.44025 855.4773 7 0.5989124 0.0 541.5166 295.7785 1016.10754 7 0.10029802 1.5813866 732.4676 60.346886 820.6645 7 0.07728262 1.5531063 776.224 52.95774 819.922 ,test/4110.jpg
0 0.19472013 384.65015 677.7197 415.3197 750.4791 1 0.22538267 170.15631 266.00327 788.7392 800.88916 2 0.9923004 171.8027 264.23373 788.47 811.0631 2 0.7349776 153.22278 562.41833 669.5134 812.97644 2 0.45227104 417.88556 271.35022 773.3846 408.63995 ,test/4111.jpg
0 0.99997365 265.31458 339.13327 683.41077 507.40012 ,test/4112.jpg
5 0.999778 310.72266 221.46207 594.3903 602.19604 ,test/4113.jpg
0 0.22237256 986.3361 631.6659 1022.2801 830.08777 0 0.12919606 637.8968 583.24084 768.48724 848.83606 0 0.10140874 745.00854 596.6184 889.85046 850.59534 0 0.09722285 520.9417 586.27014 649.4123 845.31775 0 0.09308304 405.28326 582.8108 532.8816 846.6074 0 0.08075362 2.018242 927.70416 161.42438 1022.1016 0 0.077592365 850.02655 597.56055 1016.9244 857.42346 0 0.06541042 296.00266 578.0325 412.95914 834.6626 1 0.54363406 851.1439 597.426 1016.9531 856.2378 1 0.5377359 636.1691 584.51263 769.15424 849.12396 1 0.5122691 520.9417 586.27014 649.4123 845.31775 1 0.4489084 470.1524 877.6645 1024.0 1018.7139 1 0.43422034 9.457947 702.6317 1024.0 1006.42615 1 0.42246863 146.77415 930.62036 463.42078 1023.9697 1 0.41655153 405.28326 582.8108 532.8816 846.6074 1 0.28571355 296.00266 578.0325 412.95914 834.6626 1 0.18110141 183.95085 585.20856 301.15982 785.91266 1 0.16939811 745.00854 596.6184 889.85046 850.59534 1 0.16735192 516.71094 951.9291 935.9159 1023.5919 1 0.15059309 139.0497 897.8235 641.6159 1017.4147 1 0.13012171 983.6533 616.8258 1023.19885 828.06274 1 0.06546704 0.0 926.79266 228.45537 1021.1434 1 0.06375677 553.0054 1008.5068 691.5813 1023.88226 1 0.05998921 170.7421 928.1224 257.18958 1022.0997 1 0.059000995 1002.132 372.69604 1024.0 470.7552 1 0.05821639 482.19028 606.04285 1024.0 963.6649 1 0.05156685 0.54543304 772.7562 220.47449 1016.261 3 0.28984815 296.23248 577.74066 413.50647 833.26556 3 0.26565313 523.27057 583.70544 650.4272 847.4419 3 0.22994968 407.21954 582.0935 530.9128 844.1653 3 0.22274643 636.9851 583.7875 769.5382 848.5829 3 0.102162875 745.1184 596.1856 889.6138 850.4201 3 0.099997744 850.02655 597.56055 1016.9244 857.42346 3 0.09615867 183.95085 585.20856 301.15982 785.91266 3 0.051797442 939.8031 261.8266 1003.55457 434.72687 4 0.9730157 68.39761 284.83008 199.3269 829.45337 4 0.97132504 526.83856 229.97443 642.4183 845.6408 4 0.9546243 418.57733 225.64426 527.5247 751.60657 4 0.9417977 183.23405 261.05176 305.9438 835.21533 4 0.9415535 1.1460686 276.55933 91.12578 828.194 4 0.92173845 294.08084 228.28415 415.22128 836.7988 4 0.73572224 362.86057 226.47002 441.56387 623.59753 4 0.6589921 834.0857 252.68509 1014.78894 859.1604 4 0.58694255 647.0141 248.71022 766.98834 726.8013 4 0.5849123 744.8012 596.7389 890.0289 850.6987 4 0.55424297 183.39323 573.51953 301.9658 816.5419 4 0.48332852 760.3646 243.70682 895.69495 860.312 4 0.47839263 0.087070465 559.2886 94.19359 816.93225 4 0.41843686 296.0257 577.69434 412.6986 832.7344 4 0.3776208 29.463495 274.2705 84.961815 598.5613 4 0.35767752 750.17163 247.9514 829.1992 623.26636 4 0.3294655 2.8505096 297.10236 71.11983 635.91504 4 0.3284387 128.103 274.22797 205.73468 569.6232 4 0.29968378 866.1419 268.05005 949.2043 617.32916 4 0.28770596 196.54213 735.772 291.39264 831.16943 4 0.2746766 626.17676 236.60771 699.00745 610.221 4 0.2575199 44.519913 269.09686 365.38147 647.22504 4 0.20917916 405.6325 582.3527 533.07684 843.72455 4 0.198459 935.5427 261.77014 1008.6677 453.48517 4 0.1889628 72.55083 281.6889 148.55733 563.2669 4 0.18238255 299.2971 711.82684 421.80722 835.17194 4 0.17809385 603.0925 252.2409 933.9746 630.686 4 0.17408624 192.62598 278.54526 282.8749 471.09378 4 0.17077874 258.03766 294.1576 314.23602 597.0888 4 0.16542827 791.39197 274.18637 882.6466 660.5315 4 0.16384022 72.08891 565.77966 202.46901 827.8812 4 0.1454938 851.76935 593.4336 1019.23114 857.24084 4 0.13631867 23.602362 319.2058 67.93007 559.4324 4 0.12698148 520.72217 584.86884 649.72095 847.4865 4 0.11150581 630.7765 585.6029 771.536 849.28894 4 0.10944375 804.7004 252.74213 881.8663 499.65723 4 0.10543299 160.4587 261.7637 435.235 830.1649 4 0.09011723 164.78413 454.1304 206.7144 557.4911 4 0.08319215 1.9613991 471.5265 72.46045 584.3264 4 0.081070215 880.2436 279.451 1013.7762 674.8373 4 0.06625545 751.13873 369.84897 802.82306 540.43677 4 0.06287668 208.39656 264.18243 329.77484 657.1459 4 0.053257305 172.6544 284.75372 238.71764 566.15375 5 0.119042374 988.24664 636.86835 1022.1192 818.3476 5 0.10525733 2.018242 927.70416 161.42438 1022.1016 5 0.06571819 404.57538 582.68933 533.6381 844.56885 7 0.6840897 1.8426018 926.0465 62.008904 1023.0559 7 0.41566473 2.018242 927.70416 161.42438 1022.1016 7 0.25023344 850.9816 596.18286 1019.0722 857.8331 7 0.12072075 745.073 596.27704 889.61597 850.43866 7 0.10933849 981.64777 620.3431 1023.1545 861.82965 7 0.094541036 404.57538 582.68933 533.6381 844.56885 7 0.086848356 938.552 274.75992 1003.1146 429.95926 7 0.08086433 295.83838 580.03503 415.6353 831.20166 7 0.059437864 518.23914 586.18677 650.2478 846.79675 8 0.31587315 630.7765 585.6029 771.536 849.28894 8 0.3086324 295.46136 577.4367 413.3966 835.47406 8 0.2957414 520.2265 585.5758 651.9119 847.0392 8 0.28155574 407.21954 582.0935 530.9128 844.1653 8 0.078077756 744.9893 596.5207 889.82697 850.5485 9 0.06947634 981.64777 620.3431 1023.1545 861.82965 ,test/4114.jpg
0 0.18281348 5.644703 81.881165 89.200134 1024.0 0 0.16416761 0.0 84.43521 184.13419 1024.0 0 0.1388624 95.98769 36.844673 161.49832 134.82898 0 0.12881187 566.86145 850.1089 769.50183 1021.7427 0 0.09494406 94.10364 3.8952866 469.61975 211.11685 0 0.06933692 3.185398 481.6845 62.415386 898.29486 0 0.054936476 350.12146 606.3389 502.21173 1009.972 1 0.9896856 403.5464 430.97375 955.09375 1013.0194 1 0.9791285 887.9174 481.01904 1019.8566 992.7583 1 0.94066745 470.89963 0.0 759.5851 281.1352 1 0.93376243 133.13882 675.91974 303.78818 1016.2115 1 0.92399776 567.5357 850.4754 768.13885 1021.58905 1 0.913411 217.63808 155.85849 600.2334 504.1171 1 0.8307677 93.16168 3.4960327 468.91907 210.88942 1 0.8058524 879.638 890.14056 1022.97076 1021.88385 1 0.79018563 350.70367 604.99304 505.14526 1010.4728 1 0.7767658 470.4364 167.9203 939.7971 510.56256 1 0.7000738 310.13058 483.4461 471.01028 579.1833 1 0.6568188 213.3481 201.97597 280.55362 330.65808 1 0.6545548 363.1511 935.507 503.42545 1024.0 1 0.61383635 854.0568 0.0 1022.93146 1024.0 1 0.5756501 59.975517 94.04004 242.40964 740.1746 1 0.5528067 356.7774 0.0 474.70557 172.8096 1 0.5098884 479.98175 186.78673 759.4097 374.5091 1 0.49737546 691.2364 189.9763 843.1031 240.51549 1 0.4877784 237.04077 17.016068 467.8554 329.7339 1 0.3872803 113.93657 892.0781 148.54137 972.8512 1 0.37442863 175.69861 110.77688 247.08737 215.19147 1 0.35276097 228.2417 178.69713 456.99158 626.6921 1 0.34031445 827.6575 5.6028595 1024.0 502.47345 1 0.33756956 192.01596 485.1947 507.79477 1009.1199 1 0.28060558 130.08124 111.04526 331.30038 1024.0 1 0.26768494 399.27634 446.30762 479.06937 508.62238 1 0.23806424 3.5806026 494.46097 53.179024 614.50244 1 0.23068422 281.97314 307.4788 592.2099 495.25235 1 0.22975804 456.13455 52.506104 949.2411 800.83295 1 0.22048813 453.1901 443.70544 907.28735 795.9773 1 0.18752716 87.96385 889.70593 147.5767 991.7621 1 0.17457809 474.6881 5.4211426 627.3861 394.68738 1 0.17389412 97.72926 136.8664 548.28546 996.4428 1 0.17114916 209.9467 197.54947 304.55618 386.55148 1 0.15728407 987.5791 308.35175 1024.0 492.98584 1 0.15551978 309.45435 394.06757 567.7111 604.2676 1 0.1445888 98.066315 9.402588 597.2097 416.12656 1 0.13389738 10.963638 120.09943 272.46204 1011.0639 1 0.12772433 113.38231 10.599426 491.12012 692.3539 1 0.12640652 436.17926 0.0 477.526 179.7674 1 0.12361582 213.06387 307.58667 463.5966 514.4491 1 0.114560835 339.0813 622.4299 727.6223 1009.04047 1 0.10329423 183.67087 91.658844 317.11005 657.17456 1 0.10135139 3.1281738 482.59314 61.3964 895.13403 1 0.09909188 206.95525 150.6936 515.1054 378.34125 1 0.096948825 224.33836 601.6273 489.18915 874.67395 1 0.095832884 288.9522 20.889175 753.3389 491.4251 1 0.091907516 182.34677 631.8911 373.30313 1013.16187 1 0.09011483 254.20033 129.59169 316.3438 350.68365 1 0.087633714 96.46834 45.169197 161.17921 137.22821 1 0.08586165 206.40927 85.99907 405.99606 502.06458 1 0.08419584 139.26888 61.329865 272.24377 783.4042 1 0.07501479 441.2906 748.45306 763.3675 1019.72174 1 0.07304772 311.58517 442.32715 474.10245 639.83435 1 0.062673934 475.32465 185.02411 618.3736 389.67206 1 0.05850701 88.45232 112.984276 164.2323 161.30066 1 0.05292854 157.2011 0.035377502 383.64252 172.3393 1 0.051880363 296.17245 510.9071 468.42685 610.88416 1 0.051873513 404.43143 468.97488 477.4598 501.84177 1 0.051000185 253.38239 213.64465 288.34412 339.21082 1 0.050808523 356.9792 549.4064 462.15918 620.8064 1 0.050091423 547.545 611.453 916.139 1017.78906 5 0.6615282 0.0 87.94745 69.89912 625.17255 5 0.091368355 3.3695335 72.08664 82.89961 1024.0 7 0.06723142 94.10364 3.8952866 469.61975 211.11685 ,test/4115.jpg
0 0.09596665 279.85895 619.762 360.68042 669.82745 0 0.07227717 279.80844 212.4953 388.81137 668.6176 0 0.052306402 626.8523 729.82336 758.18774 795.69055 1 0.9835059 319.10803 539.3861 981.3889 993.9363 1 0.97609735 276.41425 199.35904 802.14923 708.2173 1 0.33298588 363.5282 534.42 728.5364 703.1463 1 0.2347908 320.6798 697.81146 813.18555 1015.3139 1 0.2122672 296.234 252.2291 626.4209 400.3137 1 0.18716416 282.29663 218.10777 419.64264 683.4991 1 0.17726478 286.4446 250.20036 649.04016 597.2065 1 0.17361438 288.42816 233.83109 988.09344 917.2394 1 0.077139616 626.8523 729.82336 758.18774 795.69055 1 0.06669665 284.42044 199.6359 363.07333 591.40845 1 0.059144177 359.34363 901.636 818.28 1020.21313 7 0.97640264 800.93066 801.2525 1024.0 1024.0 7 0.8771589 384.92328 907.4418 814.91046 1022.34827 7 0.10409171 402.68652 937.35876 679.2163 1021.24365 ,test/4116.jpg
0 0.25852895 663.7571 280.34686 754.0696 360.95404 0 0.14775337 341.6401 332.72736 719.1747 619.4867 7 0.56451005 663.9312 280.1923 754.2525 360.94693 9 0.98034567 341.80054 341.3775 702.4131 626.23615 ,test/4117.jpg
1 0.7895804 226.17944 247.55655 896.00574 953.0785 5 0.59093803 347.77286 252.94217 882.69653 520.322 5 0.14187144 223.03793 249.90848 896.6117 959.2163 6 0.61731005 224.52832 245.47992 894.7556 951.7194 ,test/4118.jpg
0 0.5554643 455.80804 396.6842 684.84393 776.2551 1 0.25792432 454.93646 398.26297 684.0678 774.2117 2 0.7939838 455.58 396.697 685.3265 775.31824 3 0.096798815 506.95627 753.39636 534.4312 787.1199 5 0.33397624 507.09616 753.2917 534.45874 787.3587 ,test/4119.jpg
0 0.483755 377.1488 232.81215 418.9259 260.94318 0 0.12464713 188.35199 556.11554 839.2878 753.1851 0 0.12213435 132.16873 236.9672 991.51514 764.66504 0 0.07541123 905.8969 503.04056 1022.11896 525.1333 0 0.057077855 917.7649 506.44504 1022.3412 518.41046 1 0.2549093 127.93454 237.66284 990.6708 763.92773 7 0.8340534 128.88953 237.04684 990.8264 763.70386 7 0.13727693 188.35199 556.11554 839.2878 753.1851 ,test/4120.jpg
0 0.93550044 407.83932 498.29877 477.34482 590.19904 0 0.6181595 353.76675 768.7083 399.86752 789.2768 0 0.56461126 710.8155 486.53488 861.45294 533.3211 0 0.5054511 280.70068 777.69977 473.864 911.2397 0 0.30214155 644.32025 495.6143 719.94476 516.76556 0 0.27150926 498.23618 565.82806 598.88855 604.76373 0 0.22242223 634.76465 386.06885 854.7372 541.3289 0 0.19834471 710.4992 485.87234 766.1989 520.4457 0 0.16883954 626.1212 473.6338 852.88257 538.4248 0 0.1464534 394.73996 730.72516 445.01352 781.73663 0 0.14153439 637.48517 389.16412 766.9421 499.12988 0 0.13708189 499.76276 591.2817 602.03705 625.36615 0 0.091229714 630.3592 484.63138 770.97504 524.54834 0 0.08069994 488.13058 575.2949 598.6301 696.8031 0 0.070733346 157.16637 711.7106 255.47755 821.5425 1 0.9980755 166.6588 474.80765 559.19806 609.9682 1 0.96790266 411.7785 646.68945 546.3214 811.806 1 0.94983333 651.2246 519.65686 959.75793 771.24 1 0.9395257 480.201 615.1298 697.4196 810.1945 1 0.93631303 955.2419 729.8452 1021.98566 781.672 1 0.8733437 225.60663 692.8451 340.30713 844.4901 1 0.83215487 394.5945 730.6891 445.48404 784.3524 1 0.82307196 637.56396 391.71497 745.8966 495.8333 1 0.8026766 104.39724 607.57806 255.46521 717.11554 1 0.7050913 931.0054 708.21027 1023.6478 786.2498 1 0.70116746 125.33237 596.79364 713.59814 874.26935 1 0.6535394 748.2907 754.295 883.9764 819.99677 1 0.623999 158.97206 709.842 255.74626 823.4013 1 0.60878193 154.25272 655.1481 497.62625 842.9243 1 0.59824455 678.32983 703.7703 1013.2606 826.2752 1 0.57712626 682.9244 731.37494 777.24725 827.4814 1 0.5384343 288.84476 672.82886 457.44327 798.0962 1 0.5274645 969.3981 729.45447 1022.91455 757.9094 1 0.49269527 435.34204 491.65405 707.9761 797.9945 1 0.46188748 626.1212 473.6338 852.88257 538.4248 1 0.4463914 117.26378 582.57654 528.7828 713.0973 1 0.41569665 490.28937 466.8053 963.8802 740.76843 1 0.4038624 521.20667 478.13028 849.28955 673.91406 1 0.379524 410.68747 484.94125 565.1622 591.64716 1 0.34550205 146.07782 484.38312 677.5954 793.289 1 0.3426063 914.0699 631.9072 1022.20844 712.31604 1 0.33252102 174.465 708.8407 207.95312 738.8203 1 0.32534057 634.76465 386.06885 854.7372 541.3289 1 0.296343 524.2727 589.2746 1002.04175 816.8869 1 0.25756276 869.09546 715.7421 1022.48816 796.91437 1 0.17630768 597.4699 731.28436 697.8205 838.9476 1 0.173893 161.87778 468.8005 415.36246 530.3135 1 0.17186776 248.95251 754.7975 725.06635 905.5382 1 0.16866061 146.59258 770.833 253.51735 817.1315 1 0.16268091 745.8387 632.1013 967.52057 704.3668 1 0.15269676 881.4908 557.8176 919.87384 638.9155 1 0.1466221 994.4581 642.9448 1021.2429 710.02905 1 0.13230376 147.6304 475.66364 478.78836 712.0203 1 0.120726295 488.13058 575.2949 598.6301 696.8031 1 0.11924529 710.8155 486.53488 861.45294 533.3211 1 0.11549733 280.31473 470.80725 925.7119 841.55786 1 0.111879684 713.54266 621.4828 1000.1054 810.39014 1 0.11098754 142.66426 681.414 359.69525 843.80536 1 0.10909057 741.55505 725.4109 957.7549 817.2423 1 0.10906212 653.2349 530.89355 911.5931 679.0344 1 0.103894554 282.37473 709.96533 339.89334 813.62537 1 0.10167494 395.8111 605.9238 672.1624 863.11145 1 0.10146538 290.10468 657.2753 600.4442 810.0064 1 0.1005102 146.02362 578.05304 258.41818 625.1945 1 0.0992641 243.17618 489.97632 410.44656 524.09186 1 0.09527609 481.53812 576.2689 614.57776 790.57153 1 0.0914306 453.97406 805.1067 643.86383 879.4286 1 0.086414844 176.33572 789.78 241.68304 833.62354 1 0.077057116 461.67325 685.872 540.8695 807.18976 1 0.075694166 170.96652 670.8968 244.90039 741.9041 1 0.07529995 684.81885 722.9392 882.26807 829.17834 1 0.071406566 226.05978 704.0815 475.97604 902.39606 1 0.07012715 287.31628 678.3842 424.3568 742.96246 1 0.069124565 170.2014 707.10046 249.47548 743.4757 1 0.062257253 217.91971 712.8397 259.94797 815.2517 1 0.06153185 281.77786 778.4494 474.23624 911.9074 1 0.05927141 736.985 551.2008 960.0293 700.3976 1 0.05490262 511.1059 468.33496 666.27936 511.51862 1 0.05361138 104.25595 651.9706 265.83798 832.05725 1 0.0532165 456.4886 469.62494 871.6281 589.2299 1 0.051962245 514.4572 507.29254 772.2785 840.74896 5 0.87958854 881.02875 146.56056 949.565 203.28621 5 0.4856514 283.52225 777.82043 473.9424 913.51416 7 0.5475313 156.94388 711.7976 256.56146 818.93115 7 0.11643846 630.5973 386.52423 855.92114 538.5347 7 0.10638521 637.32056 389.18143 776.76685 500.91306 7 0.052853398 629.057 469.35593 851.6769 537.8872 ,test/4121.jpg
0 0.9913549 352.80643 639.67145 451.60373 728.13153 0 0.61478317 917.3479 164.85774 1020.0178 333.59717 0 0.39126244 351.86984 604.8618 387.7419 689.5082 0 0.13087206 353.69104 580.4496 487.12476 729.02673 0 0.1249629 383.36374 583.7001 417.67496 630.8911 0 0.12315516 479.48657 624.62024 549.2069 671.2761 0 0.12207341 278.03955 422.0175 618.96094 792.6554 0 0.08468908 483.26038 628.168 520.6526 669.63824 0 0.079690225 213.65617 406.24377 571.88556 615.4232 0 0.055963334 369.45737 571.5193 502.7822 648.6017 3 0.117900506 941.88184 170.44601 1005.214 213.50027 5 0.6047215 941.9079 171.05862 1003.816 212.87552 5 0.5956749 756.2945 281.03262 816.9079 325.02536 5 0.546257 285.46075 427.9295 613.59424 791.76935 5 0.18991269 0.0 604.92914 420.49677 1024.0 5 0.17420623 734.69293 280.0781 1022.5832 487.94388 5 0.050507594 923.08374 159.93594 1020.54944 332.09894 6 0.44122466 281.572 786.6365 453.76956 952.4579 7 0.9949403 537.46094 448.36508 739.94214 592.0818 7 0.908046 212.00418 403.39124 540.42664 613.2673 7 0.4305356 216.76552 411.64136 623.6299 801.41956 7 0.06763713 351.11133 599.3046 387.12067 691.53815 ,test/4122.jpg
0 0.7451581 4.1827393 0.0 520.78046 331.1736 0 0.23662283 40.699684 243.1701 114.33236 327.1302 0 0.21391764 984.28516 216.33568 1023.9092 261.96 0 0.056635153 280.04727 2.8353424 411.78323 140.53204 1 0.99002564 673.3384 0.0 1023.5178 275.4013 1 0.76257515 477.14264 0.6988754 829.13715 115.90532 1 0.50343937 7.0198517 0.0 518.66974 331.53928 1 0.37536114 473.56027 2.0283546 644.0038 117.859406 1 0.26400754 580.5572 0.46515465 865.1777 58.875153 1 0.10447354 0.063964844 222.79779 141.114 338.55743 1 0.087248266 63.517853 6.9901123 996.7532 282.9788 3 0.999913 521.72656 290.9381 716.255 751.6813 7 0.07925308 38.78009 0.0 512.8907 334.3296 8 0.53486407 473.27335 2.5274239 644.7761 117.21057 9 0.07510632 6.6025543 0.03466797 516.60077 309.25836 ,test/4123.jpg
0 0.6463883 319.24384 147.04147 516.39307 200.54413 0 0.54071116 321.91922 151.99486 517.9824 175.02281 0 0.2487265 224.63141 280.9705 270.83044 335.13583 0 0.19118059 318.22375 145.7239 538.64246 370.52414 0 0.18898392 333.13113 180.87143 514.0842 208.31802 0 0.15467213 229.82007 55.209763 350.04974 337.338 0 0.10193759 343.93713 95.50045 526.7558 199.32419 0 0.08274374 342.26828 163.09201 496.50626 176.32437 1 0.9353226 315.00436 49.165054 544.2643 378.04523 1 0.81487375 229.94922 54.982803 350.0334 337.65753 1 0.69415736 519.3023 156.83621 594.87067 262.22333 1 0.57086796 333.7415 58.886208 537.32465 174.51407 1 0.24138573 313.79688 156.1326 598.4188 322.535 1 0.20548335 385.4792 114.8284 534.5116 157.69601 1 0.15571634 308.6856 66.13359 356.47064 158.85088 1 0.08990715 320.83807 149.5311 522.46893 172.53967 5 0.06371657 230.19687 280.2803 269.3326 333.46432 7 0.9992083 151.23444 284.23636 459.39166 939.0309 ,test/4124.jpg
0 0.90246975 259.15588 788.1056 306.065 839.79175 0 0.6022635 321.0776 3.828003 898.83923 436.1101 0 0.05054636 257.06393 749.23535 289.90964 797.53186 7 0.9963372 260.85284 395.94507 659.8026 835.0752 7 0.9933351 653.8045 677.0102 758.3929 775.14777 7 0.16421539 271.75787 384.06464 384.0775 432.47046 7 0.14341697 304.77658 408.4169 352.05466 431.39694 7 0.11774484 259.23224 788.43414 305.93298 840.01276 7 0.082874745 295.62256 404.50098 380.53046 429.31323 7 0.06854336 293.20657 404.42007 500.57516 438.96585 7 0.055034578 260.90338 397.3318 621.2102 451.4472 ,test/4125.jpg
0 0.99952114 705.5265 793.95337 809.77344 968.0137 0 0.4458792 248.6621 499.08234 453.69666 674.7659 0 0.080115005 160.78137 765.97437 250.56137 922.6725 0 0.05258672 259.41162 635.34705 299.8369 689.03723 1 0.98944795 161.0565 766.67596 250.12639 922.2724 1 0.22203505 248.22586 498.94757 453.6038 674.6065 2 0.7555581 248.86829 498.94702 453.79224 674.7728 4 0.21665569 0.0 736.4812 181.05795 1021.8524 5 0.15630117 0.0 736.4812 181.05795 1021.8524 7 0.058273014 0.0 736.6275 181.21048 1021.7399 ,test/4126.jpg
0 0.9250794 385.0241 542.44507 646.1618 638.7031 0 0.08241003 390.21918 538.2152 686.769 792.4281 0 0.05783941 288.9112 434.85608 505.35596 529.4033 1 0.118884034 288.54453 434.8319 502.8052 527.8616 5 0.99649507 527.9066 540.1953 685.92285 797.46875 ,test/4127.jpg
3 0.9971642 187.20398 335.2837 486.07916 555.4687 ,test/4128.jpg
0 0.8759178 699.1253 358.45703 754.97186 449.30103 0 0.26938817 325.44275 306.98282 425.83228 372.18436 0 0.05060672 647.14844 354.9729 754.3551 454.4925 1 0.1238717 95.27646 220.80115 746.25134 877.4863 3 0.9704616 94.0607 227.3992 744.06433 875.4359 5 0.09030484 95.27646 220.80115 746.25134 877.4863 7 0.3302035 586.06134 780.25903 678.25433 834.38074 7 0.059864122 584.86615 755.3965 732.0694 837.1793 ,test/4129.jpg
6 0.9997491 344.04913 322.86908 650.08496 771.018 ,test/4130.jpg
5 0.9997017 16.451782 388.66272 739.15314 816.0189 ,test/4131.jpg
5 0.26695424 349.07968 419.87766 746.8274 844.6465 7 0.9360895 350.48428 420.7757 746.5349 846.4134 ,test/4132.jpg
0 0.123993866 391.53674 98.257385 598.1885 260.70615 4 0.99950325 357.7444 427.0912 564.7252 852.1405 6 0.8716146 132.6074 346.5299 198.16948 445.7093 6 0.36725295 390.62622 98.45281 598.0091 260.8549 ,test/4133.jpg
0 0.9130396 0.0 2.6228561 74.68208 160.41614 1 0.06496036 128.42175 450.80505 811.8267 764.3898 2 0.0625167 137.60123 445.22748 810.6221 769.5693 5 0.16972087 0.0 2.998001 74.742386 159.69554 7 0.98462754 140.10294 447.14954 805.24 770.83765 ,test/4134.jpg
0 0.7001895 258.90332 861.59454 371.435 946.4427 0 0.6808079 519.6185 761.9 734.4553 846.4971 0 0.60558033 12.209305 435.89612 425.57904 568.98645 0 0.5773303 486.31104 519.65186 564.895 596.10815 0 0.23980106 694.36035 327.75296 810.41724 436.95114 0 0.21102168 315.90118 340.1087 421.49835 425.9897 0 0.1876353 64.16208 214.87415 465.33652 347.52454 0 0.17623134 3.8917542 297.22113 416.42688 625.71857 0 0.16071561 321.21317 275.74426 464.2468 343.9203 0 0.13514066 112.203064 434.8327 391.56592 504.84625 0 0.10606184 566.20825 251.25813 802.13464 419.193 0 0.09312991 327.29523 228.96085 493.83527 371.64053 0 0.086442545 716.73224 336.1197 805.91144 406.26758 0 0.08512288 128.95206 876.7415 238.832 919.6368 0 0.07833962 48.691467 201.33658 682.4846 378.77945 0 0.07330893 33.638428 430.49234 345.73724 718.4413 0 0.06918509 18.868286 222.34764 588.47986 530.33167 0 0.06103317 0.0 466.5633 166.89673 573.52936 0 0.06015154 3.4335785 316.91473 408.58044 473.08667 0 0.055504423 12.35379 385.1927 559.8368 742.502 0 0.052384917 307.4612 190.49915 727.9547 426.7339 0 0.05083745 322.39978 258.48495 465.39502 435.9531 1 0.41442165 368.28705 188.47188 815.51447 451.50116 1 0.36226156 17.658005 502.1192 485.18066 943.6685 1 0.3489118 577.8648 300.7683 810.778 448.57745 1 0.31460103 259.4449 861.4094 371.4568 946.5631 1 0.19644874 10.169464 439.92993 383.9629 566.31213 1 0.18503967 148.86847 710.7271 485.97668 898.2115 1 0.17329459 53.790115 660.6412 370.57806 937.7817 1 0.12843412 695.6526 323.6275 811.2477 440.38623 1 0.11627651 14.199066 567.64465 262.0275 918.2235 1 0.11115472 10.522934 472.80664 453.5417 712.8694 1 0.08195544 112.203064 434.8327 391.56592 504.84625 1 0.072214015 2.3718414 806.65454 373.656 944.5697 1 0.052794497 3.8917542 297.22113 416.42688 625.71857 3 0.69094753 46.292862 489.25635 520.9522 712.60547 3 0.3414835 19.29126 400.99518 610.96594 765.856 3 0.1760307 306.61115 379.97696 566.84064 728.0016 3 0.11099185 12.314606 543.9573 491.1757 874.48816 3 0.091113165 293.86896 483.78217 487.7602 700.3212 3 0.06312698 7.9167786 441.84164 419.22855 604.06116 5 0.15843458 19.29126 400.99518 610.96594 765.856 5 0.10223965 49.18004 495.3355 512.3958 711.1569 5 0.06300338 15.937729 516.3322 496.05933 921.2454 5 0.055356614 306.61115 379.97696 566.84064 728.0016 5 0.050153982 604.54626 490.76807 633.4866 530.7346 6 0.98931736 376.74576 713.5638 799.6354 982.64813 6 0.89994 307.9065 188.04546 816.4557 439.59845 6 0.8120156 64.678955 213.43993 468.91895 349.28497 6 0.2310294 48.691467 201.33658 682.4846 378.77945 6 0.10341943 18.868286 222.34764 588.47986 530.33167 7 0.97408694 41.732117 946.87445 408.08774 1021.63666 7 0.94878244 453.05646 404.61658 856.2598 777.2604 7 0.7388279 8.379532 315.1972 323.49927 472.75635 7 0.57025653 0.59147644 309.11026 413.98016 586.4142 7 0.5701627 0.0 310.02216 202.2037 355.67297 7 0.40403166 12.176971 334.8054 842.24097 806.48193 7 0.39594755 52.10846 967.4869 135.36154 1021.47675 7 0.29394037 221.2176 703.9898 484.4969 887.8372 7 0.20231932 0.0 466.5633 166.89673 573.52936 7 0.16027477 19.747482 363.18576 516.62726 935.2146 7 0.15190709 96.11008 307.19785 177.19934 349.8691 7 0.15011925 11.287079 436.5229 423.2965 570.8948 7 0.1482877 379.58484 700.80286 810.5586 988.27234 7 0.11905183 35.927975 311.59473 148.75146 352.15417 7 0.118422374 0.0 314.45425 49.178528 362.33505 7 0.09703952 553.6657 393.77435 584.4023 423.5074 7 0.0796785 18.868286 222.34764 588.47986 530.33167 7 0.074096024 61.395554 271.7444 447.83588 444.78766 7 0.07114054 555.15955 382.7163 598.6207 415.77057 7 0.06889318 32.60239 326.4647 111.25314 353.2283 7 0.06137462 64.72223 299.4172 376.40933 354.08957 7 0.06118811 0.0 311.83554 103.79349 361.71603 7 0.057980444 70.88745 840.1361 375.8098 1021.9834 7 0.055971198 129.28229 876.2382 238.68686 919.7 7 0.05187633 64.51698 213.07062 469.932 348.77472 7 0.051735416 428.55966 693.8648 806.46643 833.33417 ,test/4135.jpg
0 0.23016325 470.25424 713.84033 714.4241 1017.66907 1 0.7087767 468.45984 713.48413 714.8655 1017.94214 1 0.12062136 249.00897 0.0 855.7409 249.64735 6 0.118459694 249.46182 0.0 853.06384 249.1152 7 0.9992501 251.37057 223.0699 766.90625 674.1811 7 0.46205333 469.8097 713.8197 715.3816 1016.57983 ,test/4136.jpg
0 0.07381414 37.628937 130.78897 497.24313 445.42905 3 0.92056197 380.42703 340.4831 951.4336 807.8466 3 0.45865774 36.979767 132.10457 500.27145 431.4859 4 0.60826266 35.162506 136.09195 508.749 557.88855 4 0.1564972 371.69724 334.45764 948.67053 811.6063 5 0.31845373 36.56227 135.96497 506.85797 558.5378 5 0.13986184 379.54526 339.68085 951.11426 809.081 ,test/4137.jpg
0 0.77142924 749.23517 67.380875 845.62103 178.13779 0 0.52423644 309.45258 635.4932 516.93066 783.7486 0 0.20337377 393.70526 292.2277 593.8644 499.38394 0 0.117797896 353.60974 394.24966 429.66516 464.30875 0 0.09975755 390.25916 456.98126 423.14233 494.50568 0 0.08291438 531.95856 292.35495 600.9643 367.66434 0 0.07594829 328.85056 448.93985 457.27774 535.986 0 0.06796429 373.63095 463.0718 450.49313 523.90686 0 0.053153608 374.15958 461.74857 399.43808 520.79034 0 0.05061299 362.3848 285.7089 610.2528 675.86084 1 0.9966911 258.56732 184.57321 762.55347 901.319 1 0.65561116 328.85056 448.93985 457.27774 535.986 1 0.54230434 351.38113 394.2327 430.45975 464.03055 1 0.47475228 107.29468 2.5789948 624.43134 411.81952 1 0.43349433 341.04428 294.5895 591.858 514.68445 1 0.30816886 362.3848 285.7089 610.2528 675.86084 1 0.18391997 357.3514 457.3053 435.90927 522.57184 1 0.14679657 389.122 457.12967 423.06586 492.68735 1 0.13374493 359.39017 465.99744 398.07858 523.9161 1 0.119949974 329.02277 444.00262 398.15326 529.0844 1 0.09273627 531.4823 291.4206 604.1467 369.30847 1 0.08994233 376.3582 463.8634 399.7225 520.5561 1 0.079888895 378.95932 481.24402 444.7701 522.02515 1 0.07481557 379.44492 457.55963 426.3564 509.2088 1 0.07037121 389.7926 458.08936 451.61432 524.43115 1 0.06930073 280.50342 409.74164 606.9704 903.9057 1 0.065821916 290.28238 203.56761 536.1176 541.70276 1 0.065255664 361.39093 451.5199 385.53613 518.8476 1 0.05295008 360.59998 385.53976 557.91315 478.4808 1 0.050801504 344.0995 448.14734 373.78857 521.0704 2 0.07794461 376.07587 457.6911 440.08557 521.0437 2 0.07556613 388.87955 457.13092 424.68112 494.38147 2 0.061398156 351.3139 394.85394 429.50134 464.26917 2 0.056622855 394.04044 300.98724 586.74054 485.86163 3 0.7039692 736.18005 242.74637 785.1647 271.45663 3 0.5011903 596.4813 1.360426 648.38806 37.762016 5 0.46279308 737.00775 242.36488 784.9372 270.66428 5 0.34464037 394.30145 302.78876 589.90955 504.40405 5 0.08126274 389.1196 456.56772 428.01047 489.39316 7 0.59807074 749.41595 67.55861 845.46124 177.85057 7 0.06045408 391.04727 293.33862 594.30774 496.50073 ,test/4138.jpg
0 0.8470322 293.40573 387.20746 369.93356 450.61127 0 0.4037193 289.36578 387.5014 368.607 397.69275 0 0.17047608 789.32935 397.30908 844.79504 454.88782 0 0.1566861 480.70212 90.36389 526.82056 151.08177 0 0.12911408 223.89987 346.2 255.9349 384.9602 0 0.1276848 291.6758 387.87833 368.81833 410.39005 0 0.07004921 179.37859 367.15796 294.97235 399.61517 0 0.067860104 219.99419 369.46448 267.04504 401.39337 0 0.057046667 215.26865 347.65063 250.71313 397.79144 0 0.05504207 184.1203 349.43176 263.0835 399.35187 1 0.11705839 643.93976 497.68356 724.185 519.65173 1 0.060933392 293.35382 386.80505 369.65344 450.792 1 0.056637265 686.8385 316.67563 911.8242 431.20407 1 0.052396204 781.3331 393.82178 846.5686 471.49213 3 0.14236279 827.3392 79.51914 942.35785 183.29572 3 0.08643446 223.89987 346.2 255.9349 384.9602 3 0.05182518 179.05597 358.98105 247.91422 381.87796 5 0.86383426 387.80444 354.7814 603.79156 556.182 5 0.8577163 693.97363 361.21182 782.2611 433.30173 5 0.7215032 691.267 315.0531 858.55365 435.09442 5 0.5336222 509.57666 361.04126 603.85156 488.54437 5 0.4619403 743.7057 321.6809 815.42847 409.28143 5 0.42977947 385.73788 355.96988 505.54135 535.355 5 0.35873023 628.35583 486.01526 669.8939 518.2744 5 0.3564117 640.03107 350.86862 723.0323 434.89474 5 0.29973164 620.9684 471.58545 740.21204 519.1543 5 0.28557575 454.69672 365.87793 571.5782 545.3747 5 0.20223711 628.83093 491.99344 729.34204 521.0257 5 0.19575131 486.53256 483.87546 547.1228 545.8331 5 0.15454283 493.38983 352.26184 712.696 461.10815 5 0.14089741 493.12598 439.01926 595.74524 500.35294 5 0.13958506 445.5492 364.0553 515.5526 452.43762 5 0.1257392 823.77576 320.6059 862.9811 360.6469 5 0.09937774 485.17505 398.51758 602.82715 519.1502 5 0.09246993 730.36786 368.2606 777.9268 414.06357 5 0.08036623 488.51898 381.2124 511.57727 452.21436 5 0.0785709 819.1154 306.3652 893.8995 365.59256 5 0.076893084 642.54004 374.73044 678.1854 416.0098 5 0.07659068 581.5843 354.31808 690.31915 458.9991 5 0.06902574 575.51587 332.3121 866.75073 447.999 5 0.06832288 292.70367 386.98422 370.4248 450.9612 5 0.055265192 535.4658 437.66315 586.0066 514.62634 5 0.05519938 437.8472 353.68787 694.7167 534.95435 5 0.05413709 387.3063 447.15967 458.7905 538.91846 5 0.05297842 455.6773 396.31137 507.20966 443.5009 5 0.051116772 785.63586 396.1715 848.7915 462.97266 7 0.9998348 23.036865 369.49957 471.46945 849.22845 7 0.9994392 587.60236 307.92657 982.64825 781.14813 7 0.95428824 387.1186 346.38422 622.86444 653.27185 7 0.94651175 582.1282 354.25476 688.9282 458.89655 7 0.58782685 404.03568 480.63687 603.4696 648.2613 7 0.3296568 928.80426 354.57306 962.1828 452.52588 7 0.2113328 663.532 309.5383 924.28577 435.40817 7 0.168362 785.99316 396.284 848.8396 461.16766 7 0.15313262 522.8026 333.43945 596.8141 427.6087 7 0.14228833 482.38776 350.88937 717.0158 464.03012 7 0.11629199 934.39844 405.4648 961.89575 451.84402 7 0.09157337 644.85864 497.3388 723.5687 519.60046 7 0.085920304 911.155 350.14523 941.3147 411.40616 7 0.082911134 178.79538 368.95255 295.4975 399.4739 7 0.07117045 293.35916 386.53052 370.83524 450.8553 7 0.060678557 619.995 479.54062 729.7439 519.2838 7 0.060091935 639.3356 351.02817 718.81323 439.20206 7 0.058583528 632.69684 399.5939 691.1921 456.9028 7 0.053009573 627.6547 486.29446 670.0909 518.35645 7 0.05189931 377.35867 339.38278 862.19824 555.0341 ,test/4139.jpg
0 0.9998847 328.4884 289.8162 598.7151 857.04504 ,test/4140.jpg
0 0.59511065 460.61273 193.71033 527.50366 298.2794 0 0.13732834 499.6293 249.92409 532.89056 285.70493 0 0.12221129 479.77884 215.45776 524.65875 288.5355 0 0.112061 462.53345 200.56897 489.55505 259.5244 0 0.081453644 258.05057 161.88121 309.52042 192.90324 1 0.8998208 460.7699 192.25479 504.063 298.11047 1 0.5720833 461.41937 194.2417 490.1411 262.83273 1 0.11637111 460.33087 193.44688 493.59186 214.87086 5 0.90714437 889.93933 499.53827 949.2173 631.05865 5 0.058041662 145.79523 216.8019 195.51797 245.84941 7 0.9995272 386.2354 264.9775 757.6342 933.98596 7 0.99704665 101.21817 140.4732 280.31143 467.55243 7 0.995602 247.65375 24.456757 476.9417 849.64014 7 0.9672257 606.3535 274.755 900.99414 694.21844 7 0.11930293 275.82776 19.191498 487.18042 430.38266 7 0.07702732 459.54242 191.13797 531.03906 298.05457 7 0.0683347 121.68736 45.32187 482.95233 486.95773 7 0.05582071 245.78123 98.19751 699.923 884.9127 ,test/4141.jpg
0 0.31137183 200.28838 999.8509 233.73949 1023.0677 0 0.26633337 311.71445 882.1654 422.69272 1014.85205 0 0.2446795 558.7186 452.59027 612.1199 518.17737 0 0.20008904 447.06543 399.0373 495.5617 545.06976 0 0.19442753 290.47476 880.94727 521.32916 1021.48303 0 0.11551539 523.5244 419.58258 548.62915 483.13788 0 0.0886499 480.34277 476.0553 497.76575 527.5059 1 0.069976315 200.28838 999.8509 233.73949 1023.0677 2 0.17713986 450.42926 501.78662 489.97028 541.8406 5 0.6147384 450.541 501.60736 487.929 548.31976 7 0.9997161 262.29227 255.08919 475.7913 744.909 7 0.9994388 409.04437 403.91324 616.7906 907.45764 7 0.8402023 566.39453 432.51642 662.8877 797.91547 7 0.5140456 0.0 674.4479 38.06595 865.85156 7 0.34906128 558.2468 450.29102 611.5785 518.3482 7 0.25077268 470.65796 412.63547 664.79285 810.58105 7 0.078647695 611.7646 427.20343 669.4052 736.6374 7 0.050877355 200.28838 999.8509 233.73949 1023.0677 ,test/4142.jpg
0 0.6369052 193.76102 195.33353 898.1515 883.14124 1 0.6028258 193.88773 194.28162 893.9374 882.2532 ,test/4143.jpg
0 0.99358785 224.00208 504.5337 335.77655 542.83704 0 0.15406092 224.0473 498.28702 379.84546 605.56775 0 0.13865758 340.52914 284.72122 787.0143 646.81836 1 0.14104399 340.96622 285.92493 786.5807 646.24115 2 0.35173655 341.14722 285.75092 787.1111 646.6837 3 0.25455984 340.2171 285.69403 788.35236 645.6748 5 0.6683379 339.14233 285.52292 801.1886 643.1781 5 0.08831848 348.415 276.92523 566.56555 623.9781 7 0.2346282 340.00952 284.6175 786.20483 645.4031 ,test/4144.jpg
0 0.13433558 381.36603 69.05127 647.0611 769.3859 7 0.9617205 377.51196 68.25287 647.5593 763.5367 ,test/4145.jpg
1 0.35395017 799.58795 345.45584 1022.05316 650.91187 1 0.12747626 141.10286 471.31256 166.46123 514.7722 1 0.053313356 852.4436 347.93137 1023.71423 456.45364 2 0.38874748 141.10286 471.31256 166.46123 514.7722 5 0.863282 648.79944 414.3448 710.1598 460.4585 5 0.8155534 701.6604 505.91153 736.3855 549.5185 5 0.36862046 141.01996 471.44568 166.36148 514.47845 5 0.08302541 688.54663 504.594 738.6732 575.1527 5 0.05141681 655.83624 413.16608 706.68524 435.6917 7 0.99987566 167.26952 24.815414 666.0983 349.6978 7 0.99986804 502.38824 475.22174 935.0201 947.34467 7 0.99978024 467.2073 301.0865 754.9918 554.74744 7 0.9996474 136.79384 292.85077 508.4005 660.04974 7 0.9989042 49.09677 706.7503 530.27893 903.1148 7 0.050860055 267.29498 752.16016 448.20978 894.21936 ,test/4146.jpg
0 0.9996674 688.03595 220.73569 884.45734 427.35654 0 0.17515296 412.45255 394.72308 499.48782 463.30756 2 0.9998927 113.47665 656.7886 322.98 827.0979 ,test/4147.jpg
0 0.9992569 330.30002 306.67395 546.8236 594.78925 ,test/4148.jpg
1 0.9990594 145.1427 122.19214 880.8623 669.4218 9 0.3653848 41.35623 516.76685 959.20593 1024.0 ,test/4149.jpg
0 0.16189191 297.49835 502.05692 329.59973 615.42786 0 0.10239769 715.09924 210.62654 771.0769 267.71637 0 0.069924474 299.54037 551.5269 325.32736 614.48285 1 0.95990103 427.15955 187.24115 528.76544 239.7749 1 0.94272 512.82117 133.63622 728.76196 241.77135 1 0.86746114 300.02136 200.0655 786.8467 576.49384 1 0.7335433 411.09882 233.18379 719.5783 296.1916 1 0.6771592 706.0111 202.63843 790.66003 300.61188 1 0.6248561 306.46738 81.75931 568.64856 217.46533 1 0.44645908 690.1803 254.91791 722.2312 300.52612 1 0.40845257 485.85037 89.18633 774.921 225.30582 1 0.38912266 306.55292 182.92717 766.48016 363.64252 1 0.35012963 696.9608 211.81444 796.38464 368.1488 1 0.31862175 322.5833 281.20767 736.85565 360.81174 1 0.30034837 345.68903 940.40717 563.60944 1023.0894 1 0.2930932 356.44104 180.22755 544.3832 239.9623 1 0.28234777 395.71005 165.1213 775.0421 294.70828 1 0.27563414 412.28662 181.96498 713.73193 242.57826 1 0.2646388 509.879 194.6878 762.8603 288.9676 1 0.23097144 341.61353 124.43396 631.08673 223.99072 1 0.22983693 715.09924 210.62654 771.0769 267.71637 1 0.22806197 326.40994 218.59302 418.8126 281.4407 1 0.22232202 542.7934 120.57322 643.2546 158.2268 1 0.2221694 675.07556 251.85112 734.22437 298.91455 1 0.21503276 401.2135 261.2367 706.74316 311.66998 1 0.20755164 420.22137 271.31134 518.22534 287.26135 1 0.18429285 713.80493 172.67851 761.92615 281.97174 1 0.18199077 386.21222 131.35626 528.0801 235.84766 1 0.1713144 703.5935 255.58466 731.33594 300.58893 1 0.15452315 504.13037 101.790985 722.6343 184.50793 1 0.14166304 323.28967 89.884285 758.0012 263.01147 1 0.14155787 691.2097 152.58426 768.1378 305.61673 1 0.11516291 285.25586 184.20325 341.73773 367.1153 1 0.11496939 667.7246 130.81924 773.3003 232.1463 1 0.110319905 517.7577 194.1911 675.6378 245.79239 1 0.10739866 647.3063 165.3118 748.9155 299.87482 1 0.101002514 408.32336 182.42223 532.24176 281.54208 1 0.09702366 513.02985 137.29474 652.259 212.31561 1 0.096421145 524.328 187.13156 800.6273 367.43228 1 0.09528907 428.63373 188.0506 514.7296 210.52054 1 0.094018854 380.703 218.15231 422.3031 252.8995 1 0.09374277 349.37802 181.08829 519.5541 215.05621 1 0.08715393 328.75137 238.15906 398.50558 279.75537 1 0.086871274 702.6317 289.92648 769.0487 357.88168 1 0.08143997 672.6516 163.41106 752.05066 220.77995 1 0.077925965 517.5649 195.5736 589.62103 241.76265 1 0.07533399 357.43173 215.08937 424.11392 261.1275 1 0.071784265 321.69223 210.18924 424.44974 342.11838 1 0.07128444 424.83533 185.4436 515.53107 199.87622 1 0.05734717 673.9163 252.16869 694.215 296.22772 1 0.05107356 668.0968 137.88734 765.40137 187.47209 1 0.05014988 503.27545 85.8757 580.6469 129.71974 1 0.05000321 649.7773 222.71625 721.22015 297.818 2 0.92224807 328.10428 221.10909 407.6539 280.97693 2 0.32800725 345.28156 940.024 562.8952 1023.0961 2 0.17598325 367.26547 944.84314 482.2482 1022.7689 2 0.11428078 354.12305 217.36368 422.9331 256.35645 3 0.54759824 449.04437 222.89807 491.84998 238.6687 3 0.14300306 299.54037 551.5269 325.32736 614.48285 3 0.099350534 297.49835 502.05692 329.59973 615.42786 5 0.9083268 566.1258 531.94977 801.2631 956.69 5 0.25550222 343.01184 939.72644 565.9859 1023.1284 5 0.13357125 359.99673 940.5321 432.1915 987.66516 5 0.08201216 448.65378 222.51775 492.09818 238.89821 5 0.05906319 297.2079 500.44257 331.0514 613.4235 6 0.43185198 307.68198 82.45562 549.4619 210.07791 6 0.40183038 415.82907 83.985794 491.57773 126.958176 6 0.21720082 672.68506 92.86664 768.709 212.93286 6 0.20307338 510.3949 89.74656 771.49414 177.49893 6 0.13229524 666.46014 137.86136 771.7535 195.56805 6 0.0766934 345.9171 940.38043 564.04645 1022.9776 6 0.06467726 322.8454 81.96983 409.9964 124.83978 7 0.3229629 343.76483 939.1107 565.8146 1023.40625 7 0.2656038 566.7262 520.2348 799.4503 957.1772 7 0.18039288 339.3052 972.6206 421.00394 1023.15686 ,test/4150.jpg
0 0.13817364 130.90125 446.52048 295.24268 615.2156 0 0.099073164 291.94153 578.5015 482.92322 728.76215 0 0.06463881 376.34497 760.5566 425.98932 809.8298 0 0.06165916 406.26486 560.9403 473.31784 618.8264 1 0.9962935 247.60156 467.09058 543.4487 840.5321 1 0.99208355 542.44794 249.1745 808.25653 580.7018 1 0.90450263 614.5576 248.22833 797.0221 447.3401 1 0.89007264 130.57587 447.04617 296.24277 613.81213 1 0.8276709 509.94748 449.66547 748.7357 702.3431 1 0.63463897 303.4009 190.4773 425.93454 391.57733 1 0.5618294 291.58887 564.0288 489.57135 759.66943 1 0.24728265 604.5431 287.40417 743.8286 433.09625 1 0.19716811 246.18835 478.7999 398.54077 689.3651 1 0.19191206 621.0595 283.69763 682.59674 430.4933 1 0.16844767 397.32196 465.72723 511.76428 607.5723 1 0.13556209 570.13666 339.2822 792.65594 479.8538 1 0.10633664 599.1537 266.30917 657.65564 405.3611 1 0.09488122 406.26486 560.9403 473.31784 618.8264 1 0.09215135 377.2603 760.64813 424.95734 809.71954 1 0.09095688 559.29846 290.79892 710.83093 547.12256 1 0.0866162 302.64868 669.18396 404.34436 756.1222 1 0.072190866 676.48206 326.25635 803.9114 607.5348 1 0.06471979 651.4359 253.50876 749.2141 340.715 1 0.050211255 308.40607 743.3351 410.9309 861.91113 5 0.2130741 999.85565 41.687885 1023.78253 135.57285 5 0.06612836 130.90125 446.52048 295.24268 615.2156 6 0.06541362 303.70242 193.1405 426.56723 389.14148 7 0.99734145 399.5057 114.47061 614.35675 498.14597 7 0.9874538 326.56976 118.65381 458.09875 272.70123 7 0.8687873 284.6547 2.1946793 348.42233 181.98785 7 0.33332163 301.37646 122.24608 458.7481 387.07678 ,test/4151.jpg
0 0.3955114 177.8552 141.6265 983.4829 978.0747 1 0.52616173 178.59882 141.95505 983.6501 978.1179 9 0.4502026 181.1878 147.30771 980.11346 978.46265 ,test/4152.jpg
0 0.8512479 392.96744 120.436005 654.57837 984.7529 0 0.55591905 870.44977 78.25183 1023.6385 356.30716 0 0.4020746 0.0 464.99692 105.89013 731.6881 0 0.21069027 947.2602 763.4392 1022.68427 984.4949 0 0.08805312 911.89923 303.20767 1024.0 348.40933 1 0.5545617 0.0 464.95984 105.73217 731.88574 1 0.2155473 871.0452 77.31476 1024.0 356.51648 1 0.11941915 911.89923 303.20767 1024.0 348.40933 1 0.08896682 391.4133 130.00262 658.891 975.87335 5 0.08079324 871.0452 77.31476 1024.0 356.51648 7 0.23167357 393.44202 94.5741 655.3606 977.47925 7 0.17101616 0.0 465.19678 105.03386 731.2084 9 0.06449021 947.7043 763.50916 1022.7192 991.92334 ,test/4153.jpg
0 0.13798878 410.92413 358.65445 587.2396 468.68546 0 0.07488814 589.6938 324.12363 739.4644 427.56174 1 0.998575 127.92456 264.33734 866.4303 635.2075 1 0.8673555 411.24695 358.27234 585.6682 468.46515 1 0.81301033 331.4833 247.49063 717.4524 425.0909 1 0.5663779 228.18669 284.23456 614.5385 518.39154 1 0.2687961 483.3437 336.38824 853.23224 628.8352 1 0.13661964 281.73224 298.00607 362.52936 347.5961 1 0.11437747 125.774796 313.56448 345.85876 472.72043 1 0.111049995 251.94913 487.84332 500.2971 646.1452 1 0.10681952 129.3491 280.6102 479.82922 485.79202 1 0.09806493 330.9881 289.51904 772.804 551.7196 1 0.07114186 272.6181 238.25287 548.9337 352.99615 1 0.057528056 115.53186 231.74373 723.8677 496.73242 1 0.05217911 242.7847 449.48224 666.81335 638.6606 1 0.051758274 931.27966 220.54182 964.8192 239.34813 1 0.050068423 290.17493 369.11792 594.8939 503.23273 ,test/4154.jpg
0 0.99975055 418.9582 274.193 684.6705 718.8849 0 0.15185238 151.68723 282.53094 668.688 714.51355 ,test/4155.jpg
1 0.9904208 183.27286 383.30917 805.0331 975.89685 1 0.5853626 177.47891 84.466 756.68787 597.5927 ,test/4156.jpg
0 0.08800919 288.44373 142.09012 762.7169 840.9324 7 0.9810853 290.08087 144.42657 757.7557 845.8865 ,test/4157.jpg
0 0.9897782 269.4194 701.9516 749.31274 848.6341 0 0.13796191 270.83734 696.7062 586.0178 783.874 0 0.07638021 267.6615 691.21375 487.36615 760.8419 0 0.05961661 778.9297 237.17114 866.4651 417.28918 1 0.30809844 532.8618 523.55426 809.224 688.5815 5 0.993968 356.4977 505.0469 887.3313 707.51184 5 0.9707482 0.0038375854 886.8908 131.17474 1024.0 5 0.9118445 492.61853 168.36497 849.38306 534.98126 5 0.23792684 742.29285 547.03955 882.218 675.0029 5 0.23170163 775.6256 240.74179 1006.152 438.2535 5 0.19444889 532.91266 521.79175 803.5069 689.3695 5 0.055902444 588.683 228.03271 1010.6472 524.9302 7 0.99870884 0.0 0.18379974 105.04967 76.08986 7 0.13440125 494.57147 187.34367 1001.52765 528.1051 ,test/4158.jpg
0 0.07475597 450.9367 137.54224 921.9725 840.78284 3 0.9863951 456.104 136.34888 921.3093 843.5489 7 0.09942441 453.71194 133.38495 923.6466 843.98865 ,test/4159.jpg
0 0.9818636 566.86835 841.9658 639.24677 991.5349 0 0.10003545 493.97162 1003.31433 552.25385 1023.0714 0 0.08572841 0.0 13.316406 470.23358 749.9612 1 0.994936 163.5492 324.6747 444.85938 749.98315 1 0.07279208 142.87444 32.823364 619.47516 705.8516 1 0.05966423 0.0 13.316406 470.23358 749.9612 1 0.059566323 493.97162 1003.31433 552.25385 1023.0714 2 0.9981943 171.06995 400.73477 239.31549 495.09024 2 0.12378563 213.02843 407.414 241.23152 489.36365 7 0.9996816 468.79578 79.39795 892.25415 952.95264 7 0.99110425 308.15213 934.909 553.28015 1023.7463 7 0.98550504 118.83249 0.0 654.5217 241.2049 7 0.13303864 156.67131 0.0 441.10352 204.05154 7 0.110362604 775.06134 888.7516 874.1528 993.6416 7 0.106020615 800.3383 845.281 848.5163 937.5392 7 0.070046246 91.94629 61.53195 729.49835 708.1289 7 0.064314015 492.74588 1006.25024 551.6038 1022.91675 7 0.060125347 341.76913 933.0013 469.00558 965.14996 ,test/4160.jpg
0 0.11814779 517.05505 43.680206 1015.1843 723.1985 3 0.21869165 541.5789 26.316101 1013.637 729.364 4 0.9895056 212.9714 500.44287 520.6554 594.4923 5 0.07457332 536.4172 28.023438 1013.6219 727.94037 7 0.24576813 913.2035 674.44977 1009.8281 725.8173 ,test/4161.jpg
3 0.99687636 249.60226 206.75206 679.9971 507.30872 3 0.8860184 413.7073 269.81976 678.36926 508.47345 3 0.0790231 231.38754 236.62097 674.42017 853.9912 5 0.7207807 0.0 640.647 267.65497 1022.81055 ,test/4162.jpg
0 0.27570605 292.6177 249.95596 730.3048 764.79395 0 0.07326112 298.0833 475.04245 605.10895 761.5792 1 0.7315615 297.5038 253.0554 732.40857 764.4132 1 0.297472 298.0833 475.04245 605.10895 761.5792 7 0.37122938 295.67444 246.81094 729.57434 763.7689 ,test/4163.jpg
3 0.99947566 174.4415 325.23016 691.25854 765.94574 ,test/4164.jpg
0 0.651864 633.8855 751.6808 1024.0 1024.0 0 0.56047827 958.90784 301.30313 1024.0 348.3519 0 0.15055521 467.29398 382.1214 1024.0 687.6153 0 0.1293432 415.37457 516.8107 825.6713 705.2763 1 0.9938378 15.95224 192.25198 659.7988 732.1127 1 0.5510317 375.1562 375.4735 1019.6922 718.9429 1 0.19761932 959.09735 301.4861 1024.0 348.4362 1 0.09455561 474.57925 381.60248 1011.7107 520.1025 1 0.0779054 217.1194 188.4419 627.2451 411.07617 3 0.76518965 413.44797 517.9046 813.876 705.0994 3 0.10281545 634.1892 751.7318 1024.0 1024.0 4 0.33845827 412.8806 517.1937 823.42114 705.02954 5 0.2087315 417.00345 516.9217 822.20386 705.6772 5 0.07771605 421.93936 371.09415 1014.7506 728.4928 6 0.61883414 835.5212 611.9916 1023.5429 732.3291 7 0.100110896 480.45062 508.68387 783.7629 554.9988 7 0.09131257 421.7104 517.88586 780.7609 707.4077 7 0.05926513 959.2784 301.42804 1024.0 348.42413 ,test/4165.jpg
0 0.96773046 6.3293304 22.841187 476.4876 1003.8264 0 0.9337515 820.2145 325.74716 1021.6322 1012.34705 0 0.09882247 433.81305 35.802185 918.57916 1018.9931 0 0.05275082 866.7458 374.41064 1020.7756 503.09717 1 0.20442124 443.77832 5.706482 885.56213 1024.0 5 0.08575603 447.17072 15.57666 885.2769 1012.62585 7 0.97523516 444.7503 15.6901245 889.6928 1017.70416 9 0.10968349 5.9321747 29.344055 477.45844 994.2131 9 0.051917095 867.0944 372.04462 1020.9648 507.55225 ,test/4166.jpg
7 0.99705863 352.75607 488.08984 704.7235 573.109 ,test/4167.jpg
0 0.661858 525.82904 125.6835 862.8798 288.14325 5 0.7599236 162.8125 131.74411 859.1861 803.40674 7 0.758139 163.21964 130.81747 859.47205 804.494 7 0.42055097 307.3003 735.74255 475.46112 819.7583 7 0.1364121 520.92615 128.96747 865.72485 284.3757 ,test/4168.jpg
4 0.98770845 122.697296 270.56833 775.2743 641.8828 4 0.83464354 113.626526 272.12354 474.18597 617.3862 4 0.27521148 419.7311 337.42938 764.0442 652.5431 4 0.07348974 113.40112 271.28546 767.5893 1000.87445 ,test/4169.jpg
0 0.9966756 73.77416 829.15186 223.6984 939.7803 0 0.050312936 315.53668 208.4054 860.5651 784.59705 1 0.99513644 314.4425 203.89163 861.77673 786.47437 ,test/4170.jpg
0 0.28575194 533.99884 756.9708 919.0944 1024.0 0 0.077442415 598.4512 291.3938 777.45154 372.19952 5 0.392117 1.6710005 659.51874 20.896046 729.9881 6 0.3122197 710.6043 523.02466 753.054 569.7186 7 0.99973875 239.89996 273.23755 748.6812 944.984 7 0.95035124 531.6122 757.0367 920.31287 1024.0 7 0.3518129 447.94257 245.04688 608.4063 369.32764 7 0.13017714 440.05008 886.66516 514.92346 1024.0 7 0.056869745 584.7927 293.6809 768.1909 574.3603 ,test/4171.jpg
0 0.4325084 67.398224 425.13763 968.67883 821.15314 0 0.055327453 320.19086 120.48875 394.99164 199.96048 1 0.566093 53.82785 422.7326 970.2654 821.5402 3 0.46975467 198.81279 80.80382 515.5985 425.69983 4 0.07350627 197.7268 82.453766 516.67175 425.09155 5 0.8324939 197.90846 82.951645 516.1485 428.12372 7 0.47994784 56.410736 427.50806 970.9442 825.59705 8 0.059415035 196.60817 79.97749 515.9127 426.08838 ,test/4172.jpg
0 0.4674587 184.74875 176.39178 347.13364 414.87964 0 0.38263723 626.7456 149.82254 908.8065 470.56607 0 0.12522003 570.93567 153.32635 961.9624 673.4333 0 0.108880974 264.0739 137.00388 919.486 702.173 0 0.08826881 511.0782 146.1698 1024.0 948.1361 1 0.14809002 627.5452 150.25052 906.23175 471.22537 1 0.106802516 878.3532 925.7548 1023.2585 1022.43805 1 0.06928713 201.93668 0.0 1009.2516 136.7461 1 0.060076196 172.50778 93.271164 881.55054 544.2946 1 0.05586039 551.57556 137.39679 1021.6937 950.43475 1 0.05082792 55.013245 576.03894 571.31165 978.5691 2 0.30413315 43.31761 582.745 295.70923 786.031 2 0.21164203 50.197937 578.91187 576.4776 972.2036 2 0.07647066 627.5452 150.25052 906.23175 471.22537 3 0.15283766 51.048187 578.2372 573.90283 977.3231 5 0.98777163 291.0205 294.10004 694.705 640.74316 5 0.98336375 512.8928 542.0107 899.13354 697.32294 5 0.6675202 496.0753 535.3367 1021.7351 952.1986 5 0.6633974 181.41531 136.68588 925.93616 696.2584 5 0.62469 57.502045 577.6646 580.9946 982.96295 5 0.5572343 627.2274 150.94942 905.10596 470.6809 5 0.50645834 238.55054 291.86563 1024.0 922.73865 5 0.4384633 181.55856 173.20688 360.98727 488.13156 5 0.30405316 472.56018 675.9308 815.8002 946.4784 5 0.30250645 582.4008 140.20618 915.7952 678.60504 5 0.27350894 342.32623 609.8046 539.4971 743.7591 5 0.19095969 40.40554 581.29407 291.0435 785.33923 5 0.104516275 176.51953 129.33716 736.136 509.1045 5 0.07492695 272.7189 563.363 672.8541 795.18634 5 0.056500774 152.03433 130.19962 456.1965 581.7545 7 0.37728408 49.859497 578.1656 570.9249 974.6934 7 0.24927895 210.1131 0.0 998.3486 110.155426 7 0.17980166 506.9075 140.11407 1024.0 958.38495 7 0.14788261 531.24146 0.0 951.9636 88.62419 7 0.080008395 554.3238 513.56506 1024.0 948.8893 7 0.07741122 54.361023 533.57825 1014.73016 973.79224 7 0.055715933 180.82281 123.34711 924.7869 711.2823 7 0.055449568 177.73598 862.6847 549.1675 1019.62427 ,test/4173.jpg
0 0.33262685 216.20174 527.9201 245.32411 686.9129 0 0.13440107 221.01758 583.3788 403.50323 835.9614 0 0.10983098 211.9194 522.9727 258.63882 791.28864 0 0.058287684 224.68086 698.467 254.87459 773.1434 0 0.055324703 0.0 583.9034 375.95193 851.70734 1 0.6905052 0.0 585.1411 392.8736 852.255 1 0.40800488 192.44824 580.93225 398.29016 843.4973 1 0.09303771 292.08295 587.1812 393.076 839.25433 3 0.05438446 373.21475 588.5939 401.70578 733.5724 4 0.11694264 359.77567 457.36282 803.147 965.1903 4 0.110829525 264.2978 99.42021 879.25336 473.12158 4 0.05267513 0.0 799.88654 39.38565 947.0997 5 0.9933514 366.35815 462.6585 803.87695 957.63776 5 0.91079444 262.0339 100.50394 873.55054 480.77853 5 0.053276654 4.7499084 825.0069 362.4014 1024.0 5 0.053246874 566.4935 130.94865 850.5414 463.72955 7 0.11535471 264.08023 98.62781 870.00586 486.2951 9 0.06889001 0.6023216 795.3289 40.526752 947.6629 ,test/4174.jpg
0 0.24093051 42.53009 362.96927 97.803116 398.7736 0 0.058662087 168.38968 18.500195 208.11829 47.624104 2 0.9999486 488.06586 305.7873 824.8597 563.2477 2 0.079243094 533.50574 451.1453 818.6063 563.9312 2 0.06995917 486.4875 306.86813 680.78595 393.6288 5 0.7171814 273.3878 561.1525 326.57205 593.0467 5 0.40280622 42.546303 362.9352 97.73431 398.7241 ,test/4175.jpg
3 0.99994636 257.64658 440.6603 672.9762 735.7717 3 0.41415763 818.7776 724.75653 982.83984 857.8193 5 0.45870796 818.98193 724.9754 985.105 857.498 ,test/4176.jpg
0 0.5797784 658.8715 502.14984 739.52826 537.9942 0 0.11430785 177.33316 613.3853 234.70068 640.61884 0 0.10177906 551.2088 433.7392 705.85455 513.42615 0 0.051190823 578.8807 453.8587 689.2238 498.289 1 0.99550027 39.04284 521.8259 272.50934 749.79126 1 0.99420327 268.87338 429.71448 778.92834 755.1156 1 0.962534 1.132328 527.08887 69.907196 796.7506 1 0.8971909 0.0 444.30246 1024.0 994.92456 1 0.71718884 7.618988 758.95123 1011.75916 995.3459 1 0.29693756 297.30493 426.3695 753.79626 581.1283 1 0.25138852 659.06323 501.62906 741.5283 538.08844 1 0.20605507 0.0 631.8148 1024.0 860.2593 1 0.17797287 551.285 428.6272 717.1014 520.59467 1 0.1245392 45.66255 440.7198 429.42157 741.66437 1 0.12377229 628.1205 437.0598 987.4911 757.8031 1 0.11236432 0.0 516.5833 139.94032 753.1706 1 0.09623699 44.939682 497.12976 118.155045 740.7135 1 0.08075045 231.56772 435.90405 414.01956 725.8589 1 0.07813235 394.28137 525.4536 713.85425 577.4961 1 0.06879548 366.21912 384.39423 1008.75305 772.39996 1 0.0618081 1.4339523 305.46112 57.33735 797.2387 7 0.058030795 0.0 527.64185 69.12605 802.1471 ,test/4177.jpg
0 0.2061766 166.1184 109.33944 370.37195 255.90619 1 0.9955303 122.25241 263.4875 438.48026 610.31445 1 0.93682694 94.72926 479.79218 476.86206 887.0793 1 0.51115876 161.55664 570.9737 423.4057 652.06256 1 0.24436842 187.01086 565.1921 404.7774 610.11237 1 0.18195842 172.92735 586.6908 406.15918 623.749 1 0.15415485 121.55727 551.4669 449.92023 748.6915 1 0.13023359 410.72076 471.33322 458.9936 577.54834 1 0.085595526 132.76753 457.62003 424.1844 614.7688 1 0.06980137 416.4635 393.88245 449.802 578.0608 1 0.06901645 162.79634 610.1646 186.05379 656.39166 1 0.06700581 159.01973 539.6533 422.9477 614.7517 3 0.33941987 165.84259 109.01965 371.63678 256.5661 3 0.05872489 158.18161 11.483589 321.2057 163.62436 5 0.7272822 196.18166 13.646351 321.50177 90.06381 5 0.068959266 165.84259 109.01965 371.63678 256.5661 7 0.99981683 429.88593 306.1875 667.31525 760.16504 7 0.99960047 657.6321 394.11383 867.68933 747.09845 7 0.9749077 579.63763 227.78577 749.92645 323.677 7 0.13606244 577.4601 226.23438 739.26416 270.43286 ,test/4178.jpg
4 0.465784 228.48953 510.25482 861.73035 677.2668 5 0.7864422 226.379 510.6455 858.99084 676.44434 5 0.4085081 192.3215 560.35455 279.52377 638.1868 ,test/4179.jpg
0 0.062891565 900.5876 604.1164 1021.6716 785.94183 1 0.43947688 677.57556 149.34021 988.6909 707.94763 1 0.07107229 897.722 602.14124 1022.0402 787.6841 2 0.75959426 670.3273 148.8363 987.6155 727.49274 3 0.21697754 661.89404 147.95337 993.3893 726.46185 4 0.706752 353.92932 175.3468 690.9894 737.0865 4 0.23472202 12.351852 251.63222 356.83685 726.37775 5 0.9427086 14.090363 247.61061 354.9485 724.5356 5 0.84724444 351.85352 175.96185 697.24585 732.0958 5 0.33607528 359.2873 167.04745 688.87714 270.4057 5 0.19222204 389.25116 163.82562 666.0883 202.33539 5 0.09427185 175.43129 230.98712 354.69836 324.19495 5 0.077726856 174.1915 199.31972 363.13693 291.12048 5 0.05349161 658.9547 148.58728 993.11475 727.0214 7 0.10459458 642.1342 270.11566 724.4565 698.634 ,test/4180.jpg
0 0.30345953 338.43607 396.94043 415.8624 572.8881 4 0.99885774 387.8399 447.29248 791.3188 644.845 ,test/4181.jpg
0 0.8118133 297.2042 610.2484 328.1713 638.59924 0 0.5358455 346.65088 509.55862 694.6284 629.7696 0 0.35952052 574.0203 517.57605 693.97296 631.875 0 0.11418172 612.08484 549.07574 692.1926 632.45294 0 0.062338166 622.1823 586.6949 689.2237 634.9561 1 0.72066885 348.78052 509.42755 648.54315 628.3079 2 0.17701814 348.7093 509.18283 645.1108 628.77 ,test/4182.jpg
1 0.9981583 116.04672 446.85168 670.563 843.5343 ,test/4183.jpg
0 0.20579128 133.89084 328.09375 559.1665 924.40735 0 0.19615495 604.6138 903.3464 803.06445 1020.9213 0 0.10126222 290.8571 462.24628 565.6217 925.123 0 0.073070236 78.67023 300.6156 545.8508 630.1482 1 0.17565933 125.53087 313.4747 558.4575 944.6522 9 0.8840965 125.74881 300.31116 647.3148 1016.9934 9 0.87629056 644.7498 657.96295 980.58356 1021.52216 9 0.8382294 179.1164 5.7525177 841.6744 424.25922 9 0.7259548 532.776 270.04556 978.10046 1014.0687 9 0.5129484 438.20563 56.98091 841.0872 475.26404 9 0.46438816 148.26881 4.797821 579.43365 342.8033 9 0.35318324 488.07806 321.2257 698.3171 1024.0 9 0.17679603 592.2888 301.66852 931.4425 780.5319 9 0.12819532 80.08362 341.99332 295.0116 599.7311 9 0.12253716 522.1262 245.62914 815.8053 459.42932 9 0.121840104 471.58606 213.89755 848.00354 756.2793 9 0.10777282 290.8571 462.24628 565.6217 925.123 9 0.091625705 78.67023 300.6156 545.8508 630.1482 9 0.071615316 418.62082 441.70325 705.2849 869.8989 9 0.05312163 604.55756 896.8925 802.4289 1021.415 9 0.050679386 715.4935 281.07678 792.058 474.30157 ,test/4184.jpg
0 0.063830316 138.129 91.672485 820.4293 874.8568 1 0.923237 122.71274 91.34161 868.3402 910.5153 1 0.13673131 112.040565 51.696182 313.39728 235.36003 1 0.11830087 631.1517 776.32697 758.9816 875.5119 7 0.15881927 138.129 91.672485 820.4293 874.8568 ,test/4185.jpg
0 0.9990522 163.11046 291.33618 267.24118 353.08502 0 0.9946976 421.28214 81.994095 698.3358 219.95229 0 0.87409693 433.6521 139.05313 566.9776 219.03067 0 0.67809045 555.52484 81.67459 698.22833 152.56007 1 0.143576 376.4912 448.03186 785.0973 765.5243 1 0.10339182 378.07507 723.916 732.9021 873.14404 2 0.9975442 377.78778 331.35806 800.6453 849.00073 2 0.90020454 378.4148 727.54364 740.42664 870.1058 2 0.37011006 393.89624 336.69302 814.32666 508.27206 ,test/4186.jpg
0 0.66556877 193.47505 623.5448 698.23737 1017.71375 0 0.38212004 385.34595 605.61957 597.33514 704.00507 0 0.093662605 264.5085 98.56177 993.88086 694.8153 1 0.9682882 266.11514 99.27875 993.42163 692.06 1 0.17953686 196.27797 618.5318 698.4452 1018.351 1 0.08393321 385.34595 605.61957 597.33514 704.00507 7 0.35943878 195.05179 640.752 698.17175 1017.3134 ,test/4187.jpg
0 0.9996184 266.207 506.38464 451.8301 650.53284 0 0.99877244 305.1058 292.94406 427.26987 408.85043 0 0.9854585 457.58307 423.11633 651.69635 612.18994 4 0.21304026 266.67242 838.84546 311.3147 878.70874 ,test/4188.jpg
0 0.26941732 338.3879 544.4899 536.13983 719.31635 0 0.11033783 338.91833 228.141 801.98706 723.86707 7 0.97462213 344.94482 236.07582 796.4147 722.5735 ,test/4189.jpg
0 0.5260236 284.568 349.93094 630.3046 809.6854 0 0.44534683 388.28973 238.64511 697.88214 553.1472 1 0.6355608 293.30286 354.76233 624.8767 808.1741 7 0.34820157 388.28973 238.64511 697.88214 553.1472 7 0.051922005 542.5331 211.29887 702.8384 559.5528 ,test/4190.jpg
0 0.108967 663.03217 184.70723 704.0263 208.95155 0 0.10131236 898.41705 174.8335 991.418 207.14212 0 0.080148816 961.1003 247.90656 1024.0 444.03613 0 0.052020893 698.52216 104.47481 825.9561 136.16765 1 0.22990505 899.1263 361.93585 1021.06793 935.81537 1 0.09079728 898.41705 174.8335 991.418 207.14212 1 0.07196539 2.0513 585.08386 62.818527 861.3778 1 0.05973623 961.21497 246.60493 1023.6542 443.23822 1 0.05656226 263.42297 202.45583 342.95984 223.07906 3 0.08169252 895.6282 309.86923 1019.93384 938.8506 4 0.9975441 624.1164 151.93439 918.57 955.6978 4 0.99686736 350.70404 134.68753 635.2642 979.927 4 0.98731345 60.055832 153.6575 366.2199 1020.09424 4 0.9325144 891.33594 202.69864 1019.7765 944.2052 4 0.9192411 889.5567 174.75175 996.77997 471.2119 4 0.809349 0.6534271 123.40122 113.34999 346.10306 4 0.7650554 4.652279 123.129486 117.77959 892.17957 4 0.5805191 94.45331 743.5321 478.69745 1012.33167 4 0.42461118 1.2694359 287.89294 87.481384 763.3817 4 0.40027446 964.3083 247.53934 1022.7065 449.87125 4 0.33190775 6.7198524 286.91125 128.28503 498.88776 4 0.3016631 266.93945 211.60619 405.6548 507.41254 4 0.25367865 1.3263206 578.4715 69.41757 908.69794 4 0.22631301 907.4177 428.9498 1024.0 518.1704 4 0.20696081 68.353424 572.6088 376.5799 1012.9018 4 0.17435376 547.43243 246.02094 681.43085 446.2533 4 0.14768395 279.25504 225.9219 376.62527 753.4767 4 0.08711242 896.79315 174.21175 998.9615 208.7339 4 0.08218666 655.25574 196.29517 712.1105 432.8413 4 0.08045494 991.3646 107.80952 1024.0 259.07654 5 0.26482114 895.6282 309.86923 1019.93384 938.8506 5 0.19335534 887.97864 173.90826 995.051 471.06085 5 0.13626464 962.1476 247.10535 1024.0 439.34326 5 0.054292906 263.42297 202.45583 342.95984 223.07906 7 0.18757258 961.1003 247.90656 1024.0 444.03613 ,test/4191.jpg
0 0.24059956 220.92879 211.77155 567.90656 812.07965 0 0.22444525 74.09784 192.83722 777.9358 812.72565 0 0.22147311 480.2664 235.89368 756.1312 781.3752 0 0.19530702 281.9178 519.32715 357.24835 590.9867 9 0.8018653 216.1546 216.05453 562.86096 813.2218 9 0.7261096 480.92126 235.66202 756.97705 781.6904 9 0.37555552 74.09784 192.83722 777.9358 812.72565 ,test/4192.jpg
0 0.11615937 182.67343 182.09207 271.7972 269.05743 0 0.08897166 77.229256 31.639565 247.51471 172.4711 0 0.06338298 326.12704 282.84015 521.74634 450.55743 0 0.059484903 327.8177 277.30005 554.03986 357.0631 1 0.9835644 155.11807 62.625504 394.59036 361.47137 1 0.9476946 75.06082 213.71027 633.525 949.5423 1 0.9374785 381.49677 108.12535 556.08057 309.8084 1 0.77575606 175.63232 170.50815 226.79413 263.99487 1 0.7683021 46.204086 115.4537 219.94096 360.6386 1 0.5977533 77.33565 32.145653 247.89754 173.79251 1 0.4515531 197.7984 184.71323 383.79016 340.17856 1 0.4283202 198.31038 185.26944 293.02502 304.50232 1 0.40564972 182.67343 182.09207 271.7972 269.05743 1 0.2913595 193.99628 173.4971 225.53452 220.6553 1 0.19531499 98.16951 297.37085 370.56317 838.32336 1 0.14528544 327.8177 277.30005 554.03986 357.0631 1 0.11437153 99.844444 318.6405 316.12393 508.88098 1 0.11210956 197.46622 75.97449 586.6727 347.6648 1 0.111533135 300.97174 237.1796 593.3486 939.1245 1 0.09466497 153.46881 211.42477 397.48608 509.95883 1 0.081153564 69.461914 97.816055 546.78687 463.5171 1 0.07556162 173.09186 169.36519 199.36484 221.90416 1 0.071238294 199.34106 91.45694 327.5052 329.87146 1 0.05977898 489.01843 256.81808 574.7731 361.77975 1 0.057664882 240.40103 63.748817 396.8245 287.54346 1 0.057260536 183.77496 154.62053 232.59805 188.36516 1 0.054179195 184.69334 155.79103 238.03108 223.32213 2 0.66130227 202.28583 186.62025 293.97757 310.6996 2 0.38819882 188.37738 194.26337 281.3409 270.3476 2 0.19323598 176.53577 170.67616 224.6648 262.32523 3 0.07757332 200.70721 186.53467 294.17163 310.6801 5 0.34628502 171.72769 171.08502 198.46823 221.45862 6 0.31343117 329.55466 282.71457 531.50354 357.54825 6 0.12407996 548.11096 206.98466 601.0813 254.88454 6 0.089807175 325.05325 280.7113 526.4664 431.82538 6 0.062112488 381.5795 108.43633 556.1054 309.7387 6 0.057958562 193.40283 171.21497 225.0474 221.50699 7 0.9984969 603.3031 490.63666 838.6239 936.37213 7 0.99617285 560.89044 700.93884 680.82794 949.4404 7 0.58844835 77.465904 31.431244 247.17334 172.90175 7 0.3195973 541.3498 700.02454 628.53754 906.1874 7 0.07821317 590.431 581.1089 670.10364 953.16626 7 0.062247578 201.03192 186.0156 294.12372 311.87704 7 0.052155532 562.94556 702.9682 599.62427 913.5948 7 0.050551258 489.1366 264.16455 562.14575 362.17505 ,test/4193.jpg
9 0.9922167 102.66733 272.42487 821.8828 884.14325 ,test/4194.jpg
1 0.12059349 91.28949 205.56369 818.74243 806.50586 2 0.98856074 101.545715 201.51898 813.2693 808.8883 2 0.12850143 100.20743 203.76575 614.1327 438.06653 6 0.1587631 91.28949 205.56369 818.74243 806.50586 ,test/4195.jpg
0 0.30006152 0.0 0.6877899 107.772514 199.6529 1 0.52752924 0.083496094 522.54346 794.16534 1024.0 1 0.071845844 591.80707 422.72235 1006.41534 772.53546 3 0.99972385 231.98306 309.90027 621.1642 810.51697 3 0.4234712 8.341339 308.8682 751.77344 1024.0 3 0.19757399 0.0 0.5530853 107.7796 200.17134 3 0.17553526 596.9575 425.13306 1004.30884 771.1581 3 0.11838392 0.2523346 439.56082 313.10944 906.13074 3 0.09513835 5.2253723 55.529755 360.72217 1014.98157 3 0.06721094 601.34924 577.04944 704.5762 657.9651 5 0.15801086 0.16044235 0.28063202 107.83867 201.27475 5 0.092564 602.2832 427.0143 1005.6422 772.9667 8 0.14144135 593.9912 423.6338 1007.0204 769.9757 8 0.13981156 598.4053 578.2134 733.08203 680.47473 ,test/4196.jpg
0 0.4532413 475.90945 684.7336 554.8948 785.5213 0 0.2760802 223.43867 451.3523 317.47766 487.29163 0 0.25832778 537.14557 530.70593 637.7889 581.8302 0 0.22070774 380.24017 412.43732 403.47754 453.62036 0 0.21142389 21.03431 597.50146 91.01357 660.8638 0 0.20612788 210.66675 437.58914 335.37958 493.75894 0 0.20523937 391.7517 410.87192 415.79083 440.39133 0 0.18784551 341.01343 663.843 645.17 739.70935 0 0.14349598 212.68509 440.20596 322.79514 465.66812 0 0.097084165 218.24033 459.16986 357.97482 742.15546 0 0.09025523 403.10434 646.52563 627.7198 799.60156 0 0.08507376 421.30954 671.60254 558.4573 840.6116 0 0.07901346 227.88547 477.34558 368.5933 602.3375 0 0.062967606 240.7385 520.11395 282.75375 556.6121 0 0.05320746 287.93195 504.8508 434.4397 611.7058 0 0.052106686 460.79437 942.6362 515.0828 1024.0 1 0.9809327 649.51184 565.2162 851.82947 852.6915 1 0.97370166 454.15396 195.72336 696.845 458.15604 1 0.95383316 241.21729 322.60132 670.2002 518.79834 1 0.93359596 276.5791 511.78754 647.34436 727.3997 1 0.84018576 252.61935 538.92554 690.9728 852.8772 1 0.7640225 248.21404 306.00943 676.35254 738.4059 1 0.7581309 609.6481 580.4678 656.1267 665.78064 1 0.6649231 220.16817 440.4513 325.85995 495.21155 1 0.5787337 321.09097 428.6795 727.0659 594.2933 1 0.46183753 612.4386 649.81714 652.786 669.7705 1 0.38555923 641.30054 358.79642 702.8967 493.00247 1 0.34713364 378.54337 356.17587 651.67236 504.21396 1 0.33768582 224.64171 471.6524 318.19925 488.73584 1 0.33519217 319.61252 627.517 635.1421 725.3537 1 0.30771342 411.63806 291.83722 693.2698 573.89026 1 0.23767567 212.68509 440.20596 322.79514 465.66812 1 0.21072792 240.81845 321.76422 473.14017 496.9654 1 0.20788877 537.14557 530.70593 637.7889 581.8302 1 0.20465325 456.1266 196.59392 600.67566 373.14697 1 0.2024567 460.67365 941.9298 515.04944 1024.0 1 0.19199638 273.98242 447.82928 469.4809 729.9368 1 0.1863697 254.41199 548.48755 366.9544 740.584 1 0.17402609 648.6139 622.3017 677.5172 664.07526 1 0.15790677 21.19601 597.5298 90.92844 660.8096 1 0.15221728 299.85162 555.72314 429.9466 610.2676 1 0.1509661 211.61424 426.51984 457.53375 614.5777 1 0.14558661 222.71152 453.72287 315.28714 476.996 1 0.13502596 227.88547 477.34558 368.5933 602.3375 1 0.1350098 416.07135 515.7283 697.61444 605.80945 1 0.13464814 539.8387 513.12683 735.5938 581.7394 1 0.1331884 406.62857 525.64825 477.69882 608.92 1 0.12759969 290.41187 507.49185 439.7188 691.68384 1 0.12640716 273.81628 460.948 334.6043 494.5077 1 0.115162104 218.24033 459.16986 357.97482 742.15546 1 0.10724481 289.87112 317.1013 548.1466 371.63766 1 0.095293544 239.13297 413.97046 333.1028 476.04773 1 0.09192385 278.02127 432.48346 327.0532 459.7434 1 0.08137635 493.0149 286.1066 540.15686 377.1608 1 0.07786801 228.3747 479.0658 321.17798 500.1659 1 0.0762007 187.55063 456.4978 361.3372 507.47644 1 0.07351115 293.9282 498.8927 456.92545 608.7372 1 0.06974793 222.94751 449.72913 313.62946 467.22223 1 0.06287029 613.28204 642.2873 671.6423 672.4854 1 0.062359028 304.80203 455.4777 338.7814 494.06656 1 0.0622466 633.81116 612.4721 682.32764 669.3836 1 0.06136601 444.77277 223.2625 543.43335 373.3175 1 0.059537463 368.5684 326.09085 501.9772 372.8594 1 0.052839976 235.34937 456.4936 316.52258 490.83185 2 0.45138648 289.81677 508.35535 433.1634 608.62354 2 0.34945175 21.257488 597.4845 90.94072 660.96265 2 0.14763632 460.94778 942.3849 515.0198 1024.0 2 0.14079818 241.94177 493.8464 374.70624 555.9641 2 0.1210355 652.87714 566.0613 850.77716 851.04736 2 0.079626344 278.9412 495.65692 390.96188 582.57733 2 0.061086874 227.88547 477.34558 368.5933 602.3375 3 0.66248596 460.42953 942.0089 515.4662 1024.0 3 0.18992941 294.82648 510.8723 432.30994 615.32263 5 0.11037022 287.93195 504.8508 434.4397 611.7058 5 0.07749771 460.8538 942.4413 515.4734 1024.0 6 0.05654661 21.0512 597.0753 91.12154 660.95776 7 0.051358577 221.11464 441.3109 323.1106 492.2635 ,test/4197.jpg
0 0.061762713 251.31305 608.6283 393.57062 731.7599 5 0.99753165 252.03734 397.63788 744.81995 722.92487 7 0.7005573 252.375 608.98706 392.66418 732.5847 7 0.23441716 254.57678 610.00757 344.3238 671.4133 ,test/4198.jpg
0 0.16558813 719.92883 198.17651 737.97375 278.6497 0 0.11943032 279.14093 512.3667 682.43494 711.36707 0 0.1186808 0.0 0.0 697.7405 257.90085 0 0.09877221 213.17215 3.1638489 730.13794 675.2655 0 0.052665714 443.7953 1.6535225 741.82837 103.593796 1 0.8379585 277.28265 540.65924 678.65875 710.5799 1 0.47228456 210.49512 14.846252 727.33716 547.73254 1 0.30137107 328.40015 508.86343 668.17004 571.32715 1 0.25203827 222.9723 436.32516 708.5854 541.75464 1 0.2054582 719.9737 198.78935 738.6645 278.05432 2 0.86837775 209.55887 13.79071 727.3081 548.2621 5 0.995259 393.0948 693.9255 720.27386 852.4163 7 0.98315054 7.5609283 0.0 448.35437 264.7635 7 0.94580007 437.24112 1.8913956 744.4116 64.16922 7 0.41439968 637.1047 0.0 741.8278 73.391266 7 0.0622326 559.32086 2.1296616 739.1877 97.03394 7 0.05990409 183.39932 11.109894 727.2571 548.3451 7 0.056648575 346.23578 0.0 745.60016 113.211555 ,test/4199.jpg
0 0.10351631 698.15717 342.62152 744.26215 379.52496 0 0.09015034 647.1666 341.03113 695.4523 373.4414 0 0.06872016 745.2662 351.2223 797.2773 408.02417 1 0.469626 698.15717 342.62152 744.26215 379.52496 1 0.07789669 264.23273 150.32237 1010.7265 359.7099 5 0.16443172 249.6473 232.2452 295.91995 264.5857 5 0.13336179 261.7833 264.70453 301.59286 297.7516 5 0.12589397 221.76329 273.84448 261.28934 298.24084 5 0.05961313 361.00812 232.30493 586.7319 312.31317 5 0.05771747 389.21783 230.58286 605.3154 406.16647 7 0.24639004 362.1021 237.04166 619.7447 413.46603 7 0.12964061 647.0013 347.75723 797.85614 446.1141 7 0.11746264 647.955 368.43414 714.1877 407.70984 7 0.105647765 503.26996 395.88046 567.4372 422.80515 7 0.09000122 617.91113 363.4168 801.0928 413.12415 7 0.08079125 311.8114 161.0264 999.87366 374.59286 7 0.07672597 647.1666 341.03113 695.4523 373.4414 7 0.06957603 533.1728 354.82803 834.3182 434.34158 7 0.06262415 497.8761 261.178 613.86975 405.7194 ,test/4200.jpg
0 0.9998559 342.38055 443.14908 633.4313 650.6661 7 0.95157886 577.27454 467.69458 627.7529 517.7624 ,test/4201.jpg
2 0.41281068 720.9213 352.90585 765.1192 423.08603 5 0.84664685 720.10614 353.59677 765.5501 429.40628 5 0.0787473 697.726 387.72552 733.186 424.84015 5 0.05369437 696.3612 373.94028 758.2676 430.51236 7 0.9998424 158.27292 176.08847 793.6135 893.88513 7 0.96357495 56.463425 264.1584 326.43695 565.1472 7 0.40107998 720.94666 351.69482 764.098 427.63312 ,test/4202.jpg
0 0.88634396 622.31714 395.59308 711.64343 451.35358 1 0.21881253 419.16867 502.51816 610.1681 688.38727 1 0.122136734 165.16957 507.96863 603.5459 797.1299 2 0.9866607 157.28593 511.906 579.8791 798.35815 2 0.3124038 419.73608 503.49222 608.8657 683.64935 5 0.99926966 595.8286 156.02844 863.4647 330.0487 6 0.655002 420.0284 503.75443 609.1927 683.2683 ,test/4203.jpg
0 0.12269939 202.75888 185.7472 823.5344 860.59656 0 0.06954005 22.095016 135.99997 267.07758 992.1045 1 0.72324955 18.823196 745.5934 274.60425 1014.0033 1 0.56245565 179.82361 170.17874 853.8666 880.60986 1 0.44159243 192.63963 211.13751 367.75812 886.5064 1 0.14723213 3.2207355 705.5079 54.812683 1018.1342 5 0.6142852 21.859222 699.63477 1024.0 1024.0 5 0.4118813 255.05331 737.58014 824.64954 1021.62994 5 0.30618334 543.92114 617.3147 1018.4971 1023.7792 5 0.071926594 764.14 589.77856 1020.93054 1008.8894 5 0.06049354 190.08977 202.6207 368.01672 884.8916 5 0.055104002 41.439995 129.44794 214.27856 782.07056 6 0.1588486 192.14136 176.58936 827.7689 881.52686 6 0.07713623 192.63963 211.13751 367.75812 886.5064 7 0.44458142 764.14 589.77856 1020.93054 1008.8894 7 0.092448264 267.47552 623.97864 1013.5103 1024.0 ,test/4204.jpg
0 0.075463 437.33548 176.82983 599.2372 887.6295 4 0.9902154 438.22034 177.84622 599.08545 886.6002 5 0.07496212 437.33548 176.82983 599.2372 887.6295 6 0.45409468 475.3513 60.476013 1024.0 666.94476 6 0.40593752 1.7783508 102.27811 598.3397 658.8578 6 0.14311819 0.0 4.6184998 1024.0 660.29565 ,test/4205.jpg
0 0.06683816 232.74869 617.7851 465.47385 786.7275 3 0.9988617 573.7177 310.07227 773.9953 425.54803 3 0.56584525 230.96692 621.13586 466.9909 786.28455 3 0.5311292 336.02817 556.6075 580.29816 687.2203 5 0.2796312 231.68744 619.1701 466.05945 786.2039 5 0.15170337 447.10895 381.9492 555.37067 459.9498 5 0.15152906 323.99326 558.3885 579.5492 687.4401 ,test/4206.jpg
0 0.2552948 186.42181 352.1341 811.1059 766.26434 1 0.96460444 187.22324 352.887 811.07764 766.6489 ,test/4207.jpg
0 0.10800641 158.50922 53.33255 960.82404 645.15393 1 0.23878096 348.46625 658.8138 780.382 944.7314 2 0.8543405 348.3017 662.272 780.95953 942.969 3 0.5390435 347.86105 662.1068 780.65845 944.9851 9 0.97947115 157.81226 54.09085 957.41675 642.48145 ,test/4208.jpg
0 0.09393174 866.9944 450.359 922.0548 500.45074 1 0.5063421 0.0 706.56793 320.34018 1024.0 1 0.055274636 115.05328 696.735 242.4758 874.27856 1 0.054971185 866.9944 450.359 922.0548 500.45074 3 0.9054039 109.91365 534.494 415.0113 887.1366 5 0.5114579 0.0 706.59265 319.14902 1024.0 5 0.24193563 109.41113 533.5499 414.55933 887.78674 7 0.9969171 195.20398 233.64423 751.57635 832.97235 7 0.67628765 368.5215 252.64737 491.1312 287.68137 7 0.08990272 194.96202 233.13187 476.9712 525.1305 7 0.055076197 419.92422 714.3089 633.5549 848.8339 7 0.05455595 381.89554 228.12775 479.82132 296.77142 ,test/4209.jpg
0 0.38196886 884.0094 539.0625 947.3345 575.3756 0 0.314167 762.944 574.74493 822.3224 629.53534 0 0.2591142 438.01886 681.4558 496.6963 751.3534 0 0.06182002 445.21823 678.13007 486.2006 731.1673 1 0.42925873 783.0104 0.0 1023.2561 123.80843 1 0.31039613 764.4134 575.63513 821.9301 630.64453 1 0.12421037 767.85675 598.0867 811.5026 629.28125 1 0.076471955 879.3744 539.8141 952.3362 574.5559 5 0.96997046 503.95093 543.31586 697.31616 653.91 5 0.7511732 463.39075 638.30804 731.6233 697.2321 5 0.6538376 480.75 635.55286 712.58655 757.8955 5 0.3850035 433.2524 691.31964 706.02246 756.70953 5 0.26463884 557.5164 557.2698 669.18976 652.45776 5 0.23820986 494.40515 541.6246 722.8424 732.37994 5 0.2122836 436.5186 681.25775 497.12448 751.492 5 0.16752356 609.9033 635.12067 694.3816 690.4936 5 0.13374849 330.23096 678.6627 492.35028 813.2661 5 0.11089144 489.73087 711.3788 663.2163 758.51855 5 0.10601025 443.50186 639.30444 508.48135 688.9004 5 0.10026004 476.73645 726.15704 531.7718 744.04913 5 0.09726968 472.5486 678.9242 687.4598 715.5322 5 0.0881745 399.86108 681.3951 797.5864 929.4858 5 0.08687951 476.90668 542.2282 633.53644 690.98883 5 0.059663787 505.3729 553.0353 587.3547 649.9087 5 0.052112736 664.9082 719.2811 792.2793 897.71814 5 0.051867593 475.92267 699.5312 652.707 741.9556 5 0.05102564 458.80927 627.6912 869.0683 769.09906 6 0.96651566 205.90868 274.37888 646.36615 785.86926 6 0.75688595 328.07556 681.2167 462.2984 811.0436 6 0.6655528 54.853104 224.81317 420.80457 767.0577 6 0.23452196 170.8662 359.64185 339.07166 772.0303 6 0.14962865 208.98245 191.86852 560.4314 345.04004 6 0.06842949 53.984894 244.3989 574.71875 441.33115 6 0.06831746 244.58002 338.1856 491.37225 799.1231 6 0.061703637 61.492966 268.2237 557.93774 587.22034 6 0.050384354 552.1887 301.94894 660.9645 574.3744 7 0.9729709 666.05725 524.6719 960.57275 758.82556 7 0.9085216 407.7075 538.28015 954.933 926.791 7 0.85735154 400.05865 680.3413 816.87067 930.3384 7 0.40602264 762.82056 574.7001 822.3602 631.14185 7 0.18647642 881.94025 539.74316 948.98883 576.0353 7 0.056451093 433.2524 691.31964 706.02246 756.70953 7 0.050973583 864.4062 539.5732 960.36566 593.441 ,test/4210.jpg
0 0.1302601 796.01636 2.2340088 1022.10486 857.27423 0 0.05296837 5.0384216 138.35205 943.7367 973.30396 6 0.9884117 5.805542 10.123291 923.76514 993.3101 6 0.14749865 106.660065 492.1419 956.7158 1013.02155 6 0.08051614 496.0191 658.115 934.13605 1024.0 6 0.059264272 24.208221 406.52277 377.8071 965.05865 7 0.11402296 530.57184 752.24835 1024.0 1024.0 ,test/4211.jpg
0 0.117957786 284.4218 694.75745 501.49182 916.67896 3 0.2757809 387.78033 448.57343 472.41644 545.0087 4 0.8060137 387.74017 448.39618 473.09467 544.87866 5 0.06598647 284.0573 695.07794 501.85693 916.12225 8 0.9963871 516.58417 552.86554 709.71 669.74445 8 0.2723392 386.831 448.57596 472.80292 544.75916 9 0.5768298 284.0573 695.07794 501.85693 916.12225 ,test/4212.jpg
5 0.99114746 409.3281 210.86203 804.4016 650.77234 ,test/4213.jpg
0 0.25939658 412.39728 277.56274 972.2596 885.59924 0 0.14676179 46.152878 255.87912 425.01886 751.81494 1 0.5416874 0.90010834 367.78323 121.11635 620.40283 1 0.31463072 402.64532 279.44415 973.4311 884.35895 1 0.2802841 44.291534 257.32587 429.246 749.5705 1 0.09592435 351.75674 259.6694 455.9658 749.8004 5 0.2494537 407.91168 277.09903 972.81683 879.5255 6 0.8298781 410.3472 279.1849 973.07227 879.9646 7 0.9498641 42.80162 259.27985 426.42804 748.0079 7 0.058165878 413.065 276.73483 974.7271 886.2451 ,test/4214.jpg
0 0.4522641 693.28735 565.15955 1018.7068 635.0436 9 0.9763457 297.03168 41.47409 724.80286 968.7971 9 0.91199714 297.229 37.264343 500.87604 928.8302 9 0.32039607 449.2287 19.745209 656.41046 1017.9834 ,test/4215.jpg
0 0.4837849 562.312 348.69257 629.8839 392.52893 0 0.118716694 272.86212 419.24283 349.74463 429.96725 0 0.054654982 610.09503 385.231 643.2603 414.53683 1 0.9955642 318.84283 204.05107 406.56805 344.88312 1 0.93699795 696.3216 360.7468 748.8105 457.0781 1 0.4478036 562.2106 348.7442 629.7859 392.61993 1 0.39099026 147.4102 329.09436 184.52357 360.2165 1 0.35715398 145.63977 322.6073 341.6246 360.61304 1 0.20015463 124.833176 328.2036 189.58809 368.66388 1 0.19550811 212.51242 321.24908 337.8135 352.81256 1 0.10048987 237.79431 330.6404 315.0545 355.68613 1 0.081696175 121.57968 342.57324 157.95657 367.06427 1 0.06750897 609.034 385.202 643.0844 414.42392 1 0.06656703 191.08554 321.90567 333.09067 335.7949 1 0.06630897 185.11343 320.15497 335.46896 392.06067 1 0.061152384 691.5709 352.56976 773.2632 430.72284 1 0.05523297 131.2134 327.71353 234.72255 364.98795 5 0.40784112 640.6041 428.2043 715.9928 501.33792 5 0.17824909 641.25146 450.59808 700.4608 486.95087 5 0.055772886 647.3446 438.11246 718.23584 475.29306 5 0.05495348 183.2051 321.3177 337.10284 353.4989 7 0.999966 453.98157 504.5846 866.7407 776.3895 7 0.99960953 130.29196 331.05835 364.12823 637.474 7 0.9726734 365.9946 279.48822 593.44946 469.3803 7 0.92737216 164.64722 337.41345 731.3254 702.89014 7 0.1135532 421.7475 278.2326 584.8729 351.91174 7 0.11052476 432.62592 403.78796 736.9627 673.2512 7 0.07521463 364.62167 371.86923 639.15063 458.6168 7 0.067983225 424.68378 279.65063 500.81683 326.2848 7 0.06473785 200.62862 333.41608 363.42987 512.81244 7 0.062437855 208.45946 345.46313 319.85388 386.09515 7 0.054209262 186.31602 436.30804 507.2279 698.7049 7 0.050637104 581.3424 387.43262 718.2483 511.6455 ,test/4216.jpg
3 0.95784587 362.93353 333.1198 684.5328 674.11505 5 0.14055996 364.05988 332.79422 683.10504 676.1321 ,test/4217.jpg
0 0.41258422 544.73193 370.01974 722.66907 548.67706 0 0.3683589 472.78357 297.7954 724.04456 552.20404 0 0.10066811 526.2294 190.89172 556.5377 328.0285 0 0.09551004 57.32164 469.03125 350.36298 681.3213 0 0.08598262 602.25433 344.7185 881.14716 608.07434 0 0.06893771 696.5186 393.4841 873.3537 509.46964 0 0.067897625 0.0 464.06744 317.5318 932.23956 0 0.0654225 551.6585 266.3011 710.1541 345.38666 0 0.051377866 459.6725 299.51447 846.61414 877.5076 1 0.99681276 449.73322 257.6989 943.40436 969.1828 1 0.8717172 717.48505 328.65918 798.6298 356.96716 1 0.7972544 587.854 1.7432404 816.15894 339.20477 1 0.7164709 612.67993 183.99774 935.031 355.57544 1 0.65283966 526.8599 180.18633 577.4561 330.0633 1 0.55313617 544.2206 370.00497 722.9004 548.07733 1 0.54204535 0.0 458.09787 344.86078 949.9977 1 0.45450678 462.066 296.4575 724.6543 551.0144 1 0.42669636 925.46375 232.34393 950.3225 294.43677 1 0.21228096 1.9168663 513.4936 58.08442 601.89325 1 0.16897629 579.95386 192.16417 934.6033 599.1284 1 0.12044961 602.25433 344.7185 881.14716 608.07434 1 0.11844858 105.24985 783.37933 201.74866 943.6181 1 0.11792483 523.00165 304.23383 553.02203 326.12964 1 0.090791725 777.8552 187.90845 937.0001 373.40704 1 0.08144728 674.7477 320.85687 797.0419 355.9892 1 0.0565587 530.587 203.25845 550.60077 307.0588 1 0.05096071 362.8816 526.5834 421.67194 603.24133 3 0.13423751 361.70273 587.6446 381.00607 651.2464 3 0.073183134 356.6674 615.1882 382.49026 656.93 5 0.67443436 362.70245 526.8102 421.1209 603.34644 5 0.52465826 361.16733 508.60938 463.82272 707.1782 5 0.19299564 372.24097 579.8458 431.38245 627.1365 5 0.17596032 366.32962 564.2211 462.66196 669.5728 5 0.14448112 117.73252 262.80246 366.0372 699.2732 7 0.99638736 126.90915 0.0 368.10852 186.51083 7 0.99554414 0.0 0.0 153.51639 190.8354 7 0.98553884 0.0 143.97745 225.16434 368.38205 7 0.9365341 219.98952 147.85239 493.15338 506.13913 7 0.8649374 0.0 442.06845 367.2548 971.5487 7 0.78455985 118.33603 262.67218 366.52618 701.93066 7 0.6741611 11.004417 267.65735 203.45572 532.5325 7 0.59066045 3.3948517 125.32181 242.75319 571.67566 7 0.31492883 31.875168 215.48325 494.529 739.3253 7 0.29569012 338.36963 195.71521 486.73944 701.8963 7 0.22933522 224.28294 134.2092 517.7821 789.3285 7 0.22689186 202.49568 165.71883 224.20537 259.00726 7 0.2265166 557.6897 264.52982 686.30237 398.8843 7 0.1604037 208.18726 179.87558 232.05774 256.72284 7 0.15589489 483.81772 273.66937 722.7088 558.3003 7 0.108247176 2.32193 274.08905 140.1734 371.20715 7 0.0995818 362.8816 526.5834 421.67194 603.24133 7 0.08590055 531.19385 270.2639 697.8379 338.67184 7 0.077804245 524.66754 264.58908 551.1541 327.01456 7 0.07651813 194.65308 164.86444 217.29291 255.26495 7 0.057998795 268.15594 115.605865 398.9843 699.8612 7 0.0567277 191.62059 162.20618 236.14473 256.2978 7 0.05569395 555.0422 298.05368 714.4223 348.31113 ,test/4218.jpg
0 0.57143146 851.57697 390.80634 909.6027 442.3885 1 0.99912196 137.038 335.84918 976.28076 781.49506 7 0.08577364 851.62976 390.6537 909.7837 442.68365 7 0.07746999 1.800724 686.7344 93.358734 780.7019 ,test/4219.jpg
0 0.45211345 3.351059 0.0 223.59299 322.67862 0 0.24106497 508.06766 103.737686 555.25476 247.72353 0 0.15161173 739.0908 383.58405 768.5215 437.57135 1 0.9983424 283.8939 93.326965 858.2219 698.77783 1 0.9268235 313.5937 97.22081 548.7222 400.3236 1 0.8343147 411.21777 95.90401 821.0475 438.48663 1 0.6682458 374.06595 345.72974 485.4471 403.3341 1 0.4995368 738.2669 387.46088 765.91925 436.82874 1 0.49299586 521.6163 232.02278 757.55426 424.7788 1 0.16816354 381.14117 295.3287 508.73602 398.56168 1 0.086606495 518.8514 231.31906 580.18134 407.89188 1 0.076479375 381.5334 200.0575 532.3405 398.09845 1 0.058553375 428.4677 128.5862 547.07355 387.27576 7 0.99993384 233.79247 530.91156 477.31696 1019.03754 7 0.14308138 326.40234 633.1936 357.22913 662.3347 ,test/4220.jpg
0 0.30873507 213.49115 303.25568 920.9921 997.55914 0 0.20426445 210.25827 304.9041 877.8358 586.5321 0 0.08480817 331.85028 643.4235 619.5123 1014.12006 1 0.1472746 201.87605 437.27615 353.84186 594.6069 2 0.27388024 215.23471 308.04132 867.7411 586.0018 2 0.06109819 203.95854 438.23035 345.0644 594.60364 3 0.051709473 205.47034 309.562 866.3794 586.70703 5 0.7383875 206.61258 307.50806 869.49744 586.7815 ,test/4221.jpg
0 0.99028605 818.13934 772.4435 1021.9312 1022.08215 0 0.6965695 523.2739 512.8104 741.0542 600.36597 0 0.5465365 743.9658 417.4156 787.5066 447.5807 0 0.47459248 815.0672 69.24879 894.8641 144.33441 0 0.4600892 787.15924 724.9566 931.2973 814.4827 0 0.38488814 714.4019 238.42657 755.3089 277.75812 0 0.38417485 479.63306 858.3363 593.7893 923.3533 0 0.3756096 700.73065 602.7467 752.742 664.71875 0 0.37220338 897.2338 491.91003 1005.3123 539.65063 0 0.35906175 941.89276 796.7733 1024.0 875.8259 0 0.29899266 754.3935 397.51263 838.92596 476.85968 0 0.19661145 770.15814 469.7213 1023.8598 1024.0 0 0.15461393 764.02905 345.15686 788.41895 390.9756 0 0.13419221 904.3531 498.00784 970.6341 519.16254 0 0.10205983 785.0263 720.29614 1024.0 872.4221 0 0.09449058 1002.3264 966.95483 1024.0 1023.74207 0 0.0724303 862.23413 940.0291 1020.5426 1022.12714 0 0.058257744 756.2659 471.80518 937.3077 601.40564 0 0.05769239 906.3501 690.47125 980.72156 733.2098 0 0.05319327 881.4291 128.43808 919.11426 153.81839 1 0.90285003 829.7779 362.38495 1022.3393 524.82184 1 0.85514426 755.97925 472.69318 937.99976 600.4726 1 0.5463986 479.84485 858.1578 593.87317 923.3132 1 0.27541077 899.23474 492.55414 1006.3013 541.0627 1 0.11439997 743.9658 417.4156 787.5066 447.5807 1 0.09765569 910.63354 496.2748 1002.6677 521.99457 1 0.083634235 700.92926 603.0069 752.54364 666.40106 1 0.06410283 545.0438 485.40634 955.771 605.218 1 0.051734205 592.9251 531.6144 739.4312 602.0065 1 0.050196983 714.4019 238.42657 755.3089 277.75812 5 0.7417107 526.07477 513.824 633.97626 573.8689 5 0.6697552 700.7283 603.1866 752.7173 664.3056 5 0.23984204 790.07404 719.6418 926.84015 807.9854 5 0.21183148 767.11505 398.70673 838.4676 474.5548 5 0.1518957 527.2142 510.22244 708.9412 600.4904 5 0.07989892 821.65985 396.84933 839.0683 448.45517 5 0.059296347 744.07355 417.54828 787.78766 446.72278 5 0.052981697 529.40924 512.80286 639.20514 535.21655 6 0.9930888 249.2993 246.07788 574.0708 463.8335 6 0.3766954 881.50195 128.64792 918.6439 155.18976 6 0.36832476 829.17865 363.36176 1022.07697 519.82385 6 0.081506334 503.58008 283.77948 546.97363 327.8365 6 0.058396287 701.34106 603.2054 752.4918 665.6076 7 0.4983362 760.7224 397.41672 839.417 476.72678 7 0.4129729 816.1679 69.10244 894.513 144.6741 7 0.10655653 941.89276 796.7733 1024.0 875.8259 7 0.10417325 897.15784 492.0411 1006.8148 538.4427 7 0.08707767 744.07355 417.54828 787.78766 446.72278 7 0.08064882 714.5597 237.62158 754.9347 277.81885 7 0.08004717 904.3531 498.00784 970.6341 519.16254 7 0.067683674 700.25775 603.0175 752.29474 664.3968 9 0.0906735 817.0129 783.30646 1024.0 1023.06647 9 0.070732355 816.44995 69.39238 894.76685 144.65756 ,test/4222.jpg
0 0.20197982 0.0 241.05322 189.55695 401.64062 3 0.99234104 225.83888 355.6174 735.6349 720.0564 3 0.09496356 581.1421 404.73407 735.5492 718.3665 3 0.087947786 203.10333 418.48203 284.6381 577.8678 5 0.110570215 238.78175 349.80664 735.75385 720.5845 5 0.09889653 581.6097 406.52972 735.3177 720.9998 7 0.2525982 277.16254 360.655 645.0829 721.14136 ,test/4223.jpg
0 0.99650985 192.90706 407.7071 546.45386 629.41 0 0.8331084 0.0 586.4059 234.91382 1018.32153 0 0.46992636 137.54657 675.80005 224.96948 731.73987 0 0.4613016 430.218 308.13074 812.697 574.4212 0 0.38035077 64.031456 616.5201 228.00433 705.8853 0 0.30239597 1.0071945 579.9272 228.1294 733.99347 0 0.2800603 114.54071 194.19312 182.49802 302.7738 0 0.21256055 11.908783 684.1747 554.98364 1021.6864 0 0.16619262 174.49475 304.81705 814.31964 632.81177 0 0.1324811 24.837204 827.881 246.01787 1019.71204 0 0.07461441 432.227 329.58466 581.39014 489.65723 0 0.056655325 212.39783 649.0786 267.77127 679.6085 1 0.54672146 436.16217 307.44397 812.4218 574.97015 1 0.068758495 174.49475 304.81705 814.31964 632.81177 3 0.112007156 124.6472 688.29535 545.7677 962.9754 5 0.46152732 124.884476 687.56177 546.04694 962.8241 6 0.46395388 0.0 586.70557 232.0095 1018.0729 6 0.19724838 212.39783 649.0786 267.77127 679.6085 6 0.17316596 0.6062851 585.5641 230.49927 710.4387 7 0.58495945 11.908783 684.1747 554.98364 1021.6864 7 0.41502702 28.340965 838.45233 234.67206 1017.25543 7 0.06197685 0.40702057 597.3812 236.55328 1020.2822 7 0.059871722 64.031456 616.5201 228.00433 705.8853 7 0.05675174 157.57886 226.19986 388.55273 368.29404 ,test/4224.jpg
0 0.842681 359.78595 559.8894 418.6772 615.6549 0 0.21983762 401.90164 384.34326 566.1638 617.4586 1 0.6456176 402.06097 384.40494 565.3992 618.10236 7 0.5740484 402.0882 382.87744 565.24316 618.2191 ,test/4225.jpg
0 0.110419475 295.65787 372.53717 343.63516 416.0407 2 0.2348412 297.5069 453.7998 377.34344 499.50763 2 0.055332877 349.64133 475.02106 376.9982 497.83154 3 0.2695756 250.63483 338.3603 332.78705 393.50824 3 0.08752092 258.56287 295.69016 325.81372 397.90396 4 0.05172379 277.23615 444.5252 376.74377 500.6718 5 0.8414771 278.1386 444.57712 377.23865 501.2145 5 0.5674843 258.56287 295.69016 325.81372 397.90396 5 0.5265845 263.8342 297.7422 325.0613 348.9718 5 0.14393398 356.26477 379.94968 404.25464 402.03494 5 0.12534173 281.5075 432.0751 462.11462 553.6125 5 0.10153123 250.63483 338.3603 332.78705 393.50824 5 0.08307133 272.55994 434.06604 373.59613 546.3268 5 0.06708221 277.78305 441.16074 343.93112 486.69528 5 0.05757738 300.65363 456.9343 378.7016 527.0286 7 0.9983687 206.80011 282.3147 704.92334 905.8207 7 0.9962968 301.06866 262.6766 801.2133 579.78455 ,test/4226.jpg
0 0.9057022 398.6268 564.53864 467.11832 640.82965 0 0.797431 673.9734 746.95337 751.8679 816.20496 0 0.7874338 457.76373 641.3131 662.2839 874.7229 0 0.3981934 649.56573 744.66614 789.75726 891.5333 0 0.2685194 419.00143 286.08307 660.11456 566.89294 0 0.1421057 453.56088 654.8232 790.1179 914.61066 0 0.10507642 698.63824 824.1579 791.5678 892.149 0 0.09693053 561.72095 741.7427 787.38916 926.0751 3 0.23202349 418.6399 285.19 659.94727 569.4388 5 0.96075714 419.5344 286.2967 660.04535 570.0434 5 0.070187636 398.52267 564.40283 468.06015 640.93604 7 0.3481773 455.26562 641.21155 664.55237 862.1039 7 0.050451703 601.5197 742.0055 786.8111 905.14966 ,test/4227.jpg
0 0.4063478 293.76666 300.10388 412.604 493.14594 0 0.29615793 771.0573 404.35217 814.47797 463.04767 0 0.27857983 2.3104935 579.9293 86.663124 758.7848 0 0.23911338 3.0510101 576.22864 85.72966 655.4396 0 0.11238684 279.27872 302.8075 458.12778 629.0144 0 0.09763135 332.28018 313.1441 395.96805 453.34454 0 0.076005034 448.19077 283.1931 521.2043 552.8515 0 0.0688858 364.93057 313.83936 397.07663 331.50293 0 0.06565031 246.60437 344.71497 408.51385 388.58777 0 0.060140923 348.5326 313.1876 395.47998 369.73953 0 0.051274136 276.62988 319.3647 450.46844 435.33807 1 0.99464107 446.97794 276.01028 781.0436 566.99426 1 0.8147127 520.73224 518.3815 797.81036 768.7993 1 0.7414119 470.54706 298.64557 804.1755 778.10016 1 0.40916005 463.71606 544.0006 531.05914 643.5686 1 0.36533827 771.07306 404.19888 814.46576 463.1783 1 0.3291998 480.71716 354.069 683.39795 489.4371 1 0.27027103 274.354 283.0791 762.5521 637.7431 1 0.26320744 224.08112 292.46057 521.0361 650.80975 1 0.15335107 447.65417 283.7575 512.60156 532.9006 1 0.09377666 2.2348785 578.16644 86.6452 758.9194 1 0.09277029 716.9839 323.16785 786.5292 543.29846 1 0.0591319 281.1382 536.15735 531.9535 648.4689 1 0.0551653 499.08868 371.24457 794.4382 637.27124 1 0.052942272 463.12515 595.476 531.08386 643.9317 2 0.36716735 771.0473 404.43988 814.5268 462.98248 3 0.39835617 771.0601 404.10913 815.0352 462.9051 3 0.12595354 0.0 320.45984 307.15305 721.0969 3 0.10307071 3.0510101 576.22864 85.72966 655.4396 3 0.051774878 2.394638 574.8739 86.9015 760.22034 5 0.27466992 0.0 315.24487 306.2937 721.20056 5 0.07104649 2.2348785 578.16644 86.6452 758.9194 5 0.05983346 3.0510101 576.22864 85.72966 655.4396 6 0.9638884 227.98802 295.1891 488.53113 630.6121 6 0.31101614 242.92795 293.77603 447.51474 481.45358 6 0.17742875 278.7216 543.86115 494.2291 646.4124 6 0.13842115 273.86246 345.94632 457.83395 570.00586 6 0.077934474 235.90778 296.86554 346.00494 468.40826 6 0.07070859 420.4148 304.33234 461.0208 342.8601 6 0.06018502 304.3799 371.42883 450.35178 493.3122 7 0.99885607 1.9413986 1.9261475 191.54324 315.96768 7 0.5232951 0.118515015 252.78168 25.407242 453.82416 7 0.29144737 132.85944 0.0 193.461 131.4684 7 0.17310156 2.3104935 579.9293 86.663124 758.7848 ,test/4228.jpg
5 0.08584879 364.49933 0.0 1024.0 501.75064 7 0.9997391 259.14117 332.9737 751.5913 762.5883 ,test/4229.jpg
4 0.59572506 232.77316 529.9687 778.0134 752.7795 5 0.8130901 226.92096 528.23206 776.1367 752.8086 6 0.2687687 110.03651 125.72899 354.18417 469.6645 ,test/4230.jpg
5 0.84552276 331.51425 274.5185 693.323 650.8043 5 0.07432738 662.2693 263.40024 705.8873 326.9122 7 0.4722368 330.95505 274.3459 693.6035 651.615 ,test/4231.jpg
0 0.1999055 776.96405 575.3515 1019.3968 796.3558 0 0.17276323 601.3093 105.80304 762.3181 364.18576 0 0.12282105 511.43652 571.6251 552.1222 602.53467 0 0.08610334 486.59512 91.75444 728.43823 144.79103 1 0.9599311 367.5478 598.2721 625.36395 719.0187 1 0.9472817 411.12936 392.73682 573.6649 529.45636 1 0.91933465 138.13506 673.39484 210.57588 709.66156 1 0.8135336 112.84842 462.75977 664.5984 978.2041 1 0.7308544 139.65263 689.7036 627.8528 974.3484 1 0.7194731 184.4501 426.10638 373.9741 706.5191 1 0.7155584 361.0086 527.2409 552.2329 599.41925 1 0.6922423 200.05583 658.36847 240.71626 710.03754 1 0.6660381 600.4845 167.20038 740.5464 783.56195 1 0.6223057 750.6046 565.698 1021.3242 846.2573 1 0.6035617 357.94028 358.78915 622.9717 721.6753 1 0.58817494 130.06157 498.1716 208.88167 697.2391 1 0.581308 367.55713 389.3872 616.20557 577.7033 1 0.5753553 128.3887 106.399 603.3633 559.6358 1 0.5345626 141.47931 413.82684 668.08856 742.5694 1 0.5079361 618.7916 385.6855 934.6007 822.0214 1 0.5051129 511.43652 571.6251 552.1222 602.53467 1 0.4695062 678.84735 464.18036 773.03217 833.2308 1 0.4628657 609.7711 454.68512 659.20667 582.8741 1 0.45103827 608.1459 476.74 705.6658 772.2593 1 0.4233728 626.90936 510.9503 655.9122 569.5183 1 0.40790665 138.19879 657.4556 241.4772 711.80206 1 0.40780443 722.5184 689.1467 776.7115 838.5006 1 0.37029812 565.29065 389.11755 622.2029 607.71063 1 0.34834227 605.5011 227.11981 673.6118 594.9366 1 0.3424614 608.9345 234.05766 648.31964 364.94635 1 0.33972237 603.724 439.44376 631.65845 601.9564 1 0.32735646 617.3004 425.0047 758.5626 802.6976 1 0.3252699 755.1371 596.4048 847.4844 839.56055 1 0.27425513 629.9134 265.22153 721.07965 587.2716 1 0.2742549 617.5616 282.6261 645.955 344.37555 1 0.25260475 667.8368 535.5049 845.411 837.2114 1 0.2103136 527.9897 87.64279 757.9943 651.3091 1 0.19976705 662.163 448.47708 732.9428 770.84985 1 0.19394876 594.75946 141.60663 701.1464 615.9757 1 0.19384266 279.82742 357.39307 379.30356 540.82355 1 0.19368675 602.9936 107.58542 761.3681 359.5298 1 0.19093218 275.71625 145.1174 641.74457 692.2151 1 0.17764585 607.59247 248.0556 724.61835 457.67993 1 0.16914201 175.44005 610.3573 239.97087 709.3198 1 0.1682955 588.27954 281.0072 634.8956 606.10144 1 0.16724046 702.53406 512.2289 721.09814 577.8346 1 0.16520542 399.5734 467.87463 635.9965 573.5879 1 0.1585143 687.65796 460.36798 721.40454 583.72943 1 0.15418792 362.75006 584.3169 585.20483 643.86194 1 0.14912263 606.366 211.79465 653.7413 451.3552 1 0.14168741 708.5882 584.4848 773.0505 826.65936 1 0.14072256 608.06006 270.8632 634.8905 348.6926 1 0.13768308 298.05432 365.03973 568.7677 529.74384 1 0.13344097 123.06909 700.9972 622.9343 816.96326 1 0.13240659 606.5585 182.9614 724.24915 374.39072 1 0.12215636 698.9454 495.61636 716.721 560.2154 1 0.12099809 685.4 576.809 736.4016 752.5291 1 0.12082199 696.58417 477.32434 730.89545 604.4181 1 0.11595325 418.67773 392.1502 484.38885 519.38794 1 0.11459353 207.22705 398.30383 567.01373 583.0756 1 0.113563664 613.04517 259.15253 657.8894 397.57874 1 0.10510026 630.8184 435.56287 672.6663 579.6131 1 0.10131711 695.96545 512.0091 714.20544 584.70123 1 0.10104654 635.49347 289.9975 670.76935 457.60913 1 0.098164536 665.5263 484.3037 719.43317 578.9252 1 0.09755732 679.249 501.4677 716.10425 613.1413 1 0.09525269 690.0223 726.6869 743.3538 823.3042 1 0.09444912 473.9588 101.6859 767.90497 399.56323 1 0.09005754 609.4005 459.37314 629.59155 551.43585 1 0.08702529 396.52646 603.5389 621.589 661.5319 1 0.07971979 688.8309 625.2452 751.2723 825.8139 1 0.07918416 609.1545 396.33002 667.9908 621.08923 1 0.079066485 599.02106 258.51895 629.35516 462.1293 1 0.07613237 719.59143 560.2995 737.0869 622.7292 1 0.073971115 693.97046 436.79126 776.11475 625.2263 1 0.07359638 682.8568 429.65396 754.30457 705.7621 1 0.06998066 519.79297 118.824844 647.80786 605.70166 1 0.06960793 711.76056 672.8303 752.27094 824.0001 1 0.06835776 656.9899 342.94623 736.88824 609.4334 1 0.067684405 191.60742 347.05832 661.5373 630.287 1 0.06690567 356.59808 599.76086 408.52374 711.9606 1 0.06665477 521.9646 393.51483 616.0187 603.0071 1 0.06256138 694.2532 401.65833 928.92334 657.7241 1 0.061149348 641.2259 327.89288 682.0076 512.58594 1 0.058439963 452.3951 265.04694 626.0493 585.3641 1 0.057420533 727.9179 697.4641 755.30804 792.69385 1 0.057170246 572.681 378.16992 686.6605 795.35254 1 0.05637258 663.48627 447.89584 703.11884 602.4755 1 0.055535614 435.91107 154.61827 622.8339 487.16534 5 0.15587036 602.9936 107.58542 761.3681 359.5298 5 0.06964607 140.79584 484.66867 198.3775 505.38327 6 0.98836213 281.65152 357.2082 377.63907 510.36462 6 0.9121533 795.0722 576.4847 1024.0 760.6628 6 0.11461997 770.47003 592.31146 875.1043 833.50775 7 0.9943762 712.02875 381.50598 926.935 611.89026 7 0.8541416 909.1154 518.08984 960.4787 572.43774 7 0.51369333 480.12863 1.2106552 635.0467 96.114494 7 0.100698575 602.71387 107.68936 761.23413 365.6845 7 0.06943401 705.42896 391.4989 925.19885 822.98267 ,test/4232.jpg
0 0.74427426 128.97266 358.94202 810.19727 651.71014 1 0.2267757 128.20673 358.67084 809.4513 651.3361 6 0.09029154 137.58841 356.5323 807.80164 652.6317 7 0.16395462 136.10199 354.70627 806.69293 654.38574 9 0.073603116 135.15768 358.59357 809.30054 653.1988 ,test/4233.jpg
0 0.81176734 247.63641 390.73285 844.0821 676.7974 9 0.7329386 252.30356 393.19537 843.6039 675.6712 ,test/4234.jpg
0 0.57571566 580.6787 0.0 843.1852 122.30139 0 0.5639821 607.7042 100.754974 771.71875 187.41122 0 0.14892024 639.35364 558.2227 744.73584 671.9417 0 0.11307038 191.12848 0.5581398 298.75635 68.42418 0 0.092114724 135.69261 164.41681 330.45636 752.92456 0 0.07523338 129.36469 77.59178 214.38474 120.14836 0 0.059522517 593.0907 539.33844 791.556 727.8566 0 0.05397386 153.81055 853.0013 757.5165 1019.4516 1 0.9830505 182.80154 0.0 709.4133 171.95346 1 0.98164266 626.9318 171.09805 1010.47565 691.7748 1 0.9661364 0.0 72.80954 737.31177 885.51697 1 0.9607384 139.61188 667.9636 825.0956 1013.82776 1 0.95600384 822.3373 3.2027588 1023.2991 277.89035 1 0.76475376 795.11206 31.749344 1020.2915 442.89514 1 0.6601651 459.86438 161.3599 712.80066 762.0067 1 0.6446224 642.03375 523.7755 792.5441 679.9531 1 0.56938416 635.58026 514.77747 1024.0 1022.26794 1 0.46574056 580.8306 0.0 841.8599 122.21213 1 0.44586608 132.65425 769.9311 454.2868 820.321 1 0.4130716 190.3976 0.74171066 300.56552 68.253784 1 0.39874515 129.36469 77.59178 214.38474 120.14836 1 0.32755476 115.677704 5.355713 1022.62756 302.5531 1 0.28785697 580.0199 3.4848785 1019.9895 464.09613 1 0.2828035 193.91504 283.06186 1020.90466 1022.7084 1 0.27470997 127.52156 788.4343 420.80615 890.1188 1 0.27350268 153.81055 853.0013 757.5165 1019.4516 1 0.2707394 639.35364 558.2227 744.73584 671.9417 1 0.26266998 596.8608 559.7602 751.16644 720.97736 1 0.23533675 916.21936 304.6217 1024.0 434.51575 1 0.20733033 199.28442 51.442352 1024.0 756.0836 1 0.16828321 158.94476 837.44763 284.39264 901.47327 1 0.16322117 568.20166 168.05719 767.2976 721.75525 1 0.15246165 128.78076 881.52814 173.4407 987.8078 1 0.10721984 93.10579 808.1046 189.69563 984.24854 1 0.099709965 362.4704 186.0611 821.7652 855.3536 1 0.085544564 177.53139 804.99896 374.63013 874.3477 1 0.08082186 132.6708 851.7182 228.07101 925.04144 1 0.072674565 0.0 100.330414 239.6843 896.9806 1 0.0682462 121.54916 825.0695 308.95743 925.4085 1 0.06812987 132.91203 788.3548 400.71613 816.1744 1 0.06562489 216.71786 135.3193 534.5132 774.0868 1 0.062975466 110.63608 771.29645 623.5935 1010.8719 1 0.05626919 128.10248 853.9678 185.65375 921.9894 1 0.054598447 595.57654 1.6704407 932.3827 260.1312 1 0.05312842 174.56284 826.5778 321.5201 882.8243 1 0.05153513 130.75302 122.18176 345.71152 768.7439 7 0.09432736 587.1207 0.0 826.3612 212.33575 ,test/4235.jpg
0 0.18199143 329.16486 329.55188 646.82684 740.0187 0 0.11779599 314.17648 618.53436 332.82663 674.5286 1 0.9754201 329.333 328.39743 647.65594 737.8872 ,test/4236.jpg
5 0.26964456 184.65396 234.7402 934.8231 819.94214 7 0.9221172 185.2445 231.65411 934.89307 821.21576 ,test/4237.jpg
7 0.9999727 117.54428 201.52069 759.6223 714.3512 ,test/4238.jpg
0 0.9995704 349.88132 276.20282 634.74243 579.51605 0 0.9813054 66.364365 485.78397 564.61646 725.2395 0 0.5146654 81.44534 280.00433 629.0311 714.386 ,test/4239.jpg
0 0.37684417 505.2508 510.31805 544.59784 612.33966 0 0.19634177 161.29776 392.3069 258.3914 486.92358 0 0.1854409 299.6555 548.2893 362.38553 574.90283 0 0.1607337 631.92584 408.3255 1024.0 695.5767 0 0.12723556 2.642994 425.85712 114.044495 511.7979 0 0.12469716 510.4692 509.78714 554.98376 531.6911 0 0.123503104 106.54675 397.37646 262.6691 524.82227 0 0.12230287 0.0 397.6894 320.83987 532.048 0 0.0823814 184.99188 516.55884 242.96674 547.63684 0 0.08236027 2.2867737 445.4217 388.23813 576.00037 0 0.07659767 254.65204 544.025 368.69995 576.2029 0 0.075179204 51.00506 415.49435 180.56348 510.3383 0 0.074876726 474.51834 487.47852 576.1239 617.6819 0 0.06439785 157.97968 417.46573 237.37659 509.3262 0 0.0636503 989.3082 441.78458 1022.67676 634.9475 0 0.06284977 67.737236 438.8792 114.95071 472.9729 0 0.058385506 70.48729 416.61612 143.64886 489.89267 0 0.05824669 43.78186 498.23575 347.55554 570.41437 0 0.056833375 35.8637 436.03833 118.48209 491.64294 0 0.051500812 82.29315 414.98514 175.08456 476.38248 1 0.9638545 14.162048 369.71277 507.1853 590.772 1 0.87769055 638.1884 406.7635 1024.0 696.9653 1 0.6781426 56.82144 408.41177 271.1531 521.9968 1 0.6342987 210.45811 413.7788 452.6629 570.6945 1 0.62746114 165.00174 639.5301 403.17477 840.0069 1 0.6242999 56.09445 392.7518 643.46533 828.5027 1 0.55885017 363.36667 483.13898 499.45322 586.5512 1 0.2839558 297.38058 547.26245 361.5156 573.7363 1 0.26497892 345.3917 438.6536 453.03635 582.3302 1 0.24764158 419.84665 487.7681 457.4706 545.2572 1 0.22377008 2.2867737 445.4217 388.23813 576.00037 1 0.21081841 272.457 544.8036 351.02994 568.25916 1 0.19091345 194.00114 402.38367 502.08423 813.40564 1 0.18439184 440.1178 480.2198 622.27 604.25116 1 0.17591752 338.1941 423.0415 622.8251 804.73315 1 0.16354682 63.159626 417.73016 176.0865 503.0545 1 0.1526783 184.99188 516.55884 242.96674 547.63684 1 0.11623974 284.54297 382.23553 508.10406 611.0755 1 0.104602285 146.67123 395.39487 264.5478 506.79526 1 0.10112839 370.957 368.0354 511.8831 540.1448 1 0.08689266 426.104 516.5377 458.7459 543.82996 1 0.0796815 392.08765 476.53708 458.5453 579.4887 1 0.079276375 239.36511 441.60797 282.25543 467.2541 1 0.07892732 41.99568 496.0403 363.2295 580.47406 1 0.0783566 0.0 430.61832 108.53239 473.09006 1 0.0768125 989.3082 441.78458 1022.67676 634.9475 1 0.07330967 355.73914 372.5968 564.9824 595.30383 1 0.07245708 437.09583 412.01846 627.78467 537.9234 1 0.07013383 140.14398 395.6795 413.5218 665.4229 1 0.06865324 203.58571 452.97723 369.5705 568.8137 1 0.06649619 44.84752 469.11172 295.83484 558.9252 1 0.058698494 236.66908 372.345 621.48126 553.1532 1 0.055649973 413.3785 488.1942 441.83884 556.7833 1 0.054895543 375.22385 387.59167 633.00793 493.34534 1 0.05415196 517.22516 482.91006 617.99274 538.85596 1 0.054129895 231.1304 427.45276 287.27853 470.35614 1 0.05268092 501.9797 493.30566 590.2004 535.30176 1 0.051137324 119.572495 420.18533 223.91795 519.91626 5 0.072656155 633.737 408.14087 1024.0 695.49304 7 0.8347736 1.9594688 474.79593 72.18233 515.1427 7 0.58110917 23.475216 455.7008 94.92166 501.5387 7 0.37237418 4.682724 442.67575 104.57843 513.7424 7 0.10222702 299.6555 548.2893 362.38553 574.90283 7 0.072562866 20.429665 465.6606 70.37685 505.66635 ,test/4240.jpg
1 0.37143594 279.66083 229.41516 793.217 764.26495 4 0.20210838 274.51028 231.86273 794.5043 762.93427 5 0.99018085 269.4209 229.9108 828.50146 764.3329 5 0.6907087 642.2266 221.69635 840.2652 745.107 ,test/4241.jpg
0 0.16655403 849.5502 750.9009 919.6979 861.369 0 0.07099048 652.9978 267.86908 793.6111 320.99017 1 0.068295725 477.9283 595.7924 497.9612 755.45905 5 0.8610988 849.0563 749.1028 925.4232 861.8672 5 0.4732434 477.9283 595.7924 497.9612 755.45905 7 0.9998622 448.10315 187.25055 915.5669 920.33136 7 0.9998522 49.084503 265.85553 498.51547 845.16425 7 0.6269007 675.30176 264.5097 796.86536 328.93506 7 0.49226737 221.13586 267.39282 385.0666 353.224 7 0.24711783 590.38354 182.59387 704.61096 293.88498 7 0.07154912 846.6489 748.3725 923.19336 860.80756 7 0.061392237 729.59674 267.50662 791.9172 331.63553 ,test/4242.jpg
0 0.07683262 475.58926 591.22534 772.77026 756.04126 0 0.06335117 214.70084 604.0041 809.57544 749.665 0 0.05319367 263.94974 603.95953 511.94016 752.0041 1 0.8438989 466.81628 114.561264 602.9862 253.83937 1 0.19670942 493.96585 97.8813 563.2665 118.7867 5 0.6735092 493.89908 97.8531 563.41766 118.67378 5 0.24843264 84.83611 443.4055 163.33371 475.78415 5 0.13483703 284.04816 586.80493 408.8875 642.4763 5 0.090176694 855.1349 539.53796 924.93726 565.84705 5 0.0812889 59.967854 430.06104 162.1767 478.80438 5 0.08067016 917.3427 566.01526 987.13983 706.8237 5 0.052624688 977.38574 538.30817 1020.5314 727.60516 6 0.5493188 466.3537 114.40584 602.7603 253.18095 7 0.98970747 106.618 443.71722 482.46753 641.9589 7 0.9787982 438.51648 439.5682 695.8142 628.55444 7 0.9756765 655.7444 440.93994 828.3087 600.28674 7 0.96603596 3.0902176 641.6512 249.5643 738.9572 7 0.9397187 0.0 534.0731 226.24991 658.75024 7 0.9094516 785.08636 437.68564 986.061 709.7949 7 0.7457225 4.8184357 352.38025 187.75047 551.02563 7 0.54875666 627.5497 371.63956 802.8048 573.813 7 0.5230615 0.0 531.2106 295.5738 728.0342 7 0.46722555 475.03323 588.51434 766.7793 757.2536 7 0.46635395 8.294022 403.3059 498.91675 737.60986 7 0.4660401 674.4564 548.61316 976.0984 726.50195 7 0.36841685 0.0 427.63416 155.33469 548.0001 7 0.34424016 4.7579346 349.1669 250.62965 724.55505 7 0.3398223 55.273743 556.3201 1013.512 742.8387 7 0.2224953 779.22314 443.17307 976.9762 586.7095 7 0.193889 498.66357 686.15546 755.9031 757.5766 7 0.18692309 440.69608 440.36713 785.3502 757.92426 7 0.16484891 0.0 425.8967 59.192802 537.068 7 0.1637143 625.2048 370.42807 796.56696 463.95834 7 0.15729411 635.27856 403.0912 1000.4656 716.7859 7 0.11394025 442.0213 417.05 799.9102 559.3402 7 0.096037686 67.18799 501.01895 710.29114 650.32043 7 0.086324185 26.979034 349.61176 287.4784 498.5998 7 0.06506434 133.90698 447.07953 902.7717 722.22833 7 0.058857743 914.8277 559.793 986.42523 704.7236 7 0.05852142 108.625626 446.39807 184.37413 560.88043 7 0.05136314 210.82713 502.33228 490.78705 734.2416 ,test/4243.jpg
0 0.76047665 331.1897 300.42566 643.6885 633.01715 1 0.38007995 330.44003 300.11667 643.7046 633.0491 7 0.13225792 330.49072 300.86908 643.44 633.03174 ,test/4244.jpg
0 0.19952403 262.94617 108.269775 703.8457 952.85767 2 0.055645738 260.39276 111.41675 705.2221 955.105 3 0.6456591 259.47748 109.0029 706.21545 950.7206 5 0.55664635 261.29846 109.40268 705.17474 951.4933 ,test/4245.jpg
0 0.8348194 382.5715 629.9639 446.35428 694.3173 0 0.8170139 578.72205 385.30182 636.5741 417.9643 0 0.7526553 641.5847 305.50415 701.24414 333.43518 0 0.6323884 152.738 492.78677 258.2785 619.8587 0 0.5287613 759.2817 452.23773 940.77826 561.60455 0 0.25623205 225.3189 317.3977 503.1999 473.96198 0 0.25508618 106.83884 379.12875 756.02844 978.2494 0 0.16581896 307.58316 626.8348 456.03232 702.0301 0 0.15743442 733.88824 475.71506 755.7398 520.6586 0 0.13803622 86.06674 278.56396 154.18365 309.61542 0 0.10629856 363.67184 552.2037 506.99222 688.9051 0 0.10499708 91.754425 883.6058 134.33826 903.42474 0 0.085693814 392.6083 681.664 445.55283 711.59735 0 0.072989956 402.69342 871.796 477.313 949.04443 0 0.071577996 111.38194 446.96637 486.48956 960.29645 0 0.070640445 385.84152 650.3762 449.4882 718.8413 0 0.07014735 312.3914 628.1219 396.35 670.13544 0 0.055917315 731.7369 474.33707 744.98444 524.9592 0 0.054170225 189.01761 660.68225 470.05026 954.99817 0 0.053387836 151.46315 488.85226 203.50404 626.2606 0 0.051665522 229.55003 471.3418 264.18573 521.7413 1 0.9160674 753.7146 442.9072 1022.9022 564.2812 1 0.12504661 578.01935 385.0755 636.63715 418.37653 1 0.12190967 311.64185 626.1925 395.69037 670.8744 1 0.11739123 364.02533 554.2146 507.22418 687.59424 1 0.110911 106.83884 379.12875 756.02844 978.2494 1 0.07035702 164.97379 299.2026 503.8173 473.80515 1 0.0647777 249.94963 462.7029 430.87183 520.575 1 0.060939282 304.46106 627.3644 412.24622 700.1127 1 0.056700315 91.754425 883.6058 134.33826 903.42474 2 0.75332344 77.82634 479.3307 148.40813 554.3884 2 0.06341596 363.34875 550.9935 506.62982 687.94446 3 0.36878067 493.55273 705.3027 680.8214 801.55096 3 0.3518051 237.31055 693.8151 329.40503 742.4229 3 0.26748285 99.87037 325.8987 153.65518 415.51035 3 0.10802692 248.06671 462.77756 431.609 520.40704 3 0.097025715 362.89856 547.93414 506.4135 689.56464 4 0.45833817 237.2934 463.16577 432.4348 520.5195 4 0.32385823 99.65673 324.626 154.04787 416.49582 4 0.29851365 361.0663 545.91815 506.88754 690.0948 4 0.29654735 494.04608 704.8494 679.8846 802.31793 4 0.2142093 102.18703 396.6568 142.31145 469.41046 4 0.19964653 124.15019 389.78348 244.1089 447.6041 4 0.17572238 99.500046 327.76874 177.2997 456.0664 4 0.114902526 103.63315 381.52066 255.42426 474.09274 4 0.08296743 134.78789 396.5936 249.02629 514.15344 4 0.05989405 212.8276 452.44098 261.67682 513.6922 4 0.05908135 225.0324 470.61334 264.44196 519.788 4 0.058484767 319.7753 513.5156 407.88815 600.26355 4 0.050546564 214.67378 428.65103 304.23645 477.21634 5 0.9989303 441.82715 417.7887 567.1335 598.9721 5 0.99294126 551.99915 296.68427 721.87915 441.31488 5 0.62598085 362.69586 548.35724 506.469 689.0307 5 0.5519619 169.2831 299.82507 500.49005 472.82635 5 0.46134487 248.54205 462.74142 431.11774 520.5277 5 0.34046644 493.2186 704.8579 680.5637 801.91846 5 0.33793715 446.59033 574.64954 488.85968 599.08215 5 0.29176918 582.0358 349.80176 719.69366 438.50293 5 0.26308185 518.4395 516.43176 546.21625 587.5366 5 0.22860722 688.09534 417.6789 728.45605 444.21277 5 0.2206192 78.11276 473.82092 148.01906 556.1719 5 0.2016122 343.77847 520.80536 400.2338 551.1662 5 0.1484951 125.22672 390.84174 259.94482 483.1751 5 0.1466536 237.18846 693.742 329.6839 742.2382 5 0.110430546 164.23715 336.14172 288.62897 392.04443 5 0.10872197 311.64185 626.1925 395.69037 670.8744 5 0.09208558 99.65673 324.626 154.04787 416.49582 5 0.090392925 125.973175 387.62863 231.25433 448.16617 5 0.08982145 192.45004 401.84003 269.07022 530.3579 5 0.08783473 344.6357 419.1042 578.928 611.0723 5 0.08172547 353.36713 692.67523 423.47253 731.6501 5 0.08116175 344.28403 517.87646 403.80417 583.37134 5 0.07847028 129.44649 416.8168 253.4911 523.64545 5 0.070577584 91.531235 332.76273 283.01837 515.38165 5 0.06512758 304.56738 620.18646 399.63037 715.84296 5 0.061621137 302.4614 433.24466 441.72415 473.08096 5 0.05628575 335.9386 518.1194 452.99695 597.64905 5 0.05009447 179.98415 410.1962 255.07417 484.09103 5 0.050093 103.07145 325.85535 193.7728 478.2638 7 0.4365946 169.36452 300.28827 502.38 472.7072 7 0.15715829 171.93393 296.01093 290.44498 428.28662 7 0.12776113 488.5282 565.2846 540.3071 608.49176 7 0.09844292 165.24255 299.3651 212.59024 377.55133 7 0.09441182 162.04329 332.15738 286.42804 393.98288 7 0.06952178 363.67184 552.2037 506.99222 688.9051 7 0.06267624 328.0786 527.8162 366.3081 598.9008 9 0.37110642 106.219604 367.09952 756.4896 981.0642 9 0.1640886 152.8392 495.64783 258.51367 619.0675 9 0.11023864 105.39792 438.79114 479.77988 953.2013 ,test/4246.jpg
0 0.9470945 389.64 898.16077 422.94763 931.56067 0 0.7210953 416.25952 355.36707 714.18396 686.9884 1 0.6082163 415.85132 355.23566 714.1915 686.4471 1 0.05979533 389.4165 898.34406 422.81885 931.9545 ,test/4247.jpg
0 0.98852134 678.8529 122.92815 761.8799 164.3419 0 0.21577746 836.77826 297.17468 916.7227 678.00165 0 0.15864472 964.32166 41.699112 1021.6698 457.08655 0 0.082656875 150.65909 697.17365 419.89578 783.49335 0 0.07945832 940.1721 552.1799 1023.42505 631.20917 0 0.06771185 271.75574 102.25757 326.54156 141.37236 0 0.06710105 517.59863 910.3935 617.1183 942.2214 0 0.058820236 97.27681 237.12434 123.89235 605.30115 0 0.05779459 157.67111 707.3112 176.67795 785.5872 0 0.057068378 360.39377 24.165405 456.71262 573.6188 1 0.9977082 226.20175 725.97034 570.86035 908.0182 1 0.9826314 251.41055 340.35577 391.71127 576.56555 1 0.95092523 177.0452 578.07117 409.96964 671.34875 1 0.945109 434.04907 339.0781 876.0952 648.5853 1 0.9421171 171.53857 417.51968 253.55374 571.6145 1 0.76731074 132.3258 481.13956 419.69366 678.05664 1 0.7551815 159.21895 570.8095 184.06548 671.7138 1 0.6780924 142.3405 581.5892 415.0171 787.0889 1 0.6564341 346.3859 16.054718 995.87317 735.4751 1 0.6231757 156.6919 581.5739 212.44638 670.1672 1 0.5673025 159.03291 496.4383 247.08965 593.9692 1 0.5135275 169.87476 588.5719 256.27908 670.96204 1 0.4864562 342.66525 18.182373 993.3981 355.23157 1 0.38903958 150.49936 337.22827 417.7856 762.5344 1 0.3246073 150.48877 708.03534 430.41833 783.73346 1 0.32106707 155.0039 633.66486 419.73505 712.14996 1 0.2932247 140.98285 466.15 251.06842 670.4547 1 0.28568554 130.30545 547.8418 183.5755 672.13794 1 0.2739892 172.19096 596.51556 202.15446 671.35297 1 0.23535812 109.667206 149.92378 943.06494 637.1629 1 0.22081748 230.22241 728.85583 565.70184 790.9452 1 0.21164913 578.3917 591.7172 819.5414 654.26996 1 0.20749143 119.890305 556.43024 145.81166 627.518 1 0.20603487 97.777954 237.52812 165.5169 644.15027 1 0.20311967 800.52686 295.2638 940.15796 691.55945 1 0.19720434 356.5202 23.090546 453.0418 582.104 1 0.19599932 202.30432 582.0326 257.0086 657.43835 1 0.16398291 419.68848 532.3284 800.5642 814.61115 1 0.12523861 253.80774 42.456177 420.58777 634.4469 1 0.107667685 103.98399 58.768982 448.22827 648.3533 1 0.10224672 120.389824 526.4919 169.84096 633.06354 1 0.10091489 656.7556 3.0926156 778.4608 15.454187 1 0.09710502 196.95108 723.6103 726.0874 813.05206 1 0.094191216 154.03717 569.5896 169.23514 669.4326 1 0.09263657 324.96625 321.74896 396.23743 579.23364 1 0.08950249 150.81206 531.12976 230.45943 797.01733 1 0.08841399 128.31 561.19055 249.56775 672.8124 1 0.08112852 118.26645 249.78389 396.49857 575.17706 1 0.07450185 127.82039 504.53308 521.21674 815.2623 1 0.07368634 249.67722 357.6046 269.83737 560.6173 1 0.06794261 342.96545 316.19867 425.87274 564.53076 1 0.06250674 940.1721 552.1799 1023.42505 631.20917 1 0.06176034 807.5338 40.080627 970.489 698.97107 1 0.052630983 235.94623 732.4353 452.09875 778.52673 1 0.05108148 355.3735 174.70381 913.6345 387.04266 1 0.050719097 968.76337 42.935944 1022.41437 449.542 5 0.20490156 978.2683 218.62115 1022.0803 431.8744 7 0.97350955 427.16147 538.95056 793.6875 811.3031 7 0.4844341 977.45013 224.63959 1023.37616 434.30945 7 0.09088499 428.54456 580.7923 474.31708 696.2386 7 0.089688964 656.8589 3.0495672 777.95703 13.35333 9 0.16516788 937.50775 36.631516 1023.55536 466.6228 ,test/4248.jpg
5 0.3285824 185.33536 144.40408 795.5973 452.1285 7 0.8578364 181.7327 143.98273 803.327 459.3853 ,test/4249.jpg
0 0.39855227 622.3075 500.1708 648.0614 621.42926 0 0.24385051 457.9356 732.35645 586.38385 780.14233 0 0.21278188 388.1825 566.64874 513.1683 671.289 0 0.19185269 389.73444 552.2302 589.21094 695.9852 0 0.1374561 470.04233 606.2526 507.72287 658.0164 0 0.12696372 468.50415 737.07477 553.92444 772.51447 0 0.108156554 479.87524 551.49097 590.1742 639.1714 0 0.108151376 414.0119 648.3335 584.74115 746.0751 0 0.104668766 477.02316 602.616 593.63934 645.85236 0 0.10061967 601.3329 484.1478 646.27185 618.66235 0 0.07849623 464.7575 589.50214 592.60016 687.06244 1 0.9974362 190.9136 342.57986 770.6052 808.7793 1 0.82012373 390.2223 545.83685 592.27264 755.4959 1 0.71673393 414.31152 651.94666 584.6919 744.5065 1 0.494872 281.99603 525.6637 593.231 806.197 1 0.4261928 206.7896 431.1438 616.01013 747.3008 1 0.41413036 400.20303 539.475 532.7732 574.6333 1 0.33043376 227.61234 355.79684 755.61 576.8752 1 0.29930934 465.8229 478.06235 652.01556 650.37524 1 0.28353915 427.8647 581.58826 592.0853 689.29346 1 0.2804431 395.28625 483.78342 659.979 576.6078 1 0.27395633 479.87524 551.49097 590.1742 639.1714 1 0.26324227 388.1932 567.3478 513.2148 671.03235 1 0.19497284 546.99963 358.09613 751.1686 808.91534 1 0.17553316 481.53073 596.6234 593.9905 643.2018 1 0.15849963 457.9356 732.35645 586.38385 780.14233 1 0.15641673 422.63406 459.12402 638.76746 747.47534 1 0.15021075 402.58374 533.0474 591.3666 623.12604 1 0.1435145 458.3353 522.5077 597.4098 676.2993 1 0.11050268 398.60822 563.68976 516.70557 575.68463 1 0.10124127 468.94037 602.6946 593.5173 673.91516 1 0.0966701 450.04895 612.4735 591.15015 719.17944 1 0.09225138 183.32086 372.38617 438.60468 732.53925 1 0.070087224 549.8776 687.02295 581.4256 736.2919 1 0.06808217 423.45438 673.93866 586.4733 799.4024 1 0.050970297 542.61945 479.2159 653.1539 626.2688 2 0.30594975 388.35953 566.41394 513.3066 671.5287 2 0.26891932 432.01242 653.4219 575.5212 744.6377 2 0.06795827 404.47812 563.884 591.2535 747.14667 2 0.05366484 468.32013 549.01404 590.7432 642.01953 ,test/4250.jpg
0 0.6576628 568.42285 131.86404 1024.0 707.6753 0 0.44347534 817.1129 100.33887 1021.9708 704.4059 0 0.36841673 5.4353027 176.7587 1024.0 755.8203 0 0.25396466 444.11615 674.4816 559.4379 703.1689 0 0.2275364 311.54507 557.39087 580.355 698.89087 0 0.16106296 938.4697 1.4855957 1022.7969 185.35226 0 0.158913 488.72464 682.9728 551.3416 703.3992 0 0.14769813 8.165436 344.8969 314.7196 757.32355 0 0.12688625 4.1877823 14.233093 124.686 609.4092 0 0.11350299 71.65259 404.18604 879.8257 728.45044 0 0.098935194 245.49957 506.04596 646.33606 703.913 0 0.07275116 545.2924 602.09326 569.5611 691.7462 0 0.052044857 291.48297 562.62463 380.91772 689.86707 2 0.08305547 330.30695 558.8638 574.58844 699.4603 3 0.7234662 843.5329 970.66376 921.5047 1014.06134 5 0.7756227 465.8959 456.69855 892.26135 707.58185 5 0.47449985 497.44888 465.413 741.8875 628.901 5 0.34464854 305.07047 638.59314 378.9138 686.83276 5 0.18618262 216.4841 468.83594 756.94653 710.0105 5 0.14674138 295.4228 590.7312 382.9713 687.83325 5 0.14292836 71.65259 404.18604 879.8257 728.45044 5 0.061289962 312.34363 559.43207 585.3114 699.5048 6 0.9590001 82.18013 687.5037 416.04645 877.2016 6 0.1167294 84.69078 725.83 225.33818 784.7813 6 0.08867084 94.25389 768.22 385.03363 878.1731 6 0.073435076 938.1975 0.26309204 1022.63635 198.95898 6 0.056958206 0.15222168 431.0644 668.58124 880.1298 6 0.056380287 73.186844 693.1613 341.15656 789.7054 7 0.997718 0.0 700.6427 393.9532 1020.7117 7 0.9542049 8.844635 369.7832 313.113 761.3645 7 0.8487881 315.9502 559.3959 578.4895 698.818 7 0.82179475 4.2067413 14.309814 124.142105 604.6359 7 0.68145037 30.564667 390.39352 879.5596 748.76196 7 0.30939892 2.6696167 14.174255 302.025 772.1389 7 0.13806847 245.49957 506.04596 646.33606 703.913 7 0.11547701 532.3746 569.9639 652.1003 632.2724 7 0.07315427 376.02954 464.70917 749.44006 639.3947 7 0.053560868 282.87183 544.8665 380.38843 688.9605 ,test/4251.jpg
0 0.44256335 584.58954 636.8996 707.6608 679.4191 0 0.3725046 426.64008 562.70013 704.9466 680.7608 0 0.18347037 578.90375 639.9865 625.2286 672.9472 0 0.13261978 505.55176 620.20374 716.588 679.22327 0 0.09299176 332.4223 544.64136 795.2275 665.3772 0 0.08842705 82.83567 256.15668 145.24484 287.16797 0 0.08011404 728.8189 548.845 774.8945 572.7145 0 0.05488987 228.02039 517.13245 800.5111 878.56555 1 0.98963976 711.48535 391.01736 999.63965 576.02496 1 0.9843003 73.26967 753.836 124.18167 813.7862 1 0.5696878 231.05246 482.3401 794.52405 870.8031 1 0.44971812 343.1505 466.2142 800.12573 667.081 1 0.21774992 422.08282 563.5727 712.9981 672.082 1 0.1953084 256.80255 0.0 328.1635 33.882706 1 0.1803861 583.5997 637.19257 707.20184 679.31683 1 0.14484656 578.37854 637.67096 623.7875 671.5098 1 0.077134095 505.55176 620.20374 716.588 679.22327 5 0.9984511 216.53038 259.44565 488.50903 417.89468 5 0.33934137 297.37918 483.74573 328.08908 518.49286 5 0.094124526 25.059875 12.840469 572.60266 405.71967 5 0.062495578 1.6872063 173.08253 108.745255 287.0025 5 0.05392217 106.13814 185.48264 478.6319 403.4866 6 0.89751405 231.5357 487.4156 797.2181 867.8842 6 0.36181495 344.74414 468.38397 800.32104 666.6259 6 0.18278556 399.78827 558.1827 804.9588 670.39215 7 0.99811965 655.3281 11.816315 988.25635 248.47766 7 0.982261 2.2020874 114.0076 167.83836 406.8171 7 0.4377145 0.0 133.28506 496.71896 408.0112 7 0.3626058 11.490566 190.11197 109.53897 285.8699 7 0.2738135 153.66891 269.6632 199.9542 317.6543 7 0.23578747 1.9512177 146.36179 314.61652 330.6662 7 0.06601152 0.0 234.10321 159.82567 388.14026 7 0.051544487 109.149994 181.56793 282.9416 314.1353 ,test/4252.jpg
0 0.44041923 577.32196 261.38245 906.6418 609.6267 0 0.26758704 672.16736 323.15137 1024.0 514.2556 0 0.25399122 599.19574 331.63522 1003.59735 884.80164 0 0.2151138 321.29346 815.3566 637.7754 872.1984 0 0.17686605 600.0977 362.07184 819.32697 870.1402 0 0.1267192 279.75522 364.1869 637.37354 749.4049 0 0.11325553 792.56903 349.27875 931.6976 500.72058 0 0.112794384 401.36276 291.79532 480.11142 515.03644 0 0.10947069 264.99698 272.8781 892.38525 898.0843 0 0.09589209 327.3191 448.16168 648.367 670.0357 0 0.088012345 212.7451 742.6326 312.14526 824.53143 0 0.07677001 188.1353 639.859 298.61932 749.3661 0 0.069692485 591.4235 417.55283 638.9412 461.96463 0 0.06101706 558.0166 465.92377 685.333 615.7049 0 0.05804773 495.7941 319.10965 668.2609 510.79654 0 0.05234011 0.0 287.4174 652.30444 750.2522 0 0.050563462 554.1502 298.93945 676.7236 717.36633 1 0.97461873 858.6532 870.6948 1021.66895 1024.0 1 0.2235947 151.01782 267.8584 1008.52527 1001.7572 1 0.14492394 244.91913 606.08386 848.107 988.0746 1 0.14452603 71.255035 737.64966 959.1476 989.9053 1 0.12739852 225.7478 816.4398 823.074 965.16345 1 0.107239865 321.29346 815.3566 637.7754 872.1984 1 0.09553765 614.49396 258.3272 901.34344 578.4691 1 0.09118576 213.2287 740.64246 310.71777 823.53894 1 0.084815666 891.1271 1009.5284 1016.7733 1023.2343 1 0.078825414 589.4669 415.49695 643.3428 463.8401 1 0.07515047 187.43877 650.7996 300.347 753.6539 1 0.06715274 211.06561 880.4321 824.5064 987.1831 1 0.06380304 555.3007 277.7079 1013.71075 974.1139 1 0.057170883 450.09802 454.62384 619.8773 542.1044 1 0.05325618 36.085236 272.96823 642.8447 790.3917 2 0.10905518 624.62103 258.2972 903.71625 528.1398 5 0.46380627 627.49536 258.9749 903.2468 530.5655 5 0.08161557 523.5609 316.63834 664.754 487.73898 5 0.07177998 445.74054 297.84348 680.6307 513.0357 5 0.06678214 646.3013 466.95898 681.91125 509.43774 5 0.052909143 584.90845 305.81848 1008.9304 964.2623 6 0.14327346 523.5609 316.63834 664.754 487.73898 7 0.9869484 47.436295 734.5013 315.01788 877.98883 7 0.96388406 4.3279114 260.80145 654.24316 855.8515 7 0.88692015 304.97375 609.47076 619.39264 867.9609 7 0.86917114 604.9344 486.23575 790.1325 850.9276 7 0.4155835 268.65198 455.05527 621.7864 826.52625 7 0.31250554 555.3007 277.7079 1013.71075 974.1139 7 0.30073312 246.11945 386.62042 811.8232 923.4915 7 0.29144996 151.01782 267.8584 1008.52527 1001.7572 7 0.2780583 629.139 258.06226 900.77826 535.2133 7 0.174108 6.8259583 265.3746 438.42407 565.7897 7 0.12308099 321.29346 815.3566 637.7754 872.1984 7 0.123026274 526.44867 624.5999 619.8951 821.08466 7 0.10671644 552.2917 461.72958 632.3466 738.7864 7 0.10034775 6.0289917 300.80923 342.54626 875.2532 7 0.09915231 335.7945 265.51672 946.80804 728.8805 7 0.075395666 331.87158 379.93726 644.76306 683.1001 7 0.07093472 672.16736 323.15137 1024.0 514.2556 7 0.06298754 409.71997 988.57526 684.1625 1023.1552 7 0.06274939 48.92627 557.9085 320.08893 874.1795 7 0.05670265 538.6523 394.58722 654.42145 833.0223 7 0.054205906 554.1502 298.93945 676.7236 717.36633 7 0.05259995 791.0142 352.3223 934.7076 496.72867 8 0.10695162 321.29346 815.3566 637.7754 872.1984 9 0.07822501 409.71997 988.57526 684.1625 1023.1552 ,test/4253.jpg
1 0.99867237 226.79762 312.20178 641.5962 669.4534 1 0.4681696 118.812706 419.7491 299.31793 607.71075 ,test/4254.jpg
3 0.999498 228.63185 492.2392 632.376 829.66376 ,test/4255.jpg
0 0.9566864 100.52243 394.07327 584.02563 706.3168 0 0.09282044 0.0 424.0475 166.26436 644.2876 0 0.092126936 655.3186 535.6942 712.21985 577.6736 1 0.08480648 101.1335 394.58478 586.4095 705.54596 ,test/4256.jpg
0 0.30084676 166.47382 466.14575 486.3086 551.6743 0 0.13049595 270.49115 113.680534 447.6413 271.51227 0 0.12502426 658.70386 88.38295 725.0659 116.92694 0 0.07361908 514.1802 305.0045 562.5067 353.59213 0 0.072376035 606.6394 243.11923 625.6504 321.6259 0 0.07155811 268.29395 109.552704 352.19574 263.9424 0 0.06812757 493.14148 229.40063 588.55383 337.3808 1 0.99209315 63.405106 505.7704 567.882 856.38794 1 0.9514667 192.49477 226.70584 612.0205 446.7341 1 0.94037133 262.46307 227.35504 511.039 381.81085 1 0.84218544 303.74802 648.4202 588.9265 874.059 1 0.60376805 271.2457 113.30122 448.10025 272.8626 1 0.60159105 387.9532 226.1655 524.26215 316.58792 1 0.5435006 155.04332 463.96497 469.32928 624.5608 1 0.53368884 258.21783 230.93634 400.3557 318.19623 1 0.49079263 166.12378 466.15112 486.80438 551.78064 1 0.34861875 481.8813 230.20709 588.68695 335.25092 1 0.3459384 408.73657 269.46646 471.03955 304.91977 1 0.27065575 489.8062 0.0 963.82135 136.67618 1 0.26413205 281.18478 140.21329 627.41907 374.52414 1 0.2598571 343.89117 227.27582 605.07733 386.76227 1 0.24152482 218.18806 321.61887 542.46924 426.0032 1 0.20295523 373.42334 283.95465 554.1322 429.00616 1 0.19472949 209.26584 278.94122 481.10086 378.84058 1 0.17694579 391.0536 256.30597 474.9311 312.58972 1 0.1565109 514.1802 305.0045 562.5067 353.59213 1 0.14022116 159.9292 502.5962 356.10046 622.8944 1 0.12475758 463.46292 228.93102 590.5989 421.00024 1 0.12139324 383.3239 353.82828 426.96436 383.64658 1 0.10085026 353.41956 336.90454 479.8532 384.36792 1 0.09125428 290.2296 103.12356 603.03357 267.7804 1 0.080273725 196.02675 135.8669 520.8135 406.1983 1 0.0790074 298.17474 337.6014 343.74054 367.7266 1 0.06743866 340.88077 335.8996 376.06058 375.40002 1 0.066846296 166.2286 463.1395 323.66635 559.725 1 0.06576271 379.99274 300.58365 501.20654 383.68094 1 0.0656735 219.21959 108.8049 728.86115 443.47708 1 0.06397558 282.81342 334.9209 367.8352 376.11108 1 0.05771763 520.1529 244.82573 607.84247 445.7649 1 0.056098502 374.6772 365.38486 518.99286 429.54282 2 0.82721967 485.27808 229.6428 588.55176 337.09998 2 0.8226642 515.4129 230.11511 588.1517 296.21265 2 0.13872655 477.91785 275.3343 572.61255 329.9986 6 0.074575886 60.591995 506.5221 544.13214 845.54504 7 0.9996277 617.83295 169.09534 961.248 442.15063 7 0.124353945 606.17664 218.34436 676.0155 319.59344 7 0.1018911 872.5448 200.35715 894.34424 236.79932 7 0.09498872 167.87479 466.28592 483.8707 548.2465 7 0.082478136 625.35443 218.04181 672.9305 285.2168 ,test/4257.jpg
7 0.9994281 207.77069 234.76668 773.7109 714.3633 ,test/4258.jpg
0 0.9520591 376.02335 687.6775 485.43063 800.82117 0 0.9344745 430.6183 768.7578 980.60046 945.1675 0 0.30740196 398.20993 622.25073 970.50977 1024.0 0 0.20771506 391.35434 698.86847 729.54004 895.5744 0 0.15653469 393.3333 73.38666 779.29816 550.8074 0 0.0663394 373.21597 688.97687 556.5041 828.60724 1 0.34563035 395.06937 70.16789 777.969 545.1073 5 0.9989537 416.49564 529.1809 697.91565 748.02014 7 0.7910255 396.32745 71.029144 777.5826 544.7953 ,test/4259.jpg
0 0.9995333 23.696472 277.82214 438.49716 783.4667 0 0.15801649 569.5113 305.16998 769.6097 407.38947 0 0.0978816 44.260895 252.65918 813.8242 791.6112 0 0.06465395 0.97906494 230.68173 413.57803 425.06784 2 0.9996247 458.77048 468.90027 812.43506 692.7589 2 0.17178257 721.1693 465.36322 812.25073 700.0872 7 0.8022136 762.8451 250.9094 842.7012 504.9825 7 0.71928596 577.335 306.71738 768.0701 407.31107 7 0.11402029 559.2736 267.52133 831.48785 483.61148 7 0.05114018 709.07715 289.36673 846.00793 480.40543 ,test/4260.jpg
0 0.9667426 376.93536 431.11084 756.7247 729.9077 9 0.13130146 375.4265 430.44196 756.8096 730.362 ,test/4261.jpg
0 0.8624654 376.20526 515.14075 579.7123 593.22314 1 0.23879334 375.98898 514.41785 579.84375 593.65076 ,test/4262.jpg
0 0.3712377 852.4592 201.18773 1024.0 374.8938 0 0.16059679 312.0935 366.09735 783.531 694.7708 0 0.15166688 357.41476 391.5544 626.42285 647.81165 0 0.150082 560.42224 478.7385 632.00964 587.4172 0 0.12744805 0.5433655 580.1045 292.36743 641.82214 0 0.10573031 987.27057 101.67749 1023.21906 213.96869 0 0.10174562 290.40735 320.01605 400.5028 866.73224 0 0.10056844 331.08502 449.7166 391.9784 860.372 0 0.0890672 3.18396 302.22192 124.09883 335.30365 0 0.075846866 381.46082 338.17456 783.7737 497.7672 0 0.07314291 542.5209 619.28265 592.27686 642.9028 0 0.06088078 479.08218 582.4578 601.6924 626.2591 0 0.05801762 0.35888672 684.58636 296.93817 744.1202 1 0.9648027 233.05618 207.61772 789.6614 494.2426 1 0.95815873 618.16174 0.9818268 1013.10876 223.5009 1 0.60290927 246.53375 228.19908 914.9134 682.15436 1 0.5504012 572.71423 452.73584 760.53406 688.8573 1 0.38952053 594.49396 338.38965 922.98834 672.5535 1 0.36704043 381.46082 338.17456 783.7737 497.7672 1 0.26596436 852.481 199.6388 1024.0 375.42926 1 0.2534296 358.17493 336.8165 791.725 698.43286 1 0.19104467 535.8397 616.76416 593.49243 642.1581 1 0.18260913 507.27283 215.56833 779.32153 417.70016 1 0.18248297 697.67896 3.5581512 1020.58777 427.8565 1 0.12095261 987.27057 101.67749 1023.21906 213.96869 1 0.07939138 524.3383 238.45242 642.5402 319.44638 1 0.0762911 581.7209 152.83365 1017.887 584.58813 1 0.071747154 357.41476 391.5544 626.42285 647.81165 1 0.07034322 733.68823 178.36844 1018.8463 392.8207 1 0.059758022 479.08218 582.4578 601.6924 626.2591 1 0.055744436 536.7408 474.16638 635.12103 594.563 1 0.055444032 452.48383 278.2752 918.2773 546.56696 1 0.052070998 828.4807 5.774254 1022.6544 226.90363 4 0.22086374 0.0 551.59863 391.3209 899.23596 4 0.10620939 4.871414 620.03516 248.04404 739.59314 4 0.08397527 0.0 615.6969 327.02316 806.8799 6 0.068925165 358.69812 394.16525 620.08746 635.94495 7 0.19330913 3.18396 302.22192 124.09883 335.30365 7 0.12867777 572.0703 480.05713 631.2245 586.8843 ,test/4263.jpg
0 0.7305579 680.9534 89.98982 741.2725 166.18309 1 0.99942744 317.48425 299.05838 829.0791 855.1454 1 0.20544593 680.7222 90.18061 741.6386 166.04218 1 0.14427502 325.0424 300.50052 691.7728 688.254 2 0.13001408 680.86334 90.043274 741.40594 166.1623 7 0.086841874 680.0787 89.7052 741.7277 165.91699 ,test/4264.jpg
0 0.11753359 178.99799 153.78177 374.74384 307.73294 5 0.99369836 253.33136 21.74759 695.27924 836.32336 6 0.50014806 793.34985 108.019806 967.83374 214.21744 7 0.069077045 208.53185 10.196411 690.43317 836.7181 ,test/4265.jpg
0 0.7617805 355.10022 425.22858 686.4823 531.9881 1 0.479389 355.26437 425.24762 685.01697 531.66486 ,test/4266.jpg
0 0.19818704 24.16571 242.5014 703.8283 906.3107 0 0.18603954 757.9854 490.7532 1022.4028 1024.0 0 0.1341051 6.644562 332.15652 418.7196 880.7217 0 0.13100356 418.44897 517.77313 576.4437 660.75995 0 0.102665745 468.0438 524.6045 1024.0 991.6786 0 0.097018935 608.26855 674.2144 801.71155 850.0335 0 0.09594035 294.91623 352.6845 678.65466 985.9931 0 0.08006524 923.5857 274.65955 1021.871 520.57336 0 0.06144459 525.812 8.527481 1024.0 493.43042 0 0.06123156 463.1873 812.438 707.50415 1023.2035 0 0.05877296 377.67844 510.35846 698.0592 683.4725 0 0.05800196 491.91513 867.39526 632.6549 1023.2009 1 0.9817691 0.0 825.29376 444.1939 1024.0 1 0.48381037 1.2746735 332.2854 418.65118 876.26135 1 0.17377016 24.16571 242.5014 703.8283 906.3107 1 0.15201472 596.1874 227.18567 738.2554 284.61676 1 0.14126857 571.42096 217.6038 795.7165 340.5556 1 0.088360846 756.99243 497.61102 1022.31396 1024.0 1 0.0787218 52.482483 539.3126 810.9067 1020.5366 5 0.75757074 87.94673 360.8669 171.29146 420.41617 5 0.6541384 213.03735 325.3827 682.21857 479.57343 5 0.4266883 240.84204 321.5105 811.35693 693.0744 5 0.26672968 608.26855 674.2144 801.71155 850.0335 5 0.16230209 287.9421 326.86655 572.8573 430.2982 5 0.1143824 397.09058 304.65308 692.79553 721.15454 5 0.10531769 424.20288 694.8479 814.4458 1024.0 5 0.06905196 264.71185 320.6571 570.5776 635.5109 6 0.24608257 758.11505 496.64105 1022.8896 1024.0 6 0.06230005 350.43613 386.3365 920.1322 837.86896 6 0.05596159 380.00183 528.8613 751.21533 716.5139 7 0.99237204 69.15283 190.31235 609.78973 422.8387 7 0.67015636 756.20276 501.83096 1022.1466 1024.0 7 0.47422895 79.06272 188.4539 310.09225 374.21436 7 0.34791428 418.44897 517.77313 576.4437 660.75995 7 0.2829072 143.38968 197.45038 684.5596 794.84155 7 0.28173184 905.843 279.62195 1022.7499 519.4216 7 0.19855547 233.95752 317.4131 805.20874 706.35815 7 0.12589893 468.0438 524.6045 1024.0 991.6786 7 0.081586026 377.67844 510.35846 698.0592 683.4725 7 0.07244539 160.2852 278.75278 591.82367 430.5701 7 0.0631992 231.98547 193.55655 608.9838 337.59323 7 0.0546698 605.65765 303.51868 706.1651 393.68976 ,test/4267.jpg
0 0.8934313 810.5309 385.6077 869.53174 436.694 0 0.3880271 387.89633 192.4034 469.33365 267.5716 0 0.3771279 391.8269 192.03223 505.00275 307.58075 0 0.20361625 386.10855 23.757078 431.45468 75.33122 0 0.17415512 385.66714 201.8285 437.99088 284.52612 0 0.16024062 384.04178 17.762459 446.8607 105.78823 0 0.14449906 417.539 188.3175 460.3952 282.20197 0 0.13792297 380.36237 180.38821 460.46753 237.02487 0 0.1166995 381.87576 187.84102 457.63803 212.2487 0 0.082305074 395.59058 207.55882 430.43585 267.5909 0 0.08011948 412.94983 204.58737 443.9995 289.2872 0 0.075636744 406.39636 191.24174 462.62573 245.15437 0 0.062421903 383.17102 203.65472 440.6106 234.39227 0 0.062361762 376.92685 193.4088 439.20145 222.33446 0 0.05830272 386.1684 197.65735 462.81293 228.5369 1 0.467787 398.44244 189.70651 502.45837 310.28894 1 0.11153062 810.6084 385.6196 869.4995 436.7145 1 0.06621386 353.37695 1.338913 509.5714 318.8623 3 0.11232469 373.60812 169.29732 416.03464 206.36736 5 0.30962777 367.8864 159.71698 420.79584 208.68045 5 0.17192046 397.6605 196.86954 506.71664 313.46744 5 0.12580392 382.6535 6.5775986 445.95593 110.93578 5 0.09759263 430.9027 168.7971 454.40515 204.71321 5 0.088209756 367.82227 158.27264 409.8891 190.6578 5 0.06490263 384.91403 23.140985 432.5092 79.256714 5 0.06017143 382.1996 178.21777 467.17792 301.4649 6 0.9860911 511.54962 273.52274 741.59357 574.5294 6 0.97674394 431.4395 499.7104 680.3405 795.6348 6 0.22740686 420.81177 317.20236 771.5277 782.65955 6 0.19275978 509.56433 428.8972 731.0818 572.2417 6 0.05077221 198.85303 415.50922 704.0934 797.3272 7 0.9995981 0.4029541 661.89 310.91937 1023.4514 7 0.999589 660.5995 442.26584 966.0115 861.6146 7 0.9982716 226.50511 1.4204712 553.27246 671.6502 7 0.98090667 195.63074 368.39423 469.52368 775.17865 7 0.050844446 397.6605 196.86954 506.71664 313.46744 ,test/4268.jpg
1 0.06698661 558.161 425.93384 622.27905 476.13416 3 0.10771598 382.67035 494.82852 495.4182 659.39984 5 0.88967144 454.0716 460.15533 541.263 565.9804 5 0.7712013 454.3462 464.67868 497.13605 561.0119 5 0.30667967 382.1665 491.49414 498.59833 659.4508 5 0.12911561 578.01636 433.41135 661.12585 586.41223 5 0.084668875 482.04834 465.24646 531.1991 593.6632 5 0.078943454 487.02002 463.52084 525.8299 516.2151 5 0.06516098 489.51193 487.72955 523.3746 573.69293 5 0.05965496 534.76465 161.21338 605.2915 272.3722 7 0.9931457 230.60043 174.80133 798.65393 883.98065 7 0.9890515 550.74023 284.51025 982.71204 570.6266 7 0.6519982 235.46599 157.34763 607.2121 685.084 7 0.28467694 363.55276 169.50124 604.3695 563.65 7 0.2737833 372.1726 458.14194 642.4953 769.91394 7 0.25609505 531.39 291.472 771.6399 828.743 7 0.19541419 561.7968 435.92743 658.80914 584.30756 7 0.16907723 344.17572 375.69586 749.4627 867.8051 7 0.121673584 482.48535 287.47867 983.0547 833.1045 ,test/4269.jpg
1 0.9992347 134.28366 257.09644 880.8314 831.11194 ,test/4270.jpg
9 0.9994949 115.39862 439.72592 956.69244 952.75854 9 0.99698275 180.05246 52.29567 846.15 431.6585 9 0.448428 164.8099 890.72076 967.29004 1021.3195 9 0.1900092 183.55493 352.09372 836.62494 481.83676 ,test/4271.jpg
0 0.9949138 122.73154 126.980774 882.4761 854.94037 0 0.8686502 357.21793 700.99274 1018.8385 1012.4622 0 0.058910802 171.36142 441.16217 1024.0 1024.0 7 0.106443845 451.85837 706.4254 1021.3241 1024.0 ,test/4272.jpg
0 0.29243025 588.8194 497.5563 751.0567 744.7056 0 0.28953016 419.4018 142.72072 480.0523 348.80048 1 0.31240788 396.9492 429.38065 602.4826 675.3993 1 0.12307017 589.2988 508.12967 751.42017 744.6881 1 0.06655906 393.4881 353.8426 606.8448 835.1882 2 0.97063756 585.9177 465.60617 753.011 748.7053 2 0.93542916 597.52545 458.57953 750.4239 574.24396 2 0.84778595 391.05316 395.0334 605.8961 781.39276 2 0.098617055 592.98816 456.40546 755.9835 497.7815 3 0.36276633 589.09094 480.00598 751.18884 746.2706 5 0.9830988 588.7815 373.21063 757.48047 486.53387 5 0.9551458 393.47495 350.92255 606.65686 836.2972 5 0.834939 388.3946 336.90594 608.73956 460.89038 5 0.3650984 602.8307 376.2838 740.0775 419.47778 5 0.29545906 415.88678 143.62146 471.989 348.38824 5 0.13154821 594.92334 437.26797 754.1362 478.6265 5 0.11704892 384.71213 346.15796 764.31616 484.96362 7 0.072151 588.8194 497.5563 751.0567 744.7056 ,test/4273.jpg
0 0.20024024 99.02359 450.85715 707.5989 733.5729 1 0.8501064 92.10544 451.57202 709.43994 733.4873 2 0.15432553 237.78781 444.71344 712.10974 730.743 7 0.07615854 97.14313 451.4025 712.1349 731.14624 ,test/4274.jpg
0 0.13960496 142.84827 120.53546 815.15424 894.0644 5 0.96419317 142.74084 120.237305 821.56555 898.9606 9 0.2781844 133.86935 114.668304 808.8452 897.8721 ,test/4275.jpg
0 0.20518158 146.70111 258.93912 799.98474 692.6195 1 0.9802689 147.89133 255.59653 800.55164 692.40015 ,test/4276.jpg
0 0.5853179 754.4166 465.56213 1020.4895 594.86255 0 0.24778591 165.41837 188.18066 223.54352 237.58911 0 0.17519209 167.72098 713.40564 364.0007 873.6588 0 0.12287593 1001.4905 832.68744 1023.71606 871.7172 0 0.118936874 158.67438 723.93274 444.99036 932.1588 0 0.10140456 394.905 458.0826 434.4352 485.05185 0 0.099634826 395.32452 447.76016 452.245 485.81052 0 0.056982424 159.80376 750.5398 279.92508 898.85425 1 0.6407957 394.905 458.0826 434.4352 485.05185 1 0.49574333 165.93753 712.9016 369.06754 876.2865 1 0.47737783 1.3244858 730.32495 168.00464 966.10547 1 0.45735532 396.87106 445.83508 453.6583 485.43842 1 0.45391062 507.98517 211.14098 672.0384 301.9149 1 0.3344199 409.59024 446.75003 453.08322 472.40018 1 0.31432462 1.8244553 722.3537 114.106514 857.40314 1 0.31417432 504.12534 212.0167 653.60986 387.40152 1 0.24718645 1.6219025 720.6101 459.3565 998.4877 1 0.12947486 597.881 224.22032 649.09985 260.6261 1 0.107774906 489.96005 199.1625 777.6533 318.23776 1 0.099108204 754.4166 465.56213 1020.4895 594.86255 1 0.0804937 396.6729 452.2873 442.86896 503.25763 1 0.07777866 457.53778 224.81989 687.5457 442.2232 1 0.051003113 560.5829 217.58871 665.5923 284.71402 2 0.10083679 395.4219 458.28223 434.77286 485.46204 2 0.054749057 409.59024 446.75003 453.08322 472.40018 3 0.062044837 724.6816 445.6306 1019.9899 594.5863 5 0.35320875 796.6601 416.4085 864.75494 450.8676 5 0.34645537 130.08148 594.7403 290.47318 782.0677 5 0.28544852 281.97366 655.3215 360.77957 721.0335 5 0.27188426 120.56462 817.1281 287.37543 941.51447 5 0.20274405 165.89937 187.97032 221.335 237.34605 5 0.19427587 123.86615 827.05646 248.42767 905.82574 5 0.18750332 792.285 415.55786 956.6873 460.9895 5 0.13991849 117.56064 785.4884 179.51834 890.0762 5 0.13818514 843.32385 439.34073 919.6666 455.38644 5 0.11668923 489.0112 403.82816 687.4103 513.5951 5 0.10368311 245.6737 800.6297 450.6466 926.231 5 0.08951329 267.32172 628.1692 377.59735 735.36523 5 0.087965555 511.10806 638.81006 549.0971 678.4679 5 0.08299557 158.67438 723.93274 444.99036 932.1588 5 0.07980362 846.2089 427.9773 912.9471 448.18854 5 0.06639166 783.8175 435.45947 975.36096 464.28638 5 0.05661095 517.91254 408.8212 570.26385 490.23843 6 0.8753266 625.83356 239.61392 1018.5247 484.91782 6 0.7603021 772.83435 237.07121 1022.9978 355.14246 6 0.19372396 745.8477 51.682526 1022.0328 430.31116 6 0.16760476 575.5032 300.9563 733.2058 516.6245 6 0.156406 483.98178 408.57333 571.6747 496.44064 6 0.07970191 589.8266 268.78284 824.75104 508.72034 6 0.06727738 796.2188 355.12625 1020.38763 466.2427 6 0.05426872 2.788414 759.24713 175.52972 963.00287 7 0.9993092 449.19305 629.2086 646.60455 906.4629 7 0.99804866 316.53638 252.27304 542.7836 454.44937 7 0.9969458 143.67422 202.0118 369.25412 444.02234 7 0.9936945 0.0 311.76593 268.57126 562.4442 7 0.99150217 0.0 247.425 156.70898 400.50555 7 0.98101854 373.81235 360.3296 699.87646 693.84485 7 0.9596799 120.67198 400.71515 463.88965 568.82605 7 0.95602643 60.091705 190.71875 219.55081 277.50085 7 0.8750714 111.70975 722.86664 457.12155 997.25714 7 0.81603366 134.38383 539.0279 525.97003 895.85126 7 0.55107963 0.0 216.72212 392.11035 564.6685 7 0.42764893 783.9382 409.98398 999.88165 470.88718 7 0.41194645 463.66656 228.25922 532.8317 271.85025 7 0.34493217 199.9241 244.11215 652.334 448.1204 7 0.33931372 498.13794 519.6683 697.9144 700.4754 7 0.2948109 436.82648 623.3103 533.21497 799.05396 7 0.2736316 137.46611 551.6908 422.82404 772.3572 7 0.27295706 164.95454 187.9928 223.19078 237.60876 7 0.19841488 95.24407 199.81366 219.90915 238.1394 7 0.1885308 201.55185 209.74945 268.1167 241.27118 7 0.12889437 303.105 272.68698 362.4385 339.19724 7 0.12755266 0.0 184.53323 220.19989 392.98953 7 0.11653329 480.43646 377.35217 720.1839 516.6153 7 0.11260998 153.93959 704.11804 450.0421 866.47864 7 0.10091022 843.32385 439.34073 919.6666 455.38644 7 0.09532032 42.587715 209.8055 109.19918 265.5821 7 0.08333664 689.682 387.2723 1022.3981 514.6336 7 0.08106393 119.49646 258.20746 687.7879 603.20575 7 0.07955574 796.6601 416.4085 864.75494 450.8676 7 0.0791544 305.97635 560.3735 674.6355 902.18207 7 0.0781829 783.8175 435.45947 975.36096 464.28638 7 0.07694893 0.0 242.14914 68.869934 409.8749 7 0.07356893 0.0 311.09775 16.167234 409.18497 7 0.060507506 511.24945 638.7657 548.05756 678.82355 7 0.057242107 123.54387 813.93494 285.94885 938.15466 7 0.056906313 131.16765 587.23773 293.64032 783.2941 7 0.05141133 99.82624 197.41368 289.15024 364.75385 7 0.050544076 495.42905 590.95575 669.1607 693.8543 ,test/4277.jpg
0 0.70684004 352.71475 0.0 377.29398 132.517 0 0.13190839 335.4728 0.0 385.52036 197.62238 0 0.08778473 301.00977 134.38007 672.9141 345.07886 0 0.08173909 281.47873 2.839775 387.2955 213.09784 0 0.07602193 339.46765 70.00885 660.12213 854.3525 0 0.07161506 854.4174 5.4462585 908.2109 546.28906 0 0.064742066 455.10126 252.87091 575.81 698.95844 0 0.053054024 3.8905869 216.44687 225.1539 663.0641 1 0.99946505 539.9217 514.05 933.4112 950.5118 1 0.12405132 548.2816 523.72485 869.7722 750.3541 1 0.06889668 752.5086 764.39685 917.04 914.80164 3 0.06373578 292.76608 112.1866 986.938 456.7832 5 0.06416506 351.63855 0.38134766 376.36676 128.80247 5 0.060135417 160.28271 368.37637 246.5462 613.73083 7 0.9922214 132.30202 128.87598 481.54285 917.22375 7 0.56771934 138.11176 110.25891 400.69995 597.14996 7 0.2212533 160.39026 365.17767 242.9682 616.37085 7 0.16210325 295.06033 125.79431 494.24667 837.72253 7 0.084672906 155.13281 302.59537 332.6521 469.7806 7 0.083440565 363.41928 168.38925 541.8462 879.5123 7 0.083021455 151.74036 254.32065 341.79376 617.0254 ,test/4278.jpg
0 0.118646555 279.72086 0.0 1020.11975 418.98553 0 0.069674954 401.3541 450.28543 695.01855 647.1741 1 0.923689 404.30066 451.88513 693.9453 650.27734 1 0.8753145 980.00555 474.18073 1023.0003 509.97412 1 0.09160907 960.5844 462.71606 1024.0 511.48108 1 0.067579284 1008.541 479.05225 1023.8347 510.16858 2 0.28658074 404.1939 451.63306 693.16534 650.4866 5 0.1852696 275.5175 0.0 1019.8618 422.52032 ,test/4279.jpg
0 0.7136935 818.867 384.34784 1023.8902 541.6348 0 0.3587357 868.2838 481.01337 924.3085 507.92804 0 0.27857748 887.6877 584.1921 969.92816 661.9555 0 0.25269026 381.63788 691.63696 534.38873 737.9697 0 0.20279929 801.77905 302.3004 1021.0178 592.79803 0 0.10824964 679.67175 326.14972 1017.5238 688.4924 0 0.10286508 820.77765 398.64914 1014.9405 427.7623 0 0.09827615 827.08154 389.55756 1007.3451 416.43976 0 0.09024245 831.3188 454.32925 961.11847 584.25616 0 0.08604625 733.48553 510.8523 1013.8046 706.20056 0 0.08248224 848.9762 392.23758 975.42224 406.54837 0 0.07535238 624.78107 302.1585 866.4178 545.2606 0 0.07267676 870.76556 474.74625 1012.6707 600.7753 0 0.06414294 145.6286 192.12576 198.39594 212.04495 0 0.059923593 828.8203 406.6897 1014.3373 456.11743 1 0.85081464 829.5479 344.26312 1020.7989 412.47607 1 0.64097714 622.6022 291.89673 854.7206 462.22137 1 0.6003339 818.6119 339.01828 1023.51385 527.63055 1 0.5170719 837.0247 385.74997 982.8665 410.29214 1 0.3136341 831.5494 293.00363 1020.0086 391.82584 1 0.22704682 663.5326 291.35406 1023.29114 563.2613 1 0.22358704 593.7017 356.24753 661.57355 405.78928 1 0.119745046 918.0069 340.64972 1020.4826 377.1997 1 0.100444116 859.0432 390.65845 974.303 401.59387 1 0.09824162 820.77765 398.64914 1014.9405 427.7623 1 0.08691215 939.1959 345.89517 1006.30164 369.22714 1 0.0754415 852.8971 393.40463 981.1096 406.13528 1 0.065132186 0.0 598.0383 1015.46765 962.5979 1 0.056289166 888.8884 386.78897 972.3318 398.25784 3 0.20115192 867.2814 481.2908 923.3324 508.25693 4 0.19061604 374.6034 392.28384 516.0498 464.30313 4 0.103958175 299.49753 387.73254 534.60547 474.49335 5 0.8860159 36.298218 572.408 375.90616 773.8632 5 0.7303529 310.16754 388.8033 520.0824 474.35672 5 0.71756154 440.23434 498.81854 506.70212 555.0334 5 0.6351128 349.14313 554.04126 560.3217 711.7346 5 0.55701 4.7473297 334.61456 366.2021 473.59857 5 0.4305247 153.8771 392.3873 417.8043 480.418 5 0.34443083 1.4727478 365.50964 391.5322 769.12085 5 0.31097528 626.5409 321.7539 833.8721 459.06726 5 0.26430964 376.74054 493.4826 572.3065 556.7872 5 0.2361686 311.34314 352.56723 352.62213 388.79605 5 0.23164913 492.48083 502.87155 554.8976 556.6792 5 0.22710583 298.94223 472.79114 512.30865 566.5095 5 0.21702938 290.03693 388.61273 520.85065 610.67816 5 0.15822262 284.99915 392.91315 427.30945 476.24902 5 0.15156472 364.0399 481.85938 510.75595 610.3926 5 0.13735555 89.09619 348.65924 386.44525 613.6586 5 0.095172465 111.73929 383.5705 508.23215 504.16235 5 0.094280355 343.93173 595.03815 466.3107 704.49615 5 0.083024085 383.26187 506.80078 506.70834 558.2683 5 0.06941937 367.6501 502.94257 452.66797 558.33453 5 0.065542154 382.13934 387.04395 599.58057 476.72876 5 0.064302005 679.12195 663.53375 827.41504 690.8276 5 0.059880674 385.29932 484.8495 510.4607 525.064 5 0.057366554 272.14084 468.71832 426.72305 511.79346 5 0.054617953 638.5627 550.04974 768.15204 684.1706 5 0.054374963 748.9313 534.41205 818.1317 609.6728 5 0.054060277 132.05054 458.0553 410.56067 626.1802 7 0.9047931 519.8782 511.7943 765.5858 700.93054 7 0.8542757 0.0 370.33972 389.30212 713.7009 7 0.79631215 706.12366 513.87134 997.18823 687.4203 7 0.69987625 670.22424 430.0065 859.9015 540.4006 7 0.59408563 7.6267166 332.83066 184.11081 416.81345 7 0.52322894 423.9064 383.0921 688.54846 561.41254 7 0.46743459 7.6415253 336.49802 369.89636 470.2101 7 0.38544434 514.19366 452.41974 995.8803 708.4411 7 0.30177572 527.3272 547.0736 649.8968 703.3533 7 0.28353798 627.68933 428.94037 854.4546 688.6976 7 0.25754663 440.8758 393.64047 848.4191 697.58374 7 0.20417915 887.6877 584.1921 969.92816 661.9555 7 0.1960547 381.63788 691.63696 534.38873 737.9697 7 0.11136779 700.60406 519.10754 845.04913 678.88416 7 0.10546175 867.2814 481.2908 923.3324 508.25693 7 0.10375935 298.81592 385.93713 675.51263 479.51862 7 0.09812096 492.48083 502.87155 554.8976 556.6792 7 0.09199577 270.67862 390.13882 891.5714 589.19366 7 0.08975015 37.601425 553.3421 378.92816 770.13385 7 0.08711343 679.67175 326.14972 1017.5238 688.4924 7 0.08103863 821.25635 402.2322 1013.4321 438.6688 7 0.07663219 669.66626 471.39282 838.7307 608.74414 7 0.07114148 805.43243 504.11337 954.28656 588.99426 7 0.07068249 28.757263 362.91312 726.3902 635.1074 7 0.06694741 569.3535 454.06998 700.9713 691.59436 7 0.060543686 559.9985 363.24927 816.90045 541.0146 7 0.059371993 2.722374 382.0194 176.95337 696.4761 7 0.057361837 818.97845 383.48102 1023.4622 541.31494 7 0.05719993 758.96155 534.64404 910.6411 658.3877 7 0.05650204 290.03693 388.61273 520.85065 610.67816 7 0.054306846 291.43213 469.81546 510.49023 571.99194 7 0.05423205 624.78107 302.1585 866.4178 545.2606 7 0.05372309 527.3237 547.0671 618.5238 650.48004 7 0.053542692 657.20087 517.14465 767.1451 682.6472 7 0.053185277 637.9983 451.67197 691.5748 527.3646 7 0.05133622 675.13513 432.51743 993.25635 595.4874 7 0.05053581 621.81116 452.3008 711.0332 612.5056 ,test/4280.jpg
0 0.36137673 578.35834 229.39954 700.5485 820.88745 0 0.30318967 361.5089 385.82855 470.95544 579.20123 0 0.17306194 680.84375 569.35333 721.3605 812.0042 0 0.13604555 266.11374 621.4144 363.11356 677.63916 1 0.98360544 156.53506 278.55762 502.31387 710.0615 1 0.9300543 489.66376 427.18063 816.3035 981.3146 1 0.8375636 305.12695 416.67963 574.99384 845.11334 1 0.77357364 278.30112 293.42712 487.83005 646.5028 1 0.6850931 578.9803 230.88083 700.8781 819.1587 1 0.51727957 677.5079 453.9643 755.1076 820.2951 1 0.29152533 142.20328 269.7292 646.05566 920.0931 1 0.24386273 534.6537 424.17392 741.00806 801.18445 1 0.19001395 676.58496 521.54364 720.24036 814.58734 1 0.16114469 310.07983 614.6734 535.6782 841.4947 1 0.13884513 180.22925 429.837 839.78467 973.57715 1 0.13747272 451.62378 448.75232 507.78284 626.1183 1 0.08712119 160.43488 329.2337 348.10434 697.47845 1 0.073207274 446.67752 434.62756 580.6942 821.0126 1 0.069068335 361.6917 390.05176 470.23926 578.9042 7 0.96681285 144.89996 1007.64246 231.65723 1023.8673 7 0.066078395 680.84375 569.35333 721.3605 812.0042 ,test/4281.jpg
0 0.8884005 298.57608 21.466583 952.9507 984.0906 9 0.48178196 291.82385 27.755493 952.95593 981.11066 ,test/4282.jpg
3 0.54343456 447.8069 393.25385 509.23053 562.8598 4 0.70567113 448.07925 394.22107 509.3771 563.7583 ,test/4283.jpg
0 0.84167165 325.9651 472.00986 799.09827 644.05615 7 0.28122795 325.63647 472.40857 800.07556 646.7977 ,test/4284.jpg
0 0.12782809 282.53473 198.73796 811.87665 318.70984 0 0.07639079 222.82245 199.65451 909.41315 870.70605 0 0.050048493 288.2836 424.07318 895.01953 675.4068 1 0.99156195 216.5246 200.0021 907.9377 870.82495 1 0.66976047 900.6712 326.50027 1020.53973 476.88205 1 0.14062138 67.258896 456.7964 277.94006 596.48706 1 0.13448612 281.6905 201.61838 801.7281 317.35037 1 0.10063963 14.966202 460.98996 301.69354 795.6157 1 0.09200012 887.7409 329.35162 1023.64056 794.4345 1 0.069245875 237.21886 773.173 454.7381 1017.43713 5 0.20724198 236.34268 774.89307 455.9968 1021.7007 7 0.9792972 2.9032898 720.3707 236.62297 1016.21106 7 0.22280942 0.40092468 895.3473 231.06725 1024.0 7 0.14360951 0.0 706.3668 458.33246 1019.1011 7 0.10840189 0.0 461.4343 261.93024 1021.40784 7 0.09292193 89.53983 961.235 219.93646 1021.61804 7 0.05894627 0.6409569 895.77924 98.790695 1024.0 ,test/4285.jpg
0 0.9958723 72.33197 116.0715 758.5882 686.5283 0 0.8409812 70.74901 249.47931 525.4105 681.9744 0 0.34145182 888.55286 439.13297 1002.3877 537.3698 0 0.34140882 264.32715 115.3698 941.2794 586.2637 0 0.32337156 770.248 299.30994 930.1464 499.89648 0 0.1606014 425.9427 927.1386 616.3858 1019.269 0 0.112886526 980.6023 637.1462 1023.98694 704.3697 5 0.30390304 770.0601 299.6478 930.49603 499.67746 5 0.0634446 511.69324 770.25214 622.50146 967.3786 6 0.23242284 980.7018 637.07715 1023.97314 704.0315 7 0.79846257 885.90204 437.1873 1002.51654 538.2915 7 0.47121367 429.57916 925.3758 614.55865 1019.7835 ,test/4286.jpg
0 0.52463 472.11652 303.52496 682.27167 534.29254 0 0.36276188 783.10065 598.9255 832.5201 678.57855 0 0.106341586 326.04553 313.529 410.7409 556.63763 0 0.07959454 484.80975 442.05267 688.592 546.0137 0 0.0734451 837.89014 331.37555 974.48193 403.6535 0 0.07015003 514.3368 330.7437 657.6896 461.69116 0 0.06326353 841.82434 330.2231 874.9138 384.82486 1 0.89256674 841.2261 332.57217 973.963 402.03134 1 0.2009425 930.0716 338.25647 974.0473 385.1773 1 0.19437397 470.77826 300.47827 693.5701 563.577 2 0.06859004 849.9281 333.30225 947.7749 403.76672 5 0.19177951 333.2791 313.93268 407.11414 570.9162 5 0.0964959 484.04797 439.31497 691.1122 557.05347 5 0.08862857 348.07172 343.52783 774.93427 936.6907 5 0.07375385 325.93054 334.76395 477.0921 570.05383 5 0.053796053 475.06482 300.62952 707.01416 567.65326 6 0.9110888 168.50998 102.84509 407.48978 939.0111 6 0.64513314 107.20256 56.4494 380.2331 410.29337 6 0.38361058 173.95847 145.9411 292.58994 914.1839 6 0.29312554 201.33324 268.66785 250.14427 381.5996 6 0.18944636 293.7717 227.65178 356.21573 346.84406 6 0.18100625 285.78107 207.08698 366.8285 414.11572 6 0.09590523 251.36685 589.80316 384.16763 933.293 6 0.09531257 238.61176 71.163635 389.6892 399.6067 6 0.08862736 207.40228 87.180176 277.7345 382.124 6 0.08023724 123.573616 64.67731 334.35635 647.24005 6 0.0788114 326.04553 313.529 410.7409 556.63763 6 0.07406013 250.67523 318.45737 434.38654 943.3237 6 0.07308223 291.46808 295.44522 370.3941 395.68942 6 0.07203514 305.8181 383.7309 359.85583 461.98956 6 0.057662882 180.71579 330.97195 781.1361 931.0735 7 0.9982097 720.46313 325.183 975.13574 874.88794 7 0.58343536 471.7365 300.82178 695.0914 559.9897 7 0.38265714 722.4148 559.06 940.01904 864.6534 7 0.2276447 783.10065 598.9255 832.5201 678.57855 7 0.07642083 841.82434 330.2231 874.9138 384.82486 7 0.07120896 733.0857 658.10535 800.2456 793.5752 7 0.060998507 844.6068 332.32166 951.8325 404.16534 ,test/4287.jpg
0 0.99682826 814.95044 133.65042 970.4935 333.1441 0 0.22272152 819.77936 310.5998 868.5485 462.39258 0 0.17929752 123.932465 415.50732 389.8633 771.45447 1 0.793549 125.232925 415.26123 390.09155 771.6582 2 0.50059634 127.18208 413.6774 390.28717 770.3357 7 0.9382392 158.6367 401.43665 203.99403 520.45154 7 0.06254552 126.70213 414.21973 389.5332 770.6294 ,test/4288.jpg
0 0.99958104 655.4669 137.84824 847.9188 349.37885 0 0.9974412 638.15216 543.0082 757.25543 764.6245 0 0.99571747 660.5568 762.3036 850.59064 857.0398 0 0.8276967 634.74207 521.7662 830.4978 856.5219 0 0.49016294 633.49615 543.7784 741.0739 636.74274 0 0.35274702 1.5390015 94.052765 564.3383 677.13196 0 0.24488133 634.3185 545.3198 692.14734 615.9541 0 0.17092736 654.14716 639.1256 758.06915 763.89404 0 0.09127159 651.3586 479.51102 859.68195 744.0106 0 0.06827787 825.0047 700.20636 839.1121 757.18695 1 0.063452505 2.466339 95.87381 562.57434 675.48413 2 0.99983895 684.83545 479.31454 861.8469 648.67426 6 0.9396321 0.0 93.41199 561.83514 676.3428 ,test/4289.jpg
1 0.086010955 500.16165 439.01337 581.6138 477.03223 9 0.94323206 128.34354 228.84975 581.0791 703.41614 9 0.83134353 165.87335 268.71265 956.8619 710.21533 9 0.19337325 253.1147 226.57431 566.1447 479.18802 9 0.10361345 407.77945 281.30078 569.9974 476.09534 9 0.07479009 425.2247 319.3381 960.09314 645.22253 ,test/4290.jpg
0 0.38133276 264.55255 949.9555 412.37476 1022.0224 0 0.19199738 368.08658 944.0578 493.68674 1022.27057 0 0.15784433 954.0346 150.65678 1022.3743 421.7569 0 0.1317571 37.70649 645.86505 97.56551 692.9218 0 0.113031544 562.0448 952.3489 753.2042 1022.69495 0 0.08734443 834.2897 99.40045 1022.4407 408.01797 0 0.08579933 129.61685 84.43057 687.6642 565.30725 0 0.06997298 36.2923 661.50446 79.65138 683.6408 0 0.061623007 392.33505 135.17244 669.2993 578.73535 0 0.05499884 818.74304 67.06769 1022.0078 771.5566 0 0.05470913 0.0 649.6845 102.782486 715.42206 1 0.9875629 3.0675354 689.79456 207.96854 799.8804 1 0.9506994 501.27554 513.1941 978.80664 1004.83386 1 0.9414777 542.8499 951.7938 758.1375 1022.62036 1 0.86368614 28.990082 66.84387 994.49023 1004.61255 1 0.84425914 942.49536 434.75754 1022.8513 743.8142 1 0.8156826 0.0 661.09143 55.697674 709.5625 1 0.8029834 97.022064 61.9881 870.4127 635.01874 1 0.7267527 893.70654 150.95581 1021.2223 764.3412 1 0.7070384 0.0 630.3647 345.3673 1023.89276 1 0.6862036 249.97484 578.2027 482.66467 986.6136 1 0.68230075 368.77484 943.8431 493.07587 1022.2796 1 0.6616258 56.162018 354.9659 450.01685 644.3815 1 0.61244404 172.0233 743.9963 256.7402 802.4111 1 0.5882276 3.2832184 686.74194 270.35944 905.13586 1 0.5386893 956.9986 150.14645 1021.91046 419.93442 1 0.515081 613.92596 165.89705 915.7564 502.7566 1 0.51394445 823.793 69.08061 1021.736 482.25702 1 0.4788817 251.6958 201.71893 676.19806 608.00867 1 0.47055513 505.0772 59.775482 918.82465 631.3274 1 0.43447363 813.46564 56.27362 1017.6663 997.7972 1 0.4267861 743.53143 933.2848 1018.0766 1023.1195 1 0.4248578 3.9970627 479.2978 239.77905 805.97455 1 0.42043972 10.0125885 785.15857 266.83765 894.20386 1 0.41562095 725.4383 418.4568 794.8819 548.09766 1 0.3801885 906.97974 186.07266 1024.0 428.71616 1 0.3637271 256.91553 330.82327 491.86957 631.9293 1 0.34886503 1.3043213 479.278 684.94995 988.9267 1 0.34280172 2.2584229 433.77515 313.45154 939.29236 1 0.32862976 14.7981415 577.5382 429.17365 752.98083 1 0.27471977 3.6576385 484.04398 148.0234 679.98254 1 0.24775875 47.640076 323.9137 745.4892 653.26794 1 0.23893648 492.40125 242.01038 815.453 607.2405 1 0.22811715 0.0 649.6845 102.782486 715.42206 1 0.21506315 140.54013 723.9547 258.43982 811.152 1 0.20799689 494.35254 457.0047 638.33704 581.89166 1 0.19235823 159.8489 774.03296 258.69318 811.52905 1 0.1883726 443.51022 157.28131 664.6788 578.6933 1 0.18092549 843.72974 173.62631 998.5725 402.9379 1 0.17140669 259.20746 360.4777 633.57214 982.5375 1 0.1533993 273.04184 950.0686 405.61246 1022.68677 1 0.12606668 71.97247 576.4205 435.2963 922.58905 1 0.12049757 186.97351 779.71185 255.51395 804.5911 1 0.10493097 194.237 739.6557 248.65295 765.38544 1 0.10281485 675.4361 391.59503 792.91656 559.6786 1 0.10145345 37.675003 663.0491 80.46685 691.948 1 0.09009262 40.857704 735.33887 251.44757 809.2477 1 0.087467164 2.3758545 477.18243 428.40158 673.77374 1 0.07212488 5.6816254 645.1953 234.24782 773.92786 1 0.06963857 19.99302 779.393 184.76868 812.217 1 0.06820086 65.413765 676.37085 256.30035 764.2656 1 0.063323796 163.9199 778.57806 208.8625 807.49005 1 0.05969509 1.885231 479.36484 126.03807 525.3352 1 0.058566142 524.9177 892.57495 954.619 1017.78076 1 0.051341277 155.01105 780.7553 193.72311 809.16925 1 0.0512976 430.8605 759.73145 1022.2356 1018.3552 5 0.24279167 725.91486 424.27774 794.85724 547.55096 7 0.94179165 129.77086 59.537247 499.9057 452.68787 7 0.6678783 833.89197 72.65727 1017.7278 354.32825 7 0.47224432 0.0 715.65686 316.48328 1022.4105 7 0.30806246 129.61685 84.43057 687.6642 565.30725 7 0.15036127 265.06744 948.903 411.02887 1022.1961 7 0.14188167 136.92151 319.91238 197.53152 420.61594 7 0.1252449 945.9381 144.60744 1022.55457 420.85986 ,test/4291.jpg
0 0.89430225 963.643 860.8291 1024.0 927.9513 0 0.06545641 409.70056 484.3706 604.7839 620.0419 1 0.9963264 911.15686 378.66635 1022.79834 632.4667 1 0.29715902 779.8373 398.8369 1021.8645 627.89343 1 0.2468092 963.5356 860.95465 1024.0 927.4754 5 0.98321056 364.91962 468.17676 679.06647 699.5001 5 0.38210523 693.7294 402.7364 967.26355 688.58856 5 0.15492274 369.16217 416.95145 932.72284 695.88245 7 0.09547833 383.58102 464.84042 672.17163 700.2258 ,test/4292.jpg
5 0.658648 332.8449 332.55084 898.5208 811.11224 7 0.69341546 330.0042 332.1139 894.6021 812.36804 ,test/4293.jpg
0 0.07913613 163.9242 466.77594 248.57117 534.9497 0 0.0627687 946.6692 907.7902 1024.0 1021.4235 1 0.78313833 946.6898 908.12085 1024.0 1021.2009 1 0.06692089 163.42043 469.25912 240.74644 533.59314 2 0.16722348 946.5633 907.98065 1024.0 1022.8454 5 0.99983275 539.65906 325.97653 852.3501 528.13 5 0.99870837 168.9198 462.16638 404.85706 638.0513 5 0.18527989 538.13855 320.9089 596.9143 365.4565 7 0.34480512 946.86194 906.71277 1024.0 1021.662 ,test/4294.jpg
0 0.45048872 885.7389 503.1599 1024.0 685.1211 0 0.4477928 904.3327 724.486 1023.6225 842.5074 0 0.38424134 885.7179 595.8904 1023.771 868.25916 0 0.22892109 419.9578 575.2782 555.0169 740.1437 0 0.18771113 446.0308 732.89355 534.2696 855.81396 0 0.17961007 780.4577 584.43134 1023.29266 937.9484 0 0.14154351 786.91003 728.1701 1023.8174 869.0278 0 0.1081752 879.9067 489.35303 977.2486 619.29456 0 0.09566901 703.2114 598.0552 810.30774 739.6312 0 0.09074859 736.7537 389.35767 853.5524 550.3302 0 0.085752636 884.0895 483.37372 961.2495 716.774 0 0.075851314 880.0593 615.82904 1023.0928 751.2045 0 0.0731303 908.38965 535.63464 976.1841 607.74866 0 0.06503251 452.5496 373.42688 571.09314 520.6422 0 0.06377574 930.74426 888.1355 1023.35925 1024.0 0 0.060338505 786.5929 157.26312 801.3522 231.1261 0 0.059000615 273.3224 109.52045 430.50507 367.8902 1 0.94218206 82.757256 76.63258 310.42664 433.4588 1 0.8002907 273.27557 109.059494 431.4223 368.8396 1 0.7585834 737.00134 389.97818 853.85913 553.6868 1 0.3401251 419.9578 575.2782 555.0169 740.1437 1 0.29113683 694.8807 598.01263 811.0712 752.12555 1 0.11221631 451.85226 373.96948 570.93445 520.9872 1 0.102170475 446.0308 732.89355 534.2696 855.81396 1 0.098952234 169.26895 720.6656 346.19046 796.5612 1 0.08741961 89.68152 77.66092 421.10834 782.62134 1 0.05127563 140.47185 41.92871 515.5892 213.59395 3 0.09682135 879.9067 489.35303 977.2486 619.29456 3 0.09050875 780.4577 584.43134 1023.29266 937.9484 3 0.0722212 883.0654 489.4805 1023.8926 683.95264 4 0.9904116 656.6203 418.6478 748.1861 596.16895 4 0.9626766 645.11127 618.0323 707.96027 748.668 4 0.95823145 698.2636 81.04376 784.43976 399.42877 4 0.91553 750.68427 535.68097 835.706 599.66486 4 0.91394925 515.99115 71.15878 587.7066 387.20062 4 0.8278472 784.7117 65.54521 879.6156 403.68646 4 0.82633334 419.85565 61.027405 494.3924 377.68338 4 0.46967566 647.34485 595.746 817.5084 758.3639 4 0.2689098 523.6944 111.20375 583.20294 177.11357 4 0.18108296 513.66 219.91376 585.4223 384.8557 4 0.17928879 735.4101 381.4494 852.13995 597.503 4 0.14306097 676.66 84.10481 785.0118 589.24304 4 0.09577808 273.1265 107.834274 431.311 367.59882 4 0.087061025 666.6277 550.6503 747.2124 594.5101 4 0.08698482 879.9067 489.35303 977.2486 619.29456 4 0.0684811 416.27246 443.03394 561.367 745.2882 4 0.059179448 505.562 507.29578 571.5541 583.09546 5 0.28390297 863.52936 0.0 1020.76227 330.4607 5 0.23875538 419.58337 60.821533 494.68738 377.22873 5 0.21851705 779.6239 74.627914 880.3401 406.3518 5 0.17064784 273.1265 107.834274 431.311 367.59882 5 0.1426762 452.7295 64.33004 482.16675 131.79117 5 0.13175786 515.9038 60.678696 586.9353 387.56085 5 0.11971823 879.9067 489.35303 977.2486 619.29456 5 0.11824494 877.8876 500.14682 961.4092 575.47174 5 0.10655486 698.3174 74.15051 783.6355 400.59872 5 0.09563158 712.14496 70.48859 741.97076 132.94795 5 0.058606908 886.4195 479.9509 951.11615 508.9689 7 0.1221117 981.26263 498.3485 1023.7115 660.853 9 0.21358165 806.39246 719.4004 1022.25354 1024.0 9 0.17513293 931.05597 887.57324 1023.4206 1024.0 9 0.10979646 807.19025 740.5169 876.34796 955.13446 9 0.10953372 832.2741 949.06146 947.2786 1020.5528 ,test/4295.jpg
9 0.9991819 214.51898 596.1286 731.00183 956.26276 9 0.9985208 46.5972 34.299637 973.94836 543.6847 9 0.2792781 32.06836 174.35855 994.18604 957.1874 ,test/4296.jpg
0 0.64106447 253.70708 451.8214 299.0083 481.9251 0 0.45851025 138.55756 435.57886 303.7939 552.6617 0 0.4543495 411.33682 488.6886 554.744 522.3246 0 0.13355747 503.71368 496.53265 546.44635 524.26044 0 0.11930978 462.72717 487.6134 525.6857 520.0751 0 0.09277833 650.7997 804.78107 695.09973 837.8925 0 0.07936952 441.38156 482.33463 487.42203 518.3237 0 0.07367171 397.3839 230.5993 632.73914 378.00305 0 0.062293198 422.82812 489.85486 477.4632 517.8651 1 0.15242931 412.84955 487.76202 550.9234 522.7921 1 0.14627993 417.44257 489.39838 484.4015 518.52985 3 0.99984264 378.18207 386.6746 616.3189 620.23846 7 0.09266234 253.90291 452.0287 299.05386 481.89563 7 0.069846824 454.2287 488.57132 545.3725 523.21765 ,test/4297.jpg
0 0.14342253 393.65866 408.513 492.2103 446.5708 0 0.1310796 287.94604 365.92825 300.18323 457.41623 0 0.0858245 46.553135 368.0057 119.7451 419.82913 0 0.06260664 328.33353 414.0846 403.25076 459.08972 1 0.3991883 289.92407 346.6631 493.43518 461.11108 3 0.6236533 393.89157 408.09433 498.25552 447.1788 3 0.08237363 409.3859 402.83804 473.89798 411.98825 4 0.9803295 433.87427 547.8781 548.61786 774.6473 4 0.9757673 482.7295 848.64075 575.8236 1004.42773 4 0.9676011 317.28668 790.6745 407.026 933.39374 4 0.958208 507.94147 544.1229 629.2238 794.3628 4 0.941493 467.20816 400.08157 746.02185 516.0855 4 0.9250543 579.4098 573.43384 695.85425 836.19385 4 0.9233695 373.34497 613.5647 443.92133 765.75085 4 0.8154459 433.4227 845.15326 500.59274 943.5372 4 0.79219353 302.32507 516.2775 397.32697 712.05743 4 0.77707094 240.81001 511.98483 321.0631 702.7324 4 0.59659666 507.94455 168.9856 665.661 375.5824 4 0.5308222 435.08945 170.54758 547.2296 363.62827 4 0.5097736 351.4463 160.61905 447.51562 341.84906 4 0.50224304 307.26648 617.5911 376.53528 711.12714 4 0.44820002 392.7803 530.89575 475.4387 686.46765 4 0.41058195 387.26373 811.87616 453.7652 945.5594 4 0.38344046 389.9399 841.45795 517.85126 938.87067 4 0.3826454 346.90607 12.359695 549.6253 358.70966 4 0.36694697 511.48975 32.675964 690.65405 367.80026 4 0.3586417 428.1346 927.5933 487.7264 964.51764 4 0.35056424 599.4833 33.210907 778.5283 394.74286 4 0.33676666 392.91718 887.628 441.53516 938.1535 4 0.32264644 489.09048 849.64734 519.1587 902.1151 4 0.3116508 512.2331 717.13794 593.40936 797.2634 4 0.278064 0.5164032 206.67418 94.857956 386.32898 4 0.2762071 592.0043 1.0177307 650.56006 119.726524 4 0.2725144 564.05994 15.669525 669.7495 219.90004 4 0.27230212 218.72061 602.5011 422.15005 747.7588 4 0.25611144 510.0027 646.2012 611.58044 798.6593 4 0.24363768 393.62054 408.62503 499.90802 448.1873 4 0.23451045 484.61353 557.7427 718.83484 810.202 4 0.2259695 372.29642 591.7597 474.84402 714.1042 4 0.22173147 617.97723 161.04788 755.60834 374.4349 4 0.19883761 656.3852 71.908745 770.93915 209.58228 4 0.1891267 428.72824 27.824524 811.12634 419.93372 4 0.1798593 266.01926 501.60257 435.077 736.6665 4 0.17932291 435.0343 643.89087 528.4006 775.0054 4 0.17763509 507.9841 19.232288 604.2734 125.636765 4 0.17370988 230.90231 573.05457 349.97183 739.1649 4 0.16517442 245.06226 527.08514 409.64136 647.9141 4 0.15076941 488.944 36.217857 730.83264 204.08478 4 0.14636724 448.47864 329.63815 498.8365 356.17648 4 0.14530332 242.95374 607.6995 307.74884 693.44977 4 0.14497498 573.8989 696.06024 673.7024 836.7153 4 0.12502003 629.3083 569.0504 702.3204 660.1671 4 0.11285627 442.31387 22.20317 620.5239 324.16467 4 0.10914321 395.85907 918.5702 444.04932 949.4712 4 0.10732493 497.2174 566.36926 578.8154 797.3745 4 0.10596866 482.00854 125.43002 768.82263 375.33633 4 0.10441338 214.33284 460.8817 337.97278 728.43896 4 0.09899626 387.9386 607.1567 471.80493 657.7371 4 0.097385176 406.25854 537.60547 457.31396 652.2737 4 0.093579985 331.69443 520.76416 395.65237 598.3729 4 0.093187384 464.01532 545.8557 536.70746 700.35315 4 0.08834751 243.09412 549.7843 328.8413 630.45483 4 0.08757418 515.72296 8.098942 561.5794 114.01807 4 0.08577164 463.85626 165.32951 751.7696 508.96368 4 0.08182639 451.62662 849.56177 519.9448 917.3745 4 0.07984036 547.6215 538.0707 617.50397 723.72485 4 0.07867981 641.5412 57.36551 767.7962 302.83167 4 0.07633946 627.2355 562.7948 663.3113 652.9579 4 0.07552862 307.6259 542.9542 394.29092 641.5525 4 0.072175175 566.80676 188.79825 705.87634 385.31363 4 0.07174238 470.77307 854.4994 505.04443 914.60767 4 0.06919438 418.2359 816.8226 456.85388 838.42303 4 0.06615494 486.36182 545.40424 521.1115 606.60846 4 0.065922566 322.44736 855.0125 398.07138 931.8234 4 0.063029334 604.17865 843.86865 652.9499 924.02026 4 0.06142318 274.01273 511.42453 330.61703 631.2164 7 0.28119767 0.5609703 206.15225 94.56262 386.58255 ,test/4298.jpg
2 0.99816066 359.18494 176.59305 776.1062 616.34546 7 0.110929586 0.14139938 59.843777 103.75647 158.86536 ,test/4299.jpg
0 0.7406745 286.45074 36.458557 843.3774 963.31903 0 0.109271705 158.66791 54.523193 313.6782 421.54187 1 0.3025164 287.91754 39.886536 841.2713 949.4667 7 0.097307265 156.90338 39.642883 332.73193 551.94244 7 0.06477197 287.12906 39.227386 841.9623 951.82983 ,test/4300.jpg
0 0.4589754 398.45108 463.1147 665.29224 812.4477 0 0.052692536 838.1489 36.803345 1024.0 786.5343 1 0.8684968 398.5013 462.06354 664.287 812.10785 5 0.081597954 839.2794 14.38855 1024.0 1024.0 9 0.4618721 838.50397 38.187897 1024.0 761.6864 9 0.06344776 835.962 62.08574 926.8636 253.73637 ,test/4301.jpg
0 0.11578416 457.10873 734.71796 1024.0 885.5131 1 0.06335937 461.32867 734.7838 1024.0 885.8616 5 0.83239776 251.86057 778.2261 452.64713 964.3176 5 0.4180349 451.27008 734.35803 1024.0 885.26025 5 0.4101148 112.232925 42.090607 463.77393 909.1006 7 0.96832657 113.42056 39.88214 461.72037 908.1329 7 0.6395965 455.39713 734.7232 1024.0 885.7507 8 0.1765476 461.9813 734.7613 1024.0 885.87823 ,test/4302.jpg
0 0.9954105 486.53467 412.69788 993.5885 959.9166 0 0.7009123 426.04962 780.2559 523.1363 937.31134 0 0.09754444 591.3711 576.28 620.8624 628.1267 0 0.06853049 778.2169 419.10925 1010.11206 580.2161 5 0.99767274 481.937 266.39603 880.9779 564.49097 ,test/4303.jpg
7 0.9968104 205.3165 315.07306 986.2606 870.0324 ,test/4304.jpg
7 0.99975747 275.5414 172.7203 844.9044 664.4364 ,test/4305.jpg
0 0.49919686 96.1871 695.34894 190.96365 990.955 0 0.23043843 266.3461 473.3566 393.6099 684.97986 0 0.21138032 474.6211 478.61865 729.355 669.8606 0 0.14775543 270.77045 572.9661 387.90253 684.17523 1 0.6679077 94.06086 616.7864 273.90656 731.1289 1 0.41296378 87.20437 526.27277 267.09946 643.5629 1 0.32760736 263.16962 474.07767 394.92993 653.1422 1 0.23062545 89.662766 643.5142 217.58937 722.6286 1 0.20340154 90.04747 642.99536 202.50874 683.8135 1 0.17629027 172.25832 620.1267 268.73773 718.16064 1 0.14032263 204.5517 629.48145 267.15225 704.5404 1 0.0927796 88.267044 525.262 389.7425 688.0324 1 0.084234916 271.189 574.49536 385.3348 685.2656 1 0.082794815 95.55926 674.5622 193.18951 993.5003 1 0.070512325 89.20569 610.6225 229.58481 648.6004 1 0.059121028 84.99191 571.52637 344.72803 642.4221 1 0.054286286 262.40027 480.70804 344.65076 599.7136 1 0.052509427 94.44556 640.9868 160.84618 676.27234 7 0.72015816 96.29501 700.2921 189.68466 990.32715 7 0.7085661 265.70435 470.4978 394.13617 687.6815 7 0.6424226 474.2947 478.75275 729.1488 669.8443 7 0.2873055 270.77045 572.9661 387.90253 684.17523 ,test/4306.jpg
0 0.089803144 144.03978 297.5005 406.19153 563.4019 1 0.18171462 141.9011 298.2031 407.619 553.23584 5 0.09475379 140.84526 293.92053 412.42084 557.2116 7 0.98861176 241.47559 264.54187 763.29205 769.0111 7 0.4743767 143.39548 299.9201 404.8287 553.4381 ,test/4307.jpg
0 0.41314107 0.042217255 3.5604248 74.90848 180.93553 0 0.112935096 797.0593 571.4 848.3408 607.188 0 0.10481419 696.3595 639.5314 874.28125 773.5874 0 0.07520701 653.11475 742.79626 707.7019 827.83105 1 0.7287737 0.0 852.1262 119.02829 1023.4735 3 0.30819413 448.326 285.93637 612.35333 395.67856 3 0.16321394 316.8432 337.00238 496.49762 438.3567 5 0.99904615 475.99805 17.765045 575.55774 174.93842 5 0.9985638 112.57385 565.80383 495.89948 819.3644 5 0.99779165 190.13757 368.43073 431.16437 631.721 5 0.99677354 601.21686 616.93066 907.42645 915.963 5 0.99558157 403.2588 550.5301 838.7417 667.0048 5 0.9216946 484.9389 129.02553 777.5666 485.583 5 0.89530253 252.38232 129.72423 785.13904 565.38763 5 0.5427769 797.0408 571.5864 848.4037 607.21216 5 0.43542257 312.29398 334.33752 493.51767 439.19873 5 0.4082815 264.6064 175.07825 567.44995 450.89 5 0.39405626 448.71204 285.20844 610.19104 399.58893 5 0.32803634 155.00423 324.661 470.72675 828.36707 5 0.30737934 436.8863 221.022 613.7618 476.4714 5 0.29501146 397.9403 551.17114 904.5857 916.9158 5 0.28810105 692.52795 614.8084 897.00745 776.11884 5 0.2795958 333.75305 346.0271 633.014 552.5608 5 0.2699402 383.17474 168.14917 510.35858 341.35876 5 0.16776426 548.9989 337.4635 630.0249 502.88995 5 0.14176513 371.1067 169.72739 590.10547 391.2333 5 0.11737491 606.9227 682.77637 763.8541 919.7573 5 0.07551705 363.4643 244.90388 429.7929 328.1378 5 0.07548257 266.38855 200.5464 475.79083 355.95258 5 0.07450631 402.90057 248.24606 599.82776 365.07626 5 0.071022145 204.02214 349.80664 254.7686 386.88574 5 0.067158334 350.75244 381.80038 580.6234 492.43863 5 0.06330756 316.14136 392.79166 367.27344 447.00552 5 0.05899453 190.10136 164.21692 586.7426 664.3107 7 0.914443 0.0 2.769989 74.68179 179.99605 7 0.19911231 348.2741 348.96545 626.12213 554.457 7 0.13592595 653.11475 742.79626 707.7019 827.83105 7 0.114841886 258.45578 132.10995 784.318 561.83813 7 0.08692167 316.8432 337.00238 496.49762 438.3567 7 0.06028053 695.07666 642.38715 866.0735 774.62506 ,test/4308.jpg
0 0.55732584 463.06918 207.6846 715.1585 859.4602 0 0.1446446 580.8562 181.34906 648.5067 259.85687 0 0.07650675 526.6438 208.12968 591.4951 268.7786 1 0.36791825 211.40662 376.30048 439.7824 522.7557 1 0.14683264 579.2563 182.7457 648.41266 260.6107 1 0.13112794 526.8176 207.87921 591.4939 268.68552 5 0.7647798 230.08124 481.2986 363.2527 633.6158 5 0.54752374 527.126 207.73361 591.46387 268.4617 5 0.4861933 177.41983 465.57376 243.1907 610.8144 5 0.38374293 579.536 181.1077 649.3972 260.07715 5 0.15976131 217.42427 464.09488 463.4499 687.302 5 0.14431036 522.348 191.9281 649.5469 271.55118 5 0.10026438 186.65039 427.7126 459.42157 969.53705 5 0.08443352 186.0374 562.5535 230.06602 612.1308 5 0.0811221 341.0921 491.474 432.4854 710.08594 5 0.051207405 238.77681 473.8049 352.0772 518.5607 6 0.99091196 679.5431 199.14801 943.08594 677.96106 6 0.1709889 757.30273 54.60211 998.51843 571.8088 6 0.100384556 699.53735 197.82022 930.54175 321.78323 6 0.09139063 896.9869 321.83087 974.9704 569.3459 6 0.08196401 230.15439 484.08624 364.79172 633.85455 6 0.07872843 802.5038 186.98155 957.3534 581.36145 6 0.052006546 231.16122 371.2262 436.2233 529.1261 7 0.9920439 205.66211 210.8791 457.87457 440.85724 7 0.977114 173.73315 321.90387 460.44275 982.4233 7 0.95793533 144.88986 310.08365 270.90598 467.8469 7 0.8554803 749.2488 59.133484 1017.94434 565.89795 7 0.77176404 462.50726 207.19357 714.00226 860.56946 7 0.44663092 217.42427 464.09488 463.4499 687.302 7 0.4219383 888.8241 120.00372 1020.1804 562.73645 7 0.16653298 526.69244 208.09166 591.5883 268.2915 7 0.16083537 155.14703 331.83356 456.46368 519.3352 7 0.15609665 761.4463 64.892334 920.89526 312.1298 7 0.1250101 176.58711 465.47397 243.65636 585.21484 7 0.10931534 345.97012 486.67648 436.97165 717.0132 7 0.08515995 442.64145 314.70346 489.8234 488.57608 7 0.07621347 310.08698 694.5093 452.15088 964.4254 7 0.075433746 229.58401 480.38217 363.673 633.9101 7 0.057896614 894.7663 339.15677 967.9145 575.54736 7 0.054851864 187.27464 212.45084 466.86627 711.8191 ,test/4309.jpg
5 0.11222592 148.20471 0.0 359.4152 35.49971 7 0.99964046 51.34207 113.36572 912.869 812.4073 ,test/4310.jpg
0 0.99948186 378.93588 216.51073 627.6151 674.8201 0 0.06863994 0.6019745 218.681 153.95595 427.35092 0 0.054114077 6.327858 14.827621 156.78452 415.32465 ,test/4311.jpg
0 0.43617615 516.11145 475.81305 688.9258 522.517 0 0.1359769 501.44836 476.9314 786.0963 761.9072 3 0.97366434 501.08267 475.70416 785.5801 762.73236 7 0.09226978 515.3089 476.01593 688.2962 522.90814 ,test/4312.jpg
0 0.9944582 315.23227 192.38641 710.5587 707.91016 1 0.068285234 313.3568 175.33588 712.2516 703.336 ,test/4313.jpg
2 0.9996674 411.5555 529.8518 616.81384 660.95776 ,test/4314.jpg
0 0.06547195 209.72626 734.5906 751.34155 843.38916 5 0.60468286 199.47168 248.117 735.9523 831.47784 7 0.7132353 198.93097 248.88962 737.77625 822.5569 ,test/4315.jpg
0 0.14980094 330.34677 332.5467 658.8104 718.92474 6 0.9650866 330.03638 331.5783 658.69147 718.74225 ,test/4316.jpg
0 0.6296061 478.7541 849.05707 684.4006 939.1353 0 0.26746616 0.83097076 518.72546 218.11072 811.8196 0 0.25112134 221.59471 185.88217 469.95892 274.19156 0 0.23537494 0.0 182.60324 1021.31445 912.6035 0 0.13937345 792.1167 633.91626 929.93884 808.60754 0 0.13861059 2.2239304 675.965 230.80304 810.6916 0 0.08298912 791.70654 718.9221 909.422 802.1952 0 0.06462956 784.7603 763.8658 812.2564 806.5682 1 0.74557215 318.84723 544.096 821.28827 910.014 1 0.12467272 1.975441 101.83601 70.7132 372.64838 1 0.12297107 784.7603 763.8658 812.2564 806.5682 1 0.1080842 31.44281 351.44287 933.8774 897.4663 1 0.05406113 338.4649 551.659 814.66473 728.8365 1 0.051947054 322.8914 775.12354 362.28464 875.3883 2 0.06341121 790.6274 719.09906 907.8349 802.10187 3 0.30488878 221.59471 185.88217 469.95892 274.19156 5 0.8106434 790.9742 718.88745 908.2115 802.4415 5 0.6405463 1.9162827 674.35016 229.8627 810.72235 5 0.283225 0.0 670.7084 260.65527 952.9933 5 0.17756806 221.53998 186.11894 470.62744 274.6095 5 0.116157606 805.56757 780.3221 901.217 800.33 5 0.09328723 792.1167 633.91626 929.93884 808.60754 9 0.8638186 0.0 182.54218 1015.5746 868.3332 9 0.22694308 140.63 384.0854 946.33496 645.07684 9 0.16586715 1.3609619 524.3745 214.24298 808.75024 9 0.16448659 181.77106 439.6913 368.79932 723.5061 9 0.08644698 241.19318 179.67017 1007.3426 447.07788 9 0.056684047 792.49567 634.471 929.9002 807.69403 ,test/4317.jpg
0 0.12083591 1.5746269 126.582115 78.250534 290.4681 0 0.11461225 4.2989426 121.00394 154.45541 508.3207 0 0.051165823 264.7202 181.59938 311.56348 265.34674 1 0.6877257 200.59946 262.34644 342.59854 501.2787 1 0.36373883 66.26582 129.96407 180.83755 316.92322 1 0.27382612 17.45642 121.3703 274.75443 320.2771 1 0.060824364 0.0 74.06741 374.59805 468.40823 2 0.06559253 274.26035 139.3178 572.5967 641.3442 3 0.9965413 285.32532 136.3808 574.7517 641.4608 3 0.9953818 605.64777 241.54637 873.4836 643.93555 3 0.3239729 560.3593 265.2166 625.8134 569.7135 4 0.7988516 681.2189 57.52835 948.1161 274.06625 5 0.055176765 206.36282 270.76587 285.17523 501.20746 7 0.93292624 5.930237 221.011 157.48059 460.6375 7 0.8873547 2.3172646 125.13913 84.2372 288.68594 7 0.23423274 264.7352 181.1702 311.6351 265.9296 7 0.18950078 2.9462814 203.00345 78.16181 438.13058 7 0.10282123 0.0 224.19064 197.49548 325.7468 7 0.05269591 0.0 124.07318 163.12352 315.8326 7 0.051595043 2.26795 190.15617 66.00939 283.60004 9 0.054032356 1.6937523 439.5736 127.97348 563.2408 ,test/4318.jpg
0 0.999355 159.25375 386.60577 310.50174 472.78394 0 0.9965823 649.60516 614.4251 770.6097 742.32745 0 0.985908 711.223 405.08154 875.92615 524.87463 0 0.9670709 331.52478 382.78812 490.55347 463.84274 0 0.8264789 452.9455 376.51175 633.4471 474.36606 0 0.5180265 626.66064 596.9804 672.08655 637.1525 0 0.4136564 579.12286 668.03955 641.22833 715.44946 0 0.3078863 574.7476 668.91815 634.76447 751.7056 0 0.30408195 327.77936 380.9877 669.6622 469.29227 0 0.21137515 672.848 562.0787 708.80664 600.31744 0 0.18899293 646.9983 605.03687 729.3854 638.881 0 0.09272491 627.2106 560.50055 712.3163 632.43195 0 0.059786458 386.69424 513.546 442.368 534.494 0 0.05689109 490.37753 376.9501 615.93665 423.00357 0 0.055498812 201.48532 497.01685 239.74393 513.79297 5 0.15199706 672.53424 561.90985 708.6879 600.0689 5 0.09707625 332.4181 382.75638 489.36554 461.7308 7 0.05849114 709.3554 405.75754 874.9339 524.04205 9 0.07822665 332.59088 382.95963 488.99237 461.66696 ,test/4319.jpg
0 0.26039198 254.38441 600.1944 489.53345 775.07733 0 0.17224209 368.8224 610.24304 488.51862 783.3158 0 0.11035122 664.42444 225.70744 732.3992 466.43268 0 0.080809824 247.7559 661.1783 430.72076 777.3265 0 0.072430916 241.76227 517.181 468.2068 842.91736 0 0.056946296 260.86255 684.8829 467.84308 844.1337 1 0.96056575 253.66461 509.1604 453.6134 781.11475 1 0.40117562 245.56165 626.5615 468.5235 769.7877 1 0.07165812 288.37708 559.87506 433.7041 674.0467 1 0.05878622 344.60938 615.37933 494.36902 779.0734 5 0.8366304 183.42403 714.08624 459.34955 937.8184 5 0.53008235 394.75815 641.2695 514.48096 767.43256 5 0.3594345 188.38281 541.14685 489.60486 932.2478 5 0.18974249 412.368 660.50476 486.94284 747.0331 5 0.17637339 384.4015 625.0032 511.55182 856.18005 5 0.16993813 225.95729 634.8806 506.5677 851.2217 5 0.16906047 465.162 634.2626 513.24493 682.87634 5 0.120382294 433.21133 603.7036 508.31845 656.1526 5 0.10491192 422.5109 723.91394 463.34836 763.8347 5 0.09460881 467.4044 632.3574 511.52335 661.666 5 0.09287159 274.6391 734.8936 455.55542 863.1597 5 0.08796534 436.98956 629.52295 515.28235 738.7656 5 0.08120593 402.20557 722.82166 479.67114 765.8546 5 0.076006636 446.59555 605.92084 502.39346 638.5999 5 0.06657184 438.45584 666.833 508.6896 768.5029 5 0.05950847 407.6469 726.0581 447.2052 764.32776 5 0.05682198 438.08887 675.2761 484.08203 721.63916 5 0.05036271 250.78201 504.41888 459.71994 775.02545 7 0.9995246 445.60452 110.716644 978.4159 872.588 7 0.072754145 241.76227 517.181 468.2068 842.91736 7 0.053322613 554.59937 149.94958 854.77136 806.495 ,test/4320.jpg
0 0.7744918 528.5728 403.08206 649.85114 439.7758 0 0.08845016 436.02875 305.75284 721.41254 537.2612 3 0.06296666 366.6541 162.62717 685.04034 420.632 4 0.09634166 365.59732 162.80779 684.7412 420.14502 4 0.05199582 389.58664 296.49127 722.22107 537.33057 5 0.96650434 426.97925 306.52048 721.5342 541.4208 5 0.687879 365.55032 162.85431 685.49866 419.82043 5 0.10799996 528.6198 402.96222 650.1751 439.98077 ,test/4321.jpg
0 0.066298425 426.48096 205.1984 610.2694 839.11316 5 0.99954814 242.96997 222.82092 837.22034 849.61035 5 0.47106063 424.7268 216.66113 611.07715 826.4927 5 0.32300982 535.01843 231.7601 828.2279 852.9076 5 0.15858729 568.78925 379.83356 609.3118 712.85004 7 0.0873581 425.27094 221.86957 608.05646 791.49255 ,test/4322.jpg
0 0.9144963 434.65106 784.93427 522.32697 1024.0 0 0.13559781 224.86049 315.42416 682.4137 758.42957 0 0.10288299 344.38852 619.7845 538.31824 1024.0 1 0.6128442 221.6777 319.11517 683.8744 734.3322 1 0.08232153 245.10286 339.4845 622.8161 570.46625 5 0.9974529 207.1884 106.706055 682.352 779.5523 5 0.14972737 206.89888 112.26248 580.4412 482.02127 5 0.05265919 256.6839 557.73157 683.2638 791.18787 ,test/4323.jpg
0 0.14807239 330.98993 287.4561 644.5813 714.9177 1 0.6685227 331.581 285.09952 645.1943 714.9818 5 0.21890178 815.5806 534.9215 1024.0 1014.3552 7 0.48190555 331.1863 286.15332 646.41187 712.3833 ,test/4324.jpg
7 0.9961712 351.15295 404.9389 719.34094 699.3066 ,test/4325.jpg
5 0.99949396 399.39728 226.44925 706.56573 855.4048 ,test/4326.jpg
0 0.17395607 219.52759 284.21423 762.1232 862.1255 1 0.0820856 218.8696 282.48785 762.21094 860.3022 2 0.97934765 218.31909 284.7058 763.4403 859.78625 5 0.08647285 215.64175 283.992 763.0476 862.42474 6 0.44162655 217.82791 283.08032 762.22424 859.2251 7 0.11088153 219.50555 285.58295 762.39624 858.4201 ,test/4327.jpg
7 0.99865085 243.40274 341.7771 809.72644 809.5896 ,test/4328.jpg
1 0.99777335 307.34338 270.926 631.7155 645.11914 ,test/4329.jpg
0 0.09264804 300.78687 358.76724 636.864 579.0541 5 0.99147415 301.36816 359.30606 636.82574 578.8783 ,test/4330.jpg
0 0.9993963 327.44836 563.27045 564.165 804.93414 0 0.13512042 324.82068 445.57275 722.4625 796.1035 3 0.06288884 461.98413 436.80725 742.25024 770.0155 4 0.068358615 2.633665 579.0107 47.11492 633.8118 5 0.98926276 464.26636 438.10992 744.87463 765.5329 5 0.9763776 1.054821 628.8453 95.37158 784.7354 5 0.9749203 0.0 438.9119 220.08957 693.51917 5 0.05986 0.0 579.4388 56.26844 637.0633 7 0.24113543 0.0 441.51846 220.09853 693.30255 ,test/4331.jpg
0 0.5641629 571.03546 588.00146 651.88226 669.00476 0 0.24858393 489.54874 603.5632 655.9721 730.68585 0 0.22190389 455.85376 747.4156 539.203 785.2631 0 0.16773026 185.53204 555.1724 256.27945 596.29364 0 0.07663471 508.08755 593.3561 584.16895 634.094 0 0.05754847 514.76575 582.2667 665.459 662.3696 0 0.050042666 501.02118 697.45557 534.6298 727.1798 1 0.15326455 574.34503 590.22833 651.73395 666.7015 1 0.10238312 292.62857 537.8312 342.95126 576.01624 1 0.09570241 185.56462 555.072 256.2989 596.65906 1 0.063866995 267.83942 540.33685 368.73975 627.72687 1 0.059980657 455.31317 747.7369 539.8637 785.6634 2 0.093442224 185.53204 555.1724 256.27945 596.29364 5 0.8328427 452.84125 747.3114 540.405 786.48315 5 0.35136226 0.0 124.95925 193.33415 348.66418 5 0.20556656 501.74533 666.2773 655.2552 731.07 5 0.08496918 248.99146 550.8739 276.271 600.0209 7 0.9967181 137.05899 555.66644 256.8904 660.962 7 0.9847512 637.2596 571.88745 816.60455 746.85913 7 0.9598937 351.846 551.1468 515.12115 682.4014 7 0.95741576 312.2239 640.8263 452.77322 725.95374 7 0.93325484 265.35715 541.4508 368.9857 627.9424 7 0.887566 221.92978 602.0334 456.8087 723.9633 7 0.73529714 698.8548 568.83923 823.5275 651.35144 7 0.618075 226.08057 598.87024 377.48236 684.2843 7 0.5154407 489.8343 624.2374 656.9661 731.9795 7 0.44526076 366.9344 568.41766 816.6999 742.74493 7 0.2641651 248.48936 551.5197 274.6464 596.2415 7 0.1902519 740.0511 586.1395 822.7243 646.37366 7 0.1819491 454.99823 747.62573 540.0612 786.0315 7 0.1668534 185.66377 554.96735 256.2298 597.0297 7 0.13067393 517.3236 583.3331 653.63916 667.7693 7 0.11674775 735.40875 583.7954 801.0257 621.9403 7 0.08659592 506.01746 576.9641 706.99854 730.37 7 0.08517321 221.83488 546.78107 410.201 704.9161 7 0.084188126 508.08755 593.3561 584.16895 634.094 7 0.08166205 756.8488 592.39606 803.71564 619.9372 7 0.081142 416.78134 599.4275 512.35266 684.0989 7 0.073541686 357.99713 552.03033 485.10565 607.34393 7 0.072471365 517.82776 668.1044 653.88684 729.8922 7 0.05061618 762.57935 610.1319 822.2091 638.57623 7 0.050476972 509.72482 580.9948 613.4789 638.9714 ,test/4332.jpg
0 0.8926993 337.15466 368.10345 619.5973 764.5766 0 0.21399881 345.1218 714.3918 618.33606 763.6972 0 0.051902577 393.56537 371.85052 626.8986 426.56085 5 0.072231725 338.15445 368.705 620.2146 764.56323 ,test/4333.jpg
5 0.99987686 124.05797 334.5996 464.57532 810.1472 5 0.998898 534.3804 338.79416 892.6072 870.6964 ,test/4334.jpg
0 0.9066428 0.0 490.54926 270.19073 754.6508 5 0.9992884 254.21703 435.13593 571.575 780.02094 5 0.9955384 555.43677 351.1146 1024.0 727.90344 5 0.13130225 68.464355 366.17548 1024.0 757.50934 5 0.088555045 253.1874 670.29297 571.29144 762.1904 ,test/4335.jpg
0 0.38315043 726.2797 928.339 1024.0 1024.0 0 0.19102773 969.0135 882.037 1024.0 951.8445 0 0.058824707 468.89346 524.27673 643.27704 573.0714 1 0.09310833 726.34796 928.3028 1024.0 1024.0 5 0.6004077 240.87119 188.28967 900.0447 557.08344 5 0.35782337 726.401 928.24176 1024.0 1024.0 5 0.20534797 851.13306 413.171 1021.068 785.58704 5 0.095904544 366.96307 457.2698 665.2216 562.9173 6 0.99865985 96.54947 580.57446 622.59436 945.3657 6 0.9279355 240.2626 189.01906 898.9269 554.00555 6 0.24924253 407.0387 571.5519 632.80774 716.2672 6 0.2439777 370.5857 460.66916 655.031 565.57214 6 0.19887885 525.8514 506.04333 643.9205 570.8501 6 0.124625474 268.24756 323.57434 975.281 684.2337 6 0.10354732 102.346954 408.22208 827.92163 956.6085 6 0.08288248 153.67778 510.30582 644.0389 726.26685 6 0.0660422 351.29425 419.9569 814.3703 552.79333 6 0.06282594 342.29523 336.9748 909.3931 549.3872 7 0.7198541 850.9311 412.6026 1021.1624 784.9439 ,test/4336.jpg
0 0.2574964 66.10845 475.1228 145.94815 821.08203 0 0.24182537 314.79074 757.6067 393.70883 816.91235 0 0.14031225 180.97353 793.5137 241.78401 815.89734 0 0.08738404 132.52818 489.80167 461.68268 833.70044 0 0.066654995 535.1398 529.06805 559.5802 821.9235 0 0.056344785 335.73474 775.8833 394.9765 814.4171 1 0.07157859 317.40878 751.8839 392.76645 817.18835 1 0.066129506 480.88818 288.83914 533.5471 323.40683 2 0.33886242 130.72244 841.99194 218.59518 918.90234 4 0.23935078 361.72217 690.8788 411.5829 731.0542 4 0.10749749 349.0687 671.0212 413.6429 733.24493 4 0.07411017 342.3501 703.5984 475.58868 785.3971 5 0.96223843 233.20926 208.78554 391.70267 520.6803 5 0.8861607 336.4519 704.80334 477.0349 783.1682 5 0.81578195 130.70622 841.845 219.34627 919.04846 5 0.76240206 138.61342 747.1106 180.85268 809.02405 5 0.7270927 235.53668 373.93576 335.39453 500.3367 5 0.71647716 197.22061 849.58154 219.64352 906.24084 5 0.41010818 319.73022 583.3836 415.44775 742.7852 5 0.27538761 535.26587 504.13025 558.3541 833.0571 5 0.23200342 325.07562 658.9841 412.3642 739.0693 5 0.18882969 361.72217 690.8788 411.5829 731.0542 5 0.10247398 327.01468 604.3363 370.98294 747.15735 5 0.08853778 301.45447 574.0711 467.9713 787.72455 5 0.057216294 353.66895 749.6395 427.71893 782.9531 5 0.052292325 336.62735 735.1358 429.51175 761.9731 7 0.9995264 537.0351 173.74701 981.0772 879.14166 7 0.9914452 341.94586 431.71973 542.12744 698.79895 7 0.9730849 148.03671 586.0638 405.3237 826.6298 7 0.9665818 677.68304 150.24359 803.49286 291.54837 7 0.87390274 406.84973 281.71906 534.41516 474.3034 7 0.8025218 462.14172 288.13022 534.29047 327.51144 7 0.7043107 532.2792 170.59073 793.41626 379.63547 7 0.35512012 109.20293 382.06525 547.99243 845.6976 7 0.32890263 550.9502 48.77887 808.21924 318.60754 7 0.32658494 228.87755 195.8401 426.6397 541.2287 7 0.3066959 332.0026 274.09833 542.3215 545.34515 7 0.3009841 224.71547 208.389 546.0802 717.85144 7 0.29457024 188.03442 761.7676 401.20703 818.1195 7 0.28578624 306.5995 562.4264 472.35223 784.7302 7 0.2155225 337.17984 704.6365 466.3967 780.79675 7 0.16908407 139.10846 746.9819 180.90778 810.1314 7 0.11557703 224.64056 436.96106 431.86395 818.38794 7 0.11133172 317.24063 574.6014 419.38577 748.17523 7 0.10690996 463.05008 302.4215 509.10934 333.6933 7 0.07570184 394.60974 427.79248 546.5441 586.0905 7 0.06998031 331.68948 645.2 471.5336 763.5424 7 0.06907719 132.10027 742.5488 281.99652 816.7234 7 0.068646975 314.19278 760.70374 394.5936 815.25244 7 0.0631736 508.27103 327.2041 542.5455 466.15924 7 0.05817942 343.88696 735.25 408.58704 762.0376 7 0.05607504 173.78351 717.05475 422.1717 817.8659 7 0.051192816 180.97353 793.5137 241.78401 815.89734 7 0.05076168 522.508 199.3952 832.42474 580.5259 ,test/4337.jpg
0 0.99737835 215.19098 317.20874 564.8981 988.83167 0 0.9831177 320.77435 111.323586 660.3094 287.27264 0 0.4470722 209.67496 321.6157 558.6781 655.34143 0 0.1620249 777.53503 30.128996 834.73193 69.614975 1 0.13322408 215.51149 316.11713 556.6053 997.88104 ,test/4338.jpg
6 0.9992969 336.47806 417.15063 548.37427 607.18896 6 0.116815984 310.51093 497.08957 350.27618 536.7212 ,test/4339.jpg
0 0.4966641 75.52011 837.6035 401.4555 1018.46826 0 0.16378102 60.498184 679.0854 491.0124 1018.4439 0 0.11986401 326.81335 510.4181 805.355 927.048 0 0.08885161 144.63351 731.92737 718.5803 1018.53796 0 0.083726294 98.967575 713.56934 370.8954 942.91174 0 0.07991536 68.60272 452.78668 858.9749 1023.2736 0 0.06704673 317.51645 562.1189 632.03186 837.87085 0 0.06404432 88.14902 676.67206 222.81573 916.1286 0 0.06218595 70.68945 815.9516 313.6088 972.7115 0 0.059852567 272.91113 869.55615 724.26654 1022.83276 0 0.052801654 342.76245 454.3745 827.9701 667.01514 1 0.89779687 78.90625 446.79947 859.23846 1020.37244 1 0.53429407 341.18622 451.96484 826.3234 665.0073 1 0.43618867 70.94255 831.6675 370.4724 1017.0729 1 0.26652688 82.12884 836.03766 296.0039 963.93243 1 0.22168596 55.695236 675.1102 471.10815 1022.94556 1 0.1466363 276.12054 453.18362 848.3571 843.9966 1 0.101269506 126.55914 462.14038 555.46924 753.94495 1 0.08289455 57.424103 678.3797 230.80624 896.0411 1 0.08194198 144.63351 731.92737 718.5803 1018.53796 2 0.19957763 68.60272 452.78668 858.9749 1023.2736 7 0.052700125 68.60272 452.78668 858.9749 1023.2736 ,test/4340.jpg
0 0.15559572 135.4682 232.8739 770.4313 899.8606 5 0.98989505 140.33783 232.53787 770.0594 900.3906 ,test/4341.jpg
3 0.99977356 279.86133 432.4719 646.4496 730.7457 ,test/4342.jpg
0 0.089287095 31.16523 412.59067 182.0809 464.86404 0 0.06786737 337.03308 619.9315 649.3612 724.728 0 0.061876427 561.03033 566.772 743.019 602.7876 0 0.05251649 180.48845 651.0454 287.98993 748.3491 1 0.99493945 163.96802 261.4135 838.08093 537.8643 1 0.97297806 1.1191559 502.6007 149.72908 682.0554 1 0.971099 741.91833 606.8092 822.3812 716.052 1 0.9252541 157.20105 526.8898 825.02466 838.3468 1 0.9100423 0.0 645.9821 99.49299 801.09064 1 0.8733042 214.26044 555.52875 794.6424 733.7763 1 0.7569454 188.03195 615.5492 287.89554 749.7407 1 0.7273947 30.076546 414.44 199.28568 564.91095 1 0.6934858 172.14313 485.7745 885.3698 564.8286 1 0.64688075 69.45956 741.76575 252.66895 1001.6603 1 0.62403595 193.41922 615.772 284.7473 686.8556 1 0.5247567 9.443573 512.1291 278.67322 1010.7314 1 0.4488893 1.7431107 499.99622 208.00476 791.344 1 0.42946947 93.79445 618.56006 289.51227 756.43164 1 0.39303422 212.12103 515.4182 813.63727 607.9148 1 0.29632 181.86896 374.66647 864.419 618.9867 1 0.28810555 0.0 498.7387 279.31885 663.4056 1 0.2100731 73.12187 523.36255 279.88562 802.7119 1 0.19118422 93.56546 277.47888 856.3218 782.6019 1 0.16367055 145.49374 511.94376 286.54156 663.8776 1 0.16246119 311.25443 517.48206 765.1721 577.90356 1 0.12744136 327.53366 242.48419 811.5532 403.91095 1 0.119045995 31.16523 412.59067 182.0809 464.86404 1 0.11437073 740.8086 561.76404 820.1404 632.97424 1 0.11370746 740.0646 412.74908 880.18823 641.27594 1 0.11023839 6.8796005 388.34512 244.06583 708.7411 1 0.10843927 328.2561 617.6034 720.3168 727.781 1 0.07908242 797.131 443.2257 869.083 554.9894 1 0.078686796 279.40192 471.70996 791.2026 694.24536 1 0.07798622 93.86175 670.2018 131.80087 778.8318 1 0.073965706 11.598953 618.20386 143.53867 685.2749 1 0.07031131 530.09326 564.26 778.5576 620.2439 1 0.06875606 299.2038 502.14157 827.8018 551.47784 1 0.05873173 99.3143 563.68256 190.99329 766.2493 1 0.054881494 0.0 632.3744 134.17728 903.9375 1 0.053628705 651.6327 454.39493 874.64136 568.7169 1 0.05294216 225.03395 779.4744 255.92793 938.1746 2 0.06664238 201.89743 645.3926 286.35464 747.27563 2 0.054953307 191.49355 617.00757 285.37036 682.3423 5 0.8722559 393.56073 185.57431 884.13446 324.19537 5 0.13131057 97.06941 310.4024 212.35408 435.61462 5 0.12698007 669.86566 220.93823 891.9445 354.04846 5 0.08675287 66.42069 785.90967 95.68017 847.803 5 0.06679934 110.52763 312.8639 206.91902 372.5459 7 0.9986344 0.51937103 779.5497 93.17754 1022.8689 7 0.6343378 31.409714 412.68506 180.9998 463.78394 7 0.06329634 29.473907 413.69028 202.34734 565.0788 ,test/4343.jpg
0 0.901837 212.69197 337.78915 433.169 661.7794 0 0.188105 202.74005 319.27502 755.3266 727.1172 1 0.9587786 107.668945 164.2568 914.6089 769.17957 1 0.109922186 212.19907 320.91336 742.60913 765.15186 5 0.11531687 848.27106 476.94284 1021.4821 801.69885 5 0.07588888 713.6712 168.85318 922.6419 774.66174 6 0.06503004 846.15173 501.84094 1023.9794 679.775 ,test/4344.jpg
0 0.06303892 462.47424 657.73175 661.0521 736.3294 1 0.9935049 157.93576 134.7042 895.1583 748.953 1 0.43077454 465.0655 658.79156 647.8847 734.89594 1 0.082847215 194.202 433.62335 895.9303 747.25665 ,test/4345.jpg
0 0.99966264 175.67822 337.25436 755.16895 802.475 ,test/4346.jpg
0 0.118093625 72.48516 131.85858 234.23007 351.54578 3 0.99879164 346.87268 339.20767 750.12537 678.54553 ,test/4347.jpg
5 0.99837863 441.5931 198.43294 777.26184 468.0995 ,test/4348.jpg
0 0.54239094 328.54404 890.199 351.44876 920.62146 0 0.2904023 118.46559 567.6967 229.90245 786.98737 0 0.19982535 760.9667 504.79016 805.7915 618.93335 0 0.14695168 131.8646 566.183 300.60126 747.06824 0 0.11494604 435.36642 465.86472 512.30273 505.14102 0 0.085812844 749.95026 430.7804 999.7514 717.87427 0 0.07697792 0.0 488.43097 328.66376 858.73126 0 0.071598 115.90495 645.2911 271.76697 797.42755 0 0.05592411 394.31567 492.646 456.61603 549.4269 0 0.055693097 199.99754 588.19366 278.16968 676.2878 1 0.6732768 70.005844 403.7933 243.95866 548.8704 1 0.6454155 750.5767 430.36816 999.2094 718.2384 1 0.40593085 0.0 492.289 333.39124 858.68646 1 0.19360314 395.41663 612.9304 496.94763 699.47473 1 0.0843717 328.54404 890.199 351.44876 920.62146 1 0.073938176 479.60748 632.2286 521.3697 664.4306 1 0.06452514 130.08269 517.4104 346.90717 747.683 2 0.50084513 70.38644 404.43585 246.15112 547.81415 5 0.81803143 395.26492 613.9031 495.9003 699.76416 5 0.57348704 533.2612 835.19965 649.06836 935.47186 5 0.42633036 0.0 480.87338 321.64972 859.32983 5 0.26433054 34.44497 495.4638 208.86731 585.9356 5 0.2377914 479.50992 632.15283 521.96783 664.88464 5 0.18128572 51.857487 564.4643 156.64418 635.4633 5 0.18054014 79.82162 591.2031 166.78421 672.7185 5 0.16715534 96.26308 562.1338 224.03719 785.2283 5 0.15242824 52.021576 504.52924 170.6982 669.3156 5 0.13582592 21.479286 521.0657 208.94617 629.9944 5 0.13100222 67.91403 561.4812 230.53485 668.6022 5 0.12718911 77.00371 561.239 156.98468 605.3179 5 0.1196337 69.164215 399.58636 234.05264 606.30035 5 0.115713775 92.95944 567.57074 216.43665 617.5009 5 0.09178475 349.2574 586.92426 500.76294 696.89545 5 0.08777749 44.34867 572.1683 102.439064 639.80316 5 0.0837716 118.77008 584.6338 176.41504 677.18164 5 0.06804981 92.341484 509.4659 200.2876 576.8165 7 0.99563205 310.00842 548.8319 543.51373 877.61255 7 0.99492824 258.12183 330.5696 516.16016 549.2972 7 0.98214716 477.61035 395.86224 769.6184 738.3881 7 0.9540316 375.27768 472.53214 531.67584 631.37524 7 0.4379882 750.2088 430.37973 999.59467 718.34814 7 0.40152043 760.9667 504.79016 805.7915 618.93335 7 0.38395303 0.47052002 491.11176 335.39514 858.6523 7 0.3332293 309.60004 391.22595 768.03864 865.3888 7 0.17372584 435.36642 465.86472 512.30273 505.14102 7 0.0808793 336.54376 451.6944 520.2439 561.94464 7 0.06525173 392.68884 492.37332 523.1397 575.43384 7 0.050786994 520.2459 574.72656 546.99567 616.4785 9 0.36687806 533.8845 834.54333 646.40393 935.4601 ,test/4349.jpg
1 0.99267745 152.9252 6.7764893 850.0925 696.9179 1 0.983183 277.54315 609.4353 714.2019 930.7505 1 0.93099487 63.109665 37.187103 430.6007 451.11765 1 0.813208 397.39886 0.0 845.72906 541.79474 1 0.6704748 392.7708 645.02954 452.925 687.8773 1 0.45124727 166.71019 651.77325 473.80048 936.72284 1 0.4474041 290.9508 625.1233 374.72516 676.6881 1 0.44193718 286.66858 196.60109 598.29565 682.2772 1 0.43413034 62.048218 31.337128 575.778 652.447 1 0.36784968 165.83401 368.80203 766.58057 919.1022 1 0.08879085 509.46912 369.2048 772.2405 557.5769 1 0.07199717 432.77008 169.5157 773.3118 608.8936 1 0.059321675 369.2865 397.66278 738.588 696.1348 1 0.054084536 389.938 157.83788 621.5817 584.1762 1 0.051472712 258.73462 456.03125 614.0786 706.0271 ,test/4350.jpg
0 0.39377558 512.9773 64.469284 674.9341 359.63495 0 0.20962232 468.1598 336.0111 957.17053 740.88513 0 0.17369518 64.25427 77.83334 627.69226 829.26807 0 0.10726133 63.00943 78.58473 719.8218 480.27856 0 0.06747373 524.83374 52.488495 691.08484 615.95154 1 0.071417525 521.45276 66.110275 682.9873 546.0324 5 0.9450379 63.258026 197.82816 579.7468 823.0928 5 0.21419027 468.1598 336.0111 957.17053 740.88513 7 0.23783498 66.564514 152.56519 582.264 825.62744 ,test/4351.jpg
0 0.06577426 0.0 291.95963 437.84695 829.6968 3 0.9999933 393.80685 115.02203 943.79016 706.8915 3 0.1399663 0.0 289.07254 439.2378 828.9707 5 0.9561572 0.0 292.79355 436.06912 828.98596 ,test/4352.jpg
0 0.9977012 464.44775 241.93674 632.6344 360.8801 0 0.66036963 422.54578 4.9961853 535.1995 75.96532 0 0.44871244 151.65837 926.1563 221.58525 1012.8504 1 0.13969381 421.08298 4.8184395 535.6628 76.13948 3 0.9960835 87.27185 453.15002 208.76285 558.3248 3 0.8130576 862.89606 242.52457 937.071 364.85428 3 0.45474645 606.2757 414.18906 695.30194 508.0408 4 0.5702163 596.4496 415.15717 695.7466 506.76324 4 0.13369934 863.2183 242.70512 936.8415 365.00806 5 0.093911275 862.4438 242.15552 937.57965 364.8709 8 0.26358563 863.3463 242.7609 936.72876 364.53012 ,test/4353.jpg
0 0.86903507 341.00067 167.64066 769.05365 829.4263 1 0.25272033 347.60742 159.63147 771.5405 823.5245 ,test/4354.jpg
0 0.4933831 574.7588 249.79291 677.5078 345.50586 0 0.17647976 790.78674 404.79544 1020.8042 483.22916 0 0.11638191 257.14612 236.68991 520.2407 374.5363 0 0.0537538 192.98804 177.97005 860.54895 520.23376 3 0.1404963 790.3111 405.65207 1019.794 484.32065 5 0.99711573 188.19485 174.46909 840.3418 522.3329 ,test/4355.jpg
0 0.616887 893.6783 3.3589706 1024.0 148.83917 0 0.34734836 185.69214 86.84042 863.56885 944.44885 1 0.6067655 186.66385 88.52878 861.8153 944.3783 5 0.089786515 437.4496 495.79184 515.08154 704.2662 7 0.8626036 719.73474 133.87616 873.55725 244.29617 7 0.24030533 186.15396 88.046814 862.4453 941.9876 ,test/4356.jpg
0 0.2679935 207.43985 380.61127 278.26724 654.5881 0 0.21956766 413.0107 837.00793 484.429 1024.0 0 0.20791434 492.3624 967.88666 535.98193 1014.4565 0 0.05057004 708.4499 616.1728 1021.0921 1024.0 1 0.9986999 456.55777 478.47186 666.5464 673.4052 1 0.99704653 653.503 410.6392 951.7524 763.2982 1 0.17191035 708.4499 616.1728 1021.0921 1024.0 1 0.12609893 854.9142 601.03827 1021.5243 837.5141 5 0.8162378 413.55048 837.6382 484.0865 1022.3646 5 0.3742072 230.1614 365.31372 449.82706 537.27435 5 0.22485326 748.37024 759.0727 1024.0 1024.0 5 0.06404495 448.4029 655.13153 461.55463 725.4827 5 0.058678374 926.6498 774.39075 1021.6538 1024.0 5 0.058144104 362.71353 392.88107 443.75076 517.302 7 0.99627835 62.48172 352.32852 455.40488 881.5504 7 0.43919477 217.22256 364.18652 451.2267 541.99994 7 0.24222828 172.50548 509.1526 457.84875 891.98474 7 0.0773432 119.73192 368.99634 376.89636 772.16626 7 0.072816215 411.51486 836.4814 480.24167 1024.0 7 0.057086125 196.39163 777.27655 400.33218 891.1994 ,test/4357.jpg
0 0.45621195 69.162415 196.6128 691.23956 682.1099 0 0.10027231 82.27319 201.18822 691.4927 439.48834 0 0.09590226 58.420746 4.053894 1009.9922 878.4273 1 0.8824181 74.215546 183.52478 696.2361 873.15784 1 0.22053896 507.4165 61.68741 1014.0327 744.54944 1 0.21644038 30.794647 9.691711 1022.2855 784.55536 1 0.15032274 81.22391 512.62524 982.7605 856.58997 1 0.06003271 80.08124 201.47787 691.6073 445.76242 3 0.41146645 300.24576 1.2860107 636.926 179.34506 3 0.07028573 71.02594 14.242462 686.23 727.95215 ,test/4358.jpg
2 0.99983835 347.05115 309.43933 583.10004 591.0529 ,test/4359.jpg
0 0.9018233 514.05634 9.099007 650.60785 165.47589 5 0.9972963 137.1002 676.4713 504.4195 934.959 ,test/4360.jpg
5 0.9975501 439.54242 421.77316 581.03485 589.5608 ,test/4361.jpg
0 0.41642064 696.90784 463.33295 933.46765 597.0267 0 0.40844283 522.4694 464.2887 673.31 575.0593 0 0.38795868 188.17143 386.08817 498.7315 571.3236 0 0.34853813 48.71173 395.30615 925.91425 1016.0078 0 0.29872322 480.48816 468.37415 930.89417 654.3612 0 0.16674644 794.1227 806.07465 978.6815 1024.0 0 0.0849706 287.7282 0.0 572.4622 166.20746 0 0.080953985 189.26083 390.23627 932.0525 653.1149 0 0.065413624 24.090485 715.2982 889.8915 1024.0 0 0.050807096 324.61133 11.402222 943.6903 440.64044 1 0.30287102 523.3756 463.84552 672.2029 575.62836 1 0.24746749 73.91446 387.936 923.7145 1011.2136 1 0.2451775 502.72406 466.33548 931.8847 657.6195 1 0.1652033 697.3435 464.21027 933.9541 596.55853 1 0.054175824 189.26083 390.23627 932.0525 653.1149 2 0.05038418 523.08984 464.0171 672.6432 575.7971 3 0.37328684 188.50409 386.43466 499.6767 571.4813 3 0.09326845 503.04156 466.96716 929.7105 661.6233 3 0.08819086 40.79718 391.44336 928.0167 1022.84143 3 0.05521567 24.090485 715.2982 889.8915 1024.0 3 0.05508144 694.51166 464.2473 933.7443 596.2051 5 0.14006132 27.101593 714.1072 872.9208 1024.0 5 0.08660133 30.802612 393.574 930.3729 1019.71936 5 0.05628847 187.87636 386.50885 499.4588 570.7964 7 0.20300034 135.86154 385.0508 919.0105 982.37915 7 0.08908287 502.0801 467.75995 929.82556 658.6169 7 0.07654654 456.5216 9.469818 934.7191 439.69016 7 0.07362331 189.26083 390.23627 932.0525 653.1149 7 0.060337935 794.1505 808.7168 979.0742 1024.0 7 0.059002426 189.42532 386.3452 661.69836 571.03143 7 0.054660905 522.4694 464.2887 673.31 575.0593 ,test/4362.jpg
0 0.993378 207.6214 309.68466 847.70404 856.6133 ,test/4363.jpg
0 0.7008273 235.28966 628.7516 260.9629 746.7158 0 0.64098155 395.2379 346.99225 479.7221 570.0261 0 0.1408916 360.51398 358.86475 520.2217 557.0456 0 0.11629607 650.652 551.7613 691.2146 576.3461 0 0.104125015 280.24164 342.03284 488.95068 570.374 0 0.096889034 234.90256 627.168 243.78302 746.5468 0 0.066222385 275.99182 322.24902 664.8928 567.3832 1 0.9921576 127.47635 544.4641 792.666 829.4144 1 0.9668091 220.71338 330.56 781.32214 819.4583 1 0.9511214 263.07855 320.66528 746.07 568.9958 1 0.118259415 271.17828 333.15897 512.1578 568.1642 ,test/4364.jpg
7 0.9991191 365.29413 242.3907 846.1602 734.54816 7 0.18109824 272.9756 378.00412 508.80164 598.87067 7 0.051904038 270.6374 380.6003 485.47668 499.254 ,test/4365.jpg
0 0.81512594 181.33788 736.74445 235.30711 796.6336 0 0.80674654 275.23257 0.4800396 314.46762 45.87874 0 0.6532191 60.521713 393.7109 266.7907 550.97046 0 0.17947662 566.34955 366.962 620.576 419.64224 0 0.1629437 510.38702 262.59406 618.84576 416.95715 0 0.12885006 487.65424 218.14221 546.68866 271.2687 0 0.11670993 213.69662 663.6135 290.31192 757.66565 0 0.103479534 148.00352 42.595036 195.67476 68.702896 0 0.0635494 889.0205 274.81177 1007.7649 355.55115 0 0.06167834 374.82547 0.0 421.78116 45.738354 0 0.05205873 526.5462 272.39087 583.72455 429.088 0 0.050949134 275.11832 277.4333 506.2382 479.27527 1 0.9858214 534.54346 99.1483 781.99084 418.63818 1 0.9584174 34.352768 355.01862 357.60913 959.60565 1 0.9543033 269.38242 219.6213 489.07468 428.53732 1 0.9324565 729.23627 234.14864 791.3392 349.20813 1 0.9296615 209.31938 663.4327 328.28033 756.87286 1 0.85271055 889.55493 276.05017 992.41284 350.27563 1 0.7981365 301.43237 578.3262 512.7995 845.39343 1 0.789233 488.21677 219.54346 546.60834 272.27634 1 0.7798583 64.64131 0.7269249 178.46852 62.07783 1 0.6713734 611.30945 232.89795 787.9104 406.8836 1 0.6385016 30.981735 345.00018 315.4477 705.29376 1 0.5952088 488.0569 257.5013 620.71594 422.48203 1 0.56603885 179.48253 736.67334 236.20811 800.02246 1 0.5267991 88.58664 493.39267 341.27277 749.7446 1 0.52432215 547.2814 99.27071 739.3148 284.754 1 0.51595587 345.65836 645.1936 375.21738 725.6201 1 0.47215408 171.22385 0.0 317.50583 53.362663 1 0.42717636 539.3666 187.30237 729.25525 380.08154 1 0.36926088 44.733513 346.96368 262.3535 564.8061 1 0.33460656 271.7105 216.72069 419.00085 305.41757 1 0.33437666 370.46085 689.7524 401.86642 735.07 1 0.28114247 93.524475 575.00134 363.928 922.90125 1 0.231374 496.4768 184.83475 769.829 727.8878 1 0.21660705 263.6714 223.41556 530.63873 763.20166 1 0.21375412 248.147 670.76556 323.78384 741.566 1 0.18267286 306.50888 0.0 364.97763 34.06004 1 0.14561112 275.36237 0.5494137 315.93073 45.478943 1 0.13827161 282.5996 272.78995 509.93512 508.13876 1 0.13463865 486.73218 231.66408 732.7092 543.9783 1 0.1310484 419.11072 0.0 567.6294 24.551804 1 0.124484725 66.650986 355.6883 509.61755 776.4255 1 0.12153385 660.3072 224.69556 793.98553 353.73242 1 0.11777083 346.12613 645.9016 403.8882 723.9109 1 0.11488184 223.86026 572.00073 356.19278 763.3081 1 0.10894999 647.82385 131.87311 791.8451 396.07233 1 0.10294232 482.929 0.0 564.8856 16.696651 1 0.09611951 303.73145 569.0665 375.27417 699.1869 1 0.0907406 368.8016 0.0 593.0643 37.185402 1 0.08663764 257.70166 579.8583 338.30865 660.9159 1 0.06835596 144.42755 35.872204 205.3587 66.83723 1 0.06804007 254.8388 685.1073 275.89093 744.6616 1 0.066143826 368.8066 648.2898 401.8146 714.9794 1 0.06499822 526.5462 272.39087 583.72455 429.088 1 0.06467707 384.37534 222.86058 466.38925 298.5971 1 0.057954617 759.0891 233.00034 790.0348 302.22665 1 0.057782218 620.0608 80.89547 719.6876 177.75702 1 0.05752963 119.676834 579.58276 367.83752 732.45044 1 0.053814795 566.34955 366.962 620.576 419.64224 2 0.053592086 219.60002 664.7782 327.2309 752.1814 3 0.07587342 147.50046 41.15771 197.03165 68.23074 5 0.0842251 570.38367 392.12903 662.81726 461.98474 5 0.07923147 890.6922 275.72717 997.3686 354.11945 5 0.06927452 572.02216 379.62228 619.62885 419.03873 5 0.06753789 611.5539 357.56592 727.9522 495.89844 5 0.05213206 983.3759 344.66086 1024.0 480.63583 5 0.05035649 549.9118 385.8094 717.9649 696.08563 6 0.9353202 274.7295 427.81577 539.3025 694.5884 6 0.20924398 263.6714 223.41556 530.63873 763.20166 6 0.17255284 356.5589 581.5874 521.3378 713.1482 6 0.073137045 272.3208 423.95816 518.4749 518.8009 7 0.999907 708.57776 315.13672 995.468 718.8126 7 0.9996809 934.5433 99.15083 1023.59344 360.20795 7 0.841698 375.82492 0.0 421.4725 45.58557 7 0.72998667 496.09924 374.6807 734.7556 726.2532 7 0.18715523 889.80994 274.67047 997.96155 356.38403 7 0.13382733 946.2742 99.29479 1023.3452 146.60788 7 0.07029914 503.00208 261.27423 619.04736 418.42352 7 0.069374874 274.94537 0.7855091 313.79132 45.900085 ,test/4366.jpg
0 0.9352598 954.8406 715.0234 1022.3734 830.096 0 0.9004487 817.64606 786.0095 951.8591 863.3264 0 0.71985584 930.5924 643.41595 1021.81384 678.3537 0 0.29719156 932.6248 285.50107 1019.46967 558.21936 0 0.17907192 832.4762 734.253 1024.0 848.5878 0 0.17517425 722.9524 702.4188 1011.6555 881.9247 0 0.13825658 881.71533 269.26654 1014.7147 822.4362 0 0.12171442 459.7079 542.60736 499.90363 595.59735 0 0.097854435 555.2708 124.86719 961.88617 870.5482 1 0.5013562 554.34595 125.05951 968.83777 872.9813 1 0.09197758 41.066887 571.89856 211.02914 740.54285 1 0.07936239 46.01973 268.43866 336.24884 723.3155 1 0.052180324 104.76761 139.12106 975.28186 879.13367 2 0.9599272 48.07025 267.35162 334.76077 732.9224 2 0.24413873 555.1062 121.45395 967.26294 871.0775 2 0.24222763 42.154922 572.44147 211.81534 740.5347 2 0.13597402 835.90967 699.82623 981.0635 797.2265 3 0.3103268 46.921417 271.81226 334.89624 733.5944 5 0.12566034 958.06976 275.02405 1020.2519 537.9554 7 0.69764525 554.51996 123.50549 966.696 873.6496 7 0.18773924 954.22437 714.21735 1022.6542 830.28925 ,test/4367.jpg
0 0.23279005 754.47943 650.71606 1024.0 1013.0978 0 0.07504748 772.1325 503.0136 891.9892 889.9825 0 0.06338696 709.65045 855.3824 832.7316 1023.6889 1 0.13207646 514.36414 301.8065 725.0083 514.8151 1 0.12429763 46.089844 5.072876 1024.0 531.88153 3 0.54666126 515.2208 299.4332 724.3169 517.8962 3 0.052002024 297.51477 747.9973 523.0537 856.1847 4 0.09474333 514.7863 297.66483 724.81195 516.81067 5 0.12462674 794.65137 645.3167 1019.2925 1019.3023 5 0.109343246 709.19147 852.9913 821.87994 1023.11456 5 0.07299899 801.7831 501.74216 887.83887 896.073 5 0.07026117 752.0123 509.26593 879.261 1022.75665 5 0.0626478 514.7863 297.66483 724.81195 516.81067 5 0.053468063 945.36053 654.4826 1024.0 1019.6131 6 0.4984363 765.6809 733.94824 834.58386 852.1095 6 0.22932488 945.2386 654.4116 1024.0 1018.71545 6 0.17945606 765.121 580.26245 836.0624 858.75415 6 0.14402744 782.4627 743.2624 831.80365 793.8566 6 0.076797806 812.41736 751.628 833.1808 840.64996 6 0.065991335 794.5505 502.84427 889.32367 887.4082 7 0.84036547 716.9437 862.6467 820.91003 1022.62 7 0.080099694 945.5658 652.4286 1024.0 1015.5383 7 0.06591041 793.7958 504.51385 887.6571 884.5788 7 0.052869704 752.0123 509.26593 879.261 1022.75665 ,test/4368.jpg
0 0.81940466 535.59247 712.5166 589.50836 765.6199 0 0.25094506 447.8157 208.27025 635.7347 341.9693 0 0.083423644 424.77777 263.40778 655.7902 348.2414 0 0.081856355 344.06918 302.22006 452.2897 536.6398 1 0.99945754 249.56091 266.9752 854.44507 788.2295 1 0.9646742 672.9009 363.9694 798.03845 414.72598 1 0.82221717 395.06146 296.36588 641.8322 520.2981 1 0.8040322 448.20978 204.14992 628.9748 341.5855 1 0.6768026 602.4309 260.54123 745.9263 416.85098 1 0.46483967 277.65576 289.0818 649.6901 435.72766 1 0.44482926 441.1065 208.30093 725.2242 412.48624 1 0.43828642 282.5896 249.87769 749.50024 537.1054 1 0.4032299 338.19147 292.76025 473.45673 524.1131 1 0.34738395 431.09436 304.09546 641.4297 433.18042 1 0.28865466 715.1897 297.42224 738.70715 327.7851 1 0.28225 411.08768 286.18872 535.6538 531.0782 1 0.1517944 602.7438 258.8879 668.3004 333.99142 1 0.15097229 276.29767 235.05582 665.7926 369.38968 1 0.10630532 424.77777 263.40778 655.7902 348.2414 1 0.10385586 608.31256 253.43361 739.508 330.45593 1 0.08930358 674.239 387.7494 729.1964 417.01367 1 0.08895617 470.11597 285.235 756.8103 396.31195 1 0.07085934 411.58832 408.83252 438.74207 553.68396 1 0.058948983 395.82504 307.5409 830.71826 605.5783 1 0.054762878 413.17896 287.16357 471.39484 536.3802 7 0.19415267 336.68515 298.29358 475.46408 514.26605 ,test/4369.jpg
3 0.99896 461.0743 280.9052 592.98645 720.307 ,test/4370.jpg
0 0.9143135 728.7046 599.96796 814.5029 695.3907 0 0.71400946 79.23769 516.96436 129.57974 539.57056 0 0.4846187 742.80786 234.6855 841.58496 288.11887 0 0.33793065 669.9242 396.9699 859.5138 447.45337 0 0.17568402 314.5332 140.10333 493.05664 210.64825 0 0.1656262 541.436 228.30446 591.394 336.32098 0 0.14280796 758.23987 311.29303 838.4789 367.97778 0 0.086260416 663.241 366.1774 688.8797 439.2753 0 0.08351097 325.45096 144.00632 468.50668 186.90588 0 0.079509564 334.12357 151.76817 420.8383 184.70003 0 0.07894802 663.22107 337.75458 699.33276 443.74585 0 0.06495549 600.2029 183.96841 690.65796 252.84549 0 0.0546522 545.8853 221.57385 660.1065 511.1848 0 0.054117564 611.07135 612.49664 818.363 692.92194 0 0.052964963 668.17645 426.79718 862.139 457.5915 0 0.05182222 815.9287 491.50098 839.63086 545.81384 0 0.050679855 705.54694 296.84628 728.9744 371.20438 1 0.96830004 311.56827 299.7918 519.8932 420.45367 1 0.9616488 505.7625 33.758446 592.97455 148.80292 1 0.96051306 674.4439 228.04208 892.7006 480.0195 1 0.90641147 595.9417 436.81134 855.27716 640.4588 1 0.82745403 314.588 132.74518 515.83264 369.5811 1 0.82051796 504.14618 31.284317 651.1774 349.56586 1 0.80795825 600.6139 183.3453 691.2905 252.77768 1 0.7399928 535.0177 511.7163 601.0646 690.63196 1 0.731164 311.917 294.32098 567.0186 536.03687 1 0.68130857 590.8878 226.34286 896.3364 648.4004 1 0.51657563 742.8907 234.34464 841.72955 288.5363 1 0.48764595 475.25827 322.7857 510.256 399.5785 1 0.44104752 501.18704 31.352997 689.2556 587.80225 1 0.38539952 662.21814 389.44238 856.87805 457.2412 1 0.30575365 79.16783 517.4308 129.62994 540.005 1 0.26980853 699.4155 248.97255 852.72253 421.2458 1 0.2435871 498.8258 330.83484 513.44165 405.65454 1 0.23688976 496.43066 266.40793 555.06836 558.65686 1 0.22406802 532.8442 220.58893 695.9421 515.5812 1 0.22155142 311.4293 382.6149 380.69382 422.00766 1 0.20556001 460.78647 403.15497 519.7026 435.99493 1 0.18458118 357.42294 299.5777 476.99197 340.57385 1 0.17231052 541.436 228.30446 591.394 336.32098 1 0.16458404 291.57736 131.31152 652.7058 609.803 1 0.14719416 310.74973 361.00296 339.40793 419.58188 1 0.13366324 715.6298 223.35236 842.11176 309.15314 1 0.13246004 308.08405 340.0025 383.2904 429.5108 1 0.109254755 464.3061 398.58417 558.2466 546.1041 1 0.104326665 559.3091 293.10928 888.6199 513.1555 1 0.10153692 449.8211 306.07025 519.5861 410.13165 1 0.09732227 492.88882 298.21664 520.3911 407.7684 1 0.09344206 670.62286 304.2641 703.7966 445.75775 1 0.08855575 625.3352 435.9474 868.7241 504.057 1 0.086608574 502.55402 347.02008 605.74054 698.77325 1 0.08441776 317.32584 140.6471 500.01834 250.14316 1 0.07536647 668.17645 426.79718 862.139 457.5915 1 0.07508958 330.89294 388.76508 502.60767 495.64227 1 0.07206085 538.21466 220.53593 686.10077 336.04016 1 0.06955623 655.03345 406.1897 886.0624 492.91156 1 0.06811023 757.8103 310.71008 841.7479 368.3452 1 0.065258674 456.65668 394.7535 524.9959 453.457 1 0.06270237 668.105 241.85501 732.43884 454.77615 1 0.05259343 315.2713 382.97235 499.7923 435.4933 1 0.050970133 501.90128 323.73117 523.89026 400.27054 2 0.07594854 541.436 228.30446 591.394 336.32098 2 0.053902313 79.16783 517.4308 129.62994 540.005 6 0.88754946 545.90356 217.48161 689.0183 514.60236 6 0.15826207 614.83496 300.56024 692.98364 443.13696 7 0.9998485 147.56409 329.7137 590.7194 1004.7278 7 0.086412854 541.436 228.30446 591.394 336.32098 7 0.056822047 600.2029 183.96841 690.65796 252.84549 ,test/4371.jpg
0 0.056303598 137.89423 333.88757 415.96808 484.25092 5 0.05795059 2.0235958 326.96075 50.080666 623.6646 6 0.9980247 102.3587 263.7209 491.51068 546.082 6 0.9807401 447.6526 474.7524 571.9638 596.8083 6 0.9733121 441.4179 191.95377 752.5617 497.50394 6 0.83594763 455.13766 213.9082 922.2219 800.15424 6 0.5958473 506.35443 579.7857 983.3188 792.35443 6 0.47728908 160.78107 255.61441 410.27905 430.10104 6 0.40640175 531.19073 483.7683 677.326 615.4199 6 0.3231191 531.0595 326.10248 848.03375 720.4515 6 0.3196668 762.09564 417.17795 836.43134 476.73172 6 0.31120524 138.85701 331.99908 403.66107 441.87628 6 0.29600334 522.83514 582.573 725.9323 729.5958 6 0.24110797 474.29666 316.28555 625.83167 520.66516 6 0.20162697 451.41595 295.48395 681.4216 603.2197 6 0.19294651 132.15376 422.68613 474.21307 542.42664 6 0.15073931 587.04816 426.29895 900.45233 783.84033 6 0.12456624 145.65776 399.56387 427.19 482.8785 6 0.07580108 1.8398247 328.74597 48.85568 622.5847 6 0.06409183 315.05917 270.2745 437.71213 428.99716 6 0.051504597 336.9831 274.0877 400.80237 399.61963 6 0.05125423 444.9867 493.65076 486.45593 598.96704 7 0.99340594 765.2109 125.30859 1024.0 859.5164 7 0.9066842 2.352724 331.86447 49.986748 622.11975 7 0.19409454 789.23444 532.71643 1018.95355 853.0664 7 0.19402619 495.07825 202.77097 1015.1969 830.2529 7 0.13542822 774.4473 294.8294 1022.5356 669.3556 7 0.0535871 510.35522 698.4795 989.9601 853.2344 ,test/4372.jpg
0 0.9634436 13.474136 664.09186 186.21283 970.80853 0 0.8999458 563.6443 0.0 910.506 132.02658 0 0.30435523 877.1504 187.28955 1024.0 367.6903 0 0.09795658 788.0998 678.7235 860.49786 758.1865 0 0.09549138 235.60736 806.77484 321.2751 857.9548 0 0.051770154 429.53793 732.91907 525.642 801.2783 0 0.05049705 564.7628 0.0 770.8098 226.56761 2 0.9999018 434.8203 391.6744 709.3911 679.5088 2 0.07461503 427.2913 395.74994 715.1749 441.72552 3 0.9717444 102.4962 94.00627 174.69896 157.25352 3 0.77984035 429.12744 732.80945 527.04083 801.6122 3 0.30752742 877.11096 187.09987 1024.0 367.70868 3 0.16624588 786.0975 678.05206 860.72284 757.89777 4 0.46850902 784.5854 678.9898 861.41583 757.9643 5 0.9927193 424.9402 334.8789 716.70886 416.1814 5 0.48514572 787.81934 679.04236 860.54626 757.89417 5 0.38724542 429.3848 732.5515 526.40857 801.50195 5 0.38521272 306.94513 195.39262 574.76385 418.33087 5 0.12226321 370.12085 191.3675 571.71533 333.28107 5 0.081449516 877.27783 188.17834 1024.0 367.5802 7 0.6348933 309.98868 195.747 577.35864 417.43945 7 0.6341501 877.15295 187.27298 1024.0 368.0731 7 0.5103509 574.688 58.45697 700.86584 228.3877 7 0.26147234 12.95723 673.6885 187.08337 965.40576 7 0.17812017 177.86438 823.0038 230.25699 910.0875 7 0.1159237 255.79889 397.33588 351.91296 492.97015 7 0.07660864 564.7628 0.0 770.8098 226.56761 7 0.059403684 302.88602 45.755905 737.61255 431.9505 ,test/4373.jpg
0 0.9195997 140.91399 418.9371 354.02332 441.4628 5 0.9992848 357.2796 354.7198 730.2266 509.27795 5 0.09648082 129.03557 418.04538 357.6513 448.7222 ,test/4374.jpg
0 0.21340428 842.8561 0.0 1022.92236 128.2084 0 0.20935182 302.48358 219.21266 417.85876 343.83398 1 0.9285792 577.0323 803.69543 935.13837 1024.0 1 0.90730226 914.8352 769.8882 1023.1415 1024.0 1 0.77240586 300.88226 218.55435 412.69556 340.45157 1 0.6655761 478.6808 869.5587 672.0764 1020.8346 1 0.5873908 865.6888 390.8278 1020.73444 803.3744 1 0.11695091 947.10864 767.96497 1024.0 933.001 1 0.09879817 1009.4591 883.00104 1022.9319 926.1966 5 0.06316112 601.3604 471.78625 674.75543 673.6299 7 0.9998536 321.33438 169.02917 932.73315 890.1587 7 0.9917292 154.22327 229.81262 411.98688 705.7416 7 0.1518352 302.2832 219.34142 417.52527 343.92685 7 0.05183269 503.4917 781.67566 941.4973 1024.0 ,test/4375.jpg
7 0.99591357 153.68668 546.80585 733.7197 755.216 7 0.95395154 357.82404 233.19525 605.8025 578.96686 7 0.2187473 158.125 585.13837 218.30371 636.97296 ,test/4376.jpg
0 0.9391505 409.18304 2.0299911 765.68414 157.81082 0 0.8794635 776.04266 0.0 1021.8741 191.18845 0 0.85414946 633.4 899.40955 862.8883 1022.2484 0 0.35511336 712.0422 851.48566 794.6004 903.28253 0 0.28032753 375.52322 340.0857 836.9636 584.6301 0 0.14245352 807.3559 70.17136 945.2299 196.67053 0 0.09015981 214.5181 340.76532 379.47397 399.31726 1 0.9996767 76.86189 268.2453 519.2958 532.3032 1 0.5598906 375.428 339.60522 837.0918 582.2135 1 0.24986586 635.62415 899.13794 862.8319 1022.19763 1 0.22037956 712.1776 851.4518 794.6449 903.03076 3 0.069790155 712.4353 851.6352 794.8651 901.5147 6 0.99649376 856.4728 485.19666 1017.91956 602.86523 6 0.055104394 784.5228 337.45474 1021.7257 598.6334 7 0.16571823 780.0259 0.0 1021.3634 193.29773 7 0.1634705 407.17566 1.8772888 762.82104 162.06851 7 0.12872852 375.9945 339.1473 837.3888 581.03015 7 0.05514638 631.432 899.6098 863.2704 1022.70233 ,test/4377.jpg
0 0.2636345 924.6977 463.472 1023.69977 570.04205 0 0.052016526 9.743561 710.32336 532.93604 1024.0 3 0.06349806 145.37976 177.53488 735.5052 812.21606 4 0.91873485 144.20306 175.9184 735.5424 816.92126 4 0.39401305 385.07623 161.35175 724.99725 335.52808 4 0.17016989 9.393738 703.64453 530.91486 1024.0 5 0.30184594 145.1965 179.25266 734.98193 814.8043 5 0.07420299 9.072327 708.4651 531.1962 1024.0 7 0.923037 281.8518 0.0 1017.5049 205.93668 7 0.85538584 924.3653 463.79544 1023.28107 570.06165 7 0.63290834 9.275085 707.90686 531.58246 1024.0 ,test/4378.jpg
0 0.66848904 412.94736 571.2345 498.6111 615.7136 0 0.10348913 708.353 957.5309 929.67114 1021.5864 0 0.07484723 180.38168 834.1725 335.64133 905.224 0 0.07330171 510.31183 308.54584 666.62335 487.34155 0 0.06305858 221.32895 401.1018 281.95 636.61096 1 0.9866607 231.49446 314.84467 647.64404 658.5061 1 0.9304197 180.3837 833.2276 338.23923 904.05756 1 0.7860997 222.93143 378.71155 281.8097 636.7266 1 0.4630067 510.62207 308.49515 662.40344 487.07846 1 0.37862426 413.90674 572.3149 497.0559 617.6171 1 0.07960145 247.0869 362.70255 351.14978 403.87082 1 0.060026277 218.96985 364.7209 269.53793 446.79944 6 0.86302835 1.2144165 547.3547 73.55334 781.27997 6 0.118924 61.910645 616.177 518.18207 847.8508 6 0.09801236 57.619892 639.73315 156.75893 701.67944 6 0.08568118 64.712776 649.3745 256.9447 841.2095 6 0.0600905 0.0 581.40625 151.92957 799.8922 6 0.057472944 66.60368 652.7875 173.66153 821.25745 7 0.102676354 180.76532 831.09064 340.0171 903.95013 ,test/4379.jpg
0 0.48950288 128.87743 245.58731 629.1877 871.37244 0 0.091089524 362.25613 262.84192 556.31647 511.7126 1 0.732582 128.84918 244.63998 629.739 871.07825 1 0.30322933 363.41458 257.83136 557.7565 511.09967 2 0.31835172 366.36725 254.50493 553.85205 510.72516 6 0.094547056 365.0323 268.16632 542.09424 509.859 ,test/4380.jpg
0 0.12263361 298.87543 271.32837 401.04584 423.84125 0 0.08270746 476.03406 172.56943 546.3388 191.06839 1 0.1115523 461.02618 167.97934 547.8458 180.05106 5 0.9905013 0.15824127 729.72595 167.96002 805.22217 5 0.4759255 299.8542 399.92993 372.05212 463.71423 5 0.10169529 302.99384 404.8313 339.40692 468.56403 7 0.9998141 239.02063 397.084 740.17163 859.00366 7 0.99257237 361.4347 162.34167 718.6915 519.1478 7 0.1346559 297.88196 397.33832 375.21594 476.57843 7 0.105389036 463.99133 168.88762 548.817 191.70055 7 0.05174287 461.02618 167.97934 547.8458 180.05106 ,test/4381.jpg
5 0.99767274 311.6089 425.30737 592.14655 842.53784 ,test/4382.jpg
7 0.99978596 267.57245 285.927 660.46136 654.38275 ,test/4383.jpg
1 0.076356895 971.5315 87.22064 1024.0 135.07812 5 0.117766276 384.5047 222.74806 531.86926 425.57642 7 0.99961495 114.40387 126.59177 744.6294 819.1531 7 0.99924964 688.4884 332.1997 1016.5853 828.7704 7 0.9991641 319.97235 0.0 998.33905 417.11462 7 0.9967244 1.8186035 0.0 297.08148 617.1078 7 0.9702545 954.87256 118.11464 1023.2157 347.72168 7 0.38992885 1.0662155 0.0 211.24893 157.47357 7 0.23753206 895.61005 347.8632 1004.6298 462.52628 7 0.22593585 2.3975677 723.09607 119.58314 911.47766 7 0.18603054 959.44666 410.8723 1022.9645 699.2538 7 0.17988235 978.7658 349.4186 1021.13983 403.05423 7 0.17400913 384.5047 222.74806 531.86926 425.57642 7 0.08780098 314.1784 110.244064 696.2202 428.54584 7 0.07876877 126.78698 178.73015 328.29654 606.6946 7 0.064022034 858.5039 337.87646 1013.45166 817.26746 7 0.06236837 0.84763336 137.50362 87.019135 193.47899 7 0.059019227 945.6826 121.51512 978.66284 309.95166 7 0.058280095 944.7423 0.0 1023.0742 138.52058 ,test/4384.jpg
0 0.75459146 100.304596 431.57074 691.4137 867.7651 1 0.24741869 98.34915 432.3545 693.00757 865.77747 2 0.1380995 97.09375 432.32983 692.9534 864.84375 5 0.058787484 97.32913 433.3309 692.6918 865.1803 7 0.15915745 98.160645 433.46478 690.4279 868.0782 ,test/4385.jpg
5 0.41498452 7.02565 0.0 300.25665 223.56252 5 0.11369066 6.465622 46.28708 359.742 735.3882 5 0.09723368 75.13957 52.014328 354.81384 484.10828 6 0.99926466 284.8954 270.4696 699.4084 793.05005 ,test/4386.jpg
1 0.94376916 243.72968 508.3045 939.014 978.2496 1 0.09992216 270.41467 520.2821 912.1161 747.71985 2 0.49762306 264.204 505.12088 906.8229 744.59375 2 0.3758205 190.129 462.01926 958.0044 975.17224 5 0.99219656 142.19241 145.92159 1001.2373 592.97046 5 0.27429616 213.04462 464.03973 912.55536 573.4417 ,test/4387.jpg
0 0.24579997 176.81992 121.938385 817.28015 827.6124 0 0.16224572 475.2203 0.45904922 645.08704 58.15062 0 0.07680913 479.70822 0.0 652.72363 141.51315 1 0.7705619 177.39114 114.43948 814.6898 826.7881 1 0.30375507 479.13605 0.0 653.02277 142.1265 1 0.085488744 475.82343 0.0 645.1884 58.23403 1 0.053650588 516.1677 10.961845 609.81335 131.93918 5 0.5685552 474.65652 0.0 645.76044 58.571033 5 0.06814658 479.39102 0.0 652.32825 141.47566 6 0.16417642 180.57715 110.93909 812.8935 827.1268 ,test/4388.jpg
0 0.90065044 230.1625 149.8587 897.58386 948.7933 5 0.075587325 228.63528 154.24591 899.7023 951.79083 7 0.05608779 232.8544 151.24655 897.5967 955.2838 9 0.071781024 227.90878 150.88885 896.68005 934.32025 ,test/4389.jpg
5 0.16302425 284.74762 301.46927 470.58514 389.5446 5 0.053744588 280.79694 302.36276 453.49768 323.06857 7 0.99927574 98.48886 303.53943 738.4624 784.6919 7 0.0597272 89.23096 313.02136 646.99744 591.50085 ,test/4390.jpg
0 0.67530644 759.14465 279.76135 896.02563 329.06458 0 0.4120707 583.9531 572.63995 667.4397 616.0549 0 0.15307757 348.2462 613.03235 433.83975 703.959 0 0.13049482 579.6082 576.8393 664.02594 598.81757 0 0.12868378 915.36847 567.8545 1023.8317 757.9934 1 0.9908715 535.2421 533.732 893.3381 779.9847 1 0.9874899 519.94214 323.1014 778.67554 601.1389 1 0.8446442 259.3875 491.8016 686.2347 811.80444 1 0.8049052 348.16333 612.4661 433.82526 704.5378 1 0.3925568 387.5604 393.81598 902.95776 798.30414 1 0.3374435 583.50116 574.41406 669.0524 615.1022 1 0.26152375 473.29803 673.4365 657.32855 791.7997 1 0.21415485 758.59534 279.84558 895.10974 328.87482 1 0.16558877 293.17596 506.07776 585.43 719.18665 1 0.136544 356.25046 510.55505 813.53345 703.31775 1 0.13639736 342.36285 377.16705 749.602 600.1899 1 0.111663535 579.6082 576.8393 664.02594 598.81757 1 0.10932102 614.64087 279.04486 1023.7197 624.8574 1 0.06632055 356.4126 600.75366 665.20245 803.82385 1 0.06345035 433.79968 377.13696 618.9158 690.44324 1 0.060353246 394.24026 463.89603 792.9071 639.1977 1 0.055669937 673.803 274.23157 1020.2001 437.88843 1 0.054357436 358.37442 599.98175 580.4169 726.3377 1 0.05246186 274.04022 392.19098 572.8838 556.6047 5 0.24040325 758.03705 279.9697 895.4443 328.9122 5 0.1798134 915.7543 565.385 1023.6487 783.71814 6 0.23025045 671.74335 275.71436 1016.9443 453.82355 7 0.99946576 119.143776 333.9942 321.67667 514.0666 7 0.99770653 277.2824 386.97223 506.64734 530.3979 7 0.057830423 759.1422 279.7802 896.2073 329.1131 ,test/4391.jpg
4 0.9995246 342.3078 451.28143 725.48676 745.5749 4 0.21093763 293.33484 401.39792 450.9525 513.1537 5 0.41066194 293.31262 401.3487 450.77106 512.7189 ,test/4392.jpg
0 0.77538407 234.77573 233.82635 864.9769 731.2524 1 0.07543626 351.77814 679.09143 1021.78033 1015.084 1 0.07541248 230.35623 227.95801 865.1776 738.62415 1 0.072493516 15.984528 563.2879 1024.0 1023.66815 6 0.6044417 236.23907 226.72256 855.3687 734.0585 6 0.11167211 540.9678 665.9274 666.8268 741.9401 7 0.14523926 240.9078 228.30525 774.5366 733.3396 ,test/4393.jpg
0 0.88029784 399.3253 387.6806 650.9183 659.28925 1 0.26662588 401.0094 387.63184 649.5802 657.57886 ,test/4394.jpg
2 0.9366463 158.98224 219.10506 388.80408 395.41846 2 0.6155044 420.72845 296.75317 558.8578 447.3706 2 0.067595884 426.6809 321.4726 566.72296 384.98975 3 0.99877864 345.3672 764.84125 563.3951 914.4981 3 0.99779665 682.9685 304.65808 945.57043 430.89856 4 0.06243056 561.8629 77.4635 671.1095 435.87646 5 0.9985733 167.68921 366.44397 420.77844 671.58887 5 0.9948206 417.0265 141.41518 598.84576 443.71002 5 0.9647074 560.12646 76.63672 672.3688 435.5113 5 0.27546415 159.43002 219.59448 400.8066 399.58795 5 0.19132414 347.18835 209.68988 399.26398 419.6739 5 0.16591527 416.86697 288.49768 566.6266 446.06335 5 0.10625519 304.322 124.27321 686.2351 426.4897 5 0.07427819 224.74141 634.58234 375.3603 672.04767 5 0.073016584 219.9365 600.78925 399.30435 673.65314 ,test/4395.jpg
0 0.40563625 436.00497 437.60474 533.3677 614.6393 0 0.38249883 730.9271 917.93884 818.14355 1024.0 0 0.31435975 442.81238 428.0062 535.55743 767.7234 0 0.15530409 384.96204 410.22266 585.9096 766.734 0 0.10337624 310.47937 392.97357 531.29016 745.77606 0 0.10149788 392.23523 523.87695 453.66858 600.6522 0 0.08636355 454.49585 245.79938 689.54346 772.249 1 0.22741003 864.3556 784.6356 879.802 836.5405 1 0.20059174 730.9968 917.7628 818.20703 1024.0 1 0.19354875 485.4861 445.3731 605.65607 767.55023 1 0.14620495 436.10992 438.70514 535.47766 618.40533 1 0.11000458 441.56424 427.39484 540.92566 769.1076 1 0.10484082 855.11816 777.0699 878.30994 838.007 1 0.09041885 384.96204 410.22266 585.9096 766.734 1 0.07438309 454.49585 245.79938 689.54346 772.249 2 0.24611762 437.36844 438.1156 534.4734 620.24207 2 0.05161263 731.1217 918.4766 817.7311 1024.0 5 0.5782799 848.1979 664.98425 883.8152 802.218 5 0.25331965 558.0113 947.92194 735.0839 1021.8365 7 0.99852484 138.23444 172.7398 837.34863 1024.0 7 0.64106256 730.807 915.31757 818.2715 1024.0 7 0.48466313 733.6319 382.06192 867.66 993.9487 7 0.16299926 109.09381 754.54834 456.07977 1020.11084 7 0.108394384 358.79745 196.4898 722.6334 758.6714 7 0.097385205 133.57397 362.58032 470.72064 809.7328 7 0.06264414 410.38663 389.5329 785.24854 1016.36676 ,test/4396.jpg
0 0.89024645 557.521 482.95123 1019.4658 814.8193 0 0.8460834 331.54074 423.73236 727.29834 751.8609 0 0.67643124 244.1264 319.25772 546.6263 613.22363 0 0.67244065 607.6561 406.7352 656.47375 447.57474 0 0.49204573 37.974167 241.91656 388.07245 511.21362 0 0.45554718 622.6388 441.9899 681.58484 462.77078 0 0.12551636 421.36267 322.84537 512.31287 364.65103 0 0.12365623 790.8622 511.55676 981.3264 607.3711 0 0.09472407 600.7508 412.73965 725.46674 523.0715 0 0.06257183 610.06537 406.11896 678.92096 461.31836 0 0.061319925 544.85406 427.6644 616.44244 449.7468 0 0.059009843 419.47186 318.29492 555.39056 422.9663 0 0.050237387 122.01839 245.89966 382.7434 410.87158 5 0.12784147 421.36267 322.84537 512.31287 364.65103 6 0.054832157 793.6576 511.42538 1007.8624 615.38354 7 0.6628559 242.73102 316.96753 548.63983 615.3971 7 0.58239883 38.420853 241.3861 387.06915 512.9018 7 0.4009131 804.0029 506.58267 890.79114 559.12604 7 0.36408436 622.6388 441.9899 681.58484 462.77078 7 0.22851503 331.29175 423.65546 726.166 750.82965 7 0.22809412 433.86237 322.58936 518.91284 365.1922 7 0.20249242 556.5466 480.36777 1019.8942 814.69604 7 0.09358182 776.5064 508.68716 982.8466 606.38116 7 0.08112906 805.30597 506.60504 881.00507 530.1634 7 0.05067705 375.00418 707.25165 498.9861 757.3327 ,test/4397.jpg
0 0.9870744 119.99518 0.0 448.58173 411.61865 0 0.08271278 559.19086 623.6752 602.6878 683.4265 0 0.079063006 17.501732 509.41034 213.52087 714.82367 3 0.99982554 466.73178 324.2931 853.99475 784.5089 6 0.19666068 559.19086 623.6752 602.6878 683.4265 7 0.99472225 646.57404 824.8696 757.05023 1022.45105 ,test/4398.jpg
0 0.10129746 90.90546 194.91537 877.9225 983.8241 0 0.08014882 490.2246 230.20926 912.845 811.0143 1 0.96613574 81.79233 198.44122 921.75903 976.79034 1 0.90417683 449.10794 192.62251 607.44507 251.93321 1 0.41341633 486.102 230.56543 908.6424 831.59705 1 0.20598866 78.7038 204.08603 546.47955 750.296 6 0.064119734 840.2114 60.92196 1024.0 296.44064 7 0.9743251 929.5068 512.8199 1023.3969 766.18756 ,test/4399.jpg
0 0.108951025 153.9773 232.58487 722.2869 884.7352 1 0.9776719 156.18521 239.43494 724.2594 880.0515 ,test/4400.jpg
0 0.35877347 252.40536 236.25684 713.8884 802.9701 0 0.09343338 309.60068 721.9473 644.06213 810.1922 0 0.08851976 303.6101 661.65576 671.2464 802.4055 5 0.18163227 254.40224 237.42963 714.4097 800.3199 9 0.7956186 257.97992 243.78152 715.4485 792.6034 9 0.36137894 303.6101 661.65576 671.2464 802.4055 9 0.12548661 292.67654 493.48102 714.8428 777.5662 ,test/4401.jpg
0 0.1623565 207.4813 196.45236 947.28503 821.3491 7 0.9728064 203.23209 194.00073 947.64465 825.99646 ,test/4402.jpg
0 0.17673846 466.42636 456.38834 521.52185 490.05484 0 0.15876347 438.89606 455.33374 525.32355 501.94263 0 0.12624294 444.43582 485.22046 525.6399 501.40186 0 0.101509914 446.74252 479.46826 527.65076 494.7129 0 0.06362266 385.9476 471.27252 527.2551 506.1222 1 0.9938921 164.29416 241.77185 865.0438 503.35107 1 0.99165595 59.91034 449.77655 1010.19525 971.0817 1 0.9455447 739.71216 317.78934 847.22363 470.92764 1 0.91673625 47.70877 421.79535 971.94995 661.1324 1 0.82660913 38.530945 417.8493 268.55728 673.738 1 0.789904 148.57954 389.19427 267.63684 659.279 1 0.5737259 152.54395 400.08676 277.75604 529.5209 1 0.5582126 164.8294 263.2953 310.4106 508.43542 1 0.5552444 158.82932 185.50185 469.887 484.43616 1 0.43971938 156.73236 235.27704 962.9135 694.3688 1 0.22124508 210.56992 409.48004 270.56284 530.7054 1 0.2171955 239.69592 383.91046 962.677 565.616 1 0.12915033 11.105835 411.69614 246.27014 960.6737 1 0.10867117 366.52222 305.71198 846.3136 493.53973 1 0.08594886 878.7881 437.36038 992.06714 562.9553 1 0.08268649 286.0847 192.75096 541.5937 505.25262 1 0.06133533 107.22119 438.85318 213.99298 671.2572 1 0.06101126 281.8623 472.6324 313.3952 518.6783 1 0.060155556 118.95484 469.35406 186.73538 536.8454 1 0.051450554 253.00275 463.52023 312.9499 519.7512 7 0.18293078 442.26404 483.45923 526.5615 501.37604 7 0.13405396 446.74252 479.46826 527.65076 494.7129 ,test/4403.jpg
0 0.87711346 489.09537 311.1548 922.5796 850.07874 0 0.17932841 141.66498 184.08429 931.91534 836.6732 1 0.72725874 92.217636 208.86665 583.44714 645.6878 1 0.71209216 89.6499 195.55511 937.9844 839.1756 1 0.18788782 487.66367 304.44717 921.8601 850.0736 7 0.16857381 488.10596 310.1952 923.08484 848.66614 ,test/4404.jpg
0 0.9979868 581.65125 204.69048 747.6284 518.1472 0 0.07394848 584.6474 433.57626 674.58405 520.02997 5 0.99891543 284.12515 737.67944 617.8231 934.43835 5 0.08286371 525.95245 464.9065 566.1232 505.2771 ,test/4405.jpg
0 0.86215186 327.78607 12.390064 444.03705 89.94319 0 0.64557856 278.56464 0.0 505.4521 108.54972 0 0.31091025 334.2155 22.05789 442.78833 47.662994 0 0.13546903 332.5602 17.186043 448.66995 36.07958 0 0.0700149 329.3394 4.551029 456.2653 39.543083 0 0.055319227 664.76904 1.6161194 1021.81104 524.8176 0 0.05466465 325.99136 5.303177 481.54068 62.401993 1 0.9952319 1.9937134 3.3156433 1011.1757 518.9181 1 0.31134242 490.74274 12.483978 994.12274 526.1885 1 0.12008511 6.696106 2.9782867 569.5937 441.30988 1 0.11959567 828.1027 2.361618 1017.34174 385.78168 1 0.10444135 275.58255 0.0 507.11636 108.81279 1 0.082375586 732.4756 8.95874 1011.1127 508.7093 3 0.050116155 271.7793 478.23395 831.36816 789.2557 5 0.9650007 53.778076 443.07788 843.64777 802.4674 5 0.7862562 731.50903 684.4432 887.6542 797.08575 7 0.6372093 50.39145 443.64355 847.8568 800.4276 7 0.6203802 275.78363 0.0 506.4815 108.62378 ,test/4406.jpg
0 0.998016 358.74677 378.04126 689.13885 719.98914 ,test/4407.jpg
0 0.24038756 12.867306 772.86206 77.867615 812.8893 0 0.23215522 0.3720665 449.5966 110.951706 495.02963 0 0.122482 378.1908 242.16629 765.9586 674.61194 1 0.3117517 378.1908 242.16629 765.9586 674.61194 7 0.8051113 377.81693 241.60847 763.9684 683.1023 7 0.22479957 0.18500519 449.7324 110.80673 494.82816 ,test/4408.jpg
0 0.15826875 284.37912 732.65283 332.40927 776.0199 0 0.060217913 192.45 685.4458 307.0149 755.136 0 0.055556554 287.50998 696.7761 333.98135 774.5991 1 0.9127214 602.7882 312.9118 666.53613 369.57367 1 0.13447402 596.2071 311.22614 626.81537 363.20447 1 0.064347655 631.29987 314.1888 670.37555 345.76242 3 0.10146434 512.9971 483.6276 658.62683 886.4822 5 0.99583554 65.44095 519.5995 298.87384 755.4944 5 0.9076596 48.2396 551.9845 144.38025 679.9497 5 0.8221636 522.8999 504.44537 615.1029 639.1838 5 0.57739365 294.68967 665.79016 316.01956 693.3545 5 0.4138233 287.50998 696.7761 333.98135 774.5991 5 0.30950707 256.80615 530.8477 304.37238 651.0887 5 0.26768917 44.37448 514.9497 215.10898 676.83923 5 0.24878123 295.2108 608.1569 318.6647 669.15436 5 0.17737667 294.45285 558.247 319.5408 679.3936 5 0.15964861 295.54352 700.09863 338.0509 748.9949 5 0.15205096 213.17117 525.75037 302.26205 666.5427 5 0.15120706 507.9957 340.51172 617.8089 642.51324 5 0.12083446 193.90952 624.6749 298.96234 744.3644 5 0.0859286 290.07993 615.23346 316.36514 698.7027 5 0.08567996 512.9971 483.6276 658.62683 886.4822 5 0.07808136 220.92542 657.7829 279.0553 753.26215 5 0.07802821 300.25687 563.7329 319.08725 620.67126 5 0.07760534 271.6217 616.1345 297.4981 675.8395 5 0.07620181 292.79007 602.8539 310.6434 658.4098 5 0.07093445 86.10786 615.03235 275.53745 751.8618 5 0.07030983 195.06998 681.88257 305.64798 754.4331 5 0.06536392 292.29404 596.18414 340.12015 676.3693 5 0.058112364 165.60828 657.5228 284.5979 760.1511 5 0.056858193 593.3664 312.7994 625.8271 346.46817 7 0.9995584 296.53888 518.59247 502.69214 790.7961 7 0.9995448 549.84656 229.10245 920.87036 847.3048 7 0.9002565 506.95523 367.7729 659.7468 883.6446 7 0.6369667 509.4709 349.35013 608.4588 612.60535 7 0.3173248 513.9543 354.06876 551.2005 400.53384 7 0.24498415 296.3663 522.18494 381.69778 678.0122 7 0.21274897 316.67734 518.64954 372.94492 575.4275 ,test/4409.jpg
0 0.4409461 707.6594 646.3094 966.5055 789.0384 0 0.16353548 689.66797 876.3766 800.04004 985.8374 0 0.06952259 910.4828 850.1994 1024.0 1002.3133 1 0.44853425 695.51624 743.4235 991.59265 1024.0 1 0.4339614 705.54297 646.26276 964.85425 789.2515 1 0.12810643 0.3131714 607.4957 293.96915 1014.48303 1 0.116839424 722.5612 361.4649 1016.8394 654.3016 1 0.0968879 995.9775 852.22437 1022.962 910.8583 1 0.08535171 701.63434 229.60971 1020.9604 811.66797 1 0.07527626 905.2979 847.54926 1023.38934 919.20416 2 0.060232557 995.59393 852.58496 1022.9129 910.0427 3 0.29046962 230.88988 263.97495 711.845 656.406 3 0.119808316 223.65764 110.376434 733.6734 1015.7621 3 0.05282043 0.0 607.07 286.70154 1013.685 3 0.051535405 170.87715 673.2623 288.6195 917.0691 4 0.2823143 273.65622 537.83453 725.92114 1011.727 4 0.12260388 287.34338 3.1243286 720.63574 358.2356 4 0.10252916 202.08469 3.7945251 725.25977 729.05286 5 0.91706717 220.81476 0.0 731.2497 1024.0 5 0.60151637 273.60657 536.90704 724.8394 1013.87213 5 0.36881572 0.0 627.3203 289.8393 993.62866 5 0.12503728 996.13446 852.3039 1022.6558 909.9493 5 0.11234821 907.04065 847.73425 960.3911 874.54895 5 0.054214444 707.1279 645.14026 966.594 788.7838 6 0.7207614 703.00574 743.6589 985.7283 1024.0 6 0.6756701 682.43787 880.9741 801.65356 988.104 6 0.13958187 699.1376 784.6572 802.12 989.901 6 0.05194789 705.69415 241.46773 1017.3121 370.9422 7 0.9575805 909.81274 848.86743 1024.0 1003.2722 7 0.73830354 708.1498 646.16364 965.9956 788.6612 7 0.20960738 908.124 847.1356 1024.0 925.5565 7 0.05929024 687.05176 877.4352 801.1902 985.01904 ,test/4410.jpg
0 0.48929226 913.77875 750.215 962.59625 801.9643 0 0.19622807 908.8617 706.8719 961.4431 812.1539 0 0.07385978 448.69156 752.7905 490.97427 828.38367 0 0.068008974 217.17297 408.79462 512.3718 796.54535 1 0.9973078 597.6963 282.53967 936.25696 560.44305 1 0.9960717 121.30669 402.71768 511.30072 1019.32764 1 0.9901689 464.71042 481.86404 927.32654 992.5635 1 0.9776307 845.88806 125.18642 1024.0 407.7964 1 0.9738766 374.13388 837.07764 497.01572 1021.85156 1 0.926012 900.3821 365.27786 1020.11523 786.9907 1 0.800084 924.30383 380.1355 1022.25183 643.69806 1 0.5572679 823.6155 779.3551 1024.0 1022.1727 1 0.5022255 822.83405 340.29074 1022.2862 1017.2987 1 0.49287444 834.1652 74.22015 1020.87555 825.8939 1 0.44243383 906.6748 650.78674 993.37085 804.4053 1 0.39429384 960.86035 387.5857 1023.7423 596.81934 1 0.3836014 892.0674 552.37854 1020.3911 760.76843 1 0.37933072 1009.28644 578.0802 1022.9755 672.24927 1 0.37855697 925.8601 380.61868 1018.9978 448.0233 1 0.36713955 972.8854 782.67163 1024.0 958.1511 1 0.36478472 458.1511 696.94904 488.18826 764.48676 1 0.34217623 451.433 762.1307 888.6793 998.7697 1 0.3047879 164.73369 793.7125 488.29968 1024.0 1 0.27307323 908.8851 721.3217 998.7624 800.55634 1 0.16414835 861.07196 548.62555 1020.3337 946.38116 1 0.14917049 1007.89954 792.93756 1023.95215 895.95526 1 0.11993922 882.5194 698.2084 1024.0 991.8157 1 0.11003188 953.57263 651.024 1023.8832 798.0291 1 0.10912804 933.82416 353.8962 1019.0253 406.6138 1 0.10877037 973.8868 355.24673 1019.9421 399.78995 1 0.103061415 217.17297 408.79462 512.3718 796.54535 1 0.1020694 458.17163 442.635 925.6708 584.47815 1 0.10133238 448.71814 752.72974 491.5531 826.319 1 0.09859103 752.5229 483.90665 1024.0 759.17163 1 0.07883446 722.85583 160.88934 893.16455 292.38412 1 0.07792941 1009.3902 393.07193 1023.4672 601.8607 1 0.070460975 991.78754 499.29044 1014.56903 567.6842 1 0.06243571 271.3143 307.491 961.5647 670.25696 1 0.05800357 633.80084 136.97263 1024.0 438.4136 1 0.056868434 943.16016 695.2708 994.73096 799.288 1 0.055785976 908.8617 706.8719 961.4431 812.1539 1 0.05394846 483.24097 882.0523 726.1748 994.6038 1 0.052165523 308.5504 417.14786 498.91687 1021.2998 9 0.06593628 469.18298 979.2754 847.556 1020.77344 ,test/4411.jpg
2 0.95286274 306.1978 360.49432 671.29694 708.68695 5 0.09129719 307.16058 359.75784 669.8934 708.22144 6 0.25053596 307.3792 358.78033 673.74567 706.10065 ,test/4412.jpg
0 0.99227554 159.05167 299.50055 255.85898 373.72284 0 0.10623817 286.9843 323.62323 696.59515 684.8738 1 0.9876936 287.1663 323.66992 695.50256 685.1662 ,test/4413.jpg
0 0.4770757 265.84357 161.54489 788.6457 681.28955 1 0.4835426 266.3307 157.47482 797.74304 680.4282 2 0.06348853 262.22522 156.16779 805.3103 683.8585 7 0.3404379 266.33264 158.47302 789.91125 682.7075 ,test/4414.jpg
0 0.9672269 318.36404 66.494995 759.15955 1024.0 0 0.12148348 674.98834 67.59656 733.15594 137.88066 1 0.27530235 314.56815 72.89041 767.0624 1024.0 ,test/4415.jpg
0 0.6371039 188.75629 154.79639 782.2306 846.6879 0 0.067135304 502.13828 609.62976 1016.23254 1024.0 1 0.46790895 189.75302 154.59024 781.17993 848.60815 5 0.08842003 502.6443 607.8684 1024.0 1024.0 ,test/4416.jpg
4 0.9981402 382.29962 548.30255 816.1652 737.98566 7 0.99734515 570.4616 737.409 794.2365 1023.38275 ,test/4417.jpg
0 0.5973098 721.35614 343.45215 813.76935 379.4563 0 0.37668124 821.3334 757.3878 1021.63025 857.04956 0 0.2646405 151.8696 947.77313 386.13095 1024.0 0 0.22738677 735.80945 305.51974 792.255 344.07095 0 0.21468659 822.72723 522.3222 935.325 623.77203 0 0.19619383 722.3409 295.61935 802.9914 382.0118 0 0.16067046 762.07385 492.97006 849.84766 603.7061 0 0.100871675 847.897 522.83655 862.99744 615.6499 0 0.095202856 880.9874 332.38416 1023.44336 636.08923 0 0.093341455 785.43146 416.54596 936.5915 514.7174 0 0.0875701 700.2305 384.53894 932.159 517.579 0 0.0827663 818.9039 603.036 1023.0854 861.2439 0 0.08197639 576.51886 318.47314 953.3968 606.3565 0 0.0716772 813.1516 518.7158 867.17126 625.933 0 0.06637155 781.351 335.53613 1024.0 865.2866 0 0.054320563 651.7161 307.6945 738.28314 377.1802 1 0.97900414 310.25616 607.7022 652.4007 705.40533 1 0.9730945 738.2935 594.54816 848.90936 710.37445 1 0.9717838 339.32565 349.22394 890.5172 660.3983 1 0.93504757 328.73407 117.51178 1010.7138 685.79926 1 0.61062217 640.66364 295.22797 943.1434 523.73846 1 0.48355463 653.2094 295.59076 973.356 418.77893 1 0.45471025 419.68976 132.44272 1014.8167 388.23288 1 0.45230556 763.9723 491.95758 849.70984 601.2121 1 0.45129895 555.4193 316.47345 974.27344 653.0115 1 0.43157408 713.95447 333.03378 940.8197 407.34268 1 0.28483313 651.82245 307.68365 737.89215 377.67102 1 0.2730503 724.0243 343.8242 810.49414 379.63382 1 0.26142 892.69165 335.10294 1024.0 636.145 1 0.23916079 806.3159 522.87915 935.9855 617.3086 1 0.2359628 916.4038 327.20798 974.04395 438.54556 1 0.20037094 733.1873 352.81186 942.7684 620.8192 1 0.19550784 725.7735 658.35504 830.6889 709.3942 1 0.17308268 735.59326 496.31946 856.754 712.16516 1 0.15195876 811.89453 518.9138 867.9845 625.2573 1 0.1485673 312.92462 479.9528 790.82733 683.66614 1 0.11851323 789.82324 306.11548 928.6632 342.18915 1 0.117926195 719.03735 280.22708 935.8756 345.5032 1 0.110629275 651.0844 249.63608 749.0667 369.29837 1 0.096706636 762.4918 370.3304 816.202 399.64096 1 0.09635063 749.9183 312.63275 954.3161 387.70886 1 0.09571815 749.805 367.19376 898.07587 410.74014 1 0.09104836 766.72217 344.35513 929.36487 394.196 1 0.07646807 729.5304 335.7855 1024.0 859.19836 1 0.0753529 807.3114 594.73785 845.2471 631.91925 1 0.07368036 722.3409 295.61935 802.9914 382.0118 1 0.06769412 766.92755 336.20844 930.0806 373.24585 1 0.052516676 559.82416 378.5323 936.08307 509.96075 1 0.050356556 828.7035 616.6389 849.54785 659.36975 2 0.10926619 725.4265 344.1169 808.0464 378.33316 5 0.12347415 151.81703 947.54224 384.9438 1024.0 5 0.055688974 339.63324 1001.97473 380.70416 1024.0 6 0.988331 822.6378 527.2724 1020.1073 861.5219 6 0.81149966 910.9151 336.09027 1023.8691 637.65314 6 0.08457075 825.15826 522.51587 935.9805 628.97253 6 0.06414742 843.2427 506.89154 1017.16003 659.06256 6 0.05436335 771.105 305.49792 1024.0 866.4236 7 0.99705756 2.6530457 13.09317 426.4546 721.23755 7 0.10155339 880.9874 332.38416 1023.44336 636.08923 7 0.076061755 0.0 1.2247047 404.89185 126.31981 7 0.05269925 722.9364 343.588 812.3589 379.90002 7 0.05228531 764.8398 488.50543 848.9576 601.4528 9 0.4720103 152.81094 948.1467 387.2078 1024.0 ,test/4418.jpg
0 0.3159218 476.9671 235.55176 800.3244 313.4588 0 0.24627076 560.74255 291.71985 739.39624 801.7217 0 0.16496313 593.54034 191.50696 688.4648 416.42334 0 0.111177124 286.8918 272.32855 750.3618 721.0933 0 0.111052856 514.1888 503.41037 664.5771 1017.81555 0 0.10435556 982.54895 0.0 1023.4066 269.07526 0 0.094001316 563.5506 221.70958 739.00775 327.7845 0 0.09090984 468.64163 260.70694 602.2079 308.0447 0 0.08821976 291.03558 421.23428 699.8257 1014.2914 0 0.08369915 535.5721 656.3548 624.5599 804.6733 0 0.073181055 267.19574 264.3595 518.4297 568.1234 0 0.07135863 307.4695 224.09824 778.91077 322.07083 0 0.066423185 596.6451 275.71808 681.72284 459.1339 0 0.06618275 319.30853 265.2242 507.23865 382.47708 0 0.059572555 445.7709 279.5857 609.76416 436.58844 0 0.05484404 454.95032 821.39233 1010.00964 999.527 0 0.053754643 547.7665 450.48682 689.49207 798.33374 0 0.053464416 983.265 0.0 1002.9275 244.23138 0 0.052381463 408.87454 830.1804 673.8463 1018.91235 0 0.050453227 309.62845 259.8032 503.45334 327.0035 1 0.8109482 983.7166 0.0 1023.30035 268.22653 1 0.58853215 329.00238 255.48618 750.25885 774.2396 1 0.3357945 556.01654 285.82202 740.3918 802.171 1 0.28876802 467.15436 271.57806 610.66986 443.0912 1 0.18074864 535.8904 657.91296 624.8263 799.84424 1 0.112811595 309.62845 259.8032 503.45334 327.0035 1 0.0966625 983.265 0.0 1002.9275 244.23138 1 0.08278842 370.19934 0.0 710.4951 255.76938 1 0.080598 304.3039 196.99133 716.1478 314.44888 1 0.08014619 463.72504 191.60915 707.47516 447.58215 1 0.07977552 388.3863 193.73328 672.0783 266.22586 1 0.07268716 474.73105 408.97186 715.44446 783.6318 1 0.06749829 474.53314 265.09186 603.4179 306.75317 1 0.056209218 596.6451 275.71808 681.72284 459.1339 3 0.15155964 308.834 258.39102 502.34897 330.6011 3 0.12360873 441.90625 284.51834 499.86603 328.86618 4 0.07579434 308.834 258.39102 502.34897 330.6011 5 0.48226777 374.1604 0.0 710.0978 255.4011 5 0.42719266 610.4133 835.48285 669.2953 1017.09784 5 0.15323395 547.7665 450.48682 689.49207 798.33374 5 0.15194197 309.62845 259.8032 503.45334 327.0035 5 0.058992494 593.08936 278.08856 629.7301 404.75018 5 0.053982057 306.33585 264.29626 766.47 749.07104 7 0.61891705 306.38757 265.77866 756.6311 746.7717 7 0.13988578 553.391 418.8172 722.26514 787.9554 8 0.78255343 308.2094 260.7613 509.56195 323.43262 9 0.07055809 982.54895 0.0 1023.4066 269.07526 ,test/4419.jpg
1 0.49649796 279.27597 0.0 465.04697 218.47131 1 0.060003344 300.9331 4.4240494 653.22565 222.09259 2 0.9986468 300.31036 128.8883 748.42706 857.5744 2 0.9970041 350.99933 14.788902 651.36975 223.93277 2 0.92260206 301.7803 137.52596 755.724 461.20605 2 0.12935068 364.12286 147.99815 694.7221 227.4467 2 0.055793595 276.05542 0.0 466.33795 218.6323 ,test/4420.jpg
0 0.08508469 154.09671 139.52106 933.8833 847.1151 1 0.98576665 154.58682 146.67413 934.9668 845.28546 ,test/4421.jpg
0 0.14360759 838.657 386.9637 897.90173 549.0099 0 0.09521422 456.09976 46.933037 724.39233 280.57428 0 0.06990909 842.8466 392.81793 897.7735 451.43054 0 0.06894155 675.1505 184.69547 706.5226 271.81677 1 0.9873073 143.78651 589.67224 424.41394 915.5254 1 0.9261152 179.07272 454.27338 328.50815 608.3577 1 0.8611708 843.1977 392.7843 898.19135 451.2422 1 0.78390455 276.8163 510.59872 424.7172 600.91003 1 0.76149076 312.24457 367.97858 451.73126 557.52277 1 0.44254968 315.03485 447.82986 429.4746 562.05414 1 0.3720114 220.509 590.7537 428.18564 721.65875 1 0.15655324 301.78564 511.39328 423.3246 559.208 1 0.11946596 264.81497 317.1062 436.76712 580.49817 1 0.11018322 593.54663 839.6362 697.17944 952.95386 1 0.10722305 839.6071 388.63593 897.57477 519.6671 1 0.077216186 198.07751 531.02795 429.8001 819.79443 1 0.066720605 198.30458 683.92236 223.87044 722.07056 1 0.05681137 316.97058 445.01132 376.8391 480.0187 2 0.08097757 593.54663 839.6362 697.17944 952.95386 5 0.96430844 257.93506 315.47583 354.3413 460.28113 5 0.59020567 459.78305 511.3247 504.89786 570.7977 5 0.3489315 580.0157 732.69464 788.3476 947.1391 5 0.11115829 643.551 743.2077 671.97656 774.2707 5 0.07928909 650.44214 843.26746 728.6754 890.1494 5 0.059004456 645.947 781.80005 758.40674 887.4541 6 0.45794284 443.38425 234.41031 657.4907 303.6003 7 0.9998215 817.1568 496.8366 956.90704 797.0727 7 0.9984604 420.32996 337.33722 627.1127 908.8127 7 0.99805295 494.30078 733.41974 801.14294 963.582 7 0.9913107 603.3726 357.09927 858.1844 879.86255 7 0.96868896 455.89404 47.521286 724.1481 280.54462 7 0.96360105 426.71814 230.24725 772.76355 445.23547 7 0.795343 441.43027 345.08215 629.9274 480.37152 7 0.5565263 621.51733 362.6911 874.0044 604.80286 7 0.2115326 835.0565 387.354 897.8816 549.5433 7 0.16872908 604.867 275.5017 793.35016 464.61713 7 0.145627 455.5763 340.01062 509.52423 409.4355 7 0.117712945 583.79333 814.67126 762.0056 955.58154 7 0.10436621 497.43842 298.65573 788.90436 967.00476 7 0.09808683 649.4969 43.221344 715.42487 270.02338 7 0.084746264 738.88745 519.9271 840.27344 780.9403 7 0.06996416 593.54663 839.6362 697.17944 952.95386 7 0.06663698 733.9602 257.3791 793.3617 377.7954 7 0.06188291 656.06226 493.6794 837.8727 853.15466 7 0.060164083 762.7416 846.4402 803.69714 868.6765 ,test/4422.jpg
0 0.9645591 593.4442 552.0359 926.9596 829.6334 0 0.084988244 595.5792 525.9741 749.2191 708.8717 5 0.99994266 184.92192 332.21344 621.59845 765.0639 5 0.106798425 573.5034 522.9164 932.14355 828.1085 5 0.071361236 531.3715 319.20508 618.96075 763.7052 ,test/4423.jpg
7 0.97995937 150.74858 446.05743 496.6413 927.1619 7 0.70444924 804.884 622.4499 899.92706 730.73627 ,test/4424.jpg
0 0.63454825 267.87396 361.87662 328.50232 416.4409 3 0.99847263 319.50323 371.862 655.2854 615.89154 ,test/4425.jpg
0 0.06725126 148.64716 321.44296 888.34564 727.6255 1 0.1205791 141.89902 321.07654 892.1428 728.4789 7 0.9819964 146.4401 321.333 892.5216 727.1488 ,test/4426.jpg
5 0.99975973 299.8062 305.19254 709.49756 625.426 ,test/4427.jpg
0 0.99985576 356.0476 103.019684 700.9418 896.20825 0 0.16190957 0.0 233.52779 26.019585 360.09476 1 0.14541812 0.0 233.47906 25.476633 359.6388 ,test/4428.jpg
0 0.23011282 602.00183 310.26947 667.59753 342.9594 1 0.07704216 602.00183 310.26947 667.59753 342.9594 5 0.9657858 255.17278 538.2553 365.63974 660.97833 5 0.96486294 395.78015 573.0856 559.0614 835.5231 5 0.9533578 336.71906 645.31006 407.04315 735.7262 5 0.9356034 351.2542 330.153 465.89185 576.84076 5 0.92923164 172.06631 356.62405 315.8959 576.062 5 0.77625424 216.40273 391.0163 367.53387 668.0289 5 0.7111003 500.56396 550.7597 602.3801 800.92487 5 0.6443675 493.66397 354.01462 627.1575 562.1593 5 0.40030316 253.47296 555.0554 328.43744 623.82605 5 0.23570621 175.88033 422.9547 276.9899 571.8651 5 0.23045196 342.78012 570.48395 496.7341 739.10516 5 0.2179516 230.86276 448.57166 318.84848 556.9221 5 0.19693974 403.20605 322.55997 626.54834 573.0674 5 0.1636104 369.8519 549.8508 678.5499 837.2012 5 0.15092437 408.0333 536.15094 465.158 634.4587 5 0.14599235 369.01926 542.62366 458.65652 650.589 5 0.13729893 447.13538 412.1658 495.95148 524.8316 5 0.120164044 436.51385 337.54962 500.12482 542.07715 5 0.10774945 353.82544 433.82526 450.91113 542.44836 5 0.097384006 395.5338 577.12445 478.26514 842.51886 5 0.0930877 407.73804 379.00827 462.95605 537.2252 5 0.092965916 306.2854 439.89005 359.51996 517.86707 5 0.08972314 263.63773 424.5458 366.41306 602.14294 5 0.08652591 450.5653 321.24463 574.49036 366.07343 5 0.07774131 367.91507 620.759 420.0513 727.81866 5 0.07752332 402.68365 572.51776 430.41156 634.42804 5 0.07385961 372.1466 336.57788 636.323 740.1714 5 0.07325183 310.0429 541.7461 345.48126 614.02234 5 0.067948684 528.2157 349.412 633.7549 474.00958 5 0.066279225 483.66473 628.45435 641.4908 771.8313 5 0.062208265 387.7935 609.66266 445.3928 835.6121 5 0.056934617 221.05608 489.40936 294.7271 579.8166 5 0.056385968 344.4668 543.07104 421.55054 661.21875 5 0.052877866 275.86716 445.1366 358.73074 540.06854 5 0.05242335 284.9839 537.40625 353.95367 630.3712 5 0.05207356 469.86926 643.1153 528.63184 798.7453 5 0.050285973 267.90347 497.50974 349.45786 616.2144 7 0.9851481 364.31934 261.94556 843.7977 840.8114 7 0.9580371 799.23267 310.2616 1023.4225 753.37646 7 0.6591205 357.90372 545.5236 418.5767 657.9174 7 0.24734624 388.55133 556.1056 666.92145 837.1013 7 0.1396488 454.21692 314.70288 512.5013 367.3576 7 0.12309683 176.3341 359.9333 363.02435 660.67084 7 0.11762631 351.17114 331.24744 495.38226 586.9852 7 0.115779884 372.1466 336.57788 636.323 740.1714 7 0.11050874 360.95755 538.68604 466.1492 656.92737 7 0.11025933 442.75946 340.28513 502.77588 544.0094 7 0.10895877 509.20938 277.6954 1017.57495 757.86975 7 0.108319506 423.70493 328.78552 625.2441 599.1617 7 0.05390503 461.33896 355.56158 715.6925 774.36896 7 0.05040496 592.6187 262.7566 832.1246 742.3244 ,test/4429.jpg
0 0.6139956 438.0212 399.59717 512.1248 490.32227 0 0.36717212 662.14557 185.0077 691.5595 351.9303 0 0.27026978 636.0074 320.15402 671.69476 609.5492 0 0.23005432 671.59424 195.43936 686.53516 330.7366 0 0.17904176 523.5011 107.868774 656.5475 139.28004 0 0.1598007 483.25354 300.39716 520.4985 449.4933 0 0.14874345 535.7109 110.355995 618.71954 130.30287 0 0.14874007 474.1036 635.9682 534.3192 762.00714 0 0.12463375 465.08142 267.11896 528.5314 439.60046 0 0.12449873 490.96875 313.08524 517.3998 415.90518 0 0.11209455 460.84326 323.23956 518.87305 522.43536 0 0.10135449 513.0361 366.41147 534.8769 423.39188 0 0.09370541 481.2339 356.7255 531.227 444.6417 0 0.09180762 555.4647 83.40817 584.7998 130.44522 0 0.083180346 647.4584 138.12177 693.0475 358.88632 0 0.08227736 589.8998 571.187 623.01306 627.94446 0 0.08220426 578.4469 81.920296 592.2085 117.40711 0 0.072330534 463.68344 300.00757 511.68112 367.84186 0 0.06898923 504.10107 363.90436 528.3008 434.15735 0 0.06369909 543.6227 107.81539 633.97095 123.0723 0 0.06284378 469.0865 308.47958 519.382 395.79428 0 0.060671028 655.92285 149.42934 674.4099 226.08757 0 0.060588937 533.39087 87.93129 601.0819 137.2514 1 0.9918085 655.1323 356.5838 889.7179 604.7813 1 0.98464197 630.7853 347.06946 1003.22974 922.59607 1 0.95223075 267.54898 559.3699 627.4839 1006.59424 1 0.9095952 159.3728 833.7179 185.98288 881.6371 1 0.7891097 589.98395 569.5759 623.62213 627.9861 1 0.7276135 726.7078 311.21503 906.45355 359.4948 1 0.6805276 721.0283 801.81305 1001.2505 858.4616 1 0.52079326 618.6858 756.74615 1017.5867 962.49884 1 0.519425 886.54816 952.9856 1024.0 1024.0 1 0.4276866 990.66144 592.50903 1023.1512 647.07715 1 0.39304283 462.3644 300.58362 505.45383 368.22375 1 0.33521372 247.51913 590.12177 975.8458 1014.8851 1 0.3068517 594.5306 622.7777 1007.5307 1021.70557 1 0.27960703 463.59058 317.8147 485.6319 367.17877 1 0.21543759 463.10568 361.56662 489.97598 392.79837 1 0.18866986 465.08142 267.11896 528.5314 439.60046 1 0.18670219 678.9614 309.5128 965.3037 561.23566 1 0.18130288 989.9407 633.73883 1023.5049 682.28046 1 0.17010276 599.6948 832.87573 1007.89954 1002.8634 1 0.16597381 595.4819 570.4829 625.4987 734.1078 1 0.15444307 616.78314 499.9684 871.07196 974.7639 1 0.15199798 1008.64685 679.475 1023.9916 787.3063 1 0.12961112 972.82477 576.90717 1020.83 856.0136 1 0.12940744 720.6747 816.23425 1011.901 885.51086 1 0.12123331 955.12756 401.2664 997.49915 650.8564 1 0.11963961 250.8107 837.55225 987.4697 1021.1029 1 0.113715656 883.3783 330.4917 1020.4347 653.1112 1 0.11333906 460.9339 276.21988 520.6273 375.68228 1 0.11193964 617.8668 915.8094 988.0952 971.76434 1 0.10877309 807.0953 947.1383 1000.4998 1022.4647 1 0.10477946 988.2866 621.76764 1024.0 793.4305 1 0.097742766 973.3724 350.34656 1020.0881 653.5643 1 0.09166783 868.75305 359.9641 1012.902 881.22974 1 0.09117486 796.92413 348.08408 993.1058 626.0266 1 0.09034354 985.8049 549.10065 1022.32355 660.2708 1 0.08914874 484.74625 307.58038 519.0026 454.5266 1 0.08869246 513.0361 366.41147 534.8769 423.39188 1 0.08303702 580.46484 937.939 900.7362 1022.52545 1 0.08282588 695.5034 318.39966 948.51135 385.79413 1 0.07644545 1001.0566 643.4821 1024.0 732.2619 1 0.07323372 956.3374 421.6739 995.49634 536.5452 1 0.065926 994.42535 624.6866 1022.84845 646.9937 1 0.0628244 633.14264 411.2702 885.04047 711.94244 1 0.057651952 460.7717 314.4512 495.74637 413.81705 1 0.05664206 595.9143 563.41943 645.5298 952.3341 1 0.056588307 778.8409 875.49646 1019.1049 1022.235 1 0.050804675 758.5626 450.37222 1011.8058 859.02795 1 0.050590634 469.0865 308.47958 519.382 395.79428 1 0.050446525 467.71924 373.2835 493.08197 415.64722 1 0.050252475 1004.453 681.15076 1023.98 740.4386 2 0.06339449 514.26196 362.1359 534.56177 411.7242 2 0.056299977 465.08142 267.11896 528.5314 439.60046 2 0.05082781 483.26425 288.49368 521.90356 468.1025 6 0.9844824 516.39197 100.107254 676.64355 342.92914 6 0.89242476 509.28625 356.58038 650.2798 543.7185 6 0.40748638 520.9481 261.0968 662.9352 412.76617 6 0.26816067 515.2011 101.86409 667.8234 227.07631 6 0.22895972 516.32263 232.70587 690.5825 355.37134 6 0.16720119 647.4584 138.12177 693.0475 358.88632 6 0.16681147 518.8699 107.76679 656.8522 144.65962 6 0.14837267 516.3256 334.6749 657.222 435.65842 6 0.06534663 793.772 293.6701 902.2788 313.23193 6 0.053643785 513.0291 364.8714 534.19293 424.10034 7 0.9997315 4.587372 241.8733 307.57422 635.3301 7 0.99961543 240.12602 185.46367 526.3448 613.59674 7 0.8889215 976.4151 336.85724 1022.8327 641.64856 7 0.14214268 439.86 385.53442 516.262 503.3153 7 0.10227541 307.06342 188.39484 531.2949 440.27863 7 0.10049402 460.96063 260.86307 525.7308 405.95615 7 0.08729171 386.13742 356.2256 525.0476 610.93774 ,test/4430.jpg
6 0.11475794 137.35812 506.778 267.1131 740.6728 7 0.99994075 376.24738 195.90579 1018.5965 777.0963 7 0.9992716 0.0 82.20892 496.82764 785.8715 7 0.12546134 116.61813 597.1136 354.48392 809.6578 7 0.0705344 0.0 257.42148 316.6091 812.07385 ,test/4431.jpg
0 0.9942906 217.10655 390.0379 608.16943 775.1795 0 0.14362064 225.08543 530.6796 522.1577 771.30304 0 0.08633104 562.93317 744.14984 756.91144 814.0346 ,test/4432.jpg
2 0.06413646 196.66333 148.37823 839.7091 842.60516 3 0.9790964 196.60117 147.21722 836.51355 843.85236 5 0.21075073 782.11475 91.301636 1024.0 879.66034 5 0.1397819 191.39407 129.40134 846.65686 850.58716 9 0.124779835 473.29306 67.43553 700.1306 196.26161 ,test/4433.jpg
0 0.9792819 29.62835 0.0 199.44409 152.35577 0 0.91131324 327.08298 73.10457 447.01675 195.39821 0 0.7779536 774.6489 294.47092 1024.0 1017.2517 0 0.34711468 536.6382 387.23328 830.69666 800.9934 0 0.13127802 657.21246 174.07971 991.88214 821.8987 0 0.107860245 685.21216 209.23044 1013.2544 572.3335 0 0.071829446 757.7045 225.74545 803.87665 307.4575 0 0.0577091 776.4769 208.15796 953.86816 776.81006 0 0.057289876 673.22 427.39127 735.84216 464.2197 0 0.05190343 546.46857 396.61914 589.4389 456.53864 1 0.33085918 536.23755 389.20734 824.13574 800.3006 1 0.29184398 775.39984 252.69278 1024.0 1024.0 1 0.28528693 682.4536 302.71405 933.23376 569.7818 1 0.21101958 326.23523 73.78073 447.93872 195.32837 1 0.1561259 567.3235 164.43427 967.66797 744.60876 1 0.144463 546.5633 390.05954 719.1541 465.88187 1 0.1270036 414.04004 140.40697 953.0051 549.4914 1 0.10208568 757.7045 225.74545 803.87665 307.4575 1 0.10002932 400.19186 112.84007 787.6304 455.35352 1 0.08805983 673.22 427.39127 735.84216 464.2197 1 0.08739173 674.54156 168.01695 1013.1104 575.9656 2 0.96949524 397.49762 107.71622 777.53253 446.95242 2 0.9379247 447.1323 93.77521 673.3869 288.46976 2 0.818006 546.1045 390.76385 728.4772 464.42084 2 0.57270956 563.27985 135.93054 789.7382 467.01764 2 0.49875593 682.20135 304.3219 931.8681 568.6548 2 0.26476648 510.5952 239.41394 954.68567 787.3573 2 0.18706937 558.1213 382.89618 704.6579 421.38837 2 0.13815151 460.07196 174.68008 659.3504 295.61346 2 0.116132915 522.8169 378.0163 824.7422 808.2553 2 0.09953467 444.0821 96.13353 574.4171 232.1794 2 0.08481378 671.88165 200.83904 801.29706 465.14178 2 0.0790804 414.45755 202.0802 630.16724 420.27527 2 0.07206926 414.04004 140.40697 953.0051 549.4914 2 0.05995402 443.3539 220.151 614.41364 298.43597 2 0.0523228 500.85205 257.2595 801.81226 454.70987 3 0.050150227 536.0749 386.6692 831.79694 800.6018 5 0.11935716 536.0749 386.6692 831.79694 800.6018 7 0.98490494 782.3816 205.87729 1014.7377 394.78488 7 0.29669616 758.6461 237.99492 966.0206 576.9833 7 0.07335194 775.1378 274.02313 1024.0 1024.0 7 0.06912295 757.7045 225.74545 803.87665 307.4575 7 0.061596885 641.2729 165.65182 1017.3582 575.58997 7 0.05676986 675.0593 140.64719 1017.70374 390.12723 7 0.0510091 795.8915 278.1615 946.53564 393.15265 ,test/4434.jpg
0 0.28318626 335.81116 307.90164 764.4813 597.88525 0 0.1561053 499.60403 591.01416 828.38 841.1144 0 0.052496813 345.8822 330.56036 597.7307 523.0867 0 0.051321346 7.592964 335.1682 125.251884 395.60516 1 0.9958586 67.85071 106.293686 758.1495 590.1431 1 0.76264536 334.64484 307.86688 767.892 604.7043 1 0.5710058 498.90607 590.4629 827.61725 840.9866 2 0.742548 501.0608 590.9702 828.9894 840.5907 3 0.06391762 52.8694 336.21014 124.32959 395.95862 7 0.060088083 500.98474 592.04504 828.6094 841.2417 ,test/4435.jpg
0 0.91726536 861.3705 313.724 902.63306 347.8885 0 0.22624004 624.53 674.842 691.60693 703.3338 0 0.10157399 211.33673 619.73474 731.89716 694.93884 0 0.09084691 327.89462 325.7458 382.3008 377.48322 0 0.08557617 500.42194 559.5093 587.77814 575.32324 0 0.06614294 348.50098 610.3837 642.52216 685.36176 0 0.057583295 365.05032 617.3651 465.2687 672.59973 1 0.89404875 196.43977 288.26428 507.3714 586.98755 1 0.5788815 409.97974 488.4708 994.6802 598.4222 1 0.27504066 286.22583 464.7819 1011.0254 700.60266 1 0.19439328 484.31647 463.2259 1010.9328 561.91644 1 0.13297908 445.8537 520.8999 924.91644 579.74036 1 0.123210885 351.95767 531.5876 1010.3699 655.8095 1 0.10688576 577.9077 516.73004 705.03174 575.5672 1 0.067220874 436.8104 527.859 703.04785 589.9994 1 0.065750726 194.4856 290.11176 1009.54834 689.57056 1 0.06246831 615.5664 507.75235 994.0414 567.9911 1 0.053666975 436.14294 554.573 903.1655 607.7008 2 0.13085227 196.30585 288.10077 507.80902 587.4303 3 0.5778924 196.40099 287.34576 507.53534 587.5225 3 0.12071395 624.53 674.842 691.60693 703.3338 5 0.6312778 403.61414 312.73578 467.90778 381.45782 5 0.25835174 309.87338 281.46677 413.02835 404.80496 5 0.23904833 329.7098 326.79913 380.58786 369.91986 5 0.17051898 305.33566 322.78168 383.34872 394.1958 5 0.113034576 624.53 674.842 691.60693 703.3338 5 0.10929939 306.54602 278.80118 347.88068 419.73282 5 0.09105683 211.33673 619.73474 731.89716 694.93884 5 0.06451463 322.2028 284.33868 383.05075 376.35492 5 0.062026665 348.50098 610.3837 642.52216 685.36176 5 0.059427477 196.30779 288.42596 507.79803 587.4111 5 0.055776034 226.2907 649.0642 515.90173 692.8428 5 0.050707694 433.70135 569.2322 856.2327 623.9746 7 0.6023066 327.0994 465.44797 1017.20056 702.0808 7 0.35038978 649.8073 526.04736 1021.04974 701.56946 7 0.15565926 409.97974 488.4708 994.6802 598.4222 7 0.106695175 484.31647 463.2259 1010.9328 561.91644 7 0.084282376 333.736 326.10266 379.18814 369.4135 ,test/4436.jpg
0 0.45194924 163.10748 57.359467 679.69556 966.95435 0 0.23932894 532.926 697.7662 684.66187 1002.01215 0 0.20861857 523.7472 133.72192 681.05664 1013.22986 0 0.052155353 307.53815 3.453453 415.24017 170.13013 1 0.4482776 164.22993 54.44284 675.48444 963.5812 9 0.4061839 162.56116 57.625458 677.88745 961.2528 9 0.09032115 527.1224 123.78177 689.1868 994.48804 9 0.082864195 532.926 697.7662 684.66187 1002.01215 9 0.05184253 159.5864 182.77448 282.91824 863.38116 ,test/4437.jpg
0 0.1339966 343.16296 562.5179 386.74207 639.5887 0 0.05680025 362.99713 568.787 386.9782 638.2748 0 0.05218818 370.66037 433.69196 435.85928 494.25275 1 0.17999858 463.18604 274.9775 578.2462 436.08035 1 0.10460209 465.50842 256.05554 519.9437 332.99316 5 0.21980545 261.26138 704.8929 361.3303 841.3354 5 0.15951511 259.98862 709.1911 311.44553 840.6894 5 0.13424905 265.26312 708.97174 296.64404 740.2226 5 0.10705105 229.26932 662.5027 298.5941 742.4249 5 0.071025945 296.89175 678.9491 372.8826 738.96313 7 0.99969816 561.4764 221.75334 747.6363 494.03998 7 0.99964106 498.60025 450.41357 752.90234 739.45154 7 0.9991055 723.1859 202.10571 873.4707 456.20422 7 0.9964755 272.02228 379.90833 519.9394 709.0919 7 0.99596584 145.95865 622.52826 471.12875 919.1805 7 0.76781374 403.10248 278.38202 565.8547 546.35 7 0.7050925 343.15698 562.3117 386.40582 640.62665 7 0.38142475 291.30167 558.6825 387.3209 645.7329 7 0.1815742 478.42023 407.13724 560.73615 543.45557 7 0.14725715 362.99713 568.787 386.9782 638.2748 7 0.11848927 531.86774 372.14966 603.24884 462.5103 7 0.106174946 482.72858 306.59143 600.64996 545.30975 7 0.08325295 280.7283 397.98932 431.2285 649.8193 7 0.06509446 370.66037 433.69196 435.85928 494.25275 7 0.065028936 465.2954 272.85968 596.4524 460.9959 7 0.06410544 265.40768 709.6285 296.98514 740.1274 ,test/4438.jpg
0 0.275392 1.3766785 673.12146 264.42743 1024.0 1 0.9990816 330.43204 74.03197 936.9674 538.71344 1 0.916491 370.44788 111.150505 760.42114 316.63654 1 0.8963147 594.1152 142.31981 738.1014 241.78969 1 0.86311966 384.86542 56.71534 732.8527 246.29443 1 0.8087185 0.85779953 0.44693756 72.2502 66.69342 1 0.5268145 445.39117 141.50812 738.2885 241.95496 1 0.41247126 376.24255 136.48105 587.7694 250.53891 1 0.25118995 695.1764 186.0184 737.37573 229.40292 1 0.13773571 495.2362 153.08926 675.5725 178.4978 1 0.118968956 365.66193 144.95569 792.78485 459.99982 1 0.0981156 719.7293 108.75557 936.081 447.80206 1 0.09489232 493.02283 60.286392 725.2134 170.82666 1 0.090741195 395.922 217.16634 760.68994 315.5024 6 0.31006086 396.9318 223.39392 759.6897 314.81348 7 0.9998161 130.19312 500.5389 668.34235 928.8268 7 0.26459792 154.92957 520.4542 416.21576 641.7317 7 0.08503075 165.26076 575.79517 281.98724 718.7262 9 0.61381626 2.3702393 671.9658 260.4265 1024.0 ,test/4439.jpg
1 0.24462418 58.304077 22.615479 893.10034 821.0195 1 0.22655131 11.197556 6.3305054 456.7392 556.2857 1 0.18934005 5.327652 722.74243 319.201 1017.14087 1 0.13211153 278.57678 31.982224 882.0947 429.6084 1 0.059718885 654.51514 7.5519104 1019.3717 391.52267 3 0.1285943 250.14857 809.0132 331.41534 1022.37463 4 0.45464388 509.1206 311.997 901.9054 773.80536 4 0.082371764 111.26654 385.10303 574.25854 827.3607 5 0.94033265 109.10831 380.25604 573.3406 825.96796 5 0.67848355 509.66193 312.64282 900.3339 775.2372 8 0.14642902 250.14857 809.0132 331.41534 1022.37463 ,test/4440.jpg
5 0.9967445 382.8183 294.2184 690.2608 707.3457 ,test/4441.jpg
0 0.076888315 146.55008 375.35803 188.21634 457.62994 0 0.059998177 286.91638 172.06384 372.04895 196.3111 0 0.052560635 184.50798 929.10736 216.61583 992.60895 0 0.05254301 2.7683105 318.65134 73.03282 391.90475 1 0.0634433 286.91638 172.06384 372.04895 196.3111 1 0.057568528 146.13547 376.38412 188.24133 457.6691 3 0.16751304 285.7388 167.90106 373.92966 196.71304 3 0.0627268 927.98267 495.8272 965.7344 535.68634 3 0.05736949 269.34442 164.92738 295.37036 194.47502 3 0.051103365 146.49547 375.55066 188.37358 460.09088 5 0.98663574 331.70038 74.96871 509.49567 183.84521 5 0.37863913 266.9423 124.861885 331.217 189.96222 5 0.15480232 283.58624 167.07954 383.216 196.70604 5 0.14302969 469.63904 111.370285 515.2451 144.25067 5 0.118170686 146.13547 376.38412 188.24133 457.6691 5 0.098083645 279.23804 155.01964 339.2967 194.23332 5 0.08487789 267.5593 146.44583 395.66336 196.64502 5 0.0833877 359.53714 111.64631 514.70105 162.0357 5 0.064941704 322.3222 140.53195 411.11115 183.03067 5 0.062294852 269.34442 164.92738 295.37036 194.47502 5 0.059320614 268.9976 151.3123 326.99832 184.03654 7 0.99982136 599.5194 300.04657 927.74536 762.2795 7 0.9996661 171.82796 100.88229 678.496 986.7721 7 0.9956428 0.0 224.29187 218.69127 826.9862 7 0.49049142 265.58112 123.56625 336.66125 191.35165 7 0.4068043 1.6775513 228.95135 165.64963 406.83936 7 0.3030966 153.55925 326.2969 176.70778 382.98068 7 0.18538322 0.74811554 560.3198 157.242 811.5194 7 0.18482046 2.176014 322.3262 73.735535 386.8558 7 0.13393395 146.55008 375.35803 188.21634 457.62994 7 0.103939444 143.41188 367.97623 169.05107 401.73007 7 0.0800039 4.2850266 231.42406 178.02795 609.7934 7 0.07324266 21.799902 317.28137 63.89061 344.1977 7 0.06420593 0.7257881 331.2107 123.87834 485.65063 7 0.050893024 1.6160316 260.4699 52.640327 326.74402 ,test/4442.jpg
0 0.43450043 188.16849 507.92212 234.24963 620.0757 0 0.052111648 921.8733 221.53874 1024.0 493.03076 1 0.9153595 312.47025 159.74771 881.4221 557.2919 1 0.9109683 342.48633 115.40106 766.9573 234.63953 1 0.37367135 306.51477 150.60336 823.73584 310.89273 1 0.36820552 590.81213 167.22183 883.8661 589.5792 1 0.3617438 424.493 222.66328 769.5254 285.81857 1 0.35457414 459.14835 394.65063 504.1641 463.06702 1 0.27530405 188.20038 507.64914 234.34048 618.82275 1 0.2514771 645.90295 413.0898 877.2479 579.4925 1 0.14639322 557.9295 143.07053 640.76263 159.02585 1 0.14219467 432.40097 217.94974 540.71436 290.9793 1 0.0662059 461.02954 269.91937 534.5958 288.74902 1 0.06165638 420.80206 240.66754 683.03326 299.2589 1 0.055003714 434.85364 190.66939 627.04114 294.9242 5 0.47171786 232.36905 627.5082 294.18393 685.6022 5 0.13673823 188.17226 508.20425 234.06764 619.95264 5 0.117000245 422.4456 441.62415 469.32907 505.57745 5 0.10918082 236.63129 696.725 286.66492 773.6521 5 0.10796257 244.42326 698.7597 291.26743 731.4085 5 0.073753335 266.00665 647.4698 294.8448 682.5549 5 0.07309034 219.67264 635.9173 299.3212 773.5319 5 0.06552905 237.62547 716.8398 259.15268 777.7465 5 0.062776566 252.88882 717.4925 291.15268 774.5926 7 0.99912184 583.1003 432.5317 803.88763 813.6107 7 0.99844754 142.97946 567.96985 374.19797 895.68384 7 0.9891389 367.1805 382.88202 591.94995 840.59125 7 0.97993577 918.6499 221.20624 1024.0 496.30505 7 0.21414775 188.12947 506.97726 234.34645 619.9068 7 0.16954799 561.8014 487.62335 615.21924 757.5175 7 0.074236244 901.1365 245.35693 975.3723 476.16223 7 0.06405682 422.4456 441.62415 469.32907 505.57745 7 0.058985986 486.86566 369.65195 597.8455 775.03076 7 0.05194169 668.66846 516.54126 707.9674 581.3811 ,test/4443.jpg
0 0.829122 110.69794 327.63687 981.85834 914.29553 0 0.4968668 73.54108 285.41858 586.70483 865.3248 0 0.10107666 300.73724 810.2735 361.8648 876.0268 0 0.051903155 301.07022 852.6232 348.80948 875.123 1 0.15656716 300.73724 810.2735 361.8648 876.0268 5 0.0622301 166.6034 344.17078 983.09717 916.11707 6 0.30693477 50.86693 301.85782 476.7232 783.9374 6 0.059377253 137.78021 310.77417 967.8427 912.7717 7 0.09149037 54.21782 292.7315 488.63428 797.7861 7 0.06726848 303.70032 812.6673 359.32745 876.08856 9 0.08279192 129.55264 319.87756 983.16345 912.92395 ,test/4444.jpg
1 0.9972645 617.9124 187.49838 1024.0 691.1277 1 0.99626094 897.80457 3.1226425 1022.9918 174.22015 1 0.9332251 645.6598 943.28064 870.3152 1023.109 1 0.7624628 716.4023 966.7557 851.19574 1022.87164 1 0.23638469 748.6382 979.9086 827.72974 1022.2735 1 0.19610552 634.017 945.89954 757.1723 1019.9114 1 0.19113924 718.7903 969.24164 791.66565 1020.89545 1 0.15450123 898.04694 16.605835 1024.0 102.40879 1 0.13739051 895.8044 89.48918 1024.0 174.85963 1 0.08413063 897.26117 14.787575 929.8671 159.06961 1 0.05435743 755.89197 963.05756 795.7335 1023.6049 5 0.23834406 0.0 14.087181 246.66351 219.81894 6 0.9997845 357.18115 276.5954 619.91614 631.3724 ,test/4445.jpg
0 0.91287667 520.41425 370.94778 588.5268 429.40366 0 0.4975416 831.2854 845.18805 866.79504 911.01434 0 0.068458445 496.37512 312.33176 623.8976 529.0016 5 0.20417315 218.51706 356.0759 512.9066 845.10364 6 0.9857092 501.7555 549.945 667.3353 747.29767 6 0.9656759 442.8332 301.60687 672.5212 656.5464 6 0.092634864 466.79483 315.32108 628.98816 543.69446 6 0.05006668 475.61465 434.47427 672.95764 580.2283 ,test/4446.jpg
0 0.2657733 134.27617 427.82056 294.64142 625.40015 1 0.49436274 92.87802 426.5852 887.1831 634.5161 1 0.22991556 770.0024 431.0665 998.00323 644.34906 1 0.11356818 134.27617 427.82056 294.64142 625.40015 1 0.10052054 25.868195 13.98999 997.8948 643.80634 2 0.80378205 87.03287 426.97153 974.4402 634.51715 2 0.057526004 85.00133 424.98346 427.06458 626.0312 6 0.7483151 798.9801 433.46564 996.6543 643.3809 ,test/4447.jpg
0 0.23574026 219.6328 594.45905 274.91205 644.53156 0 0.16069178 140.54504 190.85994 810.3112 677.3401 0 0.08452925 42.414368 404.17972 827.11633 968.33997 0 0.066613205 108.39981 514.07025 628.7228 779.216 0 0.05916504 774.5423 596.90674 812.68646 637.75745 0 0.05623827 385.11334 563.97314 801.1158 690.719 0 0.050194602 760.37256 630.88934 792.9032 662.1706 1 0.9468315 65.90494 503.81763 822.49744 974.0332 1 0.8774537 139.6755 190.44426 811.0386 678.65265 1 0.121350065 385.11334 563.97314 801.1158 690.719 1 0.08200736 156.50296 527.49585 750.65466 710.9525 ,test/4448.jpg
0 0.18692012 288.34863 547.1482 334.43 642.5759 0 0.058998514 261.33923 289.4721 935.9636 804.13763 3 0.7277659 271.5284 288.44702 938.34155 809.2412 4 0.06671886 266.3718 286.89288 935.3937 812.316 5 0.70227325 271.6253 287.20444 937.11786 811.73645 5 0.40401518 257.25403 537.4944 388.677 810.9645 6 0.09723695 253.39346 313.6523 287.42252 367.9304 ,test/4449.jpg
0 0.06271401 442.4082 516.8518 702.2865 644.40015 0 0.05480252 374.59247 598.07416 685.7404 665.5308 1 0.9509161 274.1529 497.8839 877.9676 896.584 1 0.49829796 5.3246307 20.465485 263.92004 463.01056 1 0.23376212 261.8841 174.08871 378.3598 893.0775 1 0.1751863 365.09787 515.90076 711.04004 751.141 1 0.155296 249.88121 158.70769 330.65576 270.98135 1 0.15189785 304.79138 606.14795 753.0342 873.34863 1 0.14025365 337.57187 506.09122 461.62375 666.0879 1 0.13108934 255.67859 217.75967 422.01135 549.21387 1 0.1310656 423.715 516.91754 704.7328 654.9727 1 0.120670885 260.50616 497.2871 450.27612 835.73987 1 0.110078074 126.21763 597.58795 241.09268 644.3604 1 0.102652244 324.6618 199.06548 858.74664 664.4859 1 0.075838506 437.98038 515.4173 536.021 622.88495 1 0.06977729 311.8139 253.39723 410.84497 511.25134 5 0.17243232 374.55054 594.90375 689.41174 666.3941 5 0.076067 438.04794 515.21234 532.2447 622.54987 5 0.053994782 521.08936 588.4014 674.2141 641.9914 6 0.9969614 328.54892 210.79825 697.64355 542.484 6 0.94031566 618.7316 281.9314 868.3339 564.53033 6 0.7408753 437.87466 515.13745 531.88525 622.4818 6 0.36235762 326.64703 226.07814 858.79083 663.7932 6 0.30537927 442.4082 516.8518 702.2865 644.40015 6 0.18066101 625.07245 333.046 792.07513 533.7931 6 0.17175087 682.41956 528.5218 862.16125 653.3477 6 0.11838332 641.4452 368.30798 723.4625 452.20538 6 0.07425956 387.5742 517.3974 528.2263 653.62933 6 0.06458911 630.3651 364.04736 699.2919 493.62183 6 0.05638476 436.731 285.83307 718.2252 599.0456 7 0.9460685 497.72577 519.06494 700.97943 646.60925 7 0.07453602 374.59247 598.07416 685.7404 665.5308 ,test/4450.jpg
0 0.9186383 481.94507 833.2404 592.91943 1024.0 0 0.9139429 286.86984 192.82985 534.1277 321.18225 0 0.197842 489.67688 841.99994 591.0194 907.4753 0 0.13574354 435.97543 702.0247 713.57446 837.143 1 0.99483395 153.8711 139.47267 680.1024 487.97217 1 0.9946228 276.61014 445.82233 969.94006 829.9638 1 0.9849399 555.35645 403.55728 914.8789 584.37775 1 0.6333906 436.1181 702.02496 713.41925 837.12823 1 0.4741983 707.4249 762.7794 776.52686 804.7064 1 0.46059525 205.20992 231.88297 685.17755 411.6453 1 0.33229896 169.50827 139.65912 530.422 334.09818 1 0.28375226 281.82715 469.49146 768.39197 739.90686 1 0.24845861 522.4694 799.7974 577.0086 845.9985 1 0.23885626 9.213501 281.24097 1016.41406 844.46594 1 0.22705048 0.0 646.16876 576.4232 1015.57086 1 0.103003174 2.4549408 311.22696 107.40281 413.83963 1 0.07095014 281.16357 493.4516 565.8948 698.53925 7 0.3758593 482.71024 832.60315 593.2252 1024.0 ,test/4451.jpg
0 0.74762404 209.91321 497.27744 263.24347 593.0541 0 0.22549558 225.87709 204.44476 479.89655 285.831 1 0.9945949 192.758 136.74847 551.1212 631.8674 1 0.9812252 239.85043 453.07224 685.7551 930.40564 1 0.32462862 191.14174 10.362251 535.16925 172.02472 1 0.091734484 210.64153 482.34888 264.43024 595.29443 1 0.05638886 248.72328 428.85535 604.58655 632.61804 1 0.05214773 210.2874 135.04268 504.36218 277.81378 1 0.05086126 209.27997 146.59384 505.235 217.6254 ,test/4452.jpg
0 0.055203456 557.54517 345.17148 577.7427 406.8738 1 0.99772733 495.78085 127.60043 623.9078 319.78384 1 0.21440685 608.70013 170.67892 627.51605 216.45773 1 0.09376294 517.96326 425.88986 549.38416 453.90634 1 0.053796228 554.9575 393.53232 576.1937 424.3774 4 0.102905944 555.40393 389.6056 576.6134 431.64935 5 0.102547124 554.9575 393.53232 576.1937 424.3774 5 0.07013988 555.9829 346.97305 578.4392 404.37387 5 0.05710941 562.8348 481.7629 603.1026 556.30005 7 0.9998611 555.1304 51.439453 969.7396 685.3711 7 0.99974483 259.12097 163.80823 589.36633 563.8394 7 0.99965787 210.85173 622.6632 492.80823 1015.4591 7 0.99961394 195.31378 330.96213 355.2882 618.06946 7 0.9933727 168.08817 107.83659 312.05136 408.87378 7 0.7954653 211.91728 117.01048 252.14845 186.44643 7 0.086164914 557.5889 344.62912 578.0988 406.76346 ,test/4453.jpg
0 0.9928181 177.60632 353.62048 536.2593 611.8688 ,test/4454.jpg
0 0.07589293 503.84717 632.23175 1024.0 830.9074 1 0.56324697 722.0721 365.03452 916.9406 482.3248 1 0.06182599 460.59296 223.13722 777.6497 312.43146 3 0.86341417 0.0 378.06824 165.04541 505.80707 3 0.76246667 292.70694 438.85724 981.74976 846.77924 3 0.1560901 490.4868 612.51587 1020.7971 829.2488 3 0.053496893 283.7552 527.2068 514.1757 853.26294 4 0.19015819 283.5304 527.6334 513.1587 852.5316 5 0.60505027 288.05518 443.05518 976.42773 846.1295 5 0.3797343 132.19937 226.84204 957.4884 563.4625 5 0.3087714 0.04374695 377.90393 164.57985 522.16235 5 0.21158083 284.52264 525.5383 518.1013 853.662 5 0.10617913 503.84717 632.23175 1024.0 830.9074 5 0.070300676 242.60852 281.91492 807.515 519.3168 5 0.063881546 0.08517456 452.5341 605.3086 588.6809 6 0.11347835 460.59296 223.13722 777.6497 312.43146 7 0.27339256 331.45233 423.24954 973.74615 846.3871 ,test/4455.jpg
0 0.29928207 588.8032 231.85707 996.3423 540.3196 1 0.22228141 592.88916 229.63728 999.13306 544.4299 2 0.6364283 593.82697 229.59587 1000.56866 541.93713 3 0.23475999 590.3302 229.47615 1000.1654 542.88763 4 0.99581605 281.11896 455.8071 768.02765 660.6759 4 0.7666111 267.81042 227.0628 1005.9569 652.76636 5 0.122305505 592.5884 229.66817 1000.6185 544.0625 5 0.06633667 273.61728 219.97017 1009.0006 649.83545 ,test/4456.jpg
0 0.06549021 8.198517 5.008362 679.6112 633.88104 1 0.54820603 213.8109 0.0 609.5396 66.46949 3 0.99122006 249.83255 344.37695 804.0194 818.4718 7 0.6289815 80.30829 5.811737 679.4676 383.0454 7 0.12765755 27.011978 1.5710602 305.40582 361.37 7 0.050404567 8.64447 2.11615 778.89307 761.5657 ,test/4457.jpg
5 0.93244934 253.38658 428.32306 693.45276 723.3405 7 0.3351864 252.5883 429.77786 690.3292 722.6288 ,test/4458.jpg
0 0.34518665 219.97066 932.24756 406.3382 1022.38257 0 0.07479153 233.32935 934.08606 399.67572 976.7981 1 0.9950612 208.20242 497.6337 262.43027 541.05414 1 0.5139705 219.02719 932.54626 407.3162 1022.3434 2 0.07372119 219.02719 932.54626 407.3162 1022.3434 3 0.14806077 390.2619 589.4865 636.7264 823.54 3 0.070656516 219.21394 932.77124 406.9085 1022.3236 5 0.9259215 390.41232 589.19855 636.9219 824.0517 5 0.052095264 219.02719 932.54626 407.3162 1022.3434 7 0.99981326 248.36282 308.7814 453.96835 730.06335 7 0.99960595 433.86096 251.1113 637.92017 598.9298 7 0.9993949 619.2316 165.95816 953.29913 584.08655 7 0.9985386 654.42316 459.41565 969.4589 820.2467 7 0.6312103 948.30554 88.21013 1024.0 297.04205 7 0.35314447 219.73944 932.7339 406.83527 1022.3058 7 0.15912989 433.42212 457.16876 451.67102 550.3972 ,test/4459.jpg
0 0.9719338 441.4408 706.128 638.0403 918.9454 0 0.38929522 236.27902 607.416 481.86905 787.1526 0 0.21136369 485.61438 833.19385 635.06506 920.0148 0 0.12295871 165.07933 502.82202 474.92426 786.7948 1 0.14801459 229.01663 563.9339 477.4307 785.56915 7 0.9996902 243.91635 159.86084 913.34753 677.12396 7 0.2376271 479.95242 159.28094 797.35535 367.25995 7 0.13788722 441.58203 705.72253 638.348 917.4741 ,test/4460.jpg
0 0.99572104 0.0 0.0 529.2208 566.45715 0 0.10087154 271.52252 212.00299 761.9692 595.9656 5 0.10870644 271.01733 199.98322 765.33057 593.89777 6 0.9605737 280.49628 161.32541 767.2443 601.8789 ,test/4461.jpg
3 0.108559944 299.17957 311.35284 783.40344 777.34845 5 0.07864094 297.5651 311.94598 784.51086 776.30536 7 0.9685814 301.79205 311.02533 782.7548 776.22186 ,test/4462.jpg
0 0.25355113 220.61539 372.36633 652.49524 662.97046 7 0.9102457 220.34213 371.30823 651.47314 663.1802 ,test/4463.jpg
3 0.9997086 418.51288 255.88992 610.0179 592.23804 ,test/4464.jpg
0 0.76894647 339.86838 0.0 1024.0 1024.0 0 0.53743106 514.5489 474.6269 630.4937 508.52832 0 0.37827384 562.034 366.72314 650.1613 483.81006 0 0.2239116 766.8289 772.0912 870.4145 854.9137 0 0.15295398 538.2462 497.9096 612.3085 550.8344 0 0.0767808 470.5536 937.9782 536.65295 967.663 0 0.06688166 813.338 867.5455 898.593 934.6308 2 0.9998859 272.98038 462.10114 504.80258 646.894 9 0.06329733 333.0211 0.0 1024.0 1024.0 ,test/4465.jpg
0 0.72719103 539.5375 702.96265 849.16003 906.0642 0 0.06705575 316.73102 106.34361 664.82715 390.13422 1 0.11470671 539.6006 702.82837 849.16614 905.93494 3 0.058470305 539.75446 703.92834 848.5373 905.01 7 0.9639986 318.02307 106.06859 664.87177 390.61664 7 0.61269355 944.2263 308.39496 1023.31946 498.04218 7 0.3894046 539.50085 702.82764 849.19775 905.8943 ,test/4466.jpg
0 0.6713451 188.33182 287.79123 927.99084 847.53455 0 0.25832853 314.77243 292.7015 921.0386 569.55615 0 0.14310728 780.8492 433.0849 940.8123 647.86237 0 0.10527759 319.51886 292.15573 539.5818 451.12912 1 0.29229933 189.19846 288.6397 928.0641 845.02277 1 0.14953005 781.43335 433.80328 939.79565 647.832 1 0.06784774 294.19794 591.29565 899.627 835.4734 3 0.06456343 205.69052 283.10745 934.51184 849.05225 5 0.34384096 187.85266 291.44492 927.8008 844.53 5 0.07890479 779.9656 435.7322 941.12634 647.0543 ,test/4467.jpg
0 0.93736094 286.95804 85.40297 318.46634 134.52156 0 0.40890235 376.67963 362.93207 424.65228 483.32507 0 0.21035874 673.40826 277.95038 742.6059 342.28094 0 0.10821771 632.3057 636.5859 666.73395 752.09406 1 0.94220495 349.17172 485.4278 665.8047 713.0599 1 0.92711675 507.63425 169.36107 857.81445 534.32043 1 0.911022 406.14035 311.88315 706.02075 606.1941 1 0.87002635 209.90631 181.28006 887.31635 887.15845 1 0.7745566 227.3157 190.07098 470.04947 520.43207 1 0.75807655 624.4292 407.3791 839.6183 770.618 1 0.58470726 451.73853 239.54536 613.0674 365.4656 1 0.5806138 803.17255 446.74002 832.6042 498.71353 1 0.5100124 301.59186 469.6646 742.90607 862.32684 1 0.48539805 463.22638 215.15018 500.61688 256.2916 1 0.47946236 400.59637 433.1182 711.8929 667.303 1 0.45622218 377.8841 182.88872 802.0882 618.6667 1 0.41256344 550.1251 131.31026 571.4137 175.55452 1 0.40631312 684.4198 385.85678 829.042 536.5944 1 0.40325072 612.9849 743.94946 694.37555 824.2853 1 0.37297145 795.7222 443.19196 834.1954 523.191 1 0.344875 696.73096 493.953 819.7709 679.99695 1 0.33254865 510.14783 653.5632 631.9844 776.51495 1 0.29104248 402.25275 361.45016 871.35114 797.08765 1 0.26370206 453.78204 180.58258 764.408 414.82697 1 0.25790015 556.2938 565.04456 785.59827 788.87524 1 0.2402274 427.41534 610.0486 521.74084 690.51587 1 0.23856059 506.69186 293.91733 608.38086 372.12546 1 0.23784019 495.65347 633.23 759.02747 888.15735 1 0.21219046 610.5855 713.82324 726.992 821.2545 1 0.20177688 396.7802 259.0946 688.7885 489.2417 1 0.19006632 480.38687 239.22119 744.15625 373.2561 1 0.18381304 619.69403 623.3043 745.43097 781.55554 1 0.1598421 608.2711 280.01617 859.083 543.0838 1 0.15607738 473.47766 479.9916 843.32056 711.05817 1 0.1453491 440.1798 219.10384 500.159 263.4357 1 0.14519592 646.9496 388.06442 879.03796 643.4607 1 0.139628 363.62585 187.30005 592.1081 494.38672 1 0.12856488 619.88196 504.7067 751.5359 767.3977 1 0.11711746 534.9208 278.80402 772.61597 728.47784 1 0.11470378 510.3318 604.61884 666.13354 753.2325 1 0.11437429 343.532 486.31525 502.5275 629.4013 1 0.10456502 438.14517 224.02899 476.01352 261.82413 1 0.09539634 440.9754 566.5255 702.05475 773.99036 1 0.088351846 494.4269 146.83586 623.44934 370.2572 1 0.08377037 375.4674 344.30722 431.48047 499.54257 1 0.080650516 415.29565 548.9981 652.746 692.91986 1 0.07858777 795.7554 474.7109 828.3788 521.2298 1 0.07140785 452.37128 218.73677 508.55707 351.60992 1 0.07033261 409.29175 495.53735 644.4851 629.2191 1 0.065779 769.75146 506.89264 827.1361 565.9135 1 0.06515865 562.12085 171.54651 739.63367 375.10657 1 0.058626566 631.93274 618.545 667.26697 752.6773 2 0.9076558 510.68613 653.18506 628.95605 778.8684 3 0.24678537 328.5072 0.0 387.90118 40.11062 5 0.51521766 613.2494 744.1845 693.77185 824.2391 5 0.2584422 427.41534 610.0486 521.74084 690.51587 5 0.17885315 328.41824 0.0 388.29025 39.877457 ,test/4468.jpg
0 0.37092492 562.55304 557.3109 607.12885 598.3345 0 0.16459984 555.8412 546.70856 622.6039 604.6999 0 0.16275664 574.0542 544.5568 603.8291 612.33417 0 0.12359158 573.3574 518.61414 612.2988 652.2379 0 0.09317739 443.98926 273.8859 814.6279 553.801 0 0.06903162 472.75525 465.84375 709.93823 753.55554 1 0.14662118 670.5585 342.5938 763.4768 399.52216 5 0.8535037 463.65182 461.00476 625.4442 612.85693 5 0.27148327 512.3979 490.57135 586.5909 608.21075 5 0.21344495 458.14944 465.2782 538.00903 613.1234 5 0.19094081 559.7266 547.904 587.3189 595.83856 5 0.18870577 578.1106 534.47 720.99854 754.85046 5 0.16201793 458.4668 518.2102 524.0212 588.32935 5 0.12576173 461.17975 515.17755 503.47717 569.831 5 0.115793034 587.89075 554.9085 684.1117 667.75616 5 0.10977972 461.13965 516.06665 587.2634 597.76697 5 0.06921717 556.80914 534.51483 596.9759 604.3652 5 0.06597838 458.4982 482.51022 566.88385 563.70056 5 0.06302246 469.7953 479.30362 720.7516 754.78125 5 0.05788257 517.1451 532.33093 608.1313 606.1791 5 0.05498016 576.8948 585.6232 666.9955 694.3311 5 0.053100534 506.72296 543.9453 694.10895 721.9221 6 0.98993546 444.31842 271.076 817.4915 584.2328 6 0.23419903 585.3743 446.875 804.5102 585.1538 6 0.09626706 458.54257 458.12543 682.5985 613.7048 7 0.99973565 548.20215 20.283737 707.5864 361.95258 7 0.99803096 413.82156 522.38885 725.43567 1009.3422 7 0.46142578 487.85883 538.9475 724.27216 749.3878 7 0.17852144 462.5453 462.96585 623.9961 612.6293 7 0.09314863 686.19934 587.71094 735.6815 719.8086 7 0.09307848 459.32263 508.6276 528.35706 611.5994 7 0.08338657 550.7386 28.629288 675.955 156.6813 7 0.058186207 493.50256 597.8736 577.27014 700.86774 ,test/4469.jpg
1 0.97920007 554.5554 505.4023 714.54565 703.5995 ,test/4470.jpg
0 0.7719357 391.01822 369.68134 490.42905 495.88293 0 0.30763644 603.95337 422.33755 690.01514 521.5975 0 0.13328633 1.9357147 183.39456 150.50839 357.4083 0 0.12513398 673.2264 850.119 728.1785 920.3889 0 0.07151562 401.8125 276.36905 1009.49744 628.0571 0 0.06546396 343.84686 353.05905 664.2329 559.7647 1 0.89310783 2.0756989 183.62384 149.90685 357.46326 1 0.5916971 27.688019 302.24277 1013.83057 650.64954 1 0.24792345 7.6170807 181.97267 200.98068 464.109 1 0.23357722 140.97641 342.6712 494.32834 513.0644 1 0.117180064 362.60486 352.94434 929.7634 580.9717 1 0.09300941 66.08188 628.00146 713.15125 999.75 1 0.080265455 144.50613 343.5376 691.79724 559.18713 3 0.10452938 366.57205 301.10727 432.3685 319.337 3 0.054214023 613.4092 820.484 682.7311 862.14746 5 0.16083679 673.4334 849.5683 727.955 921.01227 5 0.050576545 350.8243 293.7471 1013.98254 633.19543 9 0.20516239 30.025543 626.5317 717.7394 1015.65424 ,test/4471.jpg
5 0.9333185 20.491455 114.875 1010.67834 948.4154 5 0.06400312 38.704742 89.532745 678.6008 640.8059 ,test/4472.jpg
0 0.9759808 795.9754 297.33463 969.4205 440.85898 0 0.1331721 285.0888 280.27948 711.29144 687.8072 1 0.06701714 795.78503 296.43665 969.52734 441.02014 9 0.9761243 284.71216 280.1339 708.63226 686.20557 ,test/4473.jpg
0 0.16582495 88.528076 191.11853 755.88947 448.50732 0 0.11072299 96.34006 195.25787 311.0782 422.14148 0 0.106424995 87.79472 450.99814 528.76105 850.0658 0 0.06758168 71.70339 400.68146 320.34253 552.6454 1 0.77495307 90.832886 191.39441 754.1817 444.4157 1 0.5118458 89.40866 435.99887 540.292 853.3419 1 0.4086987 880.8939 1.0003214 1003.0532 13.808855 1 0.25164577 96.34006 195.25787 311.0782 422.14148 1 0.109237164 71.70339 400.68146 320.34253 552.6454 7 0.9944107 338.48218 374.19653 915.26306 780.65906 7 0.8778848 79.49742 416.53876 538.25726 858.0627 7 0.7127786 99.21088 284.31705 925.41486 860.81885 7 0.5577457 89.482635 192.32959 753.8661 445.667 7 0.17814015 483.26636 689.9254 955.1117 750.87854 7 0.07345654 462.20932 575.33374 940.272 759.32935 7 0.06540028 436.3202 671.5697 936.39856 800.60645 ,test/4474.jpg
0 0.1425612 449.95435 496.21408 616.36316 575.2899 0 0.11447431 672.06305 0.25569153 1017.83734 87.57434 0 0.09081162 482.65778 517.1124 571.68463 566.254 0 0.089195706 603.7091 431.55957 975.0691 600.2178 0 0.079213515 922.13306 567.9078 973.13293 599.0705 0 0.060597137 6.593048 247.33087 612.589 553.6699 0 0.058873005 325.28625 428.1808 963.9502 861.4524 0 0.05580601 560.6102 494.84357 608.8114 518.1038 1 0.8847993 688.48016 401.80154 745.9854 434.53677 1 0.57053685 684.6169 400.73895 837.7852 478.7901 1 0.476156 323.26044 430.45868 962.9537 866.8295 1 0.31516433 721.89154 417.4743 827.70026 465.9001 1 0.30972794 560.7304 494.91324 608.7498 518.1768 1 0.12771398 674.0755 0.18003464 1017.0256 87.1945 1 0.059494082 603.7091 431.55957 975.0691 600.2178 1 0.054495882 922.13306 567.9078 973.13293 599.0705 2 0.27443004 560.7304 494.91324 608.7498 518.1768 3 0.05038229 560.7304 494.91324 608.7498 518.1768 6 0.9989913 9.688477 185.6623 610.0496 550.3373 6 0.15064622 315.432 318.78058 600.10516 555.39386 7 0.99863005 1.7525482 0.0 208.42778 323.7273 7 0.7010701 323.04938 431.5277 963.2238 865.3331 7 0.22014816 0.0 0.0 191.13515 176.89117 7 0.2035805 672.991 0.13137817 1017.8132 87.32011 7 0.095626235 564.4178 819.08936 599.4444 869.59424 7 0.08865103 560.7304 494.91324 608.7498 518.1768 7 0.051308636 603.7091 431.55957 975.0691 600.2178 ,test/4475.jpg
0 0.99368614 540.1673 45.39892 715.1944 264.30228 0 0.25801727 542.7602 38.28505 767.96796 389.90912 0 0.051170945 390.4048 46.62493 753.5138 256.6391 3 0.11555643 426.09253 410.48975 889.08826 731.2081 4 0.1344379 423.6403 353.84747 914.62634 788.29755 5 0.99767476 172.6551 59.584747 460.40472 266.90067 5 0.98440117 219.85297 56.23584 885.7015 771.6959 5 0.16501597 402.59555 276.02692 917.3308 797.9837 5 0.13350889 4.20459 5.437454 268.69986 300.38837 5 0.10104249 71.08215 53.591255 718.3196 272.0213 7 0.11846869 1.0804749 6.1868896 270.94946 298.27478 ,test/4476.jpg
0 0.19728275 984.4246 245.00421 1023.1766 380.61084 0 0.13786414 983.40936 565.6475 1024.0 768.0092 1 0.0778172 981.49347 564.5696 1024.0 768.73035 7 0.9997031 491.65295 526.79913 725.26855 1000.21014 7 0.999539 372.3518 313.05853 669.23376 633.67834 7 0.9993199 733.655 522.31635 1012.39746 969.43964 7 0.99889296 319.38998 183.7813 493.08133 553.08325 7 0.99873525 324.78326 543.2833 559.475 911.85376 7 0.9921799 813.36383 350.85052 1024.0 566.92426 7 0.99051976 185.67285 274.38055 348.02332 773.95795 7 0.95897114 577.83777 183.71909 768.5436 545.4999 7 0.9224984 697.6745 467.85007 828.0347 758.9829 7 0.6124479 979.4226 563.6548 1024.0 768.8855 7 0.6064162 984.7889 244.75847 1023.14276 381.08575 7 0.46979964 614.2654 508.99384 650.36414 547.03217 7 0.4542875 347.41193 203.42923 773.1436 652.36414 7 0.37513447 633.7134 344.52213 755.1687 555.09924 7 0.33513835 687.1638 518.0773 773.7202 752.91406 7 0.20961988 311.821 258.1669 378.2095 564.9585 7 0.14538391 252.32356 271.6018 317.12042 342.36334 7 0.10136757 711.4659 592.67377 777.4887 758.98676 7 0.06857913 322.66397 462.1518 706.2866 939.1591 7 0.06671068 717.7132 664.96155 775.06757 755.7162 7 0.062367324 308.85568 258.37323 430.32016 656.3026 7 0.051170416 329.30563 454.08374 393.4495 716.2007 7 0.050689425 238.19821 264.35794 415.3337 539.2289 ,test/4477.jpg
0 0.08602803 385.56097 403.07364 593.26544 771.0968 5 0.9978992 388.59653 404.60925 592.11523 773.61926 ,test/4478.jpg
0 0.64124733 496.01593 917.13153 586.3591 1023.5832 0 0.3197863 99.7894 532.58405 281.4112 858.6059 0 0.15984453 274.36893 736.0325 488.50436 855.10657 0 0.095994115 792.6322 13.269791 914.2202 173.46867 0 0.09551587 759.48755 623.90436 908.96106 663.21027 0 0.09058071 4.2760315 805.1368 577.4198 1024.0 0 0.08071629 119.51212 705.5647 253.54901 868.4911 0 0.07129391 700.0194 12.123489 963.60034 298.0033 0 0.0677218 563.82574 441.95694 592.5579 532.40924 0 0.06747812 434.94308 911.9588 508.06595 966.16876 0 0.06353792 432.3506 915.9522 544.45966 1021.5085 1 0.9667753 224.50467 16.464752 961.3385 648.6455 1 0.96337104 429.9876 0.0 678.3371 142.17302 1 0.9349598 174.60129 623.9987 826.3103 958.6513 1 0.9346886 290.41803 197.5161 655.3036 466.26978 1 0.9249665 763.8157 424.516 918.71326 648.13184 1 0.9071436 2.5929718 129.7855 147.41724 609.51105 1 0.7648677 0.0 833.52325 52.246983 942.0589 1 0.76434875 69.27423 147.36087 683.4503 752.93396 1 0.7634252 230.78343 618.81885 517.0588 918.6135 1 0.70478576 193.25534 246.47763 796.5436 983.5869 1 0.6765621 265.62683 5.624893 826.2704 279.7984 1 0.6523599 7.308014 788.55994 544.04443 1024.0 1 0.613292 762.57166 243.83136 962.8893 662.07367 1 0.569797 409.6795 9.245819 505.065 103.24884 1 0.568045 357.51477 353.2465 531.89355 455.69437 1 0.5647548 319.71918 0.013519287 433.70673 71.52998 1 0.55177623 688.4198 1.9091187 983.24756 654.8411 1 0.52796257 0.0 78.861664 260.5846 653.46484 1 0.4986945 667.7945 0.9623184 957.97174 166.99179 1 0.4695524 569.1782 31.138123 815.8656 694.5741 1 0.46168277 669.3246 22.630669 833.6572 166.99637 1 0.43993628 260.65314 323.49152 659.57367 793.15643 1 0.43226773 0.0 0.0 245.7781 169.32988 1 0.41826907 104.20543 533.7747 285.5711 877.48566 1 0.413241 64.481384 90.344604 341.3719 818.6343 1 0.41209993 264.7236 622.9707 679.13403 853.3646 1 0.40153068 425.87183 0.0 581.52203 23.671574 1 0.3953037 708.9955 448.0576 787.17053 654.48535 1 0.37393987 45.97236 700.9666 299.3491 1019.3942 1 0.36009184 53.341003 539.0773 671.91797 1008.6686 1 0.30596468 825.2462 18.695099 981.876 536.3098 1 0.29574865 215.50536 13.078529 250.5497 168.12296 1 0.28681228 744.54016 0.46156693 947.0209 79.32295 1 0.2641634 700.0194 12.123489 963.60034 298.0033 1 0.26219565 2.1343384 598.3994 131.3747 1022.6083 1 0.25963342 372.18616 356.50662 500.85193 414.82138 1 0.25893098 411.80496 10.680153 440.36844 78.69715 1 0.23843586 715.7097 796.2302 1021.23865 1023.85046 1 0.2378965 628.87946 0.0 721.19025 135.52322 1 0.21666776 937.11865 7.257202 1024.0 358.48703 1 0.21083383 850.794 20.82376 946.3945 73.39553 1 0.20805164 287.17725 9.140289 725.03406 171.73068 1 0.20202795 489.24274 18.928173 642.51556 112.29579 1 0.19795887 338.462 340.07346 496.50925 382.89035 1 0.19717926 484.55045 359.7369 555.207 499.86972 1 0.19659682 490.33316 60.81499 667.319 144.65678 1 0.19488302 274.36893 736.0325 488.50436 855.10657 1 0.18415563 0.0 219.79597 88.42522 590.2944 1 0.1754739 102.45261 235.42873 453.9606 629.6231 1 0.16947377 677.8772 50.125904 715.6582 134.50108 1 0.16543049 467.1336 329.98624 782.6103 673.921 1 0.14712845 885.11975 256.93323 1007.52136 540.2091 1 0.14098845 253.06885 594.03033 288.70978 713.11993 1 0.1402971 61.345657 202.03534 245.20076 748.68365 1 0.13149844 697.1166 0.4660492 730.8154 71.558624 1 0.11594024 270.4583 637.82385 488.58844 774.71924 1 0.11271519 387.78168 379.06982 520.21497 446.1303 1 0.11110532 150.23526 255.63425 565.3242 531.6897 1 0.108678766 301.3319 318.70636 506.42413 424.87268 1 0.10302572 364.71774 7.0455475 441.99515 78.21455 1 0.10050761 0.0 937.8099 30.881462 1020.89215 1 0.096239 582.84644 421.9245 785.4297 683.17255 1 0.09165045 218.6019 30.494644 264.99847 207.41931 1 0.09162929 459.8219 174.70032 955.27734 753.7743 1 0.08396436 698.0547 4.8944054 899.7147 121.627 1 0.08304287 347.7014 3.7627602 501.2593 75.48491 1 0.082773715 891.8863 244.18346 952.7901 590.84955 1 0.08255101 298.82834 11.625526 501.47604 104.46421 1 0.07971717 227.88947 0.48908997 318.4583 208.00798 1 0.077097714 287.2831 0.6984768 335.77066 48.140778 1 0.07518031 668.1734 4.475464 861.6414 257.0903 1 0.07267703 681.30536 0.0 720.4533 127.890045 1 0.06954164 434.94308 911.9588 508.06595 966.16876 1 0.069434054 270.83395 647.8707 363.00516 751.8568 1 0.06891755 419.36905 348.7868 557.744 493.6787 1 0.06876144 850.6691 39.51799 936.6934 87.38743 1 0.068332694 489.26752 445.84128 549.9993 493.1415 1 0.06748368 804.181 13.633301 1013.7948 318.683 1 0.06547308 782.83405 1.3882637 1017.68243 128.04051 1 0.06413299 555.6422 439.33145 596.6151 531.4833 1 0.06367801 149.61629 1.3942413 245.86299 158.52736 1 0.06322983 311.0593 297.20764 651.1509 545.19165 7 0.17909546 563.82574 441.95694 592.5579 532.40924 7 0.1383958 97.8552 698.12427 133.92525 823.84045 7 0.11091096 0.0 937.8099 30.881462 1020.89215 7 0.07303133 562.7913 280.1813 674.6396 564.10205 7 0.06735654 569.182 266.48352 780.8895 686.6764 9 0.25862154 497.77325 918.80524 586.24347 1023.12054 9 0.11179736 729.56445 804.53723 1020.2075 1024.0 ,test/4479.jpg
0 0.99847394 378.15442 5.218773 559.4561 232.28586 0 0.06376518 380.7478 779.694 711.5112 985.5287 3 0.99566597 377.92084 777.4513 711.55524 985.93567 ,test/4480.jpg
0 0.54963124 268.44604 303.1649 699.0692 517.15 0 0.09359014 496.1901 299.68958 683.0958 511.9408 5 0.9914034 290.66245 736.2005 469.94943 873.91693 7 0.47510204 268.2319 302.2597 704.1216 517.09485 9 0.17636439 268.5476 302.32086 700.78625 517.0915 ,test/4481.jpg
0 0.05030797 392.9961 464.92618 420.51752 526.75995 1 0.55851126 35.584778 328.76996 866.84155 776.71674 1 0.13998672 0.0 459.6867 802.0874 958.3851 3 0.4817471 438.08237 512.3328 499.97415 537.3305 4 0.9599736 628.75323 456.81683 732.46954 528.897 4 0.95942426 234.28412 367.1558 309.7702 468.6124 4 0.762297 516.89246 442.06952 642.2002 505.67297 4 0.7484947 473.0534 336.51633 540.715 529.2788 4 0.7012755 510.47717 346.65582 609.83594 511.16827 4 0.6939997 414.80884 335.5568 495.97437 532.38 4 0.6742731 287.5949 351.38696 420.86206 516.79364 4 0.63357 575.8468 358.32025 702.7821 473.17468 4 0.6157895 641.9044 356.22668 701.6272 446.27124 4 0.59128505 249.41939 506.11786 327.54297 567.81244 4 0.5042256 345.22144 336.75635 428.99567 509.26025 4 0.4698634 696.384 384.54218 749.7537 419.43964 4 0.4627186 633.12494 490.19067 688.80707 523.68353 4 0.42352787 512.6686 477.342 566.2197 518.4424 4 0.4209538 588.1852 378.56195 655.08777 472.2932 4 0.40550137 284.32446 354.22205 372.5401 486.40918 4 0.39849085 176.70618 460.51132 332.35413 573.8917 4 0.39352873 728.55505 373.9918 772.99585 410.71158 4 0.37298438 499.8102 357.2945 700.80316 500.2395 4 0.36948788 408.65295 434.23187 502.16876 537.2389 4 0.3400719 477.21982 463.79346 532.6668 530.08875 4 0.31299034 617.2832 401.18362 739.69946 529.0384 4 0.27313 406.90378 456.1513 439.95663 525.44275 4 0.26234066 565.68176 387.17313 614.1499 491.42044 4 0.25807115 349.1817 469.4836 432.23395 526.84186 4 0.25551105 529.427 390.68906 608.0449 467.34793 4 0.24910492 410.64706 339.71317 597.68225 526.5471 4 0.23593126 648.5335 415.46695 694.45294 442.84915 4 0.22960329 349.99258 473.9292 402.89047 513.99133 4 0.21660239 691.91437 458.6504 731.30426 485.88312 4 0.19145364 574.6793 436.37238 640.9702 492.54663 4 0.18904138 410.46152 366.4027 433.07584 443.96967 4 0.18115425 470.97754 476.33383 568.53467 522.6682 4 0.17733729 351.47025 379.0397 376.26358 419.76187 4 0.17019886 502.33234 440.16663 736.1755 518.80115 4 0.16978762 387.1565 461.9571 425.6361 528.0217 4 0.16369715 493.14444 364.75186 544.23395 502.91196 4 0.1573171 681.46454 369.42212 702.38446 435.97418 4 0.15339756 316.67178 446.1855 404.5646 497.10938 4 0.1485929 353.8594 398.30792 444.1614 527.32275 4 0.14564501 586.5056 444.93896 634.71545 483.18134 4 0.14546558 183.56966 465.57703 231.67052 507.24457 4 0.14466996 233.07492 346.37985 416.84933 454.38925 4 0.132597 271.00098 444.3704 437.75153 523.4392 4 0.1307024 365.5412 342.60703 435.11334 449.6708 4 0.12776493 548.73706 391.69788 682.2062 513.3825 4 0.12108299 433.89166 441.31406 482.41235 528.3314 4 0.12100906 195.82184 386.72025 354.8427 490.69864 4 0.11889649 269.4198 434.79364 324.31665 478.81213 4 0.11387292 360.2625 389.28333 419.49628 495.8968 4 0.11329632 342.08914 339.72333 381.7147 416.31354 4 0.11137044 147.20427 385.51102 195.04677 424.2341 4 0.11135176 478.1237 464.59076 507.4785 518.71655 4 0.10095278 466.30444 424.02847 552.95337 526.2215 4 0.09758743 198.16537 354.71646 454.6113 525.5949 4 0.09741928 654.6251 469.6962 720.6167 513.68823 4 0.0966101 424.45966 459.81412 558.4151 531.2645 4 0.096575364 265.91217 377.84436 324.2329 478.27203 4 0.09163781 626.3136 362.47693 754.52686 463.91864 4 0.09062707 405.3406 344.66736 435.2277 471.2727 4 0.08965207 400.38977 352.58057 440.50293 527.36505 4 0.089466296 317.64337 337.86105 414.57117 414.38443 4 0.08512751 192.96027 484.05704 299.26495 533.99835 4 0.08140973 210.34032 406.28406 293.42102 460.63013 4 0.0783882 208.27817 409.8707 256.09296 440.59433 4 0.07512102 584.3138 436.11505 638.3431 468.33282 4 0.073622435 222.57634 492.1064 281.4283 526.7132 4 0.06887625 580.8087 342.17615 628.92053 413.94098 4 0.065313146 310.9893 406.0886 409.69284 496.7477 4 0.062504366 523.2778 338.39178 579.49884 485.38116 4 0.062061746 439.52463 512.3059 499.97934 537.13135 4 0.061439283 574.7813 342.81415 597.1867 388.7102 4 0.055255882 630.4538 508.33313 677.45807 529.6404 4 0.055041738 178.41602 438.6507 408.37793 522.47766 4 0.05302401 672.03094 449.76944 733.34283 504.2443 5 0.37530762 637.2839 108.18289 1017.7684 318.49823 5 0.19612202 39.55426 304.61505 889.59985 770.30536 5 0.18494429 634.42035 206.12607 984.73895 403.72714 5 0.1621729 183.63516 472.9642 329.70053 569.0994 5 0.07418096 615.7258 79.52423 1017.27026 530.7671 5 0.06630145 285.8615 491.3642 583.4969 758.3681 5 0.065269314 87.87927 380.4648 424.2871 589.02344 5 0.059464335 9.015259 415.06357 815.96875 966.1227 ,test/4482.jpg
0 0.38495022 133.75232 152.2843 881.01154 832.56287 0 0.050003756 337.52026 212.33456 596.42847 807.7623 1 0.7745222 131.96289 153.60657 880.47644 830.0089 7 0.08262138 125.33154 164.42053 889.689 827.53937 ,test/4483.jpg
0 0.99973756 299.9619 435.53583 755.812 660.97565 0 0.2880173 353.56433 648.72626 386.22894 676.2005 0 0.065431 351.54623 648.00836 434.61386 673.3222 ,test/4484.jpg
0 0.9949208 140.00562 206.47253 706.7008 851.8766 ,test/4485.jpg
0 0.9990435 211.8503 0.0 350.52576 158.42386 0 0.66893506 449.02405 381.52844 496.03387 500.68488 0 0.60684586 828.5415 0.0 910.2379 103.25635 0 0.56199986 744.1559 377.49167 922.2804 539.3325 0 0.51712066 834.1021 2.8520737 935.5208 151.37735 0 0.40748194 722.7697 2.2628746 907.11725 93.22325 0 0.3593831 679.864 1.2049255 1016.1699 154.85086 0 0.24120043 714.42194 413.76837 745.2498 519.2366 0 0.10069383 468.75888 374.7515 574.8013 567.964 1 0.9901944 176.46838 272.33746 775.5401 661.8445 1 0.3937402 443.57693 264.97577 749.2068 654.8752 1 0.37262556 449.89294 383.23093 495.7456 500.53024 1 0.09068712 450.12122 390.21042 469.38513 441.67654 1 0.07834398 448.95776 388.62048 489.03973 441.8327 1 0.051989 445.35583 372.90207 575.32874 562.1738 2 0.13432162 181.06271 270.78687 758.39954 664.1803 5 0.92833585 393.50397 0.0 696.9903 153.53566 5 0.27394927 653.5034 74.7998 844.54285 196.65265 5 0.21062037 744.0804 377.53912 921.6994 539.9492 6 0.6592563 829.03644 0.07559204 1022.23456 151.91444 6 0.44876847 720.76166 1.5421448 906.1307 94.02778 6 0.22582711 653.9152 77.21301 838.5002 196.04361 6 0.19051377 720.05505 6.300644 794.3159 94.988075 6 0.14290723 652.55664 7.3267365 1000.71875 187.50735 6 0.077822216 820.58734 2.1432915 921.44135 92.97589 7 0.15292221 393.6333 0.0 698.3761 152.97072 7 0.14275137 637.61084 1.0183334 1014.75854 170.40714 ,test/4486.jpg
0 0.22353677 437.43457 551.108 505.9911 623.7403 0 0.07870667 413.56134 461.99878 509.25623 631.34766 0 0.071764685 415.9183 458.25552 447.2228 498.53873 5 0.9981287 428.37247 340.60278 641.68616 676.3491 5 0.6082854 429.7461 345.57996 566.9054 554.58527 5 0.20513326 417.0099 462.14465 508.66443 629.8279 5 0.17152107 437.30588 551.2243 506.34653 622.9666 5 0.14052811 415.2823 455.0884 485.26556 559.22205 7 0.65785986 437.37018 551.23346 506.1725 622.58795 7 0.44747213 417.20483 455.97678 481.33545 560.02747 7 0.42832106 413.56134 461.99878 509.25623 631.34766 ,test/4487.jpg
0 0.9999652 151.33533 268.81058 833.31537 733.15234 7 0.8439703 76.4924 480.58505 135.3352 592.84595 7 0.12999433 64.04141 474.9483 188.3602 592.7255 ,test/4488.jpg
4 0.9917917 141.79642 300.4794 922.8895 695.9586 4 0.8104847 713.7154 321.30255 919.38055 608.58344 4 0.055597004 443.1701 302.90784 922.93 612.48615 5 0.1575589 713.70056 322.7392 920.03687 609.89 ,test/4489.jpg
0 0.053176045 262.78546 59.661774 575.03107 990.37195 1 0.08334354 267.77432 72.29495 761.5077 990.58203 9 0.88379014 269.05096 72.17279 759.6369 989.5827 9 0.34194845 515.7618 73.62845 762.8161 999.88525 ,test/4490.jpg
0 0.99967563 308.29938 161.5828 719.3455 687.23474 ,test/4491.jpg
0 0.12763263 870.89197 205.11237 1022.2522 406.11737 1 0.08306741 870.89197 205.11237 1022.2522 406.11737 3 0.05217146 476.8268 546.8751 535.45807 625.6471 4 0.9919904 386.2372 634.38025 542.0398 927.4463 4 0.98971516 265.5216 611.0051 397.39642 868.7604 4 0.98598456 724.70355 500.45905 926.21234 758.565 4 0.9817499 627.8329 585.5858 836.14526 857.978 4 0.95590854 52.035614 277.48703 459.56595 460.75815 4 0.93801856 635.841 202.53676 789.28217 452.49225 4 0.9303102 528.179 658.4663 711.63654 934.0454 4 0.92453915 505.5654 299.8875 673.56415 740.3288 4 0.8978167 674.53815 308.87518 786.7924 458.27612 4 0.8809049 122.47975 458.3683 287.19135 959.15015 4 0.8770866 342.27417 484.3903 446.47113 617.4538 4 0.87480634 748.9215 191.86264 1022.0029 683.2766 4 0.77270335 516.5369 653.2061 612.53986 774.9571 4 0.671208 238.62628 304.82376 540.0957 488.6318 4 0.6677851 633.54004 209.05511 771.5077 351.32617 4 0.63505685 92.26297 283.59216 547.1521 630.4374 4 0.582509 226.72253 291.5905 453.4933 601.9612 4 0.5143262 522.0537 309.3607 641.14795 512.10834 4 0.43565735 267.2893 535.26306 353.47162 641.5497 4 0.4299421 166.11282 268.93658 393.11063 389.69843 4 0.40208927 416.76065 404.69794 529.98474 624.347 4 0.38993937 225.75822 457.399 319.39807 585.1098 4 0.34538525 236.16687 427.97372 434.81592 536.2623 4 0.31521964 563.35 539.28674 934.00586 867.172 4 0.28922665 117.699036 288.7672 551.26764 946.9772 4 0.25656983 242.87079 429.36203 534.2042 627.921 4 0.25201714 251.76004 338.38107 420.5834 489.90256 4 0.25049448 478.38977 555.5073 535.61615 627.6925 4 0.22522044 392.90073 579.69635 495.58023 683.48773 4 0.22300613 278.13376 794.05255 385.4725 884.1292 4 0.2063848 523.06287 645.9948 864.355 884.13873 4 0.19606033 333.51987 306.8301 543.32764 626.3087 4 0.18447411 176.09769 447.33496 409.62094 631.8064 4 0.17226684 539.9725 217.1383 1024.0 921.4945 4 0.17198077 884.0509 574.7503 977.13184 659.3958 4 0.16867244 397.5831 405.0338 535.5948 516.2894 4 0.15797225 634.749 199.35663 831.04175 857.9913 4 0.15062149 494.34415 318.1054 562.61163 493.7345 4 0.1474641 422.12378 423.2408 514.6654 542.75104 4 0.13109098 232.48274 320.12885 695.4853 602.35724 4 0.11681062 309.2032 546.0684 343.1985 591.26935 4 0.114288285 136.28314 462.33545 297.63422 704.48535 4 0.102599874 454.41537 322.88586 691.8556 561.68005 4 0.09867438 809.8053 673.6667 930.6737 789.60455 4 0.097912304 477.6296 430.4816 687.4845 665.06415 4 0.096954286 347.61887 435.52338 531.46295 562.4689 4 0.08176148 701.1525 433.79233 798.67804 510.869 4 0.07850435 258.86584 514.03064 402.13983 635.4667 4 0.07499878 396.2235 583.9963 480.53668 628.4461 4 0.07193376 555.022 304.869 666.94434 594.12866 4 0.07049545 394.95364 488.50427 510.02927 619.9935 4 0.06271612 132.42561 446.8543 537.4192 794.9006 4 0.062359013 106.76135 815.7023 428.14648 1016.95667 4 0.05401898 292.65457 536.6649 365.71402 617.723 4 0.05138063 490.96127 340.1941 564.9785 415.47516 4 0.051163886 557.26465 756.2933 709.0707 919.40485 5 0.25354782 748.5752 189.73007 1021.8052 704.5597 5 0.17194389 870.89197 205.11237 1022.2522 406.11737 5 0.08819683 741.79193 201.4906 890.3256 371.36853 5 0.066286184 517.44666 648.0833 612.8208 782.37933 5 0.05490322 633.54004 209.05511 771.5077 351.32617 7 0.34955978 517.44666 648.0833 612.8208 782.37933 7 0.060324706 870.89197 205.11237 1022.2522 406.11737 ,test/4492.jpg
3 0.99979955 336.40332 248.98497 623.5647 711.57794 ,test/4493.jpg
3 0.99992037 315.43677 222.02042 663.57947 761.64954 3 0.61472166 586.29254 241.37074 650.3111 310.65674 3 0.13156638 588.3621 239.15767 666.64154 383.58527 ,test/4494.jpg
7 0.9997205 549.54456 575.50793 886.7283 868.8844 7 0.9996111 103.03706 290.08188 572.23956 692.9258 7 0.16353641 614.385 622.1382 756.636 814.1793 7 0.060660254 557.5426 590.22003 706.76465 803.4045 ,test/4495.jpg
0 0.074513204 370.5183 302.5065 713.92505 838.88965 3 0.06765738 698.2359 955.0262 729.7559 1004.836 4 0.050986037 371.23962 304.9787 714.902 836.25543 5 0.9936993 370.1755 309.30505 702.2274 786.8114 ,test/4496.jpg
2 0.9998797 341.48846 337.6777 693.6955 631.13086 ,test/4497.jpg
0 0.19579765 768.2547 313.03647 886.1574 672.90894 0 0.108371 780.0356 584.7796 885.63605 663.67584 0 0.1046366 768.1956 223.64874 1020.4588 711.5297 0 0.06999129 260.80103 185.26013 747.1909 267.7253 0 0.0619735 771.9503 374.91846 883.2844 540.37146 0 0.06075883 52.187927 214.79211 924.59894 742.36835 0 0.05068207 56.209137 279.23578 896.28784 452.1477 1 0.99252945 48.98172 202.93085 948.6798 740.12317 5 0.83197093 769.4898 315.77094 885.8133 674.7834 5 0.192161 260.80103 185.26013 747.1909 267.7253 5 0.15507147 771.9503 374.91846 883.2844 540.37146 5 0.050062083 779.4471 499.6103 883.0468 672.0339 ,test/4498.jpg
4 0.91063464 267.76846 66.955536 845.8544 800.9424 5 0.65196145 261.46454 40.010986 451.98798 323.34967 5 0.23622467 268.24557 65.02063 841.5255 801.3006 5 0.083827995 560.14276 919.85657 576.67487 1018.5405 ,test/4499.jpg
0 0.117597416 365.75787 82.018234 405.336 150.07916 1 0.5822946 818.1869 337.89282 927.5553 444.70764 2 0.76294446 412.5022 506.17764 575.8973 720.1372 2 0.4521735 818.6097 338.45343 913.6309 439.50024 4 0.97392106 197.80746 285.21375 422.55887 926.4686 4 0.96890366 432.89453 124.21643 947.4794 438.3839 4 0.34699172 708.053 96.59198 958.28955 404.04794 4 0.24733627 196.15982 772.40625 281.78824 926.8817 4 0.11918684 257.51886 317.44464 422.77856 638.2782 5 0.7253277 412.43527 505.3065 576.2776 720.4701 5 0.3711905 716.78253 97.34157 962.05646 392.6449 5 0.1419871 430.78735 114.25694 961.3401 437.64093 5 0.11703793 818.4005 337.94058 927.3782 444.47476 ,test/4500.jpg
5 0.9997819 319.1654 472.88052 695.82465 694.057 ,test/4501.jpg
0 0.99984705 175.0817 284.54086 815.5663 914.3639 0 0.059362464 495.64392 898.5918 652.12805 998.5459 1 0.07314551 495.64392 898.5918 652.12805 998.5459 ,test/4502.jpg
0 0.18568264 298.2534 0.0 573.3474 262.8443 5 0.9990231 427.8333 245.66322 954.50116 737.9262 5 0.09408702 501.19345 426.98883 936.8136 682.3599 ,test/4503.jpg
0 0.8564809 258.5226 203.10715 574.96216 310.96353 0 0.6366125 647.1398 328.59882 1024.0 1006.93744 0 0.31006473 265.29117 213.46927 467.6207 297.61005 0 0.09291483 836.1718 122.157394 982.759 210.62782 0 0.08982707 437.1753 223.58229 589.66675 313.19644 1 0.47471192 438.98706 224.05849 587.73816 311.11966 1 0.46029538 257.74713 203.19656 587.75085 312.0377 2 0.08653023 437.1753 223.58229 589.66675 313.19644 3 0.99998426 317.88837 381.9593 686.5964 785.15765 5 0.48121548 0.0 837.4734 159.38297 1024.0 7 0.9919784 865.4022 73.93765 1024.0 157.49878 7 0.9736875 118.50363 0.0 1024.0 437.73456 7 0.74188834 0.48523712 837.8142 157.65952 1024.0 7 0.7304657 524.9191 60.559128 1024.0 451.4406 7 0.5899593 647.98645 324.7949 1024.0 1008.30347 7 0.10186685 724.3512 146.53246 1024.0 446.55487 7 0.09248983 834.76746 106.242905 1016.9646 199.73949 7 0.057452697 130.64427 1.5221252 630.8445 301.96188 ,test/4504.jpg
0 0.17298508 436.2822 331.66153 524.15076 365.895 0 0.09235936 141.04791 472.89752 647.4416 803.9439 0 0.08072657 735.77924 507.16278 809.7194 548.07025 1 0.9374831 972.6886 488.81573 1023.5049 541.5219 1 0.85235745 357.506 227.58528 950.58923 573.6616 1 0.24104957 436.2822 331.66153 524.15076 365.895 6 0.9932284 28.496613 432.91736 927.16504 856.6741 6 0.2696268 141.04791 472.89752 647.4416 803.9439 6 0.1400914 395.8312 502.08582 938.4071 747.50415 6 0.10574937 29.680115 434.98285 349.0048 855.1086 6 0.07321689 61.19342 301.7259 959.2032 593.55133 ,test/4505.jpg
0 0.07233114 227.59363 279.06528 906.8325 775.31494 3 0.87252843 236.90582 283.10938 905.9886 773.114 5 0.8713229 176.55734 282.75696 912.8152 775.397 5 0.28266987 156.89014 338.06226 320.45584 629.66797 ,test/4506.jpg
5 0.99924207 359.6817 386.6427 524.9403 658.8126 ,test/4507.jpg
3 0.7922678 62.057068 368.44623 893.6876 791.69855 5 0.46710432 59.94525 368.35266 897.02185 792.1223 ,test/4508.jpg
0 0.16046973 745.919 585.1456 770.3864 654.1011 0 0.06722561 962.90155 70.38583 1023.79315 149.69275 0 0.054488383 0.4580078 436.5601 101.80288 675.0777 1 0.99078184 929.4353 139.84973 1023.9629 229.50323 1 0.14434227 962.90155 70.38583 1023.79315 149.69275 1 0.09604718 963.4421 141.76083 1023.09 164.89523 2 0.12134509 962.9179 70.400185 1023.7934 149.40814 3 0.9374551 963.0011 70.45339 1023.81287 149.61075 3 0.12977932 963.2987 102.6512 995.3412 148.18343 5 0.07873118 962.9179 70.400185 1023.7934 149.40814 7 0.99980706 258.36505 203.82816 762.8517 880.1625 7 0.99766564 683.4095 103.60542 858.366 606.1993 7 0.2192509 395.38446 205.18268 822.1995 615.6742 7 0.15056488 0.09276962 436.49902 103.42297 672.76025 7 0.13064772 745.919 585.1456 770.3864 654.1011 7 0.06198673 721.42303 589.44006 740.26984 661.2296 ,test/4509.jpg
0 0.31239995 641.3257 281.49597 943.1383 898.59424 0 0.08016948 157.15714 345.1636 503.52847 953.812 1 0.16264875 641.9512 279.41873 947.35254 899.5614 1 0.07031876 434.76248 383.18936 468.46542 451.61197 2 0.99771583 155.49365 347.82736 504.39905 952.1581 2 0.82740915 638.29 281.60458 944.2769 899.4983 3 0.6826134 639.43536 281.237 945.94696 898.2602 5 0.12313919 637.3043 280.33698 944.9667 900.9838 ,test/4510.jpg
0 0.6353946 553.1361 726.7509 652.6627 789.9207 0 0.12576307 4.9065094 137.61482 375.19818 341.9909 0 0.11803622 505.0188 493.32477 587.60706 593.99994 0 0.089993514 875.58624 123.54819 1008.7913 175.55862 0 0.06170714 512.3858 501.19086 554.4937 578.3311 1 0.99088305 166.00797 341.875 918.29565 802.56165 1 0.816509 515.4757 376.09827 903.42896 779.1019 1 0.7250154 260.8657 324.25217 715.047 529.13354 1 0.6714393 191.37137 450.36273 667.93884 813.5234 1 0.4679057 504.63324 496.52768 588.67523 595.2952 1 0.458297 554.0892 725.41205 647.10175 790.4406 1 0.36952165 261.828 347.97766 568.88934 477.54706 1 0.2667242 631.03235 594.8667 930.4452 776.652 1 0.2535308 430.5078 571.72656 627.3707 643.89514 1 0.19885227 435.68658 499.50537 597.11884 601.0499 1 0.17559224 321.37213 374.51694 788.2233 607.5501 1 0.13188276 260.2845 460.06482 638.95703 653.6907 1 0.12850945 499.08075 502.58997 550.5527 592.35254 1 0.08642569 624.06793 729.373 677.4909 754.7819 1 0.080817886 521.14087 507.6514 557.6842 593.65906 1 0.06412166 477.664 608.4202 618.9067 644.6652 1 0.061201904 876.2663 126.97733 1002.57355 175.47903 1 0.050225988 521.1475 432.79858 685.68365 587.65125 ,test/4511.jpg
0 0.13416344 585.6654 432.2423 745.8545 684.7981 0 0.12934382 312.40375 94.374664 661.94714 511.6412 0 0.11530987 243.74387 84.137695 963.89746 632.6237 1 0.35645625 117.440094 81.09247 763.1311 951.502 1 0.08621363 170.8786 365.88654 641.2176 957.6016 1 0.06419372 586.4143 427.25275 744.90027 682.8973 3 0.10857042 588.4155 418.59235 744.91797 688.34125 4 0.5536719 587.5125 422.684 745.1956 686.26245 4 0.053910702 309.3177 95.07132 668.36975 513.369 5 0.24253927 323.61743 94.38376 651.9115 511.11942 5 0.14243509 585.8735 429.7295 745.2475 683.5023 5 0.06277408 123.40117 78.80118 608.9937 931.7637 8 0.16466992 587.8737 420.2103 745.0914 690.92444 9 0.98651516 603.49805 233.70789 959.51416 645.78986 9 0.80667037 273.4712 92.057465 681.5593 515.73083 9 0.56174207 243.74387 84.137695 963.89746 632.6237 9 0.16659215 119.9993 71.49655 974.3441 1014.4513 ,test/4512.jpg
0 0.12744935 350.3377 587.41455 716.4345 883.61633 0 0.12275315 0.0 237.57425 294.28964 895.6376 0 0.075505264 537.2164 0.0 1013.60443 428.8844 1 0.17878397 0.0 237.57425 294.28964 895.6376 3 0.8391775 506.01144 60.77971 598.1685 129.26767 3 0.818493 2.4752655 261.76816 103.58916 455.48734 3 0.7873399 0.0 871.6654 104.78776 990.95935 3 0.33538893 835.89966 375.84467 959.713 452.90503 3 0.29589704 0.0 978.527 164.08287 1022.5552 3 0.22576576 771.5388 266.27365 889.9813 390.26297 3 0.16512348 314.21497 865.79956 506.51434 929.87415 3 0.13880935 0.0 875.5432 271.6045 1023.21875 3 0.12017388 9.442085 921.95776 107.485374 985.38806 3 0.11428757 342.52826 5.2757187 592.50494 135.83218 3 0.065135874 364.74164 613.6845 712.72845 881.29376 5 0.15970159 0.0 979.28235 162.58147 1022.9458 5 0.14087166 342.52826 5.2757187 592.50494 135.83218 5 0.064431354 0.0 299.04706 291.23578 893.03204 7 0.97056836 22.167725 29.620361 964.6352 946.67523 7 0.26698413 363.86774 615.3522 713.1412 881.25903 7 0.19137284 0.0 295.79037 336.49457 910.61914 7 0.15454033 569.94653 161.17767 987.8696 675.3966 7 0.15244718 169.26382 458.17023 954.5054 916.38654 7 0.13911086 606.1445 172.0032 805.48126 561.02795 7 0.11195654 537.2164 0.0 1013.60443 428.8844 7 0.08451287 441.39377 104.139755 836.1996 610.88776 7 0.07991332 765.046 256.4574 889.5875 391.39655 7 0.07252307 0.5839081 33.38086 311.54248 749.8563 7 0.06353682 41.27951 712.9784 868.9701 998.8109 7 0.058500025 591.00134 744.55133 826.1294 959.9528 7 0.057503328 187.98026 85.44342 786.3579 792.6481 7 0.055720057 1.865715 871.095 100.13659 997.70386 8 0.95775795 643.20355 559.76685 968.3437 661.0687 8 0.9563567 187.116 929.20966 639.46423 1024.0 8 0.94225466 46.54139 879.7391 253.07224 1022.4699 8 0.9414192 215.58586 928.26733 426.5199 1024.0 8 0.9044151 665.14124 438.36398 1017.5831 578.1245 8 0.8330894 286.5702 864.48334 525.54987 938.517 8 0.7673114 365.0722 620.2851 715.5617 879.3215 8 0.7320279 514.98303 805.2491 586.85803 953.8106 8 0.70711553 649.4796 615.4054 977.996 805.405 8 0.7019435 772.4783 259.84625 889.97144 397.2152 8 0.47426492 0.0 977.8558 162.99106 1022.8909 8 0.37602797 875.9564 442.40808 1023.18823 578.18384 8 0.26183438 827.46155 373.67215 958.8157 453.67953 8 0.1986855 340.90524 5.5859222 592.62665 135.89667 8 0.13239054 797.8949 302.52554 890.6759 389.17606 8 0.13107586 349.35077 929.5228 521.18274 989.32495 8 0.10186263 2.6612167 869.6179 131.94351 1011.053 8 0.07723871 670.7516 443.50473 752.95544 551.70374 8 0.06669073 0.09132767 887.84576 96.07997 985.23004 8 0.06257175 180.88974 909.3247 275.97446 977.05237 8 0.061350156 630.8995 355.6187 966.6009 648.36554 8 0.05670084 14.437546 889.61194 446.04175 1015.8971 8 0.056405053 461.33743 844.22754 519.3744 877.7969 8 0.05565429 705.4486 383.87225 851.6881 470.48108 ,test/4513.jpg
0 0.9987674 281.24115 276.3051 733.324 748.1762 ,test/4514.jpg
5 0.99988043 586.6819 182.91295 828.7783 630.8254 5 0.99733907 460.576 530.9693 614.6469 728.3459 5 0.9953129 193.74487 299.99774 616.42883 717.8804 5 0.6219804 223.95078 575.1277 314.834 711.7894 5 0.13927384 412.8714 306.69232 613.1685 736.4405 5 0.061658498 653.67004 184.47485 805.82715 249.61298 ,test/4515.jpg
0 0.12871245 291.8828 234.37367 896.56494 735.7379 3 0.6136964 333.97205 233.62457 890.9817 738.8517 5 0.2328563 303.21414 233.30327 894.1112 736.43164 7 0.92226803 581.9258 798.1375 708.28174 990.2635 7 0.6375876 323.13852 233.03459 892.5918 738.6091 ,test/4516.jpg
0 0.07403685 264.93277 963.4203 411.3599 1022.692 4 0.9975853 631.472 398.07666 853.9755 842.5331 5 0.5496544 265.28452 963.4454 409.35092 1022.67633 9 0.072192706 265.0978 963.15564 411.37222 1022.755 ,test/4517.jpg
0 0.44302514 651.0256 253.01794 681.80756 307.1784 0 0.41287482 656.02716 289.3456 677.75665 346.11618 0 0.35464576 559.23694 240.30942 571.2151 311.74905 0 0.316433 636.7321 248.93243 681.7015 347.8885 0 0.2818362 617.8297 319.4896 637.3331 361.63742 0 0.27491686 559.84143 229.23909 616.505 249.57903 0 0.25490394 464.65286 651.4944 523.28107 703.3081 0 0.24853104 615.09204 200.17798 685.5536 363.40405 0 0.24106322 447.20908 606.9301 523.32434 704.1868 0 0.20433603 435.84094 606.4119 491.39435 676.08746 0 0.114105456 511.76224 811.37866 545.4387 829.26794 0 0.09878318 907.4132 0.0 985.3888 21.292637 0 0.09524144 554.7086 241.421 567.08276 312.5039 0 0.08497311 462.50235 612.64984 489.70517 671.30206 0 0.07473584 622.8052 287.41354 682.43884 351.61307 0 0.054807868 471.1739 632.77454 500.33582 663.0769 0 0.05223065 616.5124 335.46533 698.62665 388.8476 0 0.050347935 650.3525 284.36084 682.8527 376.64166 1 0.98542804 247.513 706.65356 514.3302 1024.0 1 0.9689362 844.4543 439.75696 896.3437 520.7931 1 0.5760204 560.5049 228.88594 616.3247 339.15213 1 0.30790585 614.97375 202.40619 685.9098 355.6192 1 0.19976604 676.8579 181.52768 754.2344 291.57788 1 0.13962536 636.7321 248.93243 681.7015 347.8885 1 0.137104 432.10767 605.3915 499.11194 675.47327 1 0.1033908 438.5085 600.87683 523.7413 706.7897 1 0.09295163 907.4132 0.0 985.3888 21.292637 1 0.07018183 392.45532 568.1281 578.54205 829.96344 1 0.055215582 656.02716 289.3456 677.75665 346.11618 1 0.050001662 650.9607 251.91925 681.6605 306.7243 3 0.071203716 670.09393 226.58936 783.57745 390.21735 5 0.85627466 626.0568 338.36917 679.31805 385.01578 5 0.6383338 558.0638 227.2107 618.37067 346.58368 5 0.623989 612.8394 203.15121 687.2663 352.98288 5 0.5257587 619.9187 89.800095 700.8176 217.36766 5 0.4770011 787.8469 350.55927 840.39197 400.9027 5 0.34530082 672.0965 191.553 785.3143 392.71545 5 0.33964565 615.1996 336.0782 710.55786 389.86584 5 0.32215282 677.5392 180.61133 756.3092 290.77972 5 0.30639356 807.90607 363.55438 840.56525 402.76556 5 0.2881564 514.5608 116.4131 632.0856 247.56929 5 0.22291107 747.1718 350.6184 800.2911 405.81848 5 0.21161231 466.5081 653.0905 522.2516 702.7032 5 0.15379581 692.5887 208.89536 723.1026 290.41733 5 0.14013493 716.1178 323.06107 790.4707 401.75845 5 0.106732205 434.95425 607.9271 488.47794 675.7919 5 0.104821004 713.61304 349.13376 843.906 403.83682 5 0.09731202 626.28656 125.307526 795.97943 398.43173 5 0.080698244 560.16156 239.37213 572.26483 312.50543 5 0.07815191 617.80286 102.27652 768.0094 253.70999 5 0.0694371 569.4952 203.79752 872.10077 424.00662 5 0.0653183 606.9996 109.81969 699.2911 352.76825 5 0.06378642 420.36856 606.1504 446.08994 667.0128 5 0.06034455 753.4864 52.67744 802.8973 114.293884 5 0.052740447 606.35626 122.14731 681.76166 213.7575 5 0.052724965 768.1566 343.22412 863.1266 405.64636 6 0.93157184 514.1718 116.83694 632.0632 247.3952 6 0.12134831 678.9756 179.76822 749.7843 289.76855 7 0.9988213 389.39764 565.27893 593.62274 819.0925 7 0.8196028 534.096 72.37125 940.93317 510.60025 7 0.6864354 758.09424 67.78189 875.21533 248.40631 7 0.5232997 671.6226 211.81567 784.36554 389.50494 7 0.23253268 523.272 191.5712 921.6741 780.09656 7 0.22113167 465.58453 653.07684 522.70215 702.6805 7 0.20260628 438.5085 600.87683 523.7413 706.7897 7 0.19841579 786.70264 130.69772 926.67065 431.50137 7 0.17761573 615.18207 201.47954 690.87286 367.78857 7 0.17113161 701.0871 49.988747 914.2327 266.765 7 0.16706038 624.9981 337.83984 682.5284 385.4035 7 0.16118674 608.0851 95.12889 794.31433 353.50787 7 0.15233348 602.9669 112.074005 903.48096 405.40683 7 0.1491768 437.03006 605.74896 491.2061 676.5754 7 0.14311247 679.5872 85.42608 776.38544 282.74243 7 0.11882395 786.8486 350.99182 845.44 401.65155 7 0.10203344 617.76184 191.60971 819.15625 395.82425 7 0.09810628 753.4864 52.67744 802.8973 114.293884 7 0.07574999 630.51984 248.28586 682.538 347.09036 7 0.0732498 397.719 573.3684 535.88196 742.1085 7 0.07313914 697.28033 179.43275 753.3851 287.43588 7 0.070564404 609.4668 110.047424 777.996 248.6511 7 0.06997015 735.07904 398.36826 798.9106 421.86667 7 0.059028715 747.1718 350.6184 800.2911 405.81848 7 0.057999946 853.8206 108.32262 930.632 366.0708 7 0.05769862 715.4712 50.039856 818.2073 269.05286 7 0.053603474 622.82526 418.32263 894.49554 509.82648 7 0.05304831 730.1021 60.828613 948.10443 449.79755 ,test/4518.jpg
0 0.9973991 732.64185 318.99072 930.26843 426.39752 0 0.9852203 121.1356 135.94789 180.53493 187.18169 0 0.9233403 176.12193 127.32376 227.48479 183.03339 0 0.610386 362.8034 150.70361 415.3941 224.05493 0 0.5640074 681.9774 767.84174 784.7377 1024.0 0 0.558903 912.99744 958.41797 950.7887 983.72144 0 0.54332584 722.76215 843.1788 775.72235 924.36993 0 0.43146998 635.4149 771.83264 682.47266 899.3353 0 0.4050221 365.42508 322.22577 465.3005 411.20886 0 0.3676421 281.38727 341.95282 352.8437 433.21515 0 0.36185545 646.96906 813.90826 771.7381 950.9285 0 0.3304886 0.55656815 424.55432 50.359455 511.53894 0 0.3277792 679.7885 774.91797 718.793 851.5853 0 0.3182029 707.90576 757.2786 741.84265 796.33685 0 0.2710118 589.7533 777.3468 683.5502 903.80457 0 0.23563308 674.9641 746.01416 738.5293 958.5239 0 0.2321318 498.21857 411.84937 914.40204 981.853 0 0.21694061 8.298462 837.4737 183.55745 1019.4733 0 0.17232145 586.7479 778.5726 788.4498 1021.7869 0 0.1564603 570.2381 737.521 709.4943 1004.29443 0 0.15229276 659.0121 845.6167 749.11304 937.968 0 0.14385393 131.56656 130.44742 228.79895 185.51804 0 0.13494642 419.25845 482.97308 699.36633 843.70074 0 0.13047676 333.04254 519.95276 399.81744 620.40625 0 0.12857226 165.46352 130.1401 185.39256 184.11743 0 0.12417754 415.31418 509.5617 459.63962 614.37885 0 0.11371568 518.40063 157.46616 875.515 280.92984 0 0.1085002 589.1603 782.5397 736.8992 944.5664 0 0.10764666 160.67499 428.42407 205.45508 464.78052 0 0.09778675 674.492 747.704 732.2131 862.08984 0 0.08429718 148.41156 142.10419 180.67627 189.27588 0 0.08344643 428.06567 518.8095 457.83063 596.61615 0 0.08193486 191.30336 169.97858 249.97289 193.56891 0 0.064258896 168.13675 414.05182 295.9954 557.7436 0 0.061445624 171.7881 281.7791 331.49078 420.39026 0 0.060230874 197.94049 392.72012 227.65622 433.01218 0 0.05768876 32.454483 399.46634 213.52722 491.4177 1 0.9689548 174.10815 277.60144 328.21167 416.56775 1 0.96406454 28.13765 368.81134 396.17804 849.3555 1 0.9541694 314.31226 322.81586 520.6489 573.65796 1 0.9445563 399.992 347.57043 919.4709 970.89685 1 0.7727953 329.99408 501.63675 403.1573 629.98755 1 0.6566028 415.48114 472.70773 697.612 840.98425 1 0.6199565 105.55285 660.05524 297.68378 817.22736 1 0.5784673 168.79535 649.79004 379.8932 854.7301 1 0.3014076 319.7561 448.42896 455.07697 633.2129 1 0.191591 128.8901 552.66974 406.71072 841.8471 1 0.18634188 154.14769 310.46872 548.3812 770.6089 1 0.13642839 155.05295 415.7046 400.4424 773.9762 1 0.12341007 327.99805 336.53925 533.3371 781.3061 1 0.11667762 62.84909 401.0328 212.70688 490.49203 1 0.10256231 0.5851002 424.64987 50.2666 512.2239 1 0.10097406 175.93832 126.734955 226.68701 183.53842 1 0.09037625 5.7049866 374.8811 222.95226 510.6197 1 0.07648047 149.32874 372.01337 460.901 651.5817 1 0.073335275 385.34497 510.43198 458.47803 693.88257 1 0.058603805 163.05093 294.1477 361.64896 559.7579 2 0.21401569 162.44214 662.4116 387.13763 854.3335 2 0.09086537 171.7881 281.7791 331.49078 420.39026 3 0.7769906 687.7296 911.2374 786.5552 1024.0 3 0.7518292 63.649483 843.5649 172.12784 1019.63605 3 0.7061566 558.79736 878.39825 645.0886 1010.3935 3 0.44732225 355.24033 734.8249 431.24252 850.6641 3 0.15241939 411.37076 513.6484 460.0081 624.6418 3 0.12458804 280.24527 336.1861 352.946 435.32324 3 0.08614448 10.581123 730.75336 156.28326 1013.93085 3 0.08343397 591.78186 775.00574 684.603 917.37305 3 0.07432488 689.539 802.5774 783.0385 1024.0 3 0.070636466 428.06567 518.8095 457.83063 596.61615 3 0.056436293 517.621 157.361 876.1698 280.82864 5 0.9982222 532.6946 309.71143 730.43286 417.59888 5 0.99662244 0.0 164.45407 189.1265 413.7302 5 0.7845522 355.6377 734.83264 431.19922 851.34607 5 0.7255449 167.08284 441.483 277.60287 558.36804 5 0.6678323 589.8655 779.35754 683.542 903.6809 5 0.6388848 558.8347 878.5768 645.1655 1010.28845 5 0.6261261 515.9369 156.14473 876.7136 280.5452 5 0.5295875 526.5749 370.69482 614.0528 412.55475 5 0.48339102 677.80774 769.8178 728.27747 852.8837 5 0.42982075 19.39074 396.51047 214.673 495.32224 5 0.40058985 436.67935 303.57257 528.9466 357.60864 5 0.35043693 437.1844 237.09302 523.14044 360.57404 5 0.33590445 359.89667 142.6985 445.96057 347.14026 5 0.24575782 687.60126 910.33594 786.67145 1023.92017 5 0.23032242 635.4149 771.83264 682.47266 899.3353 5 0.17265815 570.2381 737.521 709.4943 1004.29443 5 0.17158538 0.0 417.5196 96.98674 510.3059 5 0.13055106 410.50208 512.0365 459.3247 623.12524 5 0.10160041 331.1494 506.56558 401.82825 630.1945 5 0.08789168 2.2710114 380.1635 276.81256 534.5017 5 0.07210667 22.455639 387.9866 110.09451 440.08725 5 0.0703032 5.3519974 372.8286 198.22229 446.60693 5 0.0680024 681.96765 760.6213 786.1394 1024.0 5 0.059083022 363.86383 128.3007 525.9734 356.70715 7 0.99110377 35.886024 666.037 91.79722 745.4415 7 0.17132987 6.6125717 381.71118 223.56766 503.2121 7 0.13313775 0.53956795 424.5431 50.310623 511.73138 7 0.10179757 0.0 417.5196 96.98674 510.3059 7 0.07750061 280.74155 335.15903 352.3317 436.40744 7 0.06103129 518.40063 157.46616 875.515 280.92984 ,test/4519.jpg
0 0.2446959 391.44382 869.6105 423.14462 894.0021 0 0.1947092 51.184036 148.46884 442.63843 746.3733 0 0.09107496 485.25113 768.7583 518.3745 813.2283 0 0.077345245 573.2658 541.3433 593.0369 600.0529 0 0.07210046 365.5371 446.56836 509.76276 721.4481 0 0.058037743 845.4501 549.6487 865.84204 620.10986 0 0.0568015 571.0496 542.6793 583.2083 599.2008 0 0.05460653 560.29755 552.60614 574.6888 595.8343 0 0.05380422 475.6474 823.55975 691.981 913.94086 1 0.97716004 355.70142 444.26953 662.5421 839.2689 1 0.88761944 526.6247 592.943 591.85785 717.58923 1 0.7460152 357.5321 453.4932 543.2535 775.88025 1 0.7343627 429.83755 447.08295 534.4433 710.4908 1 0.3712333 476.62085 617.57355 520.84595 699.3151 1 0.35084105 478.0473 569.21545 608.70514 871.8329 1 0.16597529 531.4823 547.68964 581.3922 599.5457 1 0.15643045 486.65988 742.7886 607.51984 845.99194 1 0.14952336 541.04083 653.9298 584.8913 713.6362 1 0.124137215 476.96283 453.17383 547.99774 703.49365 1 0.091718756 652.9538 596.35876 720.2094 741.4231 1 0.06686516 455.3022 450.27222 656.6562 703.0077 1 0.06269075 514.4987 611.29596 536.1862 684.7723 1 0.052798297 462.0349 595.7586 596.66394 727.3852 1 0.051629648 473.19022 586.22034 540.1624 699.7484 2 0.15034746 528.6176 594.22174 592.1309 710.5346 5 0.081092596 528.6176 594.22174 592.1309 710.5346 5 0.05344832 571.0496 542.6793 583.2083 599.2008 7 0.9856501 516.3222 898.22363 810.017 1024.0 7 0.95275956 49.740417 224.24486 440.11487 730.2636 7 0.08487759 54.954483 156.07681 401.17828 405.34866 7 0.051890872 392.14465 870.1631 423.59137 894.2169 ,test/4520.jpg
0 0.33500397 241.61386 210.75015 747.06226 851.2648 5 0.23026463 240.57465 210.1279 743.79767 848.66907 9 0.7611413 243.74432 214.95407 743.24115 844.3839 ,test/4521.jpg
0 0.69267577 639.7231 0.4420166 982.9539 947.35016 0 0.6760464 313.6793 13.993561 770.91223 916.5442 0 0.1862364 445.9713 525.8353 689.3419 936.02966 0 0.17360118 0.0 817.9929 193.47594 993.3833 0 0.1144492 386.55792 342.3886 443.5677 790.7596 5 0.6314025 431.0904 521.86066 694.2852 940.342 5 0.18968758 93.28436 562.2566 702.0936 926.48206 5 0.06534684 626.17505 0.77679443 977.35864 944.33655 5 0.057836697 0.0 817.5367 193.33717 993.07684 7 0.60658973 698.04736 226.14932 730.68994 351.45346 9 0.46941897 0.0 818.30334 192.0971 992.0923 9 0.36034635 304.71826 16.079132 807.96533 912.4894 ,test/4522.jpg
0 0.41177136 271.55695 574.50116 773.0755 860.19293 0 0.251889 284.52588 645.21967 526.5832 751.5046 6 0.30497378 271.22485 571.2432 781.754 860.72406 9 0.99587905 248.10693 119.8302 808.4745 469.79425 9 0.81965977 265.6207 569.65314 780.96045 859.77875 ,test/4523.jpg
0 0.08405726 930.0077 141.71307 1023.30615 313.80823 0 0.079294205 808.9998 7.5702515 1024.0 324.87378 1 0.89695483 806.9082 4.962494 1024.0 312.45618 1 0.28946766 928.3577 141.40096 1023.2879 314.09668 1 0.106578104 821.0412 28.607979 1021.8719 190.01367 3 0.95764893 71.03827 261.6688 472.9344 623.339 3 0.06180443 535.0755 618.1055 850.4262 830.4317 5 0.99884844 578.96716 280.1052 912.0155 611.0785 5 0.9690276 533.5831 618.90546 851.61487 826.1337 5 0.33298975 73.402725 260.99545 472.85504 621.7368 7 0.066793114 932.2613 141.48727 1023.9205 313.86987 ,test/4524.jpg
0 0.45640755 293.27362 344.53345 353.0573 423.7489 0 0.16543187 921.91895 509.75134 1022.78796 733.2285 0 0.1511561 597.367 6.652809 663.05524 132.62228 0 0.12379077 225.82907 461.71924 519.3705 622.8635 0 0.09620875 525.75415 588.8621 874.7875 797.64044 0 0.067065395 334.86447 452.0837 504.13315 522.7 0 0.056232613 505.02155 557.96295 729.8797 698.2891 0 0.052870397 296.7426 345.6292 352.01056 365.52405 0 0.050607797 699.8385 322.88824 797.7333 369.6975 1 0.9746617 340.69223 282.69266 641.67017 466.09604 1 0.96158874 392.22943 199.48387 936.83673 318.7611 1 0.9259121 227.3257 458.55457 515.6627 622.9901 1 0.6591932 922.0708 503.8241 1022.516 733.92896 1 0.46972016 525.75415 588.8621 874.7875 797.64044 1 0.36104298 291.68414 347.18362 353.17767 424.75894 1 0.3004488 337.33374 199.71674 950.16907 482.13025 1 0.28677756 504.76422 561.986 728.2808 697.93463 1 0.28161365 503.5924 638.0669 575.55676 671.9939 1 0.17994937 509.49677 541.1728 617.79584 666.16315 1 0.15291293 594.0521 531.82385 640.0509 557.9536 1 0.13569224 863.08685 228.07224 944.80084 277.13858 1 0.09709535 400.67426 193.90172 537.82544 317.1957 1 0.07672982 533.6172 544.59283 609.2623 609.69464 1 0.075948834 976.47833 0.99928665 1024.0 37.113884 1 0.071051806 558.5647 538.93286 739.6914 636.109 1 0.06849295 588.0811 531.526 682.945 557.7097 1 0.06593002 956.069 422.30438 1023.999 668.9621 1 0.06441964 517.6079 504.87326 838.0486 692.5925 1 0.060746543 886.1722 254.99731 942.98505 277.8333 1 0.059630334 336.21158 473.69962 491.82907 511.1569 1 0.056928836 786.82446 214.56906 950.1062 281.93567 2 0.15792611 508.95645 593.60126 717.8307 699.54266 3 0.8506959 507.51385 592.9491 716.54193 699.4286 3 0.1589588 587.303 546.1054 740.27356 662.11676 3 0.11175392 596.90607 623.82635 703.80316 696.7635 3 0.05369216 688.81635 509.50708 849.2691 670.74365 5 0.9965737 80.18617 284.22995 248.10588 606.1526 5 0.96112967 599.79376 475.65475 718.53204 547.56915 5 0.9323604 112.72046 189.81836 322.354 399.13025 5 0.6485334 617.4009 364.5266 939.656 541.61194 5 0.4079283 293.6728 270.71976 362.547 350.71182 5 0.35965735 704.9071 281.20355 1000.83496 538.38605 5 0.20652558 681.9162 478.98358 718.9648 544.7152 5 0.17530032 699.9508 285.31683 982.28784 376.6574 5 0.17065448 142.70193 589.47815 191.87631 619.5498 5 0.16747712 459.29517 463.13202 630.3872 537.2008 5 0.16612089 703.41284 518.8575 769.0365 542.68243 5 0.14951041 778.83484 372.78906 937.9689 536.49945 5 0.13616934 291.86624 304.4579 356.16483 357.53815 5 0.1317315 583.4778 260.93802 987.8401 673.093 5 0.119203106 494.138 471.39352 724.076 542.08057 5 0.11434512 588.6406 541.15826 740.8894 620.7142 5 0.10689863 545.38666 453.34317 618.6302 534.0701 5 0.08906902 497.9176 484.14355 618.3779 531.7733 5 0.08057591 586.0904 475.98853 750.48065 669.8815 5 0.07815846 814.8847 304.55002 949.3652 354.4382 5 0.06815392 914.70154 611.1435 948.56335 639.9953 5 0.06469007 921.35394 510.87024 1023.1363 720.0304 5 0.06330093 600.52826 490.81787 881.6464 673.6122 5 0.058467586 373.2319 459.9377 762.51587 544.1475 6 0.203439 409.22046 201.79326 920.3424 317.4511 6 0.17146413 921.35504 508.1363 1022.7238 733.5639 7 0.99873966 660.5337 0.0 977.6216 150.07117 7 0.99385947 978.54767 128.33507 1024.0 270.1159 7 0.9012746 687.8547 506.29764 861.6248 678.6217 7 0.8762015 695.6639 284.67474 1024.0 385.31067 7 0.52901334 587.8329 133.77173 780.10657 221.88235 7 0.44747433 596.63806 6.940468 662.9636 132.2551 7 0.3682217 739.4954 570.63336 896.8698 684.0745 7 0.26500717 341.80902 450.04297 525.0939 537.0903 7 0.18812583 587.3197 535.4018 738.6144 636.18744 7 0.15057084 511.02667 494.59875 880.4163 693.03015 7 0.13652606 292.4773 344.41104 353.21008 423.91818 7 0.07664635 1006.682 126.93498 1024.0 273.6054 7 0.07084315 221.49913 458.81757 519.9509 622.7609 7 0.06875561 412.67044 457.35724 473.54306 483.93018 7 0.06315218 341.1804 495.2578 519.7211 536.48145 7 0.061119337 586.0904 475.98853 750.48065 669.8815 7 0.055793587 596.2835 540.96875 683.70026 625.60364 7 0.054121763 618.43384 272.3593 1015.18665 646.79803 7 0.05319215 862.4988 278.7367 1024.0 387.0974 7 0.052758414 428.80966 200.22762 900.85876 323.26447 7 0.05124975 354.16916 453.79114 491.06033 496.55334 ,test/4525.jpg
7 0.9998648 46.331787 53.543915 590.6531 975.08435 7 0.99970967 506.17868 154.57037 971.6986 775.58124 7 0.055653423 542.96173 284.06708 571.9191 433.9715 ,test/4526.jpg
7 0.9996536 234.36044 9.513977 795.06177 962.13385 7 0.05396375 232.47513 1.85289 464.7643 432.78845 ,test/4527.jpg
0 0.13431388 86.525085 543.0403 125.73404 605.8584 0 0.080653556 82.58536 567.51025 114.41731 604.63513 0 0.05227346 622.4707 260.2618 674.85144 310.48514 0 0.050239712 743.5071 257.10532 986.5536 429.16013 1 0.060168367 85.56459 538.0462 129.85352 607.89215 3 0.113980204 565.9886 0.0 598.32 234.10938 4 0.22959428 395.4577 379.90253 439.5807 416.57776 5 0.15242973 691.42505 263.89658 728.47437 297.46823 5 0.087852634 682.7266 251.00146 733.1518 300.61 6 0.9985619 731.3195 211.85928 986.5843 543.8821 6 0.21487598 743.5071 257.10532 986.5536 429.16013 6 0.06354209 900.7732 437.94925 950.90076 505.4338 7 0.9997856 532.47534 361.28693 653.54895 654.1535 7 0.99972934 22.371826 505.6073 306.21722 943.4529 7 0.9996923 274.0116 480.2168 491.60144 828.7716 7 0.99776065 602.8975 212.92319 769.7858 612.2794 7 0.9944459 363.60913 379.8376 566.42566 657.2725 7 0.74194956 187.46501 486.57748 281.38037 636.96326 7 0.40094736 622.572 260.63397 675.7449 310.52948 7 0.39902142 628.22906 206.44656 747.0103 317.25943 7 0.34144616 63.9943 512.95276 213.45425 607.0985 7 0.26148632 86.59029 526.84973 131.87878 607.9519 7 0.130247 364.83347 377.51486 514.8029 506.82126 7 0.118086964 367.253 471.5775 475.64594 637.432 7 0.114735804 68.87323 496.28558 268.94788 632.67706 7 0.09571859 255.22804 524.1439 286.33746 659.3854 7 0.08496099 668.86896 215.4142 737.8984 301.68716 7 0.08226801 458.50903 383.8824 556.9371 663.7863 7 0.07866274 624.5884 225.49524 689.0698 312.10474 7 0.07626611 594.09845 210.05078 740.05084 390.38794 7 0.06499408 239.37007 565.71234 279.0288 629.21906 7 0.059707906 249.79875 530.179 282.98178 606.1237 7 0.05588986 85.815475 544.94727 133.62848 581.03235 7 0.0534659 238.27458 517.32434 290.07178 620.4083 ,test/4528.jpg
0 0.109887905 439.8073 558.07196 486.2448 742.57855 1 0.9964616 130.10143 500.5765 562.4543 830.8302 1 0.97318834 130.30716 283.74274 749.1542 838.7398 1 0.3864163 260.15668 291.38403 730.3983 652.2765 1 0.33958206 249.55319 600.4618 441.7715 706.51025 1 0.13886705 439.30728 559.40497 485.78317 742.4709 1 0.097970605 246.43222 575.7267 456.14438 781.3019 1 0.095796436 426.51404 529.42316 561.23145 831.05536 1 0.08855501 240.16579 451.77347 580.44977 751.4304 ,test/4529.jpg
0 0.492609 953.6419 734.0895 1008.12787 887.1837 7 0.9997036 179.44873 171.96967 794.2854 727.09973 ,test/4530.jpg
0 0.7174479 427.48935 614.3884 682.3351 781.9652 0 0.27554807 304.27722 231.08255 349.6787 306.34732 0 0.10038829 493.29584 341.64276 652.5113 441.75385 3 0.32897124 493.29584 341.64276 652.5113 441.75385 4 0.997038 618.79083 287.90753 831.3393 716.16034 5 0.12117006 425.53497 614.21606 683.2138 782.6963 7 0.36720118 304.24323 231.12604 349.84424 306.44617 7 0.12934901 427.76086 614.47253 682.1854 781.8353 ,test/4531.jpg
0 0.88450366 160.37784 632.74585 428.03757 898.1382 0 0.36769378 106.038864 851.0965 161.60081 901.2601 0 0.3138591 171.53067 309.39932 405.8173 886.42236 0 0.25399655 1.0504208 180.32256 40.22313 305.04364 0 0.16708186 90.84457 29.482883 205.74536 152.76309 0 0.109036475 386.99014 0.0 1024.0 1024.0 0 0.08013204 215.78911 379.1327 340.8151 432.24878 0 0.052458562 3.2378616 856.4914 152.57019 1024.0 1 0.78376585 337.77515 0.0 564.4636 27.55576 1 0.46431613 0.53627014 179.95956 40.279312 305.0451 1 0.35073376 46.93286 10.850952 787.6891 421.49622 1 0.2812146 511.99615 0.0 849.7309 31.739939 1 0.20588055 64.94217 0.0 1024.0 999.71716 1 0.18477912 0.0 190.13338 45.089493 632.77747 1 0.14291835 105.63822 849.9985 161.97446 901.10455 1 0.1304332 6.446575 182.08011 79.39189 1024.0 1 0.12179877 2.1214294 271.2611 149.20216 1017.8418 1 0.098492734 1.5267639 147.38785 51.06825 929.9009 1 0.09113217 332.97482 0.13695145 861.6609 64.85112 1 0.079921156 32.671432 438.3162 529.07385 966.62354 1 0.07165223 3.4313354 854.8289 152.90692 1024.0 1 0.06415439 528.8396 0.2204895 851.9785 88.818924 1 0.05851942 82.97757 5.641098 830.2134 140.19978 2 0.42012176 518.4069 0.0 852.1484 28.460094 2 0.34174815 333.1701 0.0 580.6284 25.060331 3 0.9434501 357.7934 350.21106 747.1445 806.9453 3 0.34087756 513.9589 1.0479364 850.79926 29.855103 3 0.101381995 156.95972 311.68756 719.19666 878.4797 4 0.060476534 169.65195 315.8931 560.51807 897.7781 5 0.74590695 153.42807 314.95923 738.0991 867.52185 5 0.18318082 274.7179 300.6341 470.17102 429.27954 5 0.15473571 221.35457 377.62665 516.4141 862.93243 5 0.1339109 169.09988 312.7194 385.4752 787.7355 5 0.08518627 523.7218 0.0 845.7335 27.927608 5 0.054319195 152.18634 635.47266 548.6404 899.0404 7 0.8017045 492.41058 0.0 1024.0 1024.0 7 0.41391015 0.0 173.12746 42.005043 444.63464 7 0.19511633 112.512115 50.117424 201.01465 152.32703 7 0.115196526 0.4697857 180.18246 40.085274 304.9952 7 0.105531774 170.2808 313.2419 578.82227 900.5233 7 0.093897104 11.945801 0.0 1019.52246 885.89905 7 0.06948169 106.038864 851.0965 161.60081 901.2601 7 0.052949704 0.0 4.4655304 54.21727 303.80603 7 0.050830197 152.8147 634.34717 517.2236 894.7583 9 0.18276256 158.36024 632.8689 428.4461 896.82056 ,test/4532.jpg
0 0.1254374 736.29016 0.0 980.96533 374.93155 3 0.9855897 229.0773 306.6554 872.9675 662.87744 5 0.08295453 735.7363 0.0 979.7461 375.4853 5 0.060486317 229.32285 306.2605 871.593 659.8699 6 0.05574373 735.81104 0.0 982.80554 374.7845 ,test/4533.jpg
0 0.9646568 114.90146 372.2177 433.84842 439.82788 5 0.98355985 410.22272 221.0369 864.832 868.2632 7 0.2793385 405.30136 223.66272 861.8237 867.9458 ,test/4534.jpg
0 0.99394435 272.16815 151.61609 601.3635 370.21008 0 0.80371124 268.9464 326.99695 606.54193 576.9416 0 0.2369998 381.22473 151.6907 598.02655 291.20715 0 0.18652946 2.4572296 264.56082 168.45738 304.1766 0 0.12306629 242.72842 219.65948 279.2471 298.42834 1 0.051958125 275.48157 150.01639 565.17706 371.53824 3 0.91462106 156.2563 63.667583 223.16911 141.27536 6 0.09515979 268.69376 327.57794 606.7355 576.6349 8 0.05646638 156.25998 63.8362 223.31805 141.37135 9 0.17444332 268.53024 326.90137 607.3751 576.442 ,test/4535.jpg
9 0.990168 292.92435 414.2897 830.74304 997.87244 ,test/4536.jpg
3 0.999706 388.00806 510.43576 784.8231 728.7295 6 0.42679918 950.6366 882.783 1024.0 1024.0 7 0.3195406 396.4479 432.65033 491.1841 506.4571 ,test/4537.jpg
9 0.98754394 97.461395 261.38873 938.9518 894.1818 9 0.29292026 469.1529 62.970367 802.0413 492.64804 9 0.056078084 376.7738 72.41687 939.3911 801.72076 ,test/4538.jpg
0 0.99993706 393.25067 345.1205 699.467 712.9336 ,test/4539.jpg
0 0.99228257 415.866 295.17664 665.35223 769.61206 0 0.32386646 618.0567 547.3404 648.39264 699.0279 0 0.2468096 619.458 638.5115 647.8087 694.06165 0 0.23127192 446.87817 301.81232 642.52454 473.46783 0 0.075939655 55.33943 884.3878 110.259155 949.0359 1 0.21932496 619.13586 638.9746 648.54565 691.93286 1 0.051294465 618.0567 547.3404 648.39264 699.0279 2 0.99997365 129.08676 396.82828 378.15997 648.79895 7 0.60166186 623.4817 295.6558 680.9137 517.50183 7 0.19946516 615.55695 291.1705 673.6873 672.3889 7 0.18130499 618.01904 545.8973 648.7241 699.2192 7 0.17154537 618.6051 637.47644 648.7046 694.9011 7 0.06283321 427.9171 291.20697 670.65906 729.9612 ,test/4540.jpg
0 0.9807972 581.27026 569.84216 795.32983 699.95435 0 0.41828346 271.92856 10.910034 602.2947 956.96277 0 0.3480043 796.0025 139.24701 817.96906 187.94888 0 0.16444805 79.24432 450.2129 141.71733 494.7379 0 0.1643565 614.69055 142.79886 653.6256 181.1709 0 0.13852632 683.1737 38.30124 734.19763 175.5537 0 0.09661679 0.38430023 388.79953 83.04404 536.47626 0 0.09439045 806.9294 600.9703 1017.28375 733.0278 1 0.9966305 59.992676 370.51685 285.5321 496.6562 1 0.9032374 807.7255 614.5892 1017.45514 729.2105 1 0.6280722 179.75365 377.2858 289.32727 480.42874 1 0.60396653 586.2392 159.11551 820.9627 524.2108 1 0.32995453 590.66 356.06766 797.9642 523.4522 1 0.1475132 4.478348 378.62344 289.19836 663.50867 1 0.101430334 0.008888245 389.30988 82.52416 535.97876 1 0.085421264 71.714226 435.08722 273.0605 496.75787 1 0.07295962 78.315475 448.75104 185.00557 495.5321 1 0.055229336 616.6321 142.60155 818.23254 183.60692 2 0.7727802 590.50903 159.02264 814.95825 399.68884 4 0.99683136 129.26727 630.098 356.7969 1013.28394 4 0.7778577 853.7666 796.13104 1022.7455 1017.56146 4 0.114079855 842.0545 341.3156 930.6484 439.30157 4 0.07831827 830.5935 621.0791 1023.37146 1010.0104 5 0.852328 843.57385 660.28705 1022.35583 868.02655 5 0.5267771 0.5006027 389.58313 82.2262 536.5209 5 0.49268022 830.5935 621.0791 1023.37146 1010.0104 5 0.33460075 683.41846 37.16487 734.0354 176.14508 5 0.12797566 583.9375 197.97006 605.729 379.91208 5 0.117357366 841.8423 340.58826 930.60364 438.79938 5 0.079536065 160.58937 93.867096 305.9651 403.09906 5 0.053537674 849.001 796.7167 1023.2123 1016.0348 7 0.9138706 273.7793 9.120392 606.0316 955.0137 7 0.18025082 160.58937 93.867096 305.9651 403.09906 7 0.17937078 0.13043213 389.0387 84.05239 538.30304 9 0.072139464 271.92856 10.910034 602.2947 956.96277 ,test/4541.jpg
0 0.22534026 602.5662 458.46448 692.3162 537.4564 1 0.29255685 602.5662 458.46448 692.3162 537.4564 1 0.066364795 108.77234 498.31427 494.03522 907.4294 2 0.97773874 109.46016 497.4015 493.58954 906.3218 3 0.999881 538.43414 321.81912 902.90204 834.0404 3 0.883796 535.5413 336.66553 681.77655 807.64954 3 0.3772379 539.8056 351.8039 683.22687 563.0817 3 0.1130965 536.24603 474.7624 647.23395 656.43 3 0.06352398 602.0894 391.35696 683.07916 547.7573 3 0.056887895 610.3313 448.24988 693.56165 778.1206 5 0.2047199 109.79907 497.58676 493.67474 906.88794 ,test/4542.jpg
5 0.98771274 248.71721 419.66647 410.69397 568.044 ,test/4543.jpg
3 0.052241813 369.37183 601.9756 507.30176 631.2925 8 0.99231637 343.86896 709.4725 498.67108 762.1589 8 0.9510956 367.6365 602.0366 507.5438 631.3977 ,test/4544.jpg
5 0.9992041 356.78375 93.697784 735.02094 927.67944 5 0.27300707 365.18326 470.4922 712.74426 876.4485 ,test/4545.jpg
0 0.9978096 325.0874 413.18817 742.98193 576.7864 ,test/4546.jpg
0 0.5280182 194.31966 46.967834 521.39813 452.1769 0 0.08897266 211.40082 568.0421 828.0339 837.6366 5 0.97385335 211.59302 569.2561 830.37964 838.92957 5 0.07227636 195.64516 50.282455 523.4657 450.30444 9 0.7803027 195.07321 51.143814 523.0687 451.7425 9 0.11564351 213.04672 572.30554 832.9883 836.9956 ,test/4547.jpg
0 0.4168675 343.99197 442.20337 572.705 566.5081 0 0.16094811 292.07 433.99643 745.8969 677.9844 1 0.8914337 291.65222 434.99152 747.2809 684.9366 1 0.26455256 343.65588 441.91522 573.1532 567.1078 7 0.33950904 291.5665 433.9511 747.12256 683.6108 ,test/4548.jpg
0 0.8003835 0.0 718.924 219.95068 1023.5147 0 0.7119415 109.97395 624.9619 165.12083 724.8125 0 0.14090349 119.15584 764.1697 210.68275 1022.13306 0 0.11344469 355.58044 0.2571869 414.54932 250.3608 0 0.072353855 160.27057 413.09256 659.27484 868.4321 0 0.051943418 144.25366 27.10147 494.95154 849.1311 5 0.1612927 560.1876 354.82288 923.30774 845.12915 7 0.9537127 566.9604 357.39926 921.5629 842.67737 7 0.8147151 161.12167 380.9135 925.641 861.2515 7 0.40349105 216.78413 407.85492 498.4485 869.50995 7 0.09340741 387.33972 426.09308 637.8684 847.03864 ,test/4549.jpg
0 0.0834748 390.45886 301.47418 457.95166 342.13617 0 0.061760377 507.70294 532.1746 990.5291 913.2619 1 0.99171406 506.26007 531.51074 990.5534 913.85754 1 0.06614647 390.45886 301.47418 457.95166 342.13617 7 0.9998902 220.05887 330.96088 544.34375 697.9141 7 0.9997166 15.71434 194.66682 372.3824 542.2385 7 0.96563697 364.79922 192.42361 459.67667 346.62222 7 0.7318088 249.11278 348.64258 508.31824 447.16827 7 0.2666725 346.68372 309.58322 499.46558 450.3417 7 0.11356328 322.73572 327.495 461.8871 373.80707 7 0.076426946 376.16812 297.359 463.39597 375.8216 7 0.059109848 388.13522 325.8302 461.09372 344.49188 ,test/4550.jpg
0 0.055558875 571.44336 147.50035 773.90015 598.2284 1 0.9987116 134.77734 202.04303 763.9021 859.0627 ,test/4551.jpg
0 0.28664747 230.0677 324.7267 650.7953 859.8795 1 0.91800094 228.92734 335.78976 654.93604 863.42175 ,test/4552.jpg
0 0.37340763 381.68207 378.84857 648.8774 631.53174 0 0.2359567 393.15985 479.63013 486.78156 567.93823 0 0.092716604 395.74255 480.50006 514.0014 614.1982 0 0.052758254 306.56372 505.6174 418.2198 627.5017 1 0.9431248 314.70758 373.85004 645.7731 656.4499 1 0.39264464 307.25183 506.09042 426.58417 627.296 1 0.31881538 304.41968 497.30048 620.6136 636.89215 1 0.18745236 396.00812 481.36435 517.81366 618.5197 1 0.11937065 389.10333 450.76385 611.11694 617.87494 1 0.051582716 392.5759 569.8143 604.56775 670.15375 ,test/4553.jpg
0 0.9976261 198.07455 568.44275 262.47687 608.7395 0 0.1474583 455.9866 455.51108 488.0328 485.79544 0 0.087873265 720.2604 395.9454 767.0797 456.1453 1 0.9902362 364.15387 340.86157 757.7032 561.1776 1 0.9413991 756.82526 249.39468 872.22845 420.35892 1 0.9280033 53.534042 463.83624 485.0699 840.9002 1 0.80054593 256.311 352.1831 972.95337 690.8231 1 0.5422028 702.4835 345.90244 966.8694 467.0079 1 0.5417483 363.2405 400.8722 941.4917 598.5269 1 0.42835546 36.564606 366.43854 907.9752 830.9941 1 0.27149972 238.42581 457.23926 572.24817 702.75806 1 0.23529229 701.2811 255.73854 888.6044 456.5833 1 0.22094065 756.81506 196.58412 825.8967 417.34265 1 0.18493648 721.5635 418.8455 782.75916 457.2054 1 0.1671122 385.54205 347.02396 751.5048 460.40176 1 0.1598831 222.89896 466.6897 802.5935 649.0303 1 0.1483724 706.9958 362.9963 764.5108 458.04233 1 0.12704019 673.61456 397.62598 710.878 427.42682 1 0.11764063 723.6841 387.8345 763.0122 452.04288 1 0.106087364 388.29193 448.55087 730.785 548.1293 1 0.08484139 420.06024 381.12585 738.4903 506.15118 1 0.07990665 559.0675 303.11066 974.7241 540.3189 1 0.07243131 761.4199 200.74226 837.2355 275.3387 1 0.06898217 812.80255 259.22067 877.08344 269.257 1 0.06897566 699.4614 272.87537 761.8059 394.0927 1 0.06347897 375.8858 439.3323 865.42633 703.96533 1 0.0527448 798.8045 264.60358 862.5666 417.47644 1 0.051539168 762.9101 313.24634 897.2465 467.42535 2 0.09476541 756.85254 255.94806 869.3706 420.4931 ,test/4554.jpg
0 0.8891954 940.7412 625.2433 1015.1787 694.81323 0 0.7791394 911.47504 765.18866 974.2631 865.5833 0 0.5907921 431.10226 186.31705 447.89133 279.82654 0 0.53862816 666.2897 592.8011 801.31665 711.05634 0 0.39833686 160.71477 477.17227 196.9908 586.45953 0 0.22796382 814.818 609.5264 856.6925 639.2281 0 0.21407881 546.3494 129.41788 562.48663 197.74548 0 0.19486856 420.10757 186.64319 451.24094 294.03134 0 0.17671345 299.2168 156.06552 329.59064 280.6412 0 0.1684843 175.04585 525.3519 197.60521 580.8445 0 0.12765525 118.93962 605.52966 238.9528 694.66064 0 0.12673855 303.70047 158.23334 321.2994 253.65955 0 0.12272763 425.47324 189.29434 440.8185 273.269 0 0.09107171 757.91943 605.82306 796.17566 705.6729 0 0.06172879 544.3476 126.96334 556.8945 182.25214 0 0.057686515 285.45367 151.1106 333.3941 329.0942 1 0.40658504 666.3792 592.74774 802.6069 710.53815 1 0.21550067 118.93962 605.52966 238.9528 694.66064 2 0.75775605 610.1644 197.1946 694.9341 296.87247 2 0.56441325 666.6205 592.83887 802.18677 710.2738 2 0.14616443 510.4279 173.7036 578.87006 314.3006 3 0.13655281 404.3606 187.86093 459.66132 359.40726 5 0.97165215 510.12332 173.86089 579.1408 314.14575 5 0.94171035 275.7145 208.58676 334.69083 328.32175 5 0.8055951 118.696335 605.3134 238.52916 694.5544 5 0.7595772 610.4118 197.16295 694.7061 296.55185 5 0.3850225 203.76944 576.5054 244.31726 623.6885 5 0.18083541 404.3606 187.86093 459.66132 359.40726 5 0.12308028 428.66672 186.8966 452.7051 283.19766 5 0.09979064 220.99834 577.5879 241.05217 627.8391 5 0.06333007 160.5887 477.89093 193.06322 580.97675 7 0.2806084 911.9439 765.62665 974.1121 865.5274 7 0.1410654 160.64648 477.984 192.17383 573.90686 7 0.05179538 170.94048 493.82874 200.38799 593.73804 ,test/4555.jpg
0 0.77470213 940.14197 487.59344 1023.0371 823.0854 0 0.74665487 0.0 2.4947968 1024.0 484.74805 0 0.5428271 800.7621 1.5433044 1024.0 521.3053 0 0.26773667 0.0 0.0 491.15088 419.5378 0 0.25437528 0.0 5.3417053 250.01622 430.03796 0 0.2330062 556.155 2.2657623 1024.0 512.6746 0 0.22589915 14.234192 677.06665 1007.52966 1020.31555 0 0.20457876 897.97253 500.1887 1019.8041 948.7079 0 0.12598261 5.193695 674.38055 437.85718 1024.0 0 0.0875632 31.468231 97.87573 1005.32043 880.6912 0 0.067151114 3.201229 838.7051 114.925674 1024.0 4 0.13036634 966.5497 491.9189 1019.15625 569.866 5 0.9492176 1.7567139 280.98203 263.32797 877.485 5 0.94125503 146.84338 235.55557 962.25574 872.8529 5 0.11521553 966.5497 491.9189 1019.15625 569.866 7 0.35723233 1.0048523 332.00226 264.24673 873.1342 7 0.31163192 177.13986 317.21896 975.1212 841.97424 7 0.26579642 6.555359 0.0 1024.0 889.32275 7 0.138051 879.30554 458.2689 1022.11414 964.4385 7 0.051553607 5.6537933 665.1861 409.74225 1024.0 7 0.051318023 940.7095 488.3654 1022.5652 829.92664 9 0.32257292 14.919006 684.0316 1008.6797 1019.1039 ,test/4556.jpg
0 0.13771212 818.6016 105.39315 880.1125 156.832 5 0.99475574 95.07031 150.86566 888.1962 665.10077 5 0.12318017 98.492676 269.12567 576.0519 666.1562 7 0.35262445 124.49173 150.16849 890.94275 673.23413 ,test/4557.jpg
0 0.19272967 587.24384 99.800186 780.1711 384.05487 1 0.7998566 587.20734 100.20271 780.4216 383.84308 1 0.056720387 314.10037 615.9435 564.98706 878.65356 2 0.99699533 285.77087 615.41437 589.8615 881.15106 2 0.4573999 587.5349 101.640976 780.17175 382.73407 5 0.7504577 510.26147 618.79407 593.06433 882.4193 5 0.06801717 286.3404 612.9581 593.0357 882.0182 ,test/4558.jpg
0 0.98376817 294.31693 313.9646 939.9828 740.7627 1 0.09139354 294.50024 308.08398 932.8047 742.4287 ,test/4559.jpg
0 0.30474254 196.40329 310.26312 791.7345 792.77313 0 0.23352432 949.46216 563.6887 1023.3093 1022.78174 1 0.66538507 196.6178 311.6969 791.16876 794.08044 1 0.2122249 949.8797 579.839 1023.44257 1023.8362 2 0.09230244 197.11859 311.00525 792.95416 792.00195 5 0.05371372 948.77704 574.9932 1023.3742 1023.24445 7 0.246878 196.73282 311.93927 792.2936 791.7463 ,test/4560.jpg
0 0.99826765 132.79883 279.56796 954.06775 599.74744 0 0.54957485 190.9697 449.45807 379.6984 778.3166 ,test/4561.jpg
0 0.3664461 688.1665 566.3906 837.0703 650.8755 0 0.12887134 207.21454 867.26337 539.8005 969.585 3 0.9980405 399.5487 58.02971 601.90344 198.3993 7 0.94302595 207.89804 867.3016 538.9337 969.1822 7 0.9225487 691.13904 567.77234 834.9402 651.6489 ,test/4562.jpg
0 0.9352604 376.2901 364.55234 579.9079 743.9656 1 0.3865935 7.7025146 0.0 471.70975 192.18317 1 0.24850395 375.6551 364.20135 579.87994 743.31683 1 0.06698765 385.134 340.28326 951.4879 740.2061 ,test/4563.jpg
0 0.11471269 799.7077 223.49869 908.58246 414.8311 1 0.6903582 0.0 0.9165039 996.1082 1024.0 1 0.5462161 319.30392 27.39598 972.5686 172.7394 1 0.45884869 315.85892 82.47603 1016.36487 421.2732 1 0.35470247 7.3268127 0.0 479.41165 961.78503 1 0.28584772 0.0 688.17163 1024.0 1024.0 1 0.14846776 606.9119 154.97873 1006.0889 964.47656 1 0.105633415 554.0359 535.694 1016.6461 915.6632 3 0.091898486 665.29236 358.11047 728.69336 448.57654 4 0.9863565 314.2593 383.73517 466.78238 580.00964 4 0.9710442 568.51917 560.1944 724.4911 747.93365 4 0.9611388 274.11432 499.42322 457.14917 701.3613 4 0.93624187 447.5651 440.1279 592.76605 631.72156 4 0.9242403 419.53067 571.89075 574.89026 731.15845 4 0.9195377 536.18665 242.724 675.85535 509.86896 4 0.91342145 326.00696 699.60693 553.0453 846.48645 4 0.8578904 186.95796 681.47437 458.48132 833.1323 4 0.7724503 461.18744 332.5611 592.10455 558.6061 4 0.46858132 441.62268 360.86035 589.62683 728.0205 4 0.45713088 400.4645 538.46576 459.03323 581.2724 4 0.3289508 313.9483 246.31905 486.95398 518.04736 4 0.31728235 440.14618 334.87274 550.5721 464.13977 4 0.3043664 346.70557 336.26727 533.65955 459.28033 4 0.27477622 313.13016 444.52213 546.1533 584.871 4 0.25442436 293.26797 279.92398 482.72653 702.8734 4 0.25005278 334.82343 670.6974 447.4853 723.97815 4 0.19621831 452.94653 396.1494 485.1524 461.30542 4 0.19051573 262.07562 425.44818 473.65564 788.8293 4 0.16710815 665.29236 358.11047 728.69336 448.57654 4 0.14444834 378.40396 382.0286 487.8754 438.76993 4 0.14365844 283.61108 529.8822 571.8676 722.1659 4 0.14322314 312.73367 388.37317 456.40292 471.44562 4 0.13132778 384.0215 406.06583 457.55685 463.56113 4 0.09279308 375.92438 534.4975 459.857 594.602 4 0.09104921 270.5923 496.9291 426.74805 615.233 4 0.08626016 421.20374 173.59903 698.0764 650.10645 4 0.08511934 516.99426 513.3721 591.12024 644.8186 4 0.08410966 292.43445 593.42163 466.80792 704.77466 4 0.080133766 237.94531 588.18787 573.09106 801.32263 4 0.079970844 448.68555 386.6424 507.12006 459.31415 4 0.07355508 388.15692 439.8716 455.69775 461.42892 4 0.071201995 447.3827 428.8693 478.3329 464.03024 4 0.06964015 431.41452 438.8886 476.10788 462.22058 4 0.06939488 798.9808 221.38669 908.28253 415.18826 4 0.068579614 559.81177 169.58176 675.0497 313.26096 4 0.06297522 628.99554 237.93266 682.7873 470.36194 4 0.059198193 576.8946 384.8665 660.22784 498.93497 4 0.05567829 422.101 156.1308 566.7308 467.885 4 0.050426967 577.8118 462.3716 591.253 528.9579 5 0.9940262 610.6938 393.00568 877.41644 679.66144 5 0.95148706 398.8338 159.99283 560.64185 346.05978 5 0.9332994 662.3111 218.0419 837.1104 458.34952 5 0.8789609 305.4506 248.26633 496.0538 451.1711 5 0.8691701 580.6715 215.77444 895.4789 742.9015 5 0.6561185 798.8905 221.3466 908.35803 415.0475 5 0.36756986 325.08597 168.56076 558.9608 419.62143 5 0.20019686 572.1725 421.1037 738.6887 747.613 5 0.19338313 559.81177 169.58176 675.0497 313.26096 5 0.14058165 406.6784 175.14558 678.15326 417.2069 5 0.13795783 675.48596 244.51149 717.3749 275.9616 5 0.12595521 560.04974 165.81155 646.0607 266.84555 5 0.085600235 627.89746 239.4827 717.97424 300.66098 5 0.08126386 665.29236 358.11047 728.69336 448.57654 5 0.07149307 664.4681 270.66708 727.1595 455.6857 5 0.063146286 578.3732 467.55988 592.47406 529.287 5 0.059361015 522.7269 193.68517 676.1196 510.76862 5 0.05202517 315.049 24.433495 937.0872 154.22183 7 0.18771498 628.6907 236.27643 687.203 330.4519 7 0.055097554 799.4237 223.2546 908.39453 414.43658 ,test/4564.jpg
0 0.15826502 251.73175 217.25253 657.2393 798.7899 1 0.071508616 250.75252 216.47433 658.3331 799.2246 2 0.9806758 249.81955 217.1222 658.24854 796.84814 ,test/4565.jpg
3 0.9998171 446.03436 461.0935 649.0053 730.3981 ,test/4566.jpg
0 0.09013094 16.759216 123.63832 142.00981 248.84569 0 0.05478926 954.59784 590.5377 1022.6524 664.8274 0 0.054158203 777.3003 744.2817 840.42944 765.76447 1 0.8508651 15.685287 123.460205 142.26814 249.876 1 0.67066544 606.9108 514.7747 748.9449 638.78046 1 0.19668142 954.59784 590.5377 1022.6524 664.8274 1 0.091188036 954.3799 289.59402 1021.74475 369.92502 1 0.079900995 728.1909 590.15045 1023.3093 664.0141 1 0.06763889 953.33203 292.17587 996.8617 327.51755 1 0.06530204 637.7837 263.49667 660.8894 291.09256 1 0.055890214 245.63867 535.2911 429.54907 606.538 6 0.15529859 749.8294 579.14624 1020.4471 653.1587 6 0.124564976 608.905 448.25778 1010.8396 641.1926 6 0.1198902 716.88 632.3777 927.72644 796.4381 6 0.094561145 756.8705 442.10944 992.0156 598.67413 6 0.083985835 954.59784 590.5377 1022.6524 664.8274 6 0.05584108 737.9027 513.90436 1005.44055 641.0755 7 0.99479204 570.55225 178.0914 1020.6113 846.126 7 0.98887664 12.368622 143.99243 627.0593 948.0647 7 0.9546774 178.27968 60.33568 640.44977 398.21875 7 0.5575182 6.063263 223.71648 564.1185 669.2503 7 0.50058854 436.76758 72.74118 490.79114 110.05884 7 0.24271072 582.00244 503.37384 1022.4928 812.7398 7 0.19328235 76.23535 489.27682 593.58673 932.61304 7 0.16666229 592.55066 173.40088 1009.70264 519.9488 7 0.15241182 636.85724 261.5899 661.1043 290.96014 7 0.1269738 39.848312 525.90295 439.7984 678.31006 7 0.123855494 730.38837 603.11926 1022.4609 669.9918 7 0.097331665 954.5062 590.1972 1022.73596 664.93475 7 0.08663551 470.75885 1011.1541 527.5801 1022.41 7 0.07407353 582.6431 330.52417 1015.57745 646.9628 7 0.053801488 190.52896 91.91159 516.9248 325.06805 7 0.050180968 731.52844 639.3718 917.7656 682.8125 ,test/4567.jpg
0 0.80036014 378.48367 286.0453 770.823 894.56396 0 0.503841 129.82883 596.8224 243.01526 774.396 0 0.09448468 377.36285 315.57495 638.7197 746.8865 1 0.42323098 376.74054 285.48117 773.53864 894.64453 1 0.07928868 101.315445 325.2204 570.496 765.37836 5 0.30954334 130.78319 598.4 241.81432 774.03467 7 0.062432766 379.7209 285.16904 774.9062 899.0674 ,test/4568.jpg
0 0.9932868 873.5524 909.0976 1015.79816 1022.41656 0 0.64926666 363.17065 458.10922 549.6441 668.0827 0 0.07960282 622.2355 0.0 742.14014 100.2307 0 0.06606123 441.03912 456.1908 524.54407 504.5075 1 0.45922706 363.01138 458.03458 549.7286 668.3662 1 0.07177496 873.52356 908.10504 1015.58325 1022.59296 5 0.13836741 623.7135 0.0 743.13574 101.63205 7 0.90001357 368.31537 167.32765 660.46356 674.1818 7 0.27185383 363.06918 455.59793 553.15594 668.43646 7 0.10740583 441.92325 455.45398 523.29926 505.09082 ,test/4569.jpg
0 0.9070399 297.89462 304.12555 861.84204 756.1547 7 0.15334435 299.20154 304.1134 860.0293 764.36206 ,test/4570.jpg
0 0.9820743 445.27997 381.67566 759.4943 646.1417 5 0.09287772 444.49133 380.92395 759.6018 645.8391 ,test/4571.jpg
0 0.23986281 0.0 337.07758 156.20056 662.49365 0 0.21332337 216.79083 536.11597 248.54053 633.0276 0 0.08738244 420.6602 16.040588 956.1024 429.78006 0 0.07552701 367.45886 548.48944 713.7648 758.2957 0 0.061635744 192.51256 313.71484 471.8097 660.10535 1 0.98883396 324.53625 276.04892 852.28284 791.5864 1 0.8710447 416.95465 648.9882 698.6186 823.6596 1 0.7137621 1.5321732 319.75204 159.76694 663.8246 1 0.42352292 415.44373 670.58655 535.8831 811.72595 1 0.35564494 420.6602 16.040588 956.1024 429.78006 1 0.22625759 357.44098 581.33167 631.47504 819.47546 1 0.11738558 310.7331 315.5901 490.46503 511.97272 1 0.09722313 0.0 300.6291 511.69427 662.52484 1 0.07014144 321.19302 456.52277 684.8998 838.3188 1 0.06957432 382.5592 548.108 696.2488 751.23846 5 0.21869919 189.58917 443.90204 389.24878 618.7763 5 0.15507036 192.51256 313.71484 471.8097 660.10535 6 0.056406766 0.0 338.7853 155.62122 661.8972 7 0.8822276 202.10518 446.66968 401.93146 657.17505 7 0.15713978 185.14603 307.26263 489.04776 662.87585 ,test/4572.jpg
7 0.9992403 338.7653 121.00992 658.82874 769.2567 ,test/4573.jpg
0 0.9382776 521.3621 424.81024 576.2336 594.85547 0 0.06726766 118.79465 585.98975 617.208 1024.0 2 0.9961599 393.3019 565.7219 609.2992 869.6753 2 0.16065463 416.76996 558.96136 604.1672 651.73834 3 0.81522363 470.74966 497.32968 543.8674 591.18207 5 0.20747179 469.1162 497.7407 548.06274 587.9205 5 0.050517954 515.37305 424.3924 578.9502 596.6506 7 0.8681985 133.72191 759.0177 545.0631 1024.0 ,test/4574.jpg
0 0.9079714 0.0 589.3046 216.84021 1013.3505 0 0.225712 978.7511 313.24286 1023.7407 414.55713 0 0.11722355 505.62814 237.96085 575.81287 264.77527 0 0.10120115 890.5741 358.24167 993.5984 434.7421 0 0.08248068 16.537231 351.94672 186.2425 413.22064 0 0.081974424 355.87976 267.28003 648.7994 411.96173 0 0.0737775 449.30548 314.22922 651.2862 405.14676 0 0.06364504 0.0 539.07166 426.80423 1021.3373 0 0.06104547 111.416245 362.30463 436.12738 607.95874 1 0.9847112 385.8946 816.75006 710.78204 1024.0 1 0.9568649 728.4231 126.52061 1024.0 358.95633 1 0.88126445 122.55231 0.4438858 1019.3127 243.47565 1 0.860223 364.0912 266.59793 638.27515 346.14243 1 0.8578287 1.5550919 150.0647 197.16583 408.66724 1 0.8443573 211.69237 3.6965714 716.72577 164.939 1 0.8076717 143.95268 0.0 284.46332 117.722855 1 0.75711995 120.10936 379.50558 402.79846 607.99854 1 0.74908155 2.1263733 0.0 390.64938 373.01538 1 0.7415345 2.2434998 3.7590408 274.96344 230.96677 1 0.67506933 1.0560303 135.71182 624.708 407.52988 1 0.6738967 324.22742 142.10156 521.03973 276.56345 1 0.55166674 448.41562 226.91962 508.3616 259.74753 1 0.48883182 564.6992 0.31907654 1020.4939 204.73453 1 0.48039374 140.28001 149.30122 507.74176 371.90405 1 0.4660748 160.25006 181.41129 288.0641 278.63638 1 0.45109737 499.60803 233.92622 580.95154 268.8704 1 0.4116148 153.68253 242.2298 621.1393 385.42328 1 0.41001183 447.78485 195.88788 516.57275 263.81754 1 0.39249465 102.22426 93.284584 253.4514 236.99878 1 0.3639676 8.863159 67.21444 355.2852 267.73477 1 0.3238278 584.8696 45.919037 1023.1166 409.43365 1 0.3094133 138.04095 0.0 371.87567 191.30981 1 0.30574447 214.8997 142.23695 327.05072 221.10524 1 0.28186202 167.05211 259.72748 426.53845 369.46027 1 0.27421698 442.05292 150.59459 666.4494 265.6725 1 0.2627251 210.72798 138.01363 590.88226 286.52136 1 0.2417349 1.9690475 105.58414 213.30716 642.57056 1 0.23337579 700.9568 19.762878 1014.3235 281.02112 1 0.22913387 335.87708 269.75275 651.6563 403.89685 1 0.21953627 431.81308 227.3853 615.0728 272.50424 1 0.18439698 906.4091 113.32156 1021.80475 221.5491 1 0.18141134 191.2088 108.41062 374.58618 216.63269 1 0.17536166 7.544159 294.0072 177.90123 417.3073 1 0.16882418 117.36285 147.92088 330.6428 238.95406 1 0.13415618 824.7352 111.925415 1017.96533 200.15543 1 0.1271876 153.59195 191.74915 413.38815 316.8436 1 0.12540819 57.03508 0.0 346.4065 111.347565 1 0.111680046 605.2961 266.82434 801.7192 484.5196 1 0.108233914 98.6131 177.67159 148.16362 225.04152 1 0.10177955 156.8458 345.1895 309.50937 393.75543 1 0.09885644 149.03198 189.15425 282.3159 350.45844 1 0.09106745 1.0404663 239.56367 406.8027 629.67523 1 0.08845726 241.84987 178.7407 334.4182 226.58711 1 0.08484933 403.02777 75.618225 934.11163 263.64874 1 0.08322353 34.756256 188.27975 694.819 616.21423 1 0.07809213 161.55223 342.45804 194.5233 387.78787 1 0.07807882 191.73 111.368385 300.12036 163.45262 1 0.068817705 427.4787 235.87242 524.101 265.2256 1 0.065441966 127.57352 320.01456 195.85251 381.43576 1 0.0653277 0.0 92.69678 140.39658 214.50311 1 0.06415242 130.69258 336.74933 568.33215 598.83795 2 0.21776 143.2976 0.0 285.45682 117.31876 2 0.16279252 191.2088 108.41062 374.58618 216.63269 2 0.1434331 120.10675 379.7756 402.2616 608.099 2 0.10367517 506.25873 237.48318 575.1949 265.65527 2 0.09212517 102.22426 93.284584 253.4514 236.99878 2 0.06523273 168.30713 137.60052 328.5095 250.6055 2 0.061416034 30.214172 39.427803 248.13593 236.20175 3 0.070056 506.25873 237.48318 575.1949 265.65527 5 0.27914456 80.531845 0.0 155.05688 72.8147 5 0.12551643 119.67059 374.9796 404.83936 606.29205 6 0.9693581 1.2135925 342.5905 184.87209 565.97345 6 0.95130247 0.0 528.191 422.83252 1018.9462 6 0.9333558 617.5062 281.64404 797.10754 487.48895 6 0.93230444 771.41 365.3866 1022.28143 664.1533 6 0.37276456 770.5846 357.1604 982.0027 453.6518 6 0.32524168 1.8528976 518.53955 155.77695 619.381 6 0.26787052 0.0 483.2084 123.06096 559.49255 6 0.20079803 0.0 572.6592 223.89604 1013.89514 6 0.19182788 19.429932 342.79462 183.32811 414.95758 6 0.18497044 0.035007477 518.697 121.6541 565.60754 6 0.14681445 4.5937195 139.49042 202.38731 649.96704 6 0.12685096 44.36557 362.5036 433.88364 611.9839 6 0.075647846 43.432724 299.55075 439.62115 911.5896 6 0.07223967 760.7569 472.20605 819.3497 529.7172 6 0.06605418 363.80814 275.9804 787.31934 488.24835 6 0.06530343 890.5741 358.24167 993.5984 434.7421 7 0.9877061 270.57678 329.53278 742.6181 807.7662 7 0.9646569 434.39276 423.7339 1022.20905 918.4939 7 0.3133987 521.2697 337.76022 644.95233 395.08145 7 0.20941426 160.45615 331.1648 573.33325 603.8424 7 0.19679502 505.62814 237.96085 575.81287 264.77527 7 0.15430412 431.7885 321.70636 653.1893 405.62506 7 0.12173394 119.67059 374.9796 404.83936 606.29205 7 0.08595688 304.4451 316.96277 663.25464 444.19208 7 0.07856432 497.348 660.6531 622.30365 791.568 7 0.07780006 306.86945 318.04926 763.3969 525.92896 7 0.07604843 553.9037 279.87183 644.2678 414.14752 7 0.06965675 156.13031 379.2942 305.663 468.66003 7 0.062178567 82.09533 0.0 154.26205 76.51266 ,test/4575.jpg
4 0.9942173 342.60022 379.13635 806.1782 619.7138 ,test/4576.jpg
0 0.383431 428.5374 399.24243 662.9273 641.8214 1 0.82894593 427.27246 399.83972 663.4177 641.4658 ,test/4577.jpg
0 0.13294017 406.88177 152.24614 506.52466 279.69684 0 0.123258 192.16426 283.46838 209.56075 338.61737 0 0.09799971 185.03323 282.33533 200.13382 349.57758 0 0.08560527 473.21567 89.301285 549.78455 194.99196 0 0.054130446 180.35785 281.88184 212.91672 350.31287 1 0.9282783 406.55487 154.03763 504.8158 282.54977 1 0.5282839 415.80328 89.08586 565.82086 187.56822 1 0.423818 412.3393 92.847946 490.09656 177.7889 1 0.33847257 473.3134 88.79294 547.9224 193.80316 1 0.22265565 408.53558 80.53347 596.9411 296.645 1 0.0714484 171.43907 400.55447 240.28319 477.4767 2 0.27019063 471.3928 88.414276 557.23016 193.95041 2 0.22779794 407.09598 152.18158 506.3348 279.15155 2 0.079853445 232.29205 384.18396 261.20444 449.18512 2 0.05514819 235.01219 404.1637 256.48572 468.97754 5 0.99478084 150.24536 290.65063 243.67172 482.59137 5 0.8928041 230.4738 302.37793 273.9533 433.70538 5 0.41871867 541.7872 85.897995 572.8089 187.58974 5 0.40451816 470.05756 88.27865 561.5264 193.52094 5 0.33298662 173.04686 402.92096 239.03139 480.71906 5 0.16826233 247.76639 305.51263 274.03378 376.78613 5 0.09302821 214.866 290.76355 296.62442 453.72577 5 0.06827223 252.88637 296.3929 288.12695 450.95468 5 0.06586075 404.91217 152.8332 506.86243 279.34796 5 0.062245198 230.22318 434.15182 256.49783 478.93723 5 0.060786355 185.5114 283.83197 238.55559 445.46387 5 0.060017336 237.1433 410.2708 258.33148 468.8363 5 0.05765283 540.7144 93.70134 558.138 190.0901 5 0.057376705 155.52763 310.2958 238.44292 407.10654 5 0.05630507 413.51904 92.78892 487.66632 177.76984 7 0.99956185 244.8743 162.2551 718.306 885.5105 7 0.9993506 611.60925 167.37726 926.90063 739.8209 7 0.67233884 408.11313 79.26074 633.7062 362.1939 7 0.46579328 259.44467 183.51712 432.8517 487.13748 7 0.21671955 673.9304 124.48358 784.3231 254.63556 7 0.16103764 404.91217 152.8332 506.86243 279.34796 7 0.15484834 497.70984 28.342175 568.4032 95.13231 7 0.113538936 448.78262 576.799 516.7683 656.73883 7 0.06857657 609.85425 118.8907 803.3867 300.22345 7 0.063860714 228.55434 295.5863 274.48865 455.87787 7 0.058400508 240.24156 721.8221 278.57013 886.3453 ,test/4578.jpg
0 0.07501785 282.75006 291.29486 516.3994 700.57135 1 0.1513309 282.30774 290.6786 514.7465 699.6103 2 0.12791926 282.30774 290.6786 514.7465 699.6103 6 0.92401475 282.78705 291.44177 515.66064 701.4049 ,test/4579.jpg
0 0.56916577 143.93707 360.7092 311.4629 406.76218 3 0.93515795 112.379364 312.61313 818.31946 652.313 3 0.06568964 142.92065 360.87665 311.33975 406.76678 4 0.18324272 110.3121 312.3244 822.72363 651.40137 5 0.13472314 111.56113 312.93597 820.9713 650.9893 ,test/4580.jpg
0 0.22679643 273.70966 140.57462 619.6361 364.3297 0 0.11034083 251.06357 117.58482 823.8334 395.36725 0 0.060714528 318.04123 207.90439 557.9779 320.2211 0 0.059502043 0.2374649 150.0151 156.7135 193.61969 1 0.9703409 865.3927 609.10284 1019.9674 1017.7806 1 0.07357248 951.4417 633.8908 1021.63617 1019.602 5 0.11996644 228.38507 162.77908 753.73016 377.05734 5 0.0764053 235.98036 151.14996 354.48016 367.92834 6 0.32750806 312.8368 79.48771 538.5733 178.61569 7 0.998976 92.46695 82.04938 861.7274 994.168 7 0.41904855 96.97345 60.295547 874.60736 528.7999 7 0.3386323 135.45668 112.16486 215.87538 193.69128 7 0.2591087 449.25494 34.764862 858.9721 398.9991 7 0.18389864 261.7981 141.0899 637.1958 371.99353 7 0.105267264 178.89746 125.2078 340.6087 308.07877 7 0.09104713 31.683868 125.59307 338.51196 315.9138 7 0.08912508 200.91779 162.94931 797.54236 433.80612 7 0.061392453 232.60464 123.89268 821.3616 296.09164 7 0.05916383 250.90688 161.57626 355.76144 373.87228 ,test/4581.jpg
0 0.31899947 252.96811 254.26666 398.8253 372.26428 0 0.12773158 338.95673 390.26056 604.847 635.1716 0 0.099024 702.13837 329.90152 899.0639 417.93008 0 0.08245371 123.51373 259.63416 430.13885 403.3424 0 0.06380798 453.76257 264.3657 657.38354 361.566 0 0.05748753 510.7853 800.4465 630.72296 908.6026 1 0.9331095 450.75812 258.49405 713.1409 359.8159 1 0.9137886 2.7336426 178.80676 954.1252 934.04224 1 0.5607856 335.86084 140.91077 714.9354 363.56842 1 0.49805248 251.61917 252.86337 400.48642 372.96494 1 0.2880478 155.07834 179.34357 402.87747 381.2237 1 0.27156746 147.61893 176.1153 385.348 280.6053 1 0.21053125 512.29236 193.66669 707.6504 355.52045 1 0.14078861 45.55562 225.1421 394.10333 437.66058 1 0.11216408 123.51373 259.63416 430.13885 403.3424 1 0.1010654 702.13837 329.90152 899.0639 417.93008 1 0.095124476 135.20688 357.5793 235.52216 455.84677 1 0.07639549 349.75757 100.1656 885.09534 409.67627 1 0.07130097 487.16467 130.92178 1019.6937 735.7571 1 0.071240276 452.93378 178.32594 732.038 410.0829 1 0.06373905 509.0134 803.1486 628.7435 909.0986 1 0.05857189 135.9169 294.99344 383.1497 462.08902 1 0.05147859 369.24493 277.4791 476.4314 324.72342 2 0.10271756 347.37695 125.88984 537.839 321.48224 3 0.9477851 347.04617 124.35628 537.0658 323.9027 3 0.3728173 337.55927 392.49036 605.99866 628.54065 5 0.83165944 580.57654 349.75168 875.6273 591.78186 5 0.6940318 133.67549 298.35486 389.52258 462.20898 5 0.68399394 372.98657 305.10968 783.6754 578.353 5 0.6064706 337.91077 393.71558 604.8998 634.4862 5 0.41555452 570.47345 504.4856 664.1978 612.62427 5 0.29795402 463.6367 337.19766 668.8917 516.3809 5 0.2964434 131.04747 331.34625 238.3206 464.58685 5 0.29032278 643.3707 410.78296 837.0834 582.47754 5 0.26139864 592.06964 546.9912 663.49164 609.2987 5 0.21076487 80.91269 231.31564 201.33743 403.4149 5 0.16890293 92.262825 272.3587 294.184 395.8957 5 0.16753626 362.7594 305.8161 545.99786 410.01337 5 0.16628331 73.622574 232.29137 150.0219 292.99878 5 0.11869766 86.61662 247.62146 405.74725 568.20026 5 0.1115337 123.51373 259.63416 430.13885 403.3424 5 0.096190885 240.04866 433.7603 355.32178 559.2997 5 0.09022948 45.55562 225.1421 394.10333 437.66058 5 0.090006314 543.6315 463.5588 667.152 599.33264 5 0.07079485 158.22433 287.83594 270.331 355.76654 5 0.06193127 199.90039 368.83646 392.4831 453.96304 5 0.06026799 106.83602 310.63333 198.4426 394.15366 5 0.05104574 83.39685 246.96307 310.06845 340.19598 5 0.05060288 362.36627 216.93413 952.16254 691.01825 5 0.05043236 346.32623 120.62219 551.1206 352.48798 7 0.99064976 833.80554 0.0 1024.0 273.27808 7 0.98314244 829.5648 242.15845 1022.93555 737.39197 7 0.98161674 517.2988 0.0 840.40674 181.4162 7 0.9265607 524.47473 1.5022125 896.6572 355.70203 7 0.90023273 0.0 0.0 570.8157 303.99298 7 0.3710285 339.10233 391.01733 605.9824 631.6553 7 0.22570825 323.5366 0.9412689 548.00757 190.46072 7 0.1967752 672.6579 237.03647 1001.0555 397.66483 7 0.1853381 146.8643 0.0 539.07947 215.18979 7 0.18303537 346.47342 124.30617 543.9919 331.4441 7 0.15231702 2.663086 214.81235 978.4613 931.5492 7 0.13258043 738.51733 261.8528 1012.1046 511.98392 7 0.12918547 525.29126 183.35515 570.4878 216.7418 7 0.12817726 487.16467 130.92178 1019.6937 735.7571 7 0.09665096 782.2929 477.1586 863.21796 525.4041 7 0.09261323 830.2387 5.79245 886.5728 236.54214 7 0.08988446 343.95517 142.55754 706.05396 357.23755 7 0.08654545 252.96811 254.26666 398.8253 372.26428 7 0.07428 356.88162 296.13464 920.6002 617.5045 7 0.06604408 387.81857 288.4862 707.85034 573.62335 7 0.064743854 349.75757 100.1656 885.09534 409.67627 7 0.056914765 662.53613 7.7420654 1014.6124 642.4176 7 0.056148514 123.51373 259.63416 430.13885 403.3424 7 0.050698183 779.9804 0.0 883.12384 236.57434 7 0.05024475 784.625 447.28436 841.994 529.7374 ,test/4582.jpg
0 0.9998216 115.73248 204.59311 876.0324 802.9276 0 0.13663042 446.66092 190.48663 527.93726 242.1417 ,test/4583.jpg
3 0.99940324 304.4099 446.26016 703.9498 741.1488 ,test/4584.jpg
0 0.39500958 357.20276 158.76532 467.20544 202.81711 0 0.2516066 487.2293 220.30176 644.367 298.2423 0 0.051474538 464.3283 185.1576 809.5793 708.36224 1 0.9990633 94.20502 107.51477 830.0722 834.37085 1 0.17331104 437.2211 167.72696 823.84546 715.9442 1 0.10008972 214.17697 363.33917 640.39343 820.5983 ,test/4585.jpg
0 0.17777711 328.75992 259.98535 701.4929 786.0758 1 0.96745443 326.17117 242.63022 700.739 788.6454 ,test/4586.jpg
0 0.9589302 396.27933 278.22034 461.31735 446.07477 0 0.6829768 394.53378 273.3062 500.5701 576.99225 0 0.12246122 783.669 341.00092 1021.8526 403.51294 0 0.087150715 761.3441 275.38303 816.879 371.81937 0 0.070857264 393.99667 355.91504 484.9315 444.9881 1 0.99973255 331.36703 530.83386 591.0924 711.49927 1 0.9883754 634.8785 426.90436 819.6115 568.58545 4 0.052927155 626.03 370.19034 836.0493 604.37915 5 0.9993868 297.61615 358.464 621.0221 780.04724 5 0.99389124 627.08746 368.8119 837.81866 605.6717 ,test/4587.jpg
0 0.40104896 147.72327 646.87524 294.3293 822.60046 1 0.21966377 200.24933 247.43823 1004.4074 963.9302 1 0.06252248 147.72327 646.87524 294.3293 822.60046 2 0.16485323 146.27686 644.36865 295.26877 822.5958 3 0.55604094 147.00256 644.6604 295.0414 822.6594 5 0.3966394 146.4704 644.39 295.1551 822.5797 ,test/4588.jpg
6 0.059169587 713.7185 883.5283 762.46606 923.12256 7 0.9981401 194.89316 71.98758 896.34436 941.97375 7 0.09080547 211.92813 77.60654 586.8976 534.90063 ,test/4589.jpg
1 0.9822068 105.12744 167.09628 878.04877 849.94104 ,test/4590.jpg
0 0.774913 969.75464 798.4284 1023.86316 1024.0 0 0.4812619 869.66406 564.4002 907.5493 599.21 0 0.2500053 228.5784 162.58847 386.70578 257.19 0 0.23628247 953.97614 885.8572 978.0213 986.3594 0 0.20796697 406.4449 158.90466 670.7536 385.91406 0 0.15243107 741.24493 547.65796 883.5047 835.51465 0 0.09764435 822.4268 657.89764 903.7852 809.9544 0 0.08629806 319.74072 315.26587 369.5006 377.75043 0 0.082889855 224.41002 159.21094 430.50983 327.4334 0 0.056296285 771.45404 548.1308 875.17035 683.3454 0 0.055622105 744.1063 785.3893 828.0941 881.71704 0 0.052426614 432.38293 494.26416 448.4356 579.5686 1 0.9988071 101.82779 197.6082 381.694 520.7692 1 0.99567956 266.12097 388.6811 444.33807 662.78705 1 0.9756237 582.88153 515.2525 779.639 797.99115 1 0.81687653 552.23193 32.46624 691.6693 283.79694 1 0.66344315 442.5207 163.31609 663.00726 376.01617 1 0.65597796 383.17123 318.43106 440.87064 410.10605 1 0.6181607 741.9072 779.66925 939.73694 937.79425 1 0.473495 220.38141 161.18762 427.6714 333.5379 1 0.39918035 463.6762 289.54865 529.8293 359.13977 1 0.23800118 965.7372 537.63605 1023.6107 640.2978 1 0.2210561 741.296 540.54144 879.71533 883.7299 1 0.20310728 582.82983 448.3905 881.4099 836.70435 1 0.19774558 477.12036 35.48802 693.9282 363.9856 1 0.19385654 741.8252 650.81366 925.5813 926.5915 1 0.17426674 423.2498 329.9696 645.7064 590.25165 1 0.16607384 822.5114 657.4772 903.89215 809.9358 1 0.16114715 772.57275 550.3894 875.2438 680.3242 1 0.15686959 228.5784 162.58847 386.70578 257.19 1 0.12792647 744.1063 785.3893 828.0941 881.71704 1 0.1176662 862.9498 590.641 960.32935 649.02563 1 0.11329864 969.63983 779.7891 1024.0 1024.0 1 0.10775329 397.18887 159.69322 578.6415 391.22986 1 0.10643268 143.61441 160.09348 622.2865 472.3044 1 0.09270507 526.20544 151.24481 668.92554 344.15283 1 0.08892748 205.63092 252.51964 355.97058 376.7254 1 0.07236044 432.38293 494.26416 448.4356 579.5686 1 0.06919917 820.6641 550.3895 972.92426 815.2615 1 0.06706299 325.41296 314.4299 370.8952 374.7252 1 0.06698772 221.97043 287.5645 697.3988 646.9496 1 0.06656804 768.8449 493.2575 1012.706 972.2878 1 0.06383592 133.57373 264.35117 349.97586 434.9141 1 0.055532433 110.08824 286.7349 299.59113 517.6285 1 0.052826572 762.3631 544.1295 1008.86456 726.9164 1 0.05163998 836.56635 658.437 892.7243 746.157 1 0.05088797 416.65894 479.55536 449.95923 586.3177 2 0.06334546 581.99713 515.262 776.47675 798.3132 3 0.31269327 925.3878 880.60187 956.3806 923.92474 3 0.121709004 954.1685 888.4657 976.4172 953.93726 4 0.1479058 925.3878 880.60187 956.3806 923.92474 5 0.999485 747.9226 864.6952 838.6394 990.00793 5 0.9974274 256.77917 670.65 294.8108 715.4678 5 0.3448587 383.18918 318.2594 440.81302 410.29657 5 0.29280156 954.1685 888.4657 976.4172 953.93726 5 0.20035131 925.9712 879.99524 956.2711 923.7241 5 0.0933353 423.56815 329.1725 647.6395 590.7186 5 0.08076508 398.79993 397.59296 435.20404 444.43817 5 0.062027104 715.8235 869.90894 760.92065 907.0836 5 0.06076285 742.9894 657.1205 852.19006 809.47217 5 0.05294726 924.60114 881.6885 974.2674 938.8628 6 0.11432718 772.57275 550.3894 875.2438 680.3242 6 0.06521048 763.03455 545.13824 876.192 792.44403 7 0.9985354 656.5695 1.0210876 1023.8211 567.94336 7 0.8575513 602.6188 382.4187 724.28955 529.845 7 0.85245204 419.67786 34.327393 538.67474 218.9379 7 0.7470946 822.52295 657.21014 903.94104 809.42487 7 0.6294913 424.52557 328.2732 650.43536 590.4616 7 0.5540714 407.60706 150.60983 660.12 378.59067 7 0.47052583 743.23444 656.73804 852.16486 809.204 7 0.4360494 836.56635 658.437 892.7243 746.157 7 0.29080492 398.14752 164.16684 533.536 383.95847 7 0.28819168 361.8889 649.5819 383.89194 708.69653 7 0.2609953 932.77264 545.8246 1021.9654 740.3729 7 0.19619533 408.43268 25.234497 708.268 484.1289 7 0.19564807 742.2598 542.2667 882.2353 849.2954 7 0.18099353 398.79993 397.59296 435.20404 444.43817 7 0.15968654 413.3528 36.50316 604.58514 358.0796 7 0.10366319 381.37927 318.02377 470.01404 411.46573 7 0.10140508 492.20813 35.167343 696.88293 308.02423 7 0.096633345 756.7088 558.7981 1015.2028 824.4796 7 0.094586104 576.9473 380.5349 928.62665 552.1539 7 0.0927016 965.5699 542.1488 1020.6451 822.50244 7 0.07376028 938.53015 520.98444 1022.20593 933.32465 7 0.06534997 836.5081 724.4 871.6391 792.6207 7 0.05505741 682.2895 42.39155 708.2819 137.25797 7 0.05234215 983.2699 629.3821 1022.17505 807.448 7 0.052134685 436.78607 361.86176 477.8255 390.28662 7 0.051775463 597.91956 371.84824 772.99963 577.07513 9 0.1835762 970.2075 797.66064 1024.0 1024.0 9 0.09673962 983.608 673.0205 1021.05817 804.06726 ,test/4591.jpg
0 0.8894859 1.6042252 513.4946 76.36082 580.5405 0 0.77554566 46.002747 353.5985 257.97046 598.65247 0 0.14215153 300.04218 27.14212 757.2255 496.71976 0 0.09904974 218.53043 96.224884 868.8085 386.185 0 0.09475545 307.98584 39.211304 970.3373 750.43207 0 0.07107341 459.91553 210.37476 912.25684 637.0358 0 0.06927763 157.95578 279.4124 435.33774 727.21 0 0.06246785 234.93765 126.85978 369.92966 332.79077 0 0.056014802 427.64072 196.23668 691.6915 548.1614 0 0.054526735 232.8136 105.47807 540.48596 412.62756 1 0.81550187 437.77832 175.3169 915.5592 616.3993 1 0.7052472 173.93845 24.437286 927.5797 670.1289 1 0.47045416 223.32693 92.0137 821.19214 385.3178 1 0.12877907 152.94305 548.8062 203.86118 590.80585 1 0.12540193 45.095787 353.8659 260.3164 601.06903 1 0.0861751 217.00375 125.99748 493.225 469.90265 1 0.0854178 135.98805 367.85477 186.02934 404.20236 1 0.08259524 426.94342 77.92908 1024.0 858.40753 1 0.057047866 231.66629 128.93256 369.98502 332.88217 3 0.9663174 328.95493 507.94336 499.59286 747.626 3 0.55076045 190.71089 280.83447 449.93573 539.5502 3 0.13782103 157.59662 272.0177 494.86713 708.40356 3 0.06720571 189.26659 469.1229 487.83813 736.73706 5 0.8919989 175.02167 279.2584 493.992 538.6008 5 0.13024601 187.28734 477.97424 484.4792 741.1737 5 0.12729546 328.48926 508.16736 499.89307 747.68225 5 0.12260405 185.28021 528.1463 394.51636 692.95135 5 0.060335953 164.03442 114.78935 522.2156 587.5718 5 0.05991487 156.86009 341.97186 496.57947 688.7646 7 0.9590368 0.0 0.0 1024.0 1017.1315 7 0.64253294 0.0 14.531891 288.6145 575.77 7 0.5458944 148.51791 1.7426376 733.72095 172.29114 7 0.37134975 152.87152 10.310638 773.09686 407.35327 7 0.33027625 119.44467 11.688202 905.4474 646.75964 7 0.278314 183.36424 512.16864 399.3601 695.60455 7 0.24940093 105.74574 252.95819 495.2965 738.3309 7 0.22634168 40.029564 354.1797 259.15054 595.32074 7 0.21510284 178.02826 473.06696 488.82812 734.20844 7 0.19599566 658.9673 8.558945 1020.8563 332.1988 7 0.18635769 1.8199005 9.68042 352.30463 305.44083 7 0.15346248 14.613098 3.7357178 493.5873 456.19852 7 0.13555263 176.01855 274.49078 484.35986 566.9291 7 0.123023264 352.4046 468.0682 1024.0 852.07446 7 0.12011466 12.155304 339.24673 697.2029 830.0531 7 0.09827356 146.47945 9.154144 359.6325 259.762 7 0.08775476 45.739166 358.9582 423.48416 622.98334 7 0.08246432 70.44504 2.875183 559.9569 228.40019 7 0.06922703 563.2776 1.2189484 737.8281 166.29352 7 0.058791656 752.9211 24.91687 1024.0 853.1188 7 0.05774837 487.42233 5.257202 1024.0 889.6817 7 0.053708088 271.3003 963.6879 554.2323 1021.22797 ,test/4592.jpg
3 0.16403103 298.0221 308.37534 659.901 612.8356 4 0.90668434 307.1632 307.87396 658.3055 613.16626 5 0.052210465 293.29547 306.6931 658.545 618.381 8 0.17665698 305.55127 307.6222 657.4543 610.85846 ,test/4593.jpg
0 0.4406398 245.09143 191.13428 793.0637 758.1812 1 0.6739313 244.86661 191.98447 789.34814 754.53735 1 0.05140638 305.78888 529.27295 781.59 729.8541 2 0.09158031 245.08194 185.8302 795.7528 751.3574 5 0.14007172 241.77826 191.64264 791.50397 752.69586 7 0.83420247 657.6786 595.8273 1020.42163 846.098 7 0.34730268 602.8198 415.6734 1020.624 894.5975 7 0.2535025 242.21506 190.2756 792.2527 755.1011 7 0.16231175 410.77533 631.88226 1004.3326 808.6148 7 0.13148028 880.69836 755.2386 1021.18274 886.113 ,test/4594.jpg
3 0.99979824 258.65866 364.33154 603.6433 771.38306 ,test/4595.jpg
2 0.3576721 277.59076 268.98627 787.29584 751.9445 3 0.27013615 279.05423 269.52612 788.51196 737.39526 5 0.9706279 270.60947 268.7564 788.4271 782.2325 5 0.10411738 251.51294 548.5478 584.1347 812.4251 7 0.07731413 279.4404 267.98184 791.74695 758.1022 ,test/4596.jpg
0 0.52048135 329.66132 155.1464 623.5292 797.3843 0 0.4145727 913.7905 762.96436 1019.7908 903.48364 0 0.34093347 322.22183 415.23346 612.13416 736.3615 0 0.19604577 443.98328 624.67975 624.7401 842.2696 0 0.14196666 652.9306 651.3211 767.4974 749.6586 0 0.063968495 324.84082 499.5149 747.8887 830.7406 0 0.054976664 555.1619 516.86395 756.9356 625.304 1 0.66348886 445.4721 624.4009 625.02716 844.03845 1 0.47586104 345.0268 158.33124 610.0502 550.3278 1 0.26724976 327.6107 435.59872 635.84875 839.7744 2 0.05092135 443.79153 624.826 625.1605 841.6453 7 0.19214204 345.74463 160.1185 604.8199 552.5598 ,test/4597.jpg
0 0.7348248 933.75867 506.36572 1017.3999 566.88257 0 0.2906142 116.11059 129.82225 149.88799 148.90987 0 0.27691355 326.07977 237.42789 444.927 319.67142 0 0.20590535 322.1803 886.72375 399.0525 897.93054 0 0.09396287 806.43304 471.2681 1017.88763 594.1414 0 0.0639171 356.13248 123.06152 416.5851 147.79175 0 0.055975143 142.68535 11.181042 198.14317 45.183258 0 0.053597406 663.5144 437.53143 710.3417 465.32574 0 0.051093556 181.83357 0.88221073 299.87567 31.237709 1 0.9573457 806.1719 470.877 1018.4542 594.0743 1 0.94263977 661.23315 393.08002 816.78076 440.99945 1 0.84974426 663.4367 436.89676 710.28314 461.50797 1 0.8364641 386.27423 40.553642 429.5951 86.03139 1 0.6902022 156.46373 3.347126 431.34534 115.980515 1 0.6377103 1.6297684 96.69209 134.60776 125.31758 1 0.55809176 195.99362 18.713577 425.54044 82.98161 1 0.41570723 241.7164 31.69101 434.58408 120.015854 1 0.36891055 63.29673 0.0 157.53946 22.161095 1 0.32870346 154.8578 0.27138138 304.90112 34.058617 1 0.29747936 139.15616 3.6586819 404.343 62.322235 1 0.21894158 142.68535 11.181042 198.14317 45.183258 1 0.2129906 47.521164 0.47518444 202.51826 29.561047 1 0.19964175 133.2349 12.694302 237.8537 49.49221 1 0.16677363 151.6952 10.085106 427.67694 218.44427 1 0.15098356 194.37872 34.644226 280.99655 70.036316 1 0.14227703 195.0739 28.896755 243.4146 47.81664 1 0.11877407 235.17163 27.524551 328.77545 71.6399 1 0.118185975 10.255798 12.57251 460.46362 302.09454 1 0.108172074 326.07977 237.42789 444.927 319.67142 1 0.08963651 196.354 2.2305021 279.9706 25.622704 1 0.08651728 54.84578 0.40333176 326.69867 38.659046 1 0.085990235 0.0 94.98757 177.52182 147.23355 1 0.084086984 8.48069 105.31624 96.22763 124.535645 1 0.08041863 322.1803 886.72375 399.0525 897.93054 1 0.075405166 97.74869 13.408777 196.43436 31.9593 1 0.06417616 83.476715 114.27443 150.37202 140.20761 1 0.06334242 94.76954 4.2104015 295.4442 62.21643 1 0.063289605 659.5518 389.06366 715.7961 449.76562 1 0.062945075 172.75905 14.1188965 233.76021 44.311016 1 0.059976183 934.2416 506.2349 1017.21643 567.3098 1 0.05468712 659.7968 435.79846 810.5999 458.8379 1 0.05332617 197.905 31.837791 236.89374 58.620987 1 0.05309226 806.9744 489.03403 923.19305 594.24097 2 0.07777835 386.2686 40.51902 429.56784 86.017525 5 0.21313533 587.87 206.8386 662.86475 267.48102 6 0.05105733 698.18665 250.63982 761.41895 323.1723 7 0.999843 369.86597 520.2335 848.53845 924.65674 7 0.99981755 211.96985 109.775116 704.8265 619.1339 7 0.92552155 6.534622 162.71497 322.90027 801.6526 7 0.6361603 596.2449 118.108505 734.9708 246.06267 7 0.521858 0.0 147.82886 277.02325 329.89554 7 0.5146166 0.7126541 158.24507 195.92609 478.42682 7 0.48734075 466.32187 71.57979 734.13354 261.47797 7 0.4492834 587.8502 205.16911 661.7782 267.96994 7 0.30515262 933.97736 506.37286 1017.4067 566.60565 7 0.08268035 3.2256317 12.79567 459.8034 337.49695 7 0.07976022 218.79193 566.50836 284.3657 624.76434 7 0.062668085 245.30658 569.484 452.92255 857.98694 7 0.06213477 646.5959 141.93796 728.0972 245.33655 7 0.05243004 311.95917 130.83257 376.8686 156.54158 7 0.051469192 573.365 179.83295 705.14685 277.85968 ,test/4598.jpg
3 0.36566925 402.7613 543.3699 542.9186 636.8512 5 0.556856 402.74866 543.2389 542.9739 636.81396 ,test/4599.jpg
2 0.9979101 201.11316 311.1353 853.19836 684.69727 ,test/4600.jpg
0 0.075805485 471.23425 426.3072 560.67834 482.88928 0 0.07563582 616.14124 272.44156 719.6887 335.51224 0 0.05004637 388.57288 794.88495 438.7309 837.56 3 0.9995571 410.69507 172.5608 653.8877 444.38727 4 0.2920975 407.6474 497.98865 594.68756 795.76794 5 0.9453725 407.70706 509.19138 593.89734 796.57324 ,test/4601.jpg
0 0.24856938 321.5391 112.056366 786.8751 816.79565 5 0.075882114 530.19165 206.15051 697.1642 382.3147 6 0.98803794 323.97974 115.6358 786.70435 820.85345 ,test/4602.jpg
0 0.82450414 581.62695 431.08008 618.9446 475.83832 1 0.9945352 364.00537 427.7732 658.7108 716.68506 ,test/4603.jpg
1 0.051333856 339.4606 233.89409 696.23816 689.6113 2 0.9972583 344.92752 231.96848 696.5724 685.94617 ,test/4604.jpg
0 0.23568133 43.67047 428.6046 721.689 737.5526 9 0.8947608 27.832397 432.0473 722.64014 732.14557 ,test/4605.jpg
0 0.41824698 470.90826 313.13007 572.5911 363.8155 0 0.27863377 471.3127 315.88242 572.70355 335.683 0 0.18280509 266.9061 345.67242 570.41064 622.67065 0 0.09713124 466.37976 253.69926 573.13025 365.9679 0 0.07900391 357.738 489.92877 470.36252 513.9202 0 0.05030551 503.54483 158.17833 808.0593 322.4521 1 0.12523098 266.70807 350.4538 568.22107 618.36884 2 0.9684352 266.86145 344.11087 569.8426 622.12585 2 0.07559329 264.8736 459.3308 560.9634 537.5161 3 0.073846415 389.5869 150.17377 869.1531 376.44702 4 0.20158978 890.6148 0.0 1024.0 149.18184 5 0.07975449 890.9511 0.0 1024.0 150.20416 5 0.056935705 389.5869 150.17377 869.1531 376.44702 5 0.050516214 264.9636 344.21558 569.17456 623.22394 ,test/4606.jpg
0 0.9999722 201.72293 369.22656 655.3544 899.2777 ,test/4607.jpg
0 0.5510141 263.9502 386.8164 660.4423 891.9109 2 0.986402 264.5821 398.09076 657.20233 886.5267 ,test/4608.jpg
1 0.13235831 414.69562 457.57214 719.60175 885.84204 5 0.99744177 807.756 549.3169 906.85913 890.80396 5 0.297063 345.89053 384.80356 507.17685 489.41476 5 0.14867975 462.4906 410.11398 505.9569 483.04434 5 0.08635613 470.22913 435.01608 508.901 480.48788 5 0.084905624 824.15704 551.59283 857.9433 589.852 5 0.07893566 444.93182 469.90878 506.6942 537.34033 5 0.06687486 479.9996 446.44595 524.9345 484.79013 7 0.9992449 423.4087 109.15279 781.76904 507.56165 7 0.99189633 415.51215 458.4433 719.83954 885.83417 7 0.99183697 230.80534 331.31088 535.8289 632.98486 7 0.14499183 444.93182 469.90878 506.6942 537.34033 7 0.063395746 411.35806 456.7039 537.31635 592.2594 7 0.061850905 491.31616 448.45813 521.47125 485.2649 7 0.061312765 453.27786 474.538 502.7233 499.61252 7 0.052799113 452.08133 448.4193 526.2544 500.97467 ,test/4609.jpg
1 0.9996402 177.99567 229.52167 877.3443 798.43304 ,test/4610.jpg
0 0.20952414 931.73267 434.86627 1024.0 560.07434 3 0.318659 931.8742 434.88373 1024.0 560.4398 3 0.16996998 241.61633 77.897644 787.323 967.57623 5 0.9875458 244.26733 42.835876 788.0134 981.0905 5 0.4839277 931.853 434.84143 1024.0 560.39606 9 0.08679635 931.7349 434.9349 1024.0 560.66895 ,test/4611.jpg
0 0.0562852 218.44363 294.41513 847.92773 951.9673 5 0.9792463 216.84076 291.01382 849.8337 942.1715 5 0.078420974 251.99341 294.31757 817.01636 422.9021 ,test/4612.jpg
0 0.767643 169.48111 606.79517 319.5362 725.9706 0 0.5862163 196.6417 350.09253 286.587 417.5019 0 0.4556522 661.2738 496.1712 881.86145 674.20526 0 0.21481058 36.149338 359.25244 370.8639 641.4626 0 0.12962194 367.39697 158.7689 414.89764 188.96251 0 0.1034346 472.79047 159.63489 567.8964 172.71475 0 0.10334009 406.51932 113.62575 483.14267 170.09315 0 0.08186097 471.7965 138.19936 569.3624 157.15785 0 0.07802293 658.86945 474.13416 803.2569 643.2328 0 0.07161231 264.33398 375.64435 351.1197 465.15277 0 0.06844461 383.3411 160.21362 414.58792 215.8476 0 0.06747575 758.39435 474.53146 884.2836 597.47107 0 0.064770654 101.052414 148.75186 150.31073 160.79886 0 0.063120425 406.39053 111.061295 587.3953 166.17015 1 0.995529 610.1333 484.95624 984.755 773.88763 1 0.973975 380.35675 136.07889 700.96185 286.4117 1 0.8359042 265.10434 224.06645 829.74976 506.9118 1 0.81643474 36.861465 358.41037 375.72583 640.8966 1 0.81022567 357.36536 438.0074 596.6669 507.5926 1 0.7931714 290.75818 494.48663 691.9812 623.2255 1 0.7529041 252.40524 192.86002 817.0875 354.38394 1 0.7096213 9.581749 441.84396 86.528534 457.8361 1 0.6890447 340.28625 425.7696 628.0376 564.4725 1 0.680773 269.75497 383.6781 678.791 617.54364 1 0.6343699 654.2695 479.7931 882.1562 677.96936 1 0.5413587 392.53558 157.55205 626.2663 251.45638 1 0.5290598 407.07977 109.190186 660.4124 198.25693 1 0.46705106 275.45718 350.40137 333.71103 388.96875 1 0.44025552 38.200226 305.85254 812.86926 629.34546 1 0.43626302 272.33932 345.8087 618.76245 534.0564 1 0.39819077 342.35883 383.8397 582.5738 505.23373 1 0.3334355 169.18042 606.4464 321.28754 725.4967 1 0.293465 194.75856 348.7882 340.13782 406.66534 1 0.27231327 406.51932 113.62575 483.14267 170.09315 1 0.2653487 442.85327 116.8454 593.26843 154.86295 1 0.22494155 476.39432 135.7937 572.523 173.13828 1 0.21499316 264.3169 376.67526 352.3495 465.9612 1 0.19656773 469.15323 134.97275 573.4935 152.75 1 0.19563854 770.7295 326.43964 807.64734 352.92792 1 0.19471836 480.2373 151.51883 568.46094 166.5925 1 0.14909746 453.1126 307.36353 813.91 497.66528 1 0.14067349 334.3202 122.31436 747.3434 403.6675 1 0.12985075 385.45844 230.48108 697.48895 314.11487 1 0.12636515 638.07654 242.75931 813.22034 352.24454 1 0.12450281 263.93628 234.64737 698.2028 418.7322 1 0.123031415 382.2874 156.77751 475.09155 228.58104 1 0.12080633 375.46414 114.96982 481.2465 214.94785 1 0.11320458 101.052414 148.75186 150.31073 160.79886 1 0.10520606 367.49994 159.33855 411.5111 188.23662 1 0.10499034 220.32343 326.6087 961.10406 750.2131 1 0.10453186 473.745 158.62146 569.37085 170.63928 1 0.10134812 518.36206 539.39124 575.90967 574.08215 1 0.09458055 384.63562 397.84924 520.9335 465.52203 1 0.08900596 534.17645 145.57701 651.6219 196.24309 1 0.082492545 474.97415 153.36526 589.90735 178.52179 1 0.080246046 227.48029 345.81567 336.07526 386.43787 1 0.077374086 368.21957 159.97452 408.65475 217.01007 1 0.07611796 274.31042 359.93155 547.2647 458.9365 1 0.070171975 194.21533 347.8953 352.14392 457.04294 1 0.06360568 509.8672 511.93286 626.3539 571.8583 1 0.05447108 454.95227 250.89107 816.6011 345.09213 1 0.051011875 194.75034 351.9323 275.13403 416.6745 2 0.17506497 368.03415 160.49364 407.53677 188.53102 2 0.10958976 275.67322 350.21188 332.88757 388.7631 2 0.09111404 472.79047 159.63489 567.8964 172.71475 2 0.062030736 268.60168 400.50766 352.2522 462.39255 5 0.08387904 383.3411 160.21362 414.58792 215.8476 7 0.19067773 407.5305 113.419754 483.6307 169.72023 7 0.1342071 37.376495 359.41522 372.9409 640.92316 7 0.06151441 408.35364 147.77104 475.97443 167.68852 7 0.05619702 383.23468 167.17621 409.78693 216.48663 7 0.05201051 471.7965 138.19936 569.3624 157.15785 ,test/4613.jpg
0 0.6558362 293.43027 271.17508 698.6128 690.053 1 0.66626173 294.36084 271.0595 698.6196 688.4794 ,test/4614.jpg
0 0.05867637 347.98898 464.46088 370.69748 494.94708 5 0.05201692 311.0194 531.1423 385.16443 592.12506 7 0.999871 86.11699 499.33176 437.2041 855.82935 7 0.99972194 409.11996 395.6894 818.6239 857.7935 7 0.9987055 380.82034 170.91531 820.1212 457.94565 7 0.9439194 326.65112 458.80093 464.57806 565.3115 7 0.60067886 216.90686 508.55914 424.36725 618.21075 7 0.29072407 382.49255 520.7676 429.8183 559.1952 7 0.15521994 343.8009 457.98462 416.2301 494.03394 7 0.11915864 328.92322 462.23904 362.76624 490.03647 7 0.10345346 319.19696 486.65585 430.58862 595.0698 7 0.08348373 384.20813 475.1626 463.09113 570.68774 7 0.06376152 399.77377 500.66986 533.3474 805.992 ,test/4615.jpg
4 0.9995664 9.190613 384.174 600.9075 672.6905 ,test/4616.jpg
7 0.99984896 264.1245 143.62814 761.65735 928.9468 7 0.58736306 461.38864 1.9621964 672.3426 178.755 7 0.37621447 556.7988 0.0 756.6133 261.09747 7 0.18576059 371.3673 0.0 760.88306 244.93689 7 0.14275914 568.17487 2.659027 682.42523 176.78706 ,test/4617.jpg
9 0.9950051 274.5757 318.87057 889.0885 708.3456 ,test/4618.jpg
0 0.9414607 1.8991394 377.33163 92.73334 446.37076 0 0.21255003 376.34448 179.99905 566.7664 316.27066 0 0.1569578 236.40724 139.42113 651.1877 488.5733 0 0.0635282 298.33218 162.69553 557.4717 284.77243 0 0.053767875 280.71558 162.3265 365.70538 482.78708 1 0.9973476 173.04831 126.592224 814.3712 913.4239 1 0.592254 189.80315 138.63168 680.33496 477.06735 1 0.056927998 288.1789 128.56436 693.5347 302.44534 7 0.20924361 2.0038605 377.27902 92.53194 446.70688 ,test/4619.jpg
0 0.91730314 593.98047 557.72876 762.56433 735.8241 0 0.20059352 16.459824 915.693 452.28625 1024.0 0 0.105399914 59.33226 119.95505 118.662384 199.29663 1 0.9923274 0.1146698 0.0 123.69516 258.6422 1 0.8485997 370.26202 300.77487 625.37213 578.0067 1 0.061206765 384.438 305.9893 609.44 410.5579 2 0.8491962 371.52347 292.90918 626.01 588.4916 2 0.14516689 592.4324 556.8408 762.4125 735.6841 2 0.07976005 387.03638 294.982 610.5683 412.153 2 0.07572175 365.90417 259.77634 635.70416 364.3918 3 0.081282735 592.6163 556.62146 762.2259 735.38464 3 0.055074923 363.64752 262.94342 633.35095 591.11285 5 0.99425465 347.52795 62.189377 645.38544 368.77795 5 0.07577016 351.78564 148.22713 641.8406 596.46185 9 0.05360564 11.671219 915.7947 453.29926 1024.0 ,test/4620.jpg
0 0.08167429 480.65836 464.49625 606.3237 564.6871 1 0.9984926 138.69766 428.05032 752.6887 981.0582 1 0.9634791 427.06082 461.3422 609.8735 659.4562 1 0.8787474 263.43237 462.83008 673.2583 656.1875 1 0.7318615 268.58905 479.3558 452.6831 640.35645 1 0.4965045 481.84277 464.97327 606.09595 557.75085 1 0.4422834 404.44186 466.22992 486.3906 623.6801 1 0.18025762 234.38777 386.5723 737.6412 785.4166 1 0.14621618 318.37152 602.59436 370.84167 637.27295 1 0.0789595 328.6698 493.391 408.59216 545.40027 1 0.056162685 405.0759 473.0933 489.91458 539.7798 ,test/4621.jpg
0 0.7018011 625.7023 837.8771 1021.08325 895.1793 0 0.6480715 635.1806 739.642 1014.9965 977.49713 0 0.4466227 618.51825 670.2289 949.94635 734.2656 0 0.2594523 413.27985 210.04947 520.4949 767.0331 0 0.17277765 614.6513 719.24585 725.51117 737.073 0 0.13977377 364.49994 211.58824 585.6048 645.261 0 0.12725389 0.0 653.23096 199.63095 1022.02405 0 0.124796785 415.365 397.27734 529.3923 957.65 0 0.1139737 439.67462 206.38968 488.55072 652.76733 0 0.09954965 310.6983 296.79947 620.8346 559.49365 0 0.08610678 949.53644 577.08167 983.76117 611.35596 0 0.076956905 324.1988 269.64035 626.6699 938.0769 0 0.068828024 332.80438 530.5594 612.7914 774.77106 0 0.06406656 0.0 634.98145 99.668076 1018.25574 0 0.06358732 322.85944 231.85188 606.46094 338.83502 0 0.06351344 605.8104 701.3073 733.7258 739.9373 0 0.061614055 930.5071 542.951 984.18005 606.986 1 0.13675219 620.18854 141.28468 703.7421 194.71172 5 0.8529587 0.0 633.3751 95.36963 1018.2478 6 0.95680076 9.540787 145.99503 303.09625 402.66763 6 0.93256193 830.1838 192.31969 1016.4012 514.07367 6 0.92274284 306.67264 209.34827 622.6605 576.5313 6 0.89906794 159.65228 825.0004 352.49738 1023.0407 6 0.8912907 630.1396 740.57166 1015.4931 984.8368 6 0.81899315 343.41205 885.5381 387.24854 1004.1781 6 0.789628 633.19617 190.539 1017.53516 559.6636 6 0.70384 351.13504 726.0486 622.4148 949.6467 6 0.7003036 93.24556 489.3751 357.0255 1023.0829 6 0.63573503 948.7958 471.5407 1024.0 597.4959 6 0.62779725 679.7795 202.48415 871.5911 557.3488 6 0.62427306 15.684113 139.54425 346.30875 1009.8653 6 0.60040545 319.17453 533.9366 621.973 719.3149 6 0.58168155 609.2566 560.0925 955.0593 724.6299 6 0.5813099 345.735 707.5773 612.7801 784.3163 6 0.5777813 318.37103 373.7646 618.70197 558.516 6 0.5448684 114.390076 674.06305 352.59393 913.7275 6 0.5273865 317.86612 208.74069 606.00183 371.25418 6 0.4738527 985.76794 473.6172 1024.0 598.2998 6 0.42274758 609.0172 664.3088 950.78796 747.15533 6 0.4066145 342.37088 760.9925 619.0248 831.4826 6 0.39030144 20.187775 329.24072 320.6084 554.03925 6 0.377315 328.28986 527.8492 627.43945 951.60846 6 0.35696942 341.42664 697.9749 617.3417 851.1534 6 0.33755416 65.91983 447.91425 338.20374 773.6193 6 0.31382236 632.09186 559.3648 853.5135 676.88226 6 0.30135614 333.41806 205.86647 462.4697 235.61275 6 0.29955935 939.2276 543.6519 972.18195 590.7049 6 0.27686593 372.84424 819.8785 616.739 933.7767 6 0.2666187 313.97037 520.24225 618.5051 589.05804 6 0.2591979 609.45386 434.60907 978.67957 772.3848 6 0.2578599 297.07715 302.43457 627.1002 383.32538 6 0.25693142 832.3096 535.6841 959.583 687.7229 6 0.2499629 342.99155 779.45337 623.9309 877.01624 6 0.24299856 330.0968 670.6777 629.06 730.48224 6 0.23619016 853.25146 464.95044 1022.625 594.9225 6 0.21981512 449.03152 211.13905 571.51465 233.39714 6 0.2186008 303.31726 329.6958 628.85675 419.0379 6 0.18185669 340.30795 731.73987 390.56064 1001.37646 6 0.17372592 318.0067 547.8076 623.8674 628.4512 6 0.13724379 318.6324 624.34314 653.75116 772.6095 6 0.1368064 927.35706 543.3061 984.19995 606.35736 6 0.13284718 619.12726 566.9108 694.62384 750.69855 6 0.12306918 604.5953 437.0244 1013.82477 560.96277 6 0.12277358 28.094437 146.90228 290.69733 279.2159 6 0.11654536 857.6866 533.0185 947.95355 591.73785 6 0.10613272 431.26184 214.86801 594.9801 349.1982 6 0.10328363 307.96967 243.28189 623.87976 897.83154 6 0.09963465 398.2245 208.12439 553.642 640.6706 6 0.09850387 318.56973 835.1394 350.91013 1000.85046 6 0.09758518 381.21863 522.37067 974.3341 757.0373 6 0.08245526 319.463 462.75113 619.7342 614.3501 6 0.07819633 839.35406 531.21906 969.04974 617.79034 6 0.07662133 259.47968 200.90552 327.85712 397.7896 6 0.07234847 989.6419 569.26154 1022.465 596.5529 6 0.06276816 683.5305 543.32 834.0829 753.1751 6 0.061242577 300.21255 211.13478 449.0065 558.4609 6 0.060572207 637.7693 565.4379 731.1544 744.8764 6 0.060333602 315.30646 207.48335 591.9241 235.37904 6 0.05549449 623.3478 723.5576 955.3303 767.62134 6 0.05479253 934.0666 543.2599 953.5286 601.6575 6 0.05432111 783.7062 520.8729 862.0875 565.0963 7 0.8256225 809.9152 108.69661 1022.34235 206.14201 7 0.3997092 949.53644 577.08167 983.76117 611.35596 7 0.14534004 0.0 653.23096 199.63095 1022.02405 7 0.07983024 0.0 633.4533 101.22623 1020.4981 ,test/4622.jpg
0 0.8873931 687.286 199.6141 969.8397 334.81595 0 0.29334962 918.17804 312.42545 966.6822 369.1133 0 0.13856305 346.52975 473.99503 639.0757 645.3359 0 0.12700205 653.76825 150.08401 985.21234 399.31815 0 0.11350913 811.5521 331.6097 996.19604 425.2076 0 0.056975994 919.5583 335.41364 1010.72504 392.0406 1 0.999073 309.32837 435.30328 664.5724 795.17523 1 0.8358474 811.052 329.48712 1003.82227 423.8623 1 0.5571553 347.49976 473.31976 638.4049 644.7287 1 0.2618683 681.3768 170.00021 978.4207 350.49258 1 0.12836039 923.0924 335.92838 1014.22046 395.02957 1 0.07002858 964.41614 319.62466 1024.0 392.40402 1 0.05499119 965.26984 337.75244 1006.7979 388.94568 4 0.15950891 993.6541 314.57138 1024.0 389.35684 4 0.13749525 997.15686 350.75577 1023.4364 389.40652 4 0.07755328 964.41614 319.62466 1024.0 392.40402 5 0.944687 877.9552 71.068695 1022.2959 272.85983 5 0.21575126 725.6375 57.96602 1024.0 300.73083 5 0.19198935 672.3641 622.6376 714.54974 734.6737 5 0.17389059 676.3087 160.36298 979.8131 350.41608 5 0.11702323 621.8971 99.21695 1005.08826 437.12033 5 0.07680203 658.81067 392.03992 989.92444 586.9937 5 0.07320813 955.7931 337.73315 1009.65247 393.1424 7 0.99835557 314.54028 62.07216 716.94214 504.48932 7 0.9683669 658.97656 476.75665 785.36804 595.07587 7 0.083752826 965.8307 338.3579 1020.84753 393.8805 7 0.06157704 346.52975 473.99503 639.0757 645.3359 ,test/4623.jpg
0 0.29235747 220.04315 449.6525 822.07745 807.45544 1 0.09353178 221.39624 449.68732 820.96106 807.6004 2 0.7564976 215.68146 451.48462 817.9615 806.2853 3 0.58609104 215.33704 452.2791 816.2361 807.30743 5 0.17261322 232.52286 448.38916 817.6964 806.12354 ,test/4624.jpg
9 0.9412428 198.10843 186.0402 915.09863 542.60034 9 0.78904366 351.93878 420.13867 662.6245 884.63464 9 0.66084385 185.34402 171.88608 950.3916 888.8578 ,test/4625.jpg
0 0.9999573 257.75885 562.7826 751.96674 827.4236 ,test/4626.jpg
0 0.05040288 516.2211 379.96506 667.00665 415.96506 4 0.97362524 414.86768 370.04297 718.5636 886.68384 5 0.2836258 413.9992 367.74792 714.0151 889.9219 5 0.058512755 15.057358 610.56647 149.78735 687.64044 ,test/4627.jpg
0 0.18615918 771.3982 804.7055 860.87463 932.3593 0 0.108782366 769.1758 470.9471 882.58325 594.8067 1 0.20540544 166.72101 0.0 410.16284 122.94055 1 0.1847843 771.32245 805.67926 860.8112 932.59283 1 0.110966265 114.34769 1.3050041 190.6004 63.194294 5 0.23084882 771.3982 804.7055 860.87463 932.3593 6 0.9990422 212.198 349.43906 583.87646 862.469 6 0.10582088 284.4609 348.4524 567.7755 492.30286 6 0.055755943 298.88507 354.1636 360.44543 463.29752 7 0.99734133 556.65625 231.52252 808.98303 731.99835 7 0.061500743 755.4035 464.74515 1024.0 940.06604 ,test/4628.jpg
0 0.35227573 505.01376 540.84064 644.2632 695.99786 0 0.21930821 628.51166 537.84186 678.6716 619.9168 0 0.17037538 337.54645 660.5541 449.19067 836.6688 0 0.16969204 468.83087 431.83322 620.1801 591.1457 0 0.09187695 378.2738 434.02643 627.4429 629.0412 0 0.082659 388.5433 481.5917 578.6973 599.78577 0 0.069710374 406.7978 535.4045 673.4307 701.826 0 0.0693051 14.1263275 805.73505 492.36798 1018.5662 0 0.066840015 423.274 887.26935 554.10583 958.09344 0 0.063087575 0.0 739.8374 119.5653 1021.0824 0 0.05345784 476.45154 434.8181 630.03235 720.5437 1 0.59766626 0.0 805.4934 119.6585 1019.98645 1 0.2771326 333.14304 658.7764 449.95908 834.0335 1 0.17769453 11.531891 830.3956 593.02576 1018.8806 1 0.09963625 468.83087 431.83322 620.1801 591.1457 1 0.06605463 388.33243 476.26114 589.01984 599.25323 1 0.051221024 357.34146 477.57352 463.93973 595.2765 3 0.2175411 730.8573 649.9843 808.2136 763.3781 3 0.18229689 0.0 405.68652 130.87233 744.14417 3 0.17192413 64.95988 649.76935 205.45276 790.13556 3 0.095475905 687.3081 781.99243 780.7578 909.57605 3 0.055029146 408.4702 879.2175 558.92694 958.3628 4 0.55835617 582.14856 620.0099 768.55396 891.63635 4 0.3023014 405.88925 884.9258 558.4779 957.23804 4 0.21754803 728.188 649.3641 807.2572 762.4274 4 0.15184721 579.9763 620.94275 691.1876 729.1118 4 0.07633132 330.38974 655.22833 448.5975 897.52606 5 0.9728659 489.4819 159.06586 680.34094 404.4989 5 0.95990247 186.02249 653.7624 449.5867 910.9722 5 0.95035654 1.5935974 275.29868 374.09802 784.5167 5 0.9221351 635.4529 584.5494 792.2964 706.9228 5 0.9040929 581.3582 624.4318 778.93085 910.37213 5 0.85352784 372.96997 557.0004 520.5063 684.3488 5 0.8507234 287.72586 234.71533 516.32245 496.485 5 0.7883452 426.5027 669.84076 594.19073 802.111 5 0.71584994 198.20898 610.8327 321.73706 713.5538 5 0.71264243 655.01404 337.7067 870.5408 759.9243 5 0.53242713 335.04318 653.9329 452.5447 869.847 5 0.5059558 1.4769821 396.66635 179.4538 760.5277 5 0.4554645 730.5264 649.4455 807.5927 763.72394 5 0.42633173 386.61526 596.2402 603.82996 810.0546 5 0.41276893 266.81866 200.7596 684.8254 504.903 5 0.40044135 645.97455 140.38138 704.35126 220.38062 5 0.37776858 4.0605316 673.2473 475.2746 1023.68005 5 0.37296262 431.07352 338.00967 879.5137 1018.6072 5 0.3207594 363.08777 445.21777 632.0719 626.8523 5 0.31941137 150.51312 261.164 886.3609 765.0961 5 0.28290293 510.98624 536.7779 642.9674 700.665 5 0.2604542 505.46057 577.75024 851.53284 1019.5144 5 0.25620088 186.93866 433.65717 378.8404 841.90765 5 0.23711075 411.21222 879.57587 559.9751 957.018 5 0.21377736 142.8271 626.1096 374.48633 984.61487 5 0.2109373 501.34778 328.50806 730.33594 667.1878 5 0.1991824 11.531891 830.3956 593.02576 1018.8806 5 0.18467626 4.968689 265.62936 713.6781 954.0228 5 0.16684996 53.06259 437.94962 545.037 1006.2644 5 0.14192876 341.79636 350.7179 729.301 754.75806 5 0.13967669 474.18158 432.42538 620.36383 583.75995 5 0.1299731 423.0385 649.5366 791.8122 959.2394 5 0.12545985 574.53894 550.78406 797.0873 769.84766 5 0.12230907 413.5917 591.1995 511.16574 677.36884 5 0.11931595 392.37045 807.68445 471.54813 922.3678 5 0.11792987 368.93036 575.9423 652.65936 917.32733 5 0.116461836 355.86847 474.59198 459.13245 631.82465 5 0.10418231 577.31134 612.87836 686.4814 762.74005 5 0.096056454 372.43396 500.3699 645.6528 693.1916 5 0.096038856 672.11444 611.66406 799.1236 737.6177 5 0.0938064 319.1872 574.82214 482.477 888.76807 5 0.085998505 359.40182 470.36984 398.12808 610.68365 5 0.07717747 311.89124 644.59894 552.87415 972.0413 5 0.07645725 181.65918 629.81915 353.01733 841.7519 5 0.071653575 65.2522 649.9772 204.77866 791.19934 5 0.071215525 493.5186 412.4028 654.3463 710.58765 5 0.07082146 24.568924 610.18774 313.91907 783.24585 5 0.06910703 326.24512 249.01308 613.57837 611.1065 5 0.06859466 625.0727 582.8627 730.1806 680.12744 5 0.06561132 447.8059 363.6956 513.8638 451.94675 5 0.06420134 129.72122 568.1293 779.8413 969.64966 5 0.06158221 388.5433 481.5917 578.6973 599.78577 5 0.058491588 411.08917 657.34216 603.8309 974.62 5 0.05402465 223.16443 484.76428 458.6808 888.97046 5 0.0507656 658.57 599.8516 752.89056 693.0695 6 0.5711939 510.3181 538.5275 644.8181 701.3078 6 0.12643991 505.4118 565.4157 620.34674 664.57794 7 0.36366025 550.641 576.7667 830.9938 1018.62024 7 0.23314318 372.07233 336.95245 874.6668 1005.77924 7 0.19795871 23.745941 522.4442 844.4142 1006.9551 7 0.19404037 628.51166 537.84186 678.6716 619.9168 7 0.1494087 465.43784 430.85202 618.1798 596.266 7 0.13829139 3.573944 356.67273 386.2987 800.01965 7 0.13462178 391.01807 478.9964 582.7386 599.7176 7 0.10361587 378.68384 438.45447 623.8071 641.7833 7 0.10255654 337.1059 659.5213 448.99884 837.69354 7 0.09754377 1.6357117 405.39783 157.97235 759.0504 7 0.091939196 432.49622 887.48114 553.7273 958.89777 7 0.08712667 26.604095 329.84433 757.1869 871.78467 7 0.06697728 457.0141 641.2276 778.6805 977.8138 7 0.064837456 0.0 940.10614 72.296326 1022.05145 7 0.050585162 488.18604 563.9434 562.41455 631.26935 9 0.055831794 0.0 940.10614 72.296326 1022.05145 ,test/4629.jpg
0 0.6881062 786.6698 419.91788 869.27 491.2714 0 0.6767217 457.54312 464.76962 533.96515 536.15454 0 0.3208527 508.02185 471.9536 623.0674 520.65234 0 0.28967863 29.557125 541.3204 123.76849 594.9981 0 0.15964292 452.22736 465.79462 622.9262 535.7143 0 0.12469789 650.13184 467.7059 740.6642 515.58887 1 0.9841294 495.5289 311.89676 586.02734 379.21915 1 0.971974 671.99994 398.88284 807.8121 472.54398 1 0.8936647 29.783413 541.10895 123.239624 595.13165 1 0.8167152 650.2617 467.77713 740.9331 515.81506 1 0.50558144 787.27216 420.7161 868.95465 489.85208 1 0.3547266 452.22736 465.79462 622.9262 535.7143 1 0.26114744 457.8737 464.6531 534.4582 536.2578 1 0.18119963 675.264 398.76685 747.1243 464.91095 1 0.1446231 664.9315 396.52264 869.2947 494.596 ,test/4630.jpg
0 0.69061345 545.6401 308.68555 619.0549 408.40082 0 0.46036157 266.88715 551.50476 346.46576 619.1199 0 0.3820741 541.30914 341.8447 603.1326 409.14297 0 0.2358686 350.547 362.6175 428.0844 491.3086 0 0.17035353 541.5717 251.90207 634.48065 406.02206 0 0.16246973 404.7677 360.67062 435.90723 429.79807 0 0.11641658 362.44635 374.87527 414.78015 462.5051 0 0.09636581 572.5117 320.85986 613.9829 404.15802 0 0.09263003 401.74365 261.53094 511.5459 430.90973 0 0.0764883 401.44135 329.3081 486.89392 424.12183 0 0.07371432 399.23413 247.32762 445.96368 308.53787 0 0.06677556 539.99097 261.93073 606.44324 362.47577 1 0.7173147 439.39368 220.41742 471.097 290.98944 1 0.6710697 266.7556 551.28906 346.484 619.042 1 0.47603208 399.60254 247.54724 445.79272 308.90326 1 0.43392092 541.5154 341.763 602.9442 409.64056 1 0.42545682 541.75824 265.23627 631.67267 409.20953 1 0.2924112 398.45593 251.30627 524.5048 434.0725 1 0.1919841 398.11786 244.29665 500.32062 307.73004 1 0.15139836 538.85205 263.206 609.92737 354.80017 1 0.13612475 405.47806 248.93939 538.218 349.81995 1 0.11483729 402.99005 248.42432 622.39655 410.54004 1 0.10841896 563.20404 307.8482 618.1141 407.35352 1 0.09438771 461.65692 252.38223 525.63763 296.62527 1 0.09422519 596.5938 272.3752 632.48004 333.38083 1 0.08253246 599.3141 307.961 630.5104 332.2453 1 0.06917172 542.6852 346.3816 565.79004 407.1504 1 0.059186503 401.12158 330.8654 487.0423 422.42154 1 0.058500566 416.15427 220.34508 467.79416 311.8498 1 0.050379653 438.08966 228.66664 625.85785 310.9389 2 0.2585686 401.12158 330.8654 487.0423 422.42154 2 0.08298611 404.7677 360.67062 435.90723 429.79807 5 0.71727645 399.18704 247.47464 445.7217 308.55423 7 0.999215 284.07205 180.42093 753.9407 858.9518 7 0.9482032 462.16882 111.10339 632.51904 282.5367 7 0.26161206 540.8927 200.93216 640.95874 409.81003 7 0.16030604 3.9939423 28.727806 134.39095 180.64459 7 0.11111996 399.7849 247.33723 446.0567 308.81332 7 0.062101513 339.56912 658.3958 459.89578 762.5218 ,test/4631.jpg
0 0.88388383 241.2541 474.36804 588.9861 708.41724 1 0.14118464 240.87975 473.9848 593.32 707.9903 9 0.08142844 241.46295 475.06732 588.1445 708.3964 ,test/4632.jpg
5 0.9996227 230.84665 157.62761 771.5685 631.9678 5 0.46035576 257.31305 439.29907 753.9089 627.63257 ,test/4633.jpg
0 0.8060912 87.27812 465.60666 394.14178 654.62195 0 0.2054999 79.846985 370.07324 415.65573 719.17114 0 0.12302173 140.05684 399.87115 405.91846 577.2883 0 0.11439439 144.15675 520.99304 403.86224 634.16003 0 0.053468306 87.262825 473.78317 294.73657 593.8615 1 0.995174 345.97327 362.77008 735.7234 638.49243 1 0.9853924 35.98639 345.54834 962.30206 955.4724 1 0.89019305 51.518738 293.41907 763.2138 710.408 1 0.82661694 140.5484 290.33365 466.05646 617.292 1 0.6732882 347.51428 424.28876 809.0834 816.1436 1 0.5044736 643.0398 463.48016 953.272 936.55035 1 0.3940068 254.89783 288.64465 465.57782 504.93176 1 0.38402963 158.58301 380.6922 419.48157 583.7961 1 0.2252908 559.9564 444.76245 812.65955 663.7285 1 0.20492318 83.21217 396.89078 404.94238 672.5698 1 0.18370758 453.10223 481.3849 962.25507 802.63306 1 0.17376886 367.77078 568.93884 725.4105 752.2953 1 0.057238437 265.67484 334.04773 448.1971 451.41626 2 0.22775078 269.86993 321.25937 453.01904 449.84665 2 0.1012359 216.64203 372.33426 418.35712 500.21255 2 0.06435326 274.11606 373.47064 404.68076 454.34998 2 0.05857182 168.79362 363.00833 404.78473 583.6503 ,test/4634.jpg
0 0.13292624 353.05667 947.5083 579.2832 1023.7118 0 0.07306002 351.16544 850.9871 601.7092 1024.0 3 0.46413043 336.13995 882.9637 611.9193 1023.4118 3 0.14143829 873.5432 864.90045 1024.0 1023.0076 3 0.10268507 16.314514 704.51843 631.8781 1022.1271 3 0.087888084 929.43134 919.51556 995.6252 1021.9422 4 0.08226041 345.34976 846.171 1017.6813 1019.2694 5 0.89218754 113.77194 73.81525 949.32166 908.6218 5 0.80824924 344.81326 842.1755 613.57556 1024.0 5 0.56622 447.13702 97.281494 900.2065 762.1102 5 0.09067034 353.05667 947.5083 579.2832 1023.7118 5 0.07299471 345.34976 846.171 1017.6813 1019.2694 5 0.06488717 929.32684 918.0242 995.55414 1021.8959 5 0.05330345 78.55521 577.78705 997.3845 1020.42816 7 0.05649673 828.8327 951.5474 968.7736 1023.91486 ,test/4635.jpg
0 0.13876867 506.6036 672.4295 726.1738 723.4604 0 0.13859475 603.7241 681.3 720.7982 740.32697 0 0.13835491 426.3888 318.1667 700.14124 636.9536 0 0.11185528 558.92303 669.08746 592.58905 724.56964 0 0.08777116 425.63135 656.3527 444.71326 732.8929 0 0.08607913 522.2641 722.23267 610.6945 740.12036 0 0.07587386 496.31903 658.0549 630.95953 743.3118 0 0.057574846 449.63724 657.94794 720.54004 744.8819 0 0.05216244 496.15082 664.43555 725.93024 701.8248 1 0.37469015 141.325 421.86304 170.38829 469.30475 1 0.11105279 420.23892 274.87637 700.8484 655.0226 5 0.074040756 140.2553 423.88763 170.69933 465.51886 6 0.97318417 418.7475 247.55112 705.7509 709.8159 6 0.85524595 449.99905 710.3758 705.769 803.89996 6 0.8305259 443.5032 656.6064 719.8605 748.6274 6 0.5665698 423.72705 465.58743 708.4321 658.7444 6 0.5570257 387.1587 481.97333 511.52838 682.85516 6 0.5146425 391.96402 476.02667 445.3981 723.6807 6 0.29363889 522.2641 722.23267 610.6945 740.12036 6 0.29270333 606.40924 681.2332 720.07245 741.543 6 0.24064 450.4596 630.4991 727.21594 688.507 6 0.21129982 452.5396 604.35754 718.8227 795.60376 6 0.19361982 412.4281 504.09528 704.20557 773.2509 6 0.16043533 399.53915 471.26157 425.76663 565.3956 6 0.14750367 478.14935 735.2117 676.3117 766.22156 6 0.13629456 473.86517 718.6427 618.16144 754.33167 6 0.09151661 492.55603 656.65765 613.8949 745.2443 6 0.09069208 534.7821 730.7419 613.00256 747.6838 6 0.08056058 522.3512 675.8322 724.7599 734.6685 6 0.07979193 470.07852 632.796 675.7261 662.11365 6 0.076857395 608.98724 677.2139 718.3216 797.6884 6 0.067455344 423.10175 242.20084 673.3283 500.48996 6 0.06370327 449.7102 611.1695 714.3446 669.10236 6 0.056811467 482.75195 700.4856 628.97046 742.3264 6 0.056376703 422.135 388.0359 708.84814 571.9097 6 0.053879067 418.96167 506.25653 530.0881 741.9134 6 0.050870884 558.92303 669.08746 592.58905 724.56964 7 0.99981886 18.007202 230.716 415.2264 827.0074 7 0.99950314 663.16565 275.86566 969.39954 788.1967 7 0.074932694 147.18604 263.6648 224.63358 353.42773 ,test/4636.jpg
0 0.08269225 238.71147 328.61615 710.34814 698.72125 1 0.9585071 251.12529 324.22894 702.76337 703.13666 2 0.09188917 252.37605 325.66846 705.46606 698.834 9 0.590565 0.0 0.0 1024.0 1024.0 ,test/4637.jpg
0 0.58421594 334.9591 553.07825 909.68823 784.0609 0 0.13590008 302.3639 327.3921 712.9943 677.8474 0 0.06009561 290.3082 261.0407 850.5427 785.1973 5 0.27537522 230.04361 245.26654 934.198 791.17377 6 0.89719343 231.38821 243.08762 934.36865 791.91064 6 0.062343124 314.40894 355.8933 711.8989 676.39575 6 0.053213987 331.34412 562.5649 910.3446 712.5998 ,test/4638.jpg
0 0.4086568 364.92596 226.10565 446.79297 294.0722 0 0.40180877 155.83015 86.767914 447.03583 296.81476 0 0.22291765 604.89124 680.4869 965.59045 882.11566 1 0.32269904 601.1914 682.14246 965.66113 881.5376 2 0.070843056 600.7129 681.41974 966.4011 882.2847 2 0.055165935 156.26071 88.51323 445.41818 294.5598 3 0.9244264 157.3963 88.127075 444.6029 294.49423 3 0.6148392 602.60693 681.1781 966.27747 881.7313 5 0.13318452 602.8108 682.24664 965.86426 881.0645 7 0.07340992 604.87695 680.83636 966.19824 881.4471 ,test/4639.jpg
0 0.98347557 128.99738 174.67023 654.99347 542.50305 0 0.9161279 525.47003 280.0678 870.7718 659.39874 0 0.20328107 564.3612 489.38715 627.94116 704.3741 ,test/4640.jpg
3 0.9994388 515.1132 313.1516 767.8215 855.2223 3 0.13583942 538.2949 318.30316 771.86035 386.1148 6 0.06498815 755.31744 444.11234 806.3682 478.8434 ,test/4641.jpg
0 0.31662205 861.68207 0.0 1024.0 175.11116 0 0.23491657 913.7035 124.94355 1021.1448 288.39285 0 0.093642585 772.6519 791.7361 1024.0 994.08386 0 0.062256385 111.391205 299.1612 816.3229 744.67755 2 0.746237 913.6862 126.40821 1021.18 288.53662 5 0.20894212 913.4463 124.15902 1020.86145 288.39252 5 0.08638512 772.7886 795.6755 1024.0 1002.26154 6 0.99873084 109.04138 309.69104 813.71234 744.1179 9 0.4892832 862.1002 0.0 1024.0 175.66954 9 0.0687199 913.5867 125.31834 1021.0929 288.53738 ,test/4642.jpg
0 0.9652259 244.77716 175.1643 890.4848 750.26013 7 0.08642591 244.66885 175.36615 891.58105 747.50165 ,test/4643.jpg
7 0.9990941 78.59683 105.09894 794.4602 811.9503 ,test/4644.jpg
3 0.99996185 404.0152 425.06204 684.67096 693.7529 ,test/4645.jpg
0 0.12675866 153.50407 205.16948 352.30267 326.9591 0 0.06537296 145.45947 205.46245 329.78085 263.90918 1 0.99567384 364.97345 436.71985 862.122 767.0165 1 0.76010543 154.41632 205.72842 353.12216 325.05685 1 0.36343014 145.60498 208.99316 346.42682 268.10004 2 0.3905992 155.99503 205.83235 352.22824 326.1974 3 0.7769987 471.8159 879.8942 510.4976 908.98566 5 0.2321745 471.65536 880.66534 509.76468 907.89105 ,test/4646.jpg
0 0.0726963 352.4118 816.26636 422.06885 1010.6157 0 0.061224382 0.01341629 708.9142 84.72037 773.58325 1 0.99920744 201.49811 250.31961 874.8184 842.6583 5 0.30074286 0.11507797 708.78577 84.6393 773.5725 ,test/4647.jpg
0 0.068956405 295.42667 387.7633 663.1223 648.97485 5 0.9530199 294.99023 387.37238 663.8134 648.73285 7 0.20660725 296.20557 388.04272 663.71466 649.4053 ,test/4648.jpg
0 0.08846324 55.431335 590.9013 706.482 891.1651 0 0.051690947 330.24188 221.70903 994.5931 499.17877 3 0.7032162 330.24908 223.01318 981.81354 502.88647 3 0.15457824 52.241364 581.3719 716.0021 882.75104 4 0.06719779 52.241364 581.3719 716.0021 882.75104 5 0.20125948 54.937805 591.17285 706.2077 889.771 5 0.0738151 333.89777 220.93927 979.97345 503.68805 7 0.11471245 334.59338 219.62613 979.46204 504.369 8 0.8906368 53.84912 590.60657 706.8459 887.69666 8 0.6991003 332.23175 223.02893 983.13776 501.72125 9 0.109559976 53.166138 590.6862 707.77124 886.4871 9 0.065677784 0.0 0.0 1003.087 920.94604 ,test/4649.jpg
7 0.9824264 138.45993 199.14352 867.43494 755.02234 ,test/4650.jpg
0 0.7347415 178.6415 168.87411 668.79333 336.5389 7 0.98995155 130.82184 383.62198 806.40875 958.2367 7 0.32327986 127.27881 186.84485 700.008 716.02484 7 0.29499042 178.66652 168.91594 668.8203 336.972 ,test/4651.jpg
7 0.99729615 295.10565 324.76773 567.2468 521.513 7 0.67751825 268.1385 434.1988 331.54602 698.56085 7 0.5025884 264.08078 331.92017 563.5187 693.0486 7 0.07246386 269.8678 317.76868 376.51447 710.01685 ,test/4652.jpg
0 0.99889106 200.41028 211.24637 782.65076 715.80945 ,test/4653.jpg
0 0.9514078 757.4146 552.4382 834.47797 619.0142 0 0.7901716 737.6822 485.53802 830.9012 628.2137 0 0.38784617 833.99677 222.85713 980.3548 256.05115 0 0.24681322 835.03625 256.2064 941.5 298.03067 0 0.20743035 758.7092 500.26147 799.6764 563.46265 0 0.20556475 487.36386 618.3905 695.9398 698.74744 0 0.14215335 357.92557 367.26465 813.61523 674.5493 0 0.1341835 819.03674 218.57733 1024.0 269.35992 0 0.12444985 831.72125 239.72052 984.4982 299.17004 0 0.11690306 827.7092 167.00029 1021.5266 262.05426 0 0.07531706 257.2246 194.29347 859.06055 663.3782 0 0.068565615 906.4112 527.25 974.8885 617.3867 0 0.06346569 750.26605 491.5419 808.47516 587.7311 0 0.06336242 708.4144 548.9798 838.88794 635.75995 0 0.060139365 356.96985 396.42267 530.57184 519.343 0 0.0595266 348.11234 518.93604 892.7018 725.7024 0 0.058837328 727.19415 578.79486 760.92914 629.8757 0 0.053742517 708.8089 569.9986 760.0462 642.99347 0 0.05362626 728.4747 395.50055 814.3853 635.16095 0 0.053347554 840.61725 253.70694 916.66595 266.69107 0 0.052541967 964.94037 166.82893 1011.7493 238.30214 1 0.98787093 93.91751 197.30453 928.25244 760.86145 1 0.960432 303.20703 572.6631 347.74725 687.2914 1 0.9067251 357.22568 396.14792 531.0748 517.6497 1 0.7274709 180.50104 513.1668 972.003 804.6796 1 0.6203839 357.92557 367.26465 813.61523 674.5493 1 0.51770437 232.89188 380.052 442.00735 582.8154 1 0.45919067 315.94196 538.8017 529.3641 717.9776 1 0.29304025 294.74097 522.2365 439.27393 584.50104 1 0.28110957 304.53677 514.82697 808.3689 722.17706 1 0.26131567 105.23868 378.98535 358.1498 738.7084 1 0.2339615 259.2557 644.12946 852.1185 797.9311 1 0.2054495 297.54117 628.0604 324.15036 666.2473 1 0.19311576 487.36386 618.3905 695.9398 698.74744 1 0.15804194 276.34296 646.9955 496.05847 808.8782 1 0.1503241 470.10944 518.86804 952.5097 696.3783 1 0.12403738 734.6416 362.47595 937.6985 648.25433 1 0.12292924 381.17926 304.0988 598.3095 420.68045 1 0.12268644 289.77002 524.4673 458.9757 671.50366 1 0.1138855 365.74826 506.39627 468.74246 565.52606 1 0.112370946 741.547 384.1401 824.57104 616.7388 1 0.106808625 244.34633 382.23248 524.251 696.9985 1 0.10346641 268.2494 285.00165 590.0981 577.4565 1 0.08354146 111.980255 337.9707 642.474 768.8086 1 0.08245578 790.29626 515.86523 915.42615 634.2096 1 0.08199725 284.92175 599.0036 424.45306 797.22504 1 0.07678813 763.97253 396.62952 809.26465 516.20844 1 0.06596059 262.32382 665.04803 358.9503 799.5141 1 0.06343838 203.08981 388.62955 392.71768 674.29236 1 0.06289384 854.0961 162.55098 1018.68365 260.77826 1 0.05815882 686.6681 341.12964 848.86584 659.66327 1 0.05758712 757.63934 342.1192 871.2265 560.697 1 0.05726465 339.7786 517.7329 437.4199 567.4801 1 0.055803444 299.39035 577.38806 399.99826 721.2827 1 0.052409526 904.07733 524.0884 975.30975 617.83105 2 0.959188 337.60303 562.42737 525.9088 717.8436 2 0.07893785 357.5888 396.32233 530.1245 518.1122 3 0.09342393 837.04034 100.54403 979.3869 231.69965 4 0.05657375 789.75555 481.6004 820.20087 509.9726 5 0.8296429 0.96385574 387.05383 111.29837 446.65204 5 0.12856537 594.64 51.379066 1019.16943 267.42474 5 0.09063966 810.2927 100.13933 980.3324 254.5749 ,test/4654.jpg
0 0.8119618 796.3136 489.05353 840.13477 616.66644 0 0.09306542 731.75214 394.71664 824.17365 1013.8533 3 0.9998903 225.65302 287.74237 772.46643 490.57355 7 0.107480474 797.1483 488.29373 840.76855 617.8215 ,test/4655.jpg
0 0.1163984 348.5756 401.11536 678.2843 735.18176 1 0.9767978 349.29767 398.1096 679.29254 735.2916 ,test/4656.jpg
0 0.08587066 326.2487 86.18689 949.9497 583.9777 2 0.9859955 321.77628 83.03581 952.7184 582.98413 ,test/4657.jpg
1 0.9783069 119.19333 205.46768 887.4081 707.4446 1 0.8490683 474.73877 244.4262 891.15393 726.8348 1 0.69956625 112.90506 209.19043 558.02014 644.42694 1 0.21501353 512.38226 535.99744 849.1962 720.7914 ,test/4658.jpg
0 0.15577465 346.46405 371.6663 532.32825 588.51855 1 0.08671304 346.6291 371.9779 532.3566 588.36053 6 0.9321768 346.62598 371.699 532.3414 588.50806 ,test/4659.jpg
2 0.5871611 513.59875 361.2062 843.92664 743.8944 3 0.081784084 513.10706 360.92685 844.3865 743.875 5 0.5230037 514.9591 361.5422 844.453 743.4833 6 0.27858984 515.2527 361.16132 842.93945 739.92865 ,test/4660.jpg
0 0.2871758 573.5273 109.40773 631.9416 190.13182 0 0.18954523 549.9655 481.15067 585.67365 529.6986 0 0.16792394 611.5233 419.76968 714.27783 583.7013 0 0.14042462 492.5839 22.754236 519.60095 78.72639 0 0.11038001 582.70636 130.04317 616.76556 189.0548 0 0.0724108 496.30612 378.26767 527.62805 432.79068 0 0.06346067 570.2549 111.432976 631.8594 150.28899 1 0.3664133 572.99536 108.699326 631.3884 192.87648 1 0.103313215 581.2382 120.21139 616.5019 188.75394 1 0.072777614 570.06903 112.99658 631.2828 155.19183 5 0.14115363 758.66864 325.41138 855.6025 386.9707 5 0.12060617 712.2379 150.82184 971.08875 380.1775 5 0.10381783 490.9834 21.88747 527.7001 89.060455 5 0.093150996 361.76117 413.47244 441.30676 501.1077 7 0.99516463 338.45416 384.47906 499.29053 655.56024 7 0.99413437 274.22903 581.2195 552.4868 888.5349 7 0.9922058 708.4519 292.5672 898.86694 667.9008 7 0.98463595 514.8596 361.54745 871.0891 909.95105 7 0.9717781 473.847 112.82341 732.48785 430.27362 7 0.87043136 448.41055 21.559769 573.2003 330.26245 7 0.6176692 488.38107 352.06567 664.0872 669.39545 7 0.44643494 408.52454 247.11745 479.50342 422.8321 7 0.39782718 550.3464 336.0563 635.2005 457.75815 7 0.22422431 578.3853 131.20135 630.4711 190.10916 7 0.14919263 480.91638 17.786331 570.9481 203.72072 7 0.12542021 511.1498 576.1787 553.07764 691.67334 7 0.11716732 485.97046 369.24243 606.00195 603.03375 7 0.09795807 492.10867 375.37405 529.6181 437.8663 7 0.08288072 483.77203 457.22266 550.5683 692.53613 7 0.07482979 455.98276 244.15042 515.652 316.9042 7 0.07092883 611.5233 419.76968 714.27783 583.7013 7 0.06903104 495.26062 353.93042 517.847 426.1552 7 0.060061984 852.0015 1.751297 1020.9974 298.93634 7 0.05937766 548.2162 481.4923 586.3364 530.10297 7 0.058234967 490.9834 21.88747 527.7001 89.060455 7 0.05459975 681.8053 313.0113 883.40796 448.34625 7 0.054208897 973.9602 125.45765 1024.0 293.41693 ,test/4661.jpg
0 0.679935 211.03159 216.0753 887.4192 591.03326 7 0.4919734 210.52478 218.29619 889.70386 591.9774 9 0.27845645 210.75607 215.26826 887.7582 591.0578 ,test/4662.jpg
0 0.09596211 245.73122 161.14645 736.69617 751.9197 3 0.88901424 244.83417 156.5156 736.17334 748.60266 5 0.097885445 245.61044 160.4256 735.75085 749.02124 7 0.4289887 244.91066 158.84183 735.191 749.80005 ,test/4663.jpg
0 0.9998753 183.46075 304.5715 795.0867 727.411 ,test/4664.jpg
0 0.108599484 1.7261658 749.80023 76.27339 931.7719 1 0.30483904 1.8416977 750.43726 76.420135 931.4177 7 0.8843728 380.2317 499.04208 526.53705 881.6155 ,test/4665.jpg
0 0.05805628 178.5393 458.9797 217.56412 504.24033 1 0.9963924 481.5694 621.4842 889.1807 944.5848 1 0.9948467 183.36455 160.63997 537.81805 543.8321 1 0.951754 80.891754 379.88965 776.49304 776.48096 1 0.8232113 560.86536 455.3237 647.44446 530.62 1 0.7815981 114.21265 163.7044 765.5365 699.52167 1 0.7354644 437.12512 389.3028 544.9707 523.6936 1 0.6669459 476.37915 558.8668 764.6487 764.70386 1 0.6421433 265.5297 308.0206 518.14966 536.5087 1 0.56502235 176.94836 459.03323 217.61636 502.83084 1 0.32356453 474.14227 201.64963 769.3133 520.99695 1 0.31916597 501.88348 637.7818 748.74005 752.0911 1 0.27306706 284.90088 529.5257 777.77014 785.7684 1 0.266745 409.6653 325.344 525.16296 527.531 1 0.26523763 145.40256 414.67493 210.29721 474.6062 1 0.18288708 92.25865 381.03882 213.18623 488.52887 1 0.17255716 286.61115 470.47116 761.96686 629.7054 1 0.14717472 318.76147 566.1739 494.93256 638.9008 1 0.14641121 417.66455 560.34546 691.2272 647.3711 1 0.12044318 409.68372 183.6207 603.358 534.4889 1 0.112018086 555.7776 466.97955 757.98376 563.88153 1 0.10954699 557.5516 426.86777 700.4056 536.68933 1 0.10849193 177.61493 220.21571 328.099 541.8678 1 0.10846728 558.5032 478.4706 703.1853 529.38715 1 0.101672284 348.03412 297.82202 673.832 643.7364 1 0.09784685 594.36084 377.58038 720.79456 488.57037 1 0.0908703 497.7436 190.13155 618.5982 532.6807 1 0.082336225 290.8989 358.7422 756.59705 554.811 1 0.05743446 400.92712 503.52188 455.0714 530.6354 1 0.05458011 160.6189 453.28336 215.45288 491.20963 2 0.08116882 441.9406 398.95337 548.21106 525.16315 7 0.9999254 716.1852 456.97388 1024.0 767.6428 7 0.9981377 575.42664 184.22664 1023.2932 509.26617 7 0.9965828 368.63742 0.0 1024.0 294.43536 7 0.5134655 423.8446 0.0 1009.6593 720.36163 7 0.120095395 641.377 194.33612 1024.0 766.28217 7 0.10422546 581.13824 246.37112 761.6436 403.38925 ,test/4666.jpg
0 0.1384464 285.45316 336.38315 884.0652 509.07516 1 0.16058302 283.8681 336.34338 884.4405 508.96588 6 0.9999038 240.31287 502.06653 816.24976 958.7584 6 0.95658636 917.711 0.0 1022.83417 206.29083 6 0.092656 968.96954 0.0 1024.0 202.93831 7 0.9995963 66.68979 0.0 917.8025 368.35217 7 0.99516356 0.0 1.2455139 111.58998 322.5196 9 0.369115 285.45316 336.38315 884.0652 509.07516 ,test/4667.jpg
0 0.9974831 452.92236 548.88666 944.19653 849.12665 0 0.95111585 326.93698 133.2398 452.97006 389.5656 0 0.5911762 361.68765 138.74503 456.5358 310.2668 0 0.42862794 256.27304 145.50153 453.11966 462.323 0 0.27566883 478.65158 356.0502 526.0951 420.15604 0 0.19973294 268.01834 253.37865 425.54727 398.71094 0 0.11521889 301.80627 349.82013 356.8847 429.63373 0 0.10931904 202.0734 258.9807 400.1326 431.03992 1 0.60765564 140.2676 428.16595 506.20605 754.1082 1 0.27883098 870.83484 361.9383 1021.06055 848.1932 2 0.081614904 139.89577 414.61337 510.45538 752.17676 5 0.99422836 122.08139 202.65256 560.15576 774.4088 5 0.3801188 95.55182 819.08325 679.5834 1023.9347 5 0.17671661 89.43466 822.94977 180.55356 1019.5483 5 0.1440553 144.00822 398.6058 523.2908 689.97766 6 0.13559029 88.9491 894.699 134.06813 1013.28015 ,test/4668.jpg
0 0.0616214 259.3717 149.44037 751.9431 779.612 5 0.9809748 259.1846 146.2471 752.4645 781.87585 ,test/4669.jpg
0 0.3303742 368.8098 213.62717 590.08405 769.3417 1 0.7600975 370.7171 214.83496 588.8535 769.8858 2 0.12733287 370.4696 214.03763 589.0374 768.6345 ,test/4670.jpg
0 0.8999682 521.7982 507.49466 602.3058 551.5757 0 0.6200086 794.9544 306.98773 837.3298 481.5404 0 0.32319602 455.23956 510.55768 603.83405 591.1412 0 0.24236627 71.68057 724.1049 740.99414 1003.7309 0 0.11970199 651.7457 504.39478 694.2766 525.52783 0 0.11131958 684.98865 283.42133 730.47534 339.10468 0 0.11111466 103.72351 665.72235 169.34378 764.3431 0 0.07552233 563.08 195.80779 865.89764 433.07025 0 0.061577417 689.76996 857.986 858.1724 1023.7359 0 0.05189236 718.6642 302.91504 840.8594 402.3692 1 0.98016053 13.199005 16.35794 984.0846 1024.0 1 0.97261006 5.789276 21.34674 320.27542 674.9732 1 0.85420054 176.88544 210.69386 414.64294 624.9816 1 0.83168834 66.97069 42.59961 544.3318 740.0102 1 0.8241711 683.7781 288.25104 841.12646 411.92944 1 0.7950688 349.37537 0.0 1010.6675 246.48187 1 0.74128133 450.82327 264.8562 737.5559 562.89923 1 0.7124615 1.6159668 572.5438 845.73395 1024.0 1 0.5473022 391.51392 194.09427 849.43616 592.287 1 0.45397943 297.82776 138.46072 1018.9313 855.2092 1 0.40215635 380.35684 123.72485 544.9616 582.27277 1 0.3685084 586.06805 189.90253 1013.1755 1014.4726 1 0.33749846 795.3015 306.731 837.65186 481.64334 1 0.31384775 620.5777 289.47015 850.2922 534.65906 1 0.24138157 153.43167 186.10246 613.6323 644.03455 1 0.23306803 71.68057 724.1049 740.99414 1003.7309 1 0.21467039 518.294 267.1175 859.90424 717.26917 1 0.21245612 456.88345 509.82104 604.01904 591.7317 1 0.1919924 757.9122 209.03864 1022.1574 800.82574 1 0.14614049 563.08 195.80779 865.89764 433.07025 1 0.13701013 411.92346 124.88986 1021.8374 239.93387 1 0.121231996 749.3128 225.40834 828.6186 240.79424 1 0.11957718 524.945 515.4804 748.2026 714.30206 1 0.117539614 684.9058 283.14404 729.8134 337.8841 1 0.11275606 147.93748 172.89053 306.91364 640.4258 1 0.112717874 522.9639 507.58698 602.01556 551.5723 1 0.108865544 601.3661 289.56232 673.5731 343.62225 1 0.08909961 702.73395 225.81145 847.4953 254.89037 1 0.083139464 598.5671 181.93396 1024.0 608.46704 1 0.06967833 123.07922 451.04526 665.7612 884.15137 1 0.06799061 582.71606 282.62228 737.04297 359.17075 1 0.06636262 635.8802 505.43817 693.33844 524.3863 1 0.061421417 873.10504 245.9273 898.0517 311.15503 1 0.056261588 584.08875 442.80057 799.9689 541.8795 1 0.055593666 689.6784 857.8801 858.2515 1023.7981 1 0.05356279 376.60074 106.805916 930.2505 307.3635 1 0.050782435 789.0257 278.75955 868.8055 474.98843 2 0.9772231 524.3308 513.69037 747.61475 715.45197 2 0.19199243 636.2842 507.0963 693.44946 524.7954 2 0.07494285 628.7893 517.1871 750.589 590.62714 3 0.17053922 981.55524 449.18243 1023.89105 498.15607 5 0.94752043 983.0551 448.9581 1023.88214 497.42807 5 0.8733042 552.2581 206.52113 903.47174 317.98776 5 0.41701895 435.2971 508.11407 604.71185 586.8471 5 0.111501954 588.41437 208.616 893.9168 410.28134 5 0.091340885 653.4271 240.46324 900.62085 325.23407 5 0.09115822 718.31976 275.03195 867.7482 315.06808 5 0.09034237 468.32883 472.90558 527.12537 540.1797 7 0.55982894 689.6784 857.8801 858.2515 1023.7981 7 0.37015137 687.69507 970.3536 853.12854 1024.0 7 0.11423333 683.6147 288.42618 841.47235 411.52878 ,test/4671.jpg
0 0.107305326 0.0 633.3117 47.71041 738.5905 0 0.10514546 362.63876 489.59143 498.38388 620.13025 0 0.06715675 359.1062 586.446 588.54083 674.36273 0 0.063570164 242.54092 172.64789 562.14734 231.00256 1 0.98754627 200.7421 186.29785 835.8998 880.0896 1 0.9749815 673.3684 135.0981 855.47766 485.3745 1 0.9614175 235.57745 176.70474 686.8287 351.2372 1 0.9185862 231.0221 218.71336 769.7762 625.91785 1 0.55081594 362.5329 489.6719 499.29242 620.139 1 0.5291594 360.92838 483.94257 654.0762 619.13885 1 0.4915182 517.54236 483.67462 662.365 587.76544 1 0.4728567 251.3143 494.43384 787.735 877.6177 1 0.4666084 914.4457 7.162628 1018.93726 526.20166 1 0.44705522 649.1836 135.12213 1024.0 511.59375 1 0.42894647 171.01285 251.27374 265.74826 431.71918 1 0.36754122 173.38931 210.84534 354.8972 421.5229 1 0.27948397 959.62524 0.0 1022.1721 188.92307 1 0.2492476 605.9221 249.79231 773.24414 568.21594 1 0.21075058 964.04175 123.51959 1023.5731 190.70319 1 0.09376483 461.48557 536.20496 562.22925 605.69226 1 0.0872362 433.688 217.95767 683.36414 353.29422 1 0.08037012 482.6278 484.4139 636.65027 675.8672 1 0.07036698 164.82416 227.9509 353.8778 606.2256 1 0.057228163 450.55777 487.50735 562.9418 677.6488 1 0.056042578 541.882 151.6758 848.113 598.7739 1 0.05554143 460.87045 497.18683 598.0 607.0451 1 0.05292162 344.59607 495.35675 831.401 717.2823 1 0.052103687 242.7813 174.6081 563.87744 227.95624 7 0.1893672 488.37073 603.87024 594.73035 670.32935 ,test/4672.jpg
0 0.27053717 620.18317 669.63855 672.09894 794.5016 0 0.25687504 491.0898 922.68134 685.0255 1022.1696 0 0.063838795 415.3933 272.71298 775.2283 678.44336 2 0.9901196 416.7705 270.33218 776.4169 681.1682 ,test/4673.jpg
0 0.33930245 449.24188 342.96805 460.45172 378.93588 0 0.13070948 374.35797 367.4524 547.2522 596.12744 1 0.59361565 372.88596 366.4463 547.6854 595.0082 2 0.83257926 372.98334 366.31183 547.32556 595.18567 ,test/4674.jpg
0 0.8664005 631.4745 940.55914 985.61206 1023.86456 0 0.38689357 625.1832 844.93024 1022.9824 1023.5301 2 0.996031 309.05878 342.83054 714.1831 796.3666 5 0.120277934 629.595 935.336 987.4713 1024.0 7 0.9371805 803.3113 753.08765 1024.0 1017.69775 7 0.55964905 627.2576 830.0487 1023.0656 1023.1144 7 0.12172725 825.9178 839.6457 1023.2232 984.43646 7 0.06315214 629.595 935.336 987.4713 1024.0 7 0.05994469 931.62506 764.59155 1024.0 926.9468 ,test/4675.jpg
0 0.33705747 120.136665 77.01084 334.59106 331.91415 0 0.21988432 161.86783 944.59064 212.93793 987.4986 5 0.11105699 217.42671 196.98843 315.47943 322.7377 5 0.07311676 227.23055 223.1718 264.67935 255.40303 6 0.0588678 271.60028 318.37988 397.83398 525.78204 7 0.9995128 11.882721 86.255005 616.5155 1024.0 7 0.5686069 215.20805 238.05547 310.99957 322.71783 7 0.38476714 112.47485 80.79126 389.31146 329.7767 7 0.05562828 253.10167 195.37814 564.17737 808.41174 ,test/4676.jpg
0 0.56575966 288.11465 476.40485 312.25204 524.1118 0 0.3715811 242.62762 444.0501 285.8919 493.4845 0 0.28439015 145.00952 546.6767 209.5776 605.28485 0 0.18575408 2.4839344 753.82904 41.52363 792.43365 0 0.18005006 10.18362 782.6605 124.2097 842.1377 0 0.11716807 0.30595207 667.59204 41.49122 764.00696 0 0.075828776 519.922 921.11145 599.2744 946.4265 1 0.9897339 289.46066 488.48877 789.579 963.47217 1 0.95626235 549.9437 13.851166 709.8097 225.90903 1 0.92342865 610.507 192.50397 726.6287 332.35266 1 0.9110413 747.5398 156.85835 905.7733 433.42944 1 0.8510779 391.22333 555.8677 697.43646 733.60095 1 0.84443694 363.16254 556.1642 405.60107 628.1487 1 0.8142466 728.7696 338.72876 927.23663 673.1044 1 0.7255386 350.8222 866.177 374.93176 954.23425 1 0.7167512 182.01764 459.2354 286.4647 584.087 1 0.7120878 8.725979 780.8661 123.49336 842.079 1 0.6668414 66.10779 506.72522 140.29808 683.1145 1 0.57414985 191.42918 453.77573 637.55566 603.85913 1 0.5297214 306.9845 596.09924 692.56714 831.22375 1 0.480991 144.79315 547.22076 210.66116 605.6612 1 0.47626874 408.3542 701.6962 651.7929 776.14923 1 0.46921435 500.4365 313.0581 592.583 476.34497 1 0.46381357 498.7426 556.22253 694.50775 656.5775 1 0.4259452 700.42303 41.083893 777.39154 344.2275 1 0.42252034 572.6188 34.824554 782.3955 346.3263 1 0.40003303 648.5983 744.27527 698.1171 783.1279 1 0.3842763 62.729156 506.32962 184.4969 787.3928 1 0.36744246 327.13562 468.16867 659.1839 691.4402 1 0.34406197 261.89636 575.6648 409.00916 818.7002 1 0.34395576 400.67987 686.7527 676.9217 742.964 1 0.29511663 611.66296 132.17154 758.18774 363.50867 1 0.28883523 748.8844 405.37863 906.0907 430.98007 1 0.28850898 145.99956 442.59528 655.67303 812.67194 1 0.28704885 202.68182 557.3617 312.97522 595.6013 1 0.2726834 661.54474 366.2825 752.6181 548.8752 1 0.25759035 290.30927 779.5116 326.10938 821.1017 1 0.23697534 674.43494 193.0305 761.9105 368.07404 1 0.23343588 741.54285 409.8093 918.54297 498.50766 1 0.22475402 348.81354 664.02466 718.95966 941.85645 1 0.2068428 163.44894 549.8921 331.62183 791.9053 1 0.19421062 169.23645 453.04318 374.5854 603.37524 1 0.19192171 402.22247 647.3111 685.80096 722.269 1 0.19094455 148.7022 545.65094 354.34113 604.2592 1 0.17534253 182.46507 566.9442 306.60327 607.6633 1 0.1653053 687.9661 342.65527 920.0223 504.71454 1 0.15893176 73.87178 525.396 395.66064 810.77295 1 0.1424711 555.2609 316.8245 926.2786 673.3003 1 0.13856268 511.1891 18.371948 630.42456 230.04787 1 0.12042807 698.5748 94.22418 752.1377 224.88419 1 0.1117183 242.60951 443.87317 285.73776 494.13953 1 0.10844857 293.72366 470.5199 623.3723 563.92615 1 0.10815142 372.24396 566.65393 669.2846 634.8982 1 0.1063719 547.5896 218.53287 625.1781 322.77066 1 0.10302048 110.39247 660.8573 181.3871 788.06506 1 0.10047027 547.33325 449.21228 594.1865 500.40442 1 0.09160697 578.80853 502.67456 779.90594 875.82275 1 0.08857148 498.60205 447.725 677.73755 675.49664 1 0.08176279 240.94205 500.02112 291.869 581.8583 1 0.076588124 349.47705 803.1734 735.22314 968.0621 1 0.07653297 195.23857 549.2103 269.95212 588.0526 1 0.07586754 728.78033 51.412285 793.0645 267.07593 1 0.07328698 502.24365 295.0496 767.1504 648.3031 1 0.07071621 700.51227 45.488533 762.5833 189.19247 1 0.069462426 542.3701 691.7109 710.9448 777.65106 1 0.068059325 4.975197 500.37158 138.56577 847.8384 2 0.7301723 183.69724 452.54117 282.46893 578.1927 2 0.32115296 290.0508 779.5928 323.8903 821.41223 2 0.08050394 143.8363 547.10126 210.57959 605.9732 5 0.7481118 112.71108 574.34515 164.00812 690.62555 5 0.36121193 290.06082 779.9058 323.8221 821.36957 5 0.26387185 914.5265 402.85724 968.87134 479.55835 5 0.21993324 549.68036 218.24617 623.23517 324.10022 5 0.20591778 73.87877 576.7728 155.02052 691.1062 5 0.1946491 74.05255 588.3536 124.9391 676.5639 5 0.10547499 119.87945 622.01544 150.66714 686.3868 5 0.07548966 528.8888 268.91998 578.729 338.06744 6 0.19220631 290.05573 779.3436 323.48187 821.6802 6 0.114529364 242.62762 444.0501 285.8919 493.4845 7 0.99889225 260.53845 0.0 567.065 520.23303 7 0.9808154 111.78429 176.16927 279.76312 447.26508 7 0.966345 134.04349 362.13452 252.74481 546.0281 7 0.91046864 0.0 668.79315 41.597008 764.2381 7 0.862596 579.4538 320.57 703.9268 550.6294 7 0.57497966 914.51953 402.33173 968.81433 479.58087 7 0.5334585 548.0941 218.41428 624.4584 323.66763 7 0.49943885 553.26825 445.3128 639.85736 497.6211 7 0.29639024 420.5443 50.519287 565.0728 342.48352 7 0.23837462 704.1109 478.52228 747.0369 556.64557 7 0.23116545 545.9529 346.69998 760.18054 573.71545 7 0.20929767 62.78993 506.62027 182.2673 787.40137 7 0.14784496 650.8584 435.50446 752.25183 561.2197 7 0.11605637 72.539024 573.42 166.84344 695.71246 7 0.0952888 477.4367 273.26837 580.3648 424.60547 7 0.0952573 558.4567 446.82202 601.77277 498.3313 7 0.082208306 158.1355 448.64407 349.3064 599.4415 7 0.082091786 113.80467 576.14954 162.79118 691.1979 7 0.075009346 528.8888 268.91998 578.729 338.06744 7 0.074669786 180.42621 456.58868 288.97696 585.49945 7 0.067311764 287.42987 475.99698 312.4355 523.5164 ,test/4677.jpg
0 0.47642946 101.45264 68.70125 709.29645 378.45728 0 0.23049438 514.87885 196.03741 700.38763 385.46704 0 0.15275177 571.9495 381.75348 940.8199 757.14325 0 0.061593488 159.49872 100.76247 406.7185 150.7346 0 0.051692624 856.9909 425.68112 896.30585 462.16263 3 0.55722404 570.36816 384.3263 940.2717 755.7771 7 0.79147726 570.8833 384.8979 938.3425 755.8837 7 0.3810019 327.46683 74.99518 381.8611 105.824005 9 0.45253208 514.7907 195.70952 701.21515 385.10315 9 0.06672032 100.91162 66.03119 715.05914 377.12955 ,test/4678.jpg
5 0.9996381 411.69492 379.3864 642.03046 873.35223 ,test/4679.jpg
0 0.4565709 178.57323 226.86667 425.0749 803.50024 0 0.31756312 207.43451 477.93808 814.1369 812.1428 1 0.185198 250.09125 476.51575 806.33514 814.3694 1 0.059022065 174.83536 245.0633 769.854 804.9841 5 0.36267108 198.37158 441.398 786.87006 813.81573 5 0.10134514 177.48868 227.25623 413.93192 786.19275 7 0.5197815 197.05115 447.74573 787.494 812.70544 7 0.36198398 177.93387 226.12997 423.19034 802.6327 ,test/4680.jpg
0 0.076874465 93.79794 403.80023 846.3203 696.77094 4 0.085274085 89.20215 400.66043 906.4942 702.4437 5 0.97644264 86.42502 398.35968 944.3241 701.2646 5 0.45003998 618.7455 410.51758 948.2241 575.94025 ,test/4681.jpg
0 0.8370908 736.55005 323.1245 846.1117 398.09875 0 0.18871365 450.37796 746.88934 558.605 792.55756 0 0.1711054 784.756 324.8975 837.95996 340.92783 0 0.1626162 788.52454 296.14743 836.34265 344.7012 0 0.14513722 813.01117 295.40408 835.97784 340.39877 0 0.11216935 743.2312 329.45663 843.541 345.60892 1 0.99937135 232.06073 244.29404 745.60693 794.24585 1 0.9841515 727.45874 304.50443 851.83264 682.3751 1 0.8039321 339.3206 246.17126 703.4453 317.82977 1 0.69938606 584.26306 245.42166 701.29114 319.04153 1 0.6735079 586.0458 264.4908 654.3657 319.05234 1 0.44284123 348.0263 288.18527 503.80023 317.64938 1 0.34119743 346.88116 280.23273 664.941 321.84216 1 0.24181257 346.32764 287.17627 449.40967 309.34424 1 0.20353882 250.58826 245.61649 723.9045 440.5779 1 0.15101407 388.4506 305.283 487.76547 319.4097 1 0.098356634 637.2096 241.4526 701.9889 314.121 1 0.07970318 737.3046 322.16733 846.1558 397.94766 1 0.06957953 347.78143 295.88812 575.22296 322.14447 1 0.05592737 343.9776 285.95612 369.2906 309.58002 7 0.07559119 735.9714 325.60037 845.6816 397.40176 ,test/4682.jpg
0 0.3659145 176.48901 406.89642 808.01044 892.0484 0 0.08308336 685.7998 504.03882 764.24536 573.43787 1 0.5444484 176.94077 392.1399 807.3933 897.65515 2 0.064358085 175.64658 405.94855 809.0614 894.07086 5 0.06312057 175.35269 407.85983 809.3419 892.9646 6 0.48665497 178.25592 407.50336 809.7703 892.53766 ,test/4683.jpg
0 0.49739096 114.671265 359.17523 759.48553 600.0255 0 0.33788612 192.3457 485.01318 747.0908 597.64197 1 0.8824934 771.1924 363.06317 1021.44055 535.37537 1 0.21049558 119.2746 358.4839 749.76526 600.44604 1 0.16005398 8.973724 177.29327 626.90735 432.38873 1 0.076502346 39.284454 0.0 1003.5198 501.73874 7 0.51901346 114.64203 362.3645 751.2029 600.7106 7 0.1637441 192.3457 485.01318 747.0908 597.64197 ,test/4684.jpg
0 0.64252436 921.24475 970.34393 1023.1415 1024.0 0 0.28859 477.38834 351.61273 831.651 417.23798 0 0.24428426 734.1028 513.9733 838.171 646.98346 0 0.08271307 623.117 360.00525 838.8344 420.28064 1 0.9852743 254.27994 336.7343 905.3778 727.16693 1 0.34546843 480.5302 350.39444 831.28326 416.241 1 0.104549825 733.5045 515.11414 838.29565 646.1321 1 0.07519784 350.63562 494.85925 846.27686 720.6581 5 0.08480677 733.5045 515.11414 838.29565 646.1321 6 0.056875244 733.5045 515.11414 838.29565 646.1321 ,test/4685.jpg
0 0.9972089 146.4469 262.40857 924.6968 875.3059 0 0.21235515 136.39911 592.1845 617.5911 894.1103 0 0.13039444 506.13153 271.59277 718.80646 457.46014 ,test/4686.jpg
0 0.5415376 506.2375 795.92255 580.48785 906.49066 0 0.50878453 318.06607 341.0613 375.6876 443.89926 0 0.32747433 554.0229 581.4477 600.0047 622.0872 0 0.10990968 255.30746 409.8571 336.8447 524.212 0 0.0967844 338.2631 457.44318 421.61478 528.8622 0 0.085484736 149.82997 393.55872 417.82953 826.0016 0 0.066640966 590.6798 571.8038 684.28723 652.0788 0 0.06434252 593.3033 519.9349 728.4937 650.2515 0 0.05349285 834.6077 478.6719 920.3935 550.3256 1 0.98684794 434.60974 179.77446 862.54016 665.61255 1 0.97527367 359.49594 543.6606 579.3652 784.3117 1 0.9659114 373.66418 376.2851 667.52405 568.3969 1 0.89338666 462.6456 288.0718 612.27136 427.98715 1 0.85859406 244.68321 346.9599 404.71472 558.00836 1 0.84254384 149.9937 388.30264 418.4297 826.86523 1 0.75574845 441.5797 192.85297 666.02795 569.028 1 0.62486684 589.8368 572.208 682.5714 652.86255 1 0.55584246 241.3339 393.20496 341.00015 567.5497 1 0.49051827 280.4978 437.1682 336.65094 521.782 1 0.38454944 834.6077 478.6719 920.3935 550.3256 1 0.32288426 589.9041 523.88794 727.2253 651.91187 1 0.30139074 338.2631 457.44318 421.61478 528.8622 1 0.2349656 318.15762 340.84827 375.62875 443.95947 1 0.22637929 554.0229 581.4477 600.0047 622.0872 1 0.19747737 553.52185 568.32886 603.54297 690.53906 1 0.19099002 250.0189 351.30862 725.33044 632.7716 1 0.16684864 558.61273 520.7789 656.4622 578.8455 1 0.16143568 391.58435 514.4467 646.42615 583.2349 1 0.15670228 556.2748 514.472 698.19714 685.3121 1 0.1398123 385.969 553.6959 557.47784 698.1865 1 0.11952404 549.4165 563.9321 651.92505 675.3269 1 0.11815693 558.39777 613.6843 598.8171 678.60815 1 0.116121605 390.35864 536.0529 574.14764 633.09674 1 0.11211664 336.85065 398.41196 628.98846 798.9387 1 0.09862077 376.9264 508.76318 694.6731 660.8788 1 0.07277305 291.56473 427.8348 409.7018 574.7621 2 0.14422917 834.6077 478.6719 920.3935 550.3256 2 0.07155328 338.2631 457.44318 421.61478 528.8622 2 0.063988835 366.13284 540.9884 571.20013 786.4237 7 0.35891247 149.61255 399.31647 414.0102 827.71747 7 0.21804978 317.99518 340.71246 375.79724 443.77496 ,test/4687.jpg
0 0.7407274 285.01178 780.8082 361.8664 925.46704 0 0.37458122 101.06145 67.48591 177.78493 157.36533 0 0.10571567 472.516 118.14253 570.7435 205.22704 0 0.10041164 214.1172 0.16804504 603.0546 501.8766 0 0.074714534 532.4101 128.78122 763.409 399.77383 0 0.05371293 237.65408 387.22742 635.3153 703.47656 0 0.053656083 213.99918 122.686615 896.02515 881.8635 1 0.48956692 210.62396 129.39355 899.4451 858.491 1 0.433089 553.5777 131.26328 759.59735 393.15067 1 0.2154039 222.24274 322.674 546.9439 487.9807 1 0.12844546 224.36026 124.97571 773.25354 404.7024 1 0.12513438 207.57834 4.9088745 601.15076 504.75125 1 0.06736945 244.17654 397.5027 558.469 492.8263 2 0.06275649 222.24274 322.674 546.9439 487.9807 5 0.087327406 214.50296 9.794266 607.666 441.04547 5 0.072554626 203.94768 945.18854 277.86285 1023.9753 5 0.057745613 472.3389 117.61087 569.7796 211.1633 7 0.8101069 212.99655 111.64148 885.9756 874.07355 7 0.5388106 670.4188 129.27455 748.0281 212.61491 7 0.35681754 210.49207 8.215347 607.35266 481.91248 7 0.12869702 494.442 121.64711 759.3041 416.13055 7 0.10662881 224.36026 124.97571 773.25354 404.7024 7 0.080905095 670.7655 131.40343 776.7112 283.638 9 0.23533928 100.77202 67.892044 177.8076 157.63815 9 0.22941235 285.1603 782.0188 362.13828 925.2025 9 0.13265583 472.7218 118.031586 570.6261 206.55457 ,test/4688.jpg
0 0.42336676 435.39282 513.7342 477.41986 602.0163 0 0.12230418 370.2789 820.881 445.69644 979.6671 0 0.07914262 455.7486 531.6367 488.81628 599.31946 0 0.05040598 623.8666 577.2011 685.3998 602.18744 5 0.15690412 581.6886 255.85822 644.07263 328.23505 5 0.05364058 283.61383 436.87128 372.73993 463.38635 6 0.99933016 190.87827 688.2754 367.94156 800.292 6 0.97666305 183.52875 450.2834 411.1635 619.5235 6 0.61594725 201.65463 581.3352 369.71597 707.8602 6 0.45070955 185.58426 450.19244 419.10147 790.5998 6 0.20216988 365.07852 453.64755 414.6519 590.68164 6 0.13626988 293.2395 694.9613 364.98767 744.14 6 0.07838873 207.09167 607.8836 285.44098 672.8825 6 0.06954344 251.31433 597.20276 360.08008 692.1367 6 0.06853529 204.03282 666.58875 369.40228 745.37366 6 0.05871352 241.25806 699.35583 283.1789 743.5061 7 0.9998703 540.75415 547.4143 824.4651 983.87244 7 0.99958116 358.76782 480.28955 570.97363 838.5812 7 0.99728715 443.8758 66.16 680.6995 330.6364 7 0.9970251 444.5222 243.27539 786.22815 577.5838 7 0.9962484 766.9425 454.42358 854.78955 643.51306 7 0.89558274 690.2478 222.39804 858.7501 497.55893 7 0.74594396 433.31213 477.0755 478.42804 520.2052 7 0.53303194 425.14944 313.58755 475.7855 512.5688 7 0.30413765 431.1032 515.437 497.21564 606.73987 7 0.13096187 695.65094 445.64456 812.00055 639.76636 7 0.12422011 424.70123 290.8406 528.7067 505.0936 7 0.11338724 585.5485 456.4726 853.0909 644.68243 7 0.08733009 452.43985 534.45514 498.45718 600.41034 7 0.06359465 452.83286 255.73926 572.55237 521.71185 7 0.06060764 538.97974 254.9799 571.2091 300.7697 7 0.05618513 608.11743 230.00443 779.3611 602.12024 ,test/4689.jpg
5 0.9628408 29.94046 370.55557 1021.4391 947.0337 5 0.9127269 23.468018 247.91284 992.2602 459.48682 5 0.8449818 48.216064 398.561 984.4231 608.9171 5 0.7475952 9.551636 852.90826 1024.0 1021.4506 5 0.33948562 36.731567 256.77295 1001.47034 706.4484 5 0.11374121 85.559265 530.94446 968.1286 835.53564 5 0.051247094 883.6853 318.6516 1014.02234 718.6935 9 0.10907383 13.692535 255.71884 1024.0 440.61398 ,test/4690.jpg
5 0.9987606 168.86023 155.29105 877.9219 881.40076 5 0.87840384 0.0 773.61536 318.43427 1024.0 ,test/4691.jpg
0 0.8738501 444.85992 635.3473 491.7608 682.71155 0 0.68193334 185.15042 707.63275 237.78592 736.315 0 0.17123342 235.19214 643.80237 294.16772 668.697 0 0.17101607 196.99693 620.8027 314.74023 670.10004 0 0.13335273 199.90579 641.8789 326.58463 674.5137 0 0.12583792 215.41936 642.598 301.36588 657.2512 0 0.11624135 405.6568 603.9503 498.54315 692.687 0 0.10609963 403.20087 654.9287 447.7317 699.2699 0 0.08666114 179.5115 682.7987 237.42035 738.2804 0 0.082975194 228.92233 638.0188 302.0886 653.6387 0 0.07445374 309.08328 687.77954 375.13913 702.02747 0 0.068010986 266.9176 629.4588 296.93652 671.7397 0 0.061411064 202.37178 650.96844 292.0201 668.637 0 0.05458599 435.3512 637.83826 496.7511 705.0497 0 0.05287081 762.8364 1.522522 1023.8091 628.177 1 0.99816114 309.19525 375.2363 684.84235 620.05396 1 0.9353304 174.68137 596.35706 476.88968 747.36926 1 0.55310583 315.24243 369.81705 670.9296 462.1312 1 0.508246 44.512367 328.72235 196.10556 364.5072 1 0.36641806 196.52928 619.6276 304.02283 668.8497 1 0.31027955 436.88785 633.7217 493.98532 705.161 1 0.2539447 188.11932 612.7868 384.71112 727.60297 1 0.24084401 199.90579 641.8789 326.58463 674.5137 1 0.22799586 535.69135 446.17578 612.27057 460.16168 1 0.20026869 475.98996 441.00778 661.4727 461.93863 1 0.19400994 186.56189 592.3629 342.85925 692.281 1 0.17025524 405.6568 603.9503 498.54315 692.687 1 0.14668448 298.76404 534.2443 347.79443 598.96844 1 0.12819514 304.6834 415.2119 676.61957 488.17462 1 0.12624428 464.8073 623.4008 504.83893 648.0286 1 0.12209242 171.93684 402.0384 665.2102 740.8892 1 0.103645 199.77286 653.85657 281.62994 668.7283 1 0.09738007 226.11554 645.8439 306.29187 669.33606 1 0.09325493 478.61783 442.23996 544.88586 460.26913 1 0.08963979 404.2358 426.99274 628.5354 457.59393 1 0.087558426 298.56897 563.8037 346.80847 584.07935 1 0.08278225 283.76086 627.0373 332.37555 641.737 1 0.07947794 444.50406 638.6399 490.36008 683.01794 1 0.07943428 275.87982 645.1314 326.44495 677.03644 1 0.071610205 546.24646 449.7492 663.4238 576.23846 1 0.06510026 195.15565 672.0318 389.0105 738.8565 1 0.05811367 210.4599 672.80566 386.36176 702.21765 1 0.054296035 209.69814 639.7721 292.74786 662.869 2 0.17147462 196.99693 620.8027 314.74023 670.10004 2 0.12662388 281.06467 643.9032 328.86325 677.3683 2 0.067466944 280.99167 627.7301 332.50424 643.41504 2 0.06250631 226.11554 645.8439 306.29187 669.33606 2 0.056228403 199.90579 641.8789 326.58463 674.5137 3 0.46146554 763.9033 0.9937134 1023.2339 629.8112 3 0.05975505 309.62524 605.78876 471.5537 685.18134 5 0.9646323 315.0417 607.6871 471.75848 685.8378 5 0.36777627 762.98517 1.9982605 1023.7054 632.58386 5 0.34445387 320.13 611.09753 387.27625 645.28955 5 0.17447503 196.55931 619.4311 297.031 668.1525 5 0.16330802 214.36562 612.4184 454.4275 691.0208 5 0.0684579 404.83206 653.3647 449.8204 696.45355 5 0.06166246 305.16333 606.8304 405.0097 655.1984 5 0.054907024 335.84982 607.91113 393.20462 621.69543 5 0.050418194 282.07394 627.0055 334.49588 645.06665 7 0.9999074 387.3892 472.74808 893.9398 953.5322 7 0.07935719 315.35638 606.60767 486.89014 689.24 ,test/4692.jpg
0 0.05843151 216.38895 590.65515 318.63712 733.2499 1 0.14674695 216.1207 588.35803 315.8038 731.91736 5 0.9945036 442.54926 299.32092 597.11505 632.8506 5 0.29837772 334.16806 2.266636 458.46347 101.304886 ,test/4693.jpg
0 0.45339057 200.91312 24.357683 306.36536 86.436134 0 0.25200042 464.90884 59.802628 519.15204 126.06137 0 0.24177876 452.67755 2.0200348 558.4101 122.37813 0 0.21441634 37.5065 75.91589 955.0072 990.27795 0 0.19963221 469.01987 61.60953 509.2242 98.480255 0 0.09609804 466.7446 87.09007 517.6703 117.86328 0 0.05542487 426.13696 34.0206 943.8142 105.51689 1 0.9575197 19.945282 40.413994 985.06006 250.87689 1 0.7550153 196.2983 3.660038 556.99634 108.71028 1 0.3226863 173.23926 20.506687 932.12646 107.358734 1 0.20263658 175.82199 52.77761 536.74036 117.871925 1 0.1226544 200.30556 25.874508 428.64703 136.63695 1 0.10700607 436.2057 1.4654369 558.2955 45.277687 1 0.093230814 203.55383 25.023067 307.01822 93.098434 1 0.0532001 197.49094 3.7966652 533.3601 54.301952 1 0.05038587 451.23932 33.723305 925.2082 101.135506 7 0.115294494 77.01486 220.23596 930.93896 987.37805 9 0.90926737 76.00336 224.68457 924.72864 971.0873 ,test/4694.jpg
0 0.9385347 839.2165 93.074486 1007.3239 319.3916 0 0.3735261 771.02356 21.620823 855.7794 132.648 0 0.30087367 818.04767 249.72995 925.46857 433.32315 0 0.18567121 808.4632 63.709595 1011.3565 460.28204 0 0.1321013 893.7051 351.76825 1022.80273 1012.4925 0 0.06523903 680.30444 30.892395 998.8395 327.56372 1 0.9342254 890.1452 346.58313 1023.02094 1013.5321 1 0.12823968 542.3589 372.90634 1024.0 990.1498 1 0.10210721 820.20544 70.27319 1019.442 1024.0 1 0.08606177 839.0052 94.03791 1004.46954 318.32327 2 0.9997503 294.76804 369.9979 576.26697 683.8699 2 0.9933136 573.91656 372.75983 877.94415 709.05914 2 0.9204044 418.12946 921.01776 556.4224 1023.6458 2 0.050862245 542.3589 372.90634 1024.0 990.1498 5 0.71219426 541.6359 491.68488 654.5102 717.82135 5 0.5001643 413.3509 917.276 547.9169 1024.0 7 0.99893254 221.13289 0.0 729.2085 282.10736 7 0.4928411 365.93793 189.15134 725.715 521.3081 7 0.23714082 229.21661 15.738983 823.41864 533.2328 7 0.2136511 818.04767 249.72995 925.46857 433.32315 7 0.13774171 403.79523 99.90947 981.93463 490.77808 7 0.11057995 651.60425 103.54794 911.7009 429.5734 7 0.09128266 570.791 25.893219 916.20654 593.88916 7 0.059070583 505.54907 165.8748 865.66113 532.69586 ,test/4695.jpg
0 0.11787695 184.30435 200.98105 858.9387 720.0768 5 0.99973875 531.0852 176.84375 861.7875 517.94446 5 0.994866 207.372 370.66376 583.2441 739.3503 5 0.6411786 188.83292 249.48923 830.3633 710.47095 5 0.094768055 522.32623 315.3489 813.1967 517.13916 ,test/4696.jpg
0 0.57812846 618.42944 148.97098 686.6764 345.67728 0 0.06608703 427.86826 300.36203 640.83435 426.65274 1 0.07733445 243.03934 415.63266 720.6168 641.4656 6 0.9933248 240.65555 414.53992 722.9038 641.49805 6 0.066822015 247.48657 439.99365 328.46582 641.74133 7 0.99855953 780.69476 866.6474 1024.0 1024.0 7 0.9868117 432.3622 301.12787 640.13293 426.48218 7 0.06813169 983.309 953.8689 1024.0 1022.87915 ,test/4697.jpg
1 0.7205891 982.9939 465.02344 1024.0 579.66223 1 0.6831773 600.50903 262.34207 651.0487 357.49374 1 0.12590197 495.9555 255.9753 656.70526 365.73712 1 0.09104238 463.56787 250.22945 649.7406 466.83942 7 0.99976605 80.179214 334.10284 341.93518 713.98785 7 0.9989913 295.2733 454.3739 521.3384 777.2135 7 0.9987224 672.70044 0.0 1024.0 546.2188 7 0.98676795 964.5394 477.57336 1022.59534 896.7926 7 0.98478425 483.54053 307.28195 987.6837 1024.0 7 0.9811075 382.48962 74.50722 679.6201 514.35 7 0.93225294 245.3853 139.84966 419.28198 545.70605 7 0.62741196 428.68265 260.90576 664.8324 498.82245 7 0.43783578 696.71783 0.0 1019.17694 248.77643 7 0.33403927 959.11926 94.03849 1003.88086 127.980125 7 0.16483378 899.88525 421.82175 1018.54834 869.4614 7 0.16176929 280.1433 122.652435 732.59204 866.40796 7 0.14938621 871.0734 0.0 1017.5407 134.58698 7 0.13575116 120.804405 329.33105 266.2021 487.10797 7 0.12606642 934.1428 0.0 1007.30554 116.68608 7 0.11718803 478.1466 232.51074 678.7698 813.38354 7 0.11262362 82.812805 232.6125 702.76135 722.16895 7 0.105531976 732.09106 346.42062 979.35547 564.68866 7 0.10347796 475.00525 347.01233 767.6478 984.2936 7 0.09611747 413.79147 681.04596 492.54642 777.0229 7 0.06619471 453.0376 299.25525 783.4552 513.35474 7 0.05636319 300.92197 68.142456 946.37646 587.99274 7 0.05313701 495.9555 255.9753 656.70526 365.73712 ,test/4698.jpg
0 0.9209636 373.43457 272.59314 700.06287 925.224 0 0.12792228 428.71213 311.73608 631.16595 512.5843 1 0.17925571 379.07404 273.7332 698.3864 909.6582 7 0.12014353 379.0964 272.12943 695.0498 918.2212 ,test/4699.jpg
0 0.8692166 800.07214 505.66382 1017.1659 624.8043 0 0.37435368 64.09387 669.65436 767.7925 843.17926 0 0.3433432 67.1853 464.109 1005.1687 842.88965 0 0.11212802 760.236 501.27682 1019.5339 825.79395 0 0.07735368 98.55029 159.83157 868.78394 839.66626 1 0.43398005 68.17618 470.50992 1008.0311 843.49817 1 0.14306246 98.55029 159.83157 868.78394 839.66626 1 0.10739688 66.55429 670.62634 760.6334 841.33276 2 0.991439 155.83646 161.57944 869.3319 593.0354 3 0.07967523 66.55429 670.62634 760.6334 841.33276 7 0.13826443 66.55429 670.62634 760.6334 841.33276 ,test/4700.jpg
0 0.08478555 125.99788 602.60443 390.09528 1024.0 0 0.0736627 344.45972 391.6618 655.34576 684.1268 0 0.06558139 445.4262 3.2616577 650.2614 148.1148 1 0.9393393 125.53775 602.68805 390.53354 1024.0 1 0.69553924 344.89832 394.25354 655.5383 684.4927 2 0.1373831 344.60895 394.43915 655.8046 684.3691 5 0.97447056 299.68295 308.4979 839.31726 693.77234 5 0.64266354 343.13437 388.39496 649.79236 680.3774 5 0.10394989 331.91553 297.86746 839.26306 512.5622 ,test/4701.jpg
3 0.9980259 502.29254 339.38574 726.8018 684.40283 ,test/4702.jpg
0 0.7805486 76.38599 24.242645 773.19446 592.8894 0 0.1219141 0.0 313.8332 1022.73755 779.0673 1 0.0892626 0.06518555 311.18423 1020.91815 780.4004 5 0.9988595 79.66707 308.91937 326.03674 613.5303 5 0.99881136 722.328 306.82562 972.6704 596.8384 5 0.7223131 897.4747 300.33737 977.20465 375.53708 5 0.31263885 198.13115 300.7417 320.59915 610.6336 5 0.28129458 94.81204 312.23892 143.82672 371.79996 5 0.10447283 895.0326 303.84302 977.8777 483.75928 5 0.090639636 832.1762 324.29456 901.5622 386.05518 9 0.15962107 0.06518555 311.18423 1020.91815 780.4004 ,test/4703.jpg
3 0.99844426 282.2805 352.23334 681.79895 605.84174 ,test/4704.jpg
0 0.40535328 569.455 556.4043 662.36786 608.8508 0 0.30092105 673.7111 316.12097 723.7514 340.92267 0 0.23471783 226.56383 428.71338 352.7016 752.25146 0 0.19438015 282.64975 511.1887 327.4564 599.9857 0 0.18516186 678.86334 315.3139 737.54987 473.49664 0 0.050681274 274.87332 429.29822 331.9493 613.2914 1 0.9967367 261.8847 77.76614 723.1677 660.8219 1 0.91845083 228.37527 340.22662 864.9812 815.3322 1 0.5430199 226.04477 427.48712 351.0618 752.7807 1 0.30689517 566.13165 556.66656 662.3648 607.2448 1 0.20085593 673.7111 316.12097 723.7514 340.92267 1 0.13565555 292.2945 437.53912 699.5814 660.63763 1 0.13522573 620.45416 335.52917 853.9687 782.3092 1 0.12700199 222.83322 512.58777 780.1367 774.0952 1 0.09701829 224.668 427.03845 303.54996 682.2003 1 0.076064736 679.2606 316.3008 734.2726 468.5004 1 0.07530309 228.6837 446.7469 462.5822 799.3183 1 0.057075787 436.04877 326.93906 753.80524 683.4487 1 0.05347713 732.5505 676.6107 847.47504 799.47095 7 0.09289201 282.47083 509.30655 327.58893 600.6949 ,test/4705.jpg
0 0.97665954 509.64032 812.9559 709.9212 872.5827 0 0.7278528 365.81323 204.96246 790.62683 838.91486 0 0.07355804 428.49463 780.0315 512.7952 824.6156 0 0.07116002 480.75424 776.06445 510.70023 815.6886 0 0.057812486 412.54584 699.43005 708.0893 869.6489 0 0.053231966 502.8583 781.3688 653.4912 874.02 0 0.052315816 869.3295 430.942 947.98956 496.3857 1 0.12596664 364.21887 205.57278 792.3456 835.2245 2 0.2882776 365.29553 204.64807 791.6987 837.657 7 0.2549203 363.78363 205.65952 792.0046 836.57385 7 0.06586083 869.3295 430.942 947.98956 496.3857 ,test/4706.jpg
4 0.9657263 313.91956 393.17975 692.67883 601.5119 5 0.12615156 314.8277 393.90027 692.36316 601.7649 ,test/4707.jpg
1 0.064129874 759.40076 263.52502 972.29944 497.53418 3 0.99379647 333.72107 222.469 815.48157 724.7246 5 0.054821033 334.27005 223.40047 831.6024 720.1662 ,test/4708.jpg
0 0.2630342 222.47324 575.5516 374.48404 671.8588 0 0.12007598 472.79303 376.77228 551.00037 476.37006 0 0.080523625 113.267075 649.31903 168.5905 687.9925 0 0.053243976 379.1395 465.72763 562.2266 583.38873 1 0.9968573 471.06317 279.01373 686.62445 452.92096 1 0.98881125 201.75952 271.97913 990.7146 636.28296 1 0.85488755 472.8121 376.72858 550.96027 476.43317 1 0.80788964 225.5492 574.69037 373.43872 675.3763 1 0.6170586 217.19566 284.15308 648.7578 584.4035 1 0.5180778 350.23227 412.054 994.12354 637.1416 1 0.16298158 449.3628 373.06125 592.74854 457.2255 1 0.16138355 397.18344 462.8906 558.98315 582.29315 1 0.13578224 481.01236 293.10492 593.0877 341.0473 1 0.12219181 564.07825 344.2657 681.4005 449.79895 1 0.110570185 617.12366 349.75812 679.4613 438.85925 1 0.08923774 452.22443 327.62646 557.5077 468.81433 1 0.07988686 476.6585 356.9562 643.1556 452.3016 1 0.051454633 483.75302 567.7754 562.254 583.14734 7 0.99957687 84.28067 642.9064 401.67108 859.3822 7 0.9987056 286.90967 622.9893 509.75122 750.09845 7 0.47749293 225.39633 572.81775 375.2662 680.3989 7 0.07483567 404.86795 462.0898 561.3798 581.72925 ,test/4709.jpg
0 0.38905272 622.1852 195.73218 717.0314 266.16867 1 0.12800302 620.3428 191.97177 747.796 328.54025 7 0.99966323 170.76453 215.40845 820.68317 835.822 7 0.1179394 619.9271 195.62096 717.0027 266.71887 7 0.100069456 547.3452 224.81378 596.6084 265.64896 7 0.097877204 179.09262 730.7108 782.73 824.28394 ,test/4710.jpg
0 0.73188186 570.4029 61.529602 765.6954 142.82867 0 0.1617628 728.07544 205.56946 981.64905 290.43253 0 0.1354575 229.6583 232.99072 922.3778 614.65533 0 0.1016165 953.8353 293.79053 1024.0 357.60095 0 0.05891073 349.05142 287.15802 609.15686 466.77686 1 0.16841762 728.07544 205.56946 981.64905 290.43253 2 0.9999893 508.5654 661.8838 703.397 797.4319 6 0.34879163 728.8624 205.47182 981.3324 289.61273 6 0.06625203 761.93756 152.64409 804.84454 180.20317 7 0.88878435 234.1318 442.18637 879.68054 602.4728 7 0.8581035 227.13025 241.95354 892.81287 615.8806 ,test/4711.jpg
0 0.0844347 436.92584 329.47864 504.4704 395.52332 0 0.052306637 968.0646 154.79982 1021.20386 385.8272 4 0.9592619 498.66232 295.5458 740.18567 927.6714 5 0.16745174 498.5076 289.19446 740.0563 925.999 5 0.11093277 26.12854 0.0 596.9665 456.1766 5 0.06712692 959.36285 135.0411 1021.96356 384.2023 6 0.70367765 411.91174 0.0 731.2755 267.36298 6 0.5674888 46.964874 0.0 622.5867 456.60498 6 0.22549756 325.8588 0.0 1009.9064 311.7198 6 0.16374363 29.14914 0.0 1017.9436 534.73004 6 0.12235867 253.09923 0.0 735.582 394.11575 7 0.91836846 452.5986 0.0 1003.29663 553.49634 7 0.20449054 953.4949 10.505569 1022.3202 387.372 7 0.17872591 387.83804 318.28824 511.7471 470.98587 7 0.14033785 966.7601 137.22513 1021.7795 366.8409 7 0.10299942 66.555405 0.0 569.4274 463.59616 7 0.07706938 616.2263 0.0 947.8722 277.44388 ,test/4712.jpg
0 0.59412915 423.4988 341.8551 476.31955 421.26166 0 0.3436537 226.80591 344.07953 300.00537 406.53363 1 0.20401171 292.16068 276.56857 366.54538 404.06277 1 0.0732714 30.076218 0.0 390.01392 106.395996 5 0.8428986 384.23126 653.1805 439.99695 750.4947 5 0.53595835 395.90887 652.35114 438.41718 711.9411 5 0.3119779 728.72546 283.2049 776.66895 322.90747 5 0.2974725 398.58273 656.0242 442.59006 844.64966 5 0.26994848 383.73935 652.99194 413.74088 741.0326 5 0.25867474 164.61374 608.019 238.78134 742.18976 5 0.20826112 402.61667 687.3831 430.75632 746.41046 5 0.10600453 402.95416 678.29694 444.20404 720.68414 5 0.08661908 288.97852 362.03348 352.48132 399.44925 5 0.06794544 388.96527 674.9828 425.15588 745.07983 5 0.05796978 140.77885 421.34015 206.56102 473.13617 5 0.05269139 576.33746 721.5038 602.14056 902.9751 7 0.999754 654.21967 227.54584 963.2464 771.67615 7 0.9991621 548.64386 33.91339 798.5888 422.33603 7 0.9990326 405.28876 672.0462 602.27167 900.9462 7 0.9989911 262.0085 89.224625 486.50723 375.01166 7 0.9984255 396.1272 264.54492 688.891 760.19116 7 0.99591947 134.55759 357.14243 434.65848 936.8469 7 0.9844699 109.94998 228.40712 387.10956 452.80487 7 0.4866051 226.46451 345.40015 299.51205 406.937 7 0.41885677 423.56418 341.51178 476.40482 421.0302 7 0.34656793 368.40332 346.05872 467.20435 596.7725 7 0.28291133 318.34155 356.286 393.15784 686.8252 7 0.21554366 258.3993 254.65753 380.6772 405.22382 7 0.20172466 424.7453 255.73602 614.904 416.3623 7 0.17392947 355.4833 363.9241 408.62234 684.3467 7 0.12531848 730.2865 280.3139 775.3408 324.63623 7 0.10024857 246.9696 334.4851 400.47656 674.6985 7 0.08729134 537.57837 231.23961 811.1283 407.47656 7 0.08655122 109.59735 119.2887 497.4853 462.2644 7 0.08651142 338.80594 349.01004 452.16684 720.7328 7 0.076382644 425.99957 261.08987 502.46545 418.12723 7 0.050633535 167.89987 607.01355 240.99036 742.9363 ,test/4713.jpg
0 0.25048795 0.0 305.44244 893.916 857.8516 1 0.75965875 0.0 302.49326 890.96826 859.11865 2 0.05400076 2.1802979 303.34067 895.0782 858.23376 7 0.092686936 0.0 305.1932 892.6647 858.3447 ,test/4714.jpg
1 0.9995617 174.18176 328.55896 788.1193 773.2468 1 0.4215308 167.90808 335.43054 495.56934 652.45544 1 0.115379415 178.29517 538.72363 603.2328 769.3395 ,test/4715.jpg
0 0.116326444 87.9844 646.4561 166.48666 693.6888 0 0.07905506 328.93484 297.07385 391.0795 387.4947 0 0.050079223 329.70343 306.69098 370.19922 449.68695 1 0.9924878 621.33655 4.6643677 968.3773 506.526 1 0.944765 333.65558 66.72762 603.9493 310.74988 1 0.9439186 451.89157 172.3246 618.949 352.26178 1 0.7454371 687.4722 63.238136 821.9089 206.41476 1 0.7177081 454.11853 258.19098 632.85815 350.1563 1 0.6078956 730.85095 1.6447296 963.15125 274.86053 1 0.58694816 634.63354 138.53026 728.9061 198.48976 1 0.5834821 441.3307 235.35696 655.67664 393.91476 1 0.43856272 743.56635 48.52068 828.50726 142.1187 1 0.43148762 956.0694 110.54761 987.17584 146.73206 1 0.3706904 697.0941 74.4883 741.0698 135.16728 1 0.32282484 621.2875 150.19034 821.345 500.4097 1 0.31622058 697.41315 131.80884 729.1954 190.93042 1 0.31255856 744.9455 0.0 964.72894 145.03427 1 0.28823233 763.3171 54.74662 904.34235 268.59366 1 0.25986683 705.44495 88.87361 794.2124 192.99675 1 0.25576934 739.6158 0.6581726 837.96234 128.8109 1 0.24993227 938.9708 71.76369 987.7473 149.96274 1 0.21701841 681.71716 76.24774 927.7986 322.00616 1 0.20142724 748.0645 131.09113 882.7153 262.49365 1 0.180429 632.1502 35.190826 819.5783 305.60886 1 0.17553027 716.5416 149.57835 796.15686 236.28731 1 0.16847192 733.56604 69.41044 814.8423 165.52515 1 0.16753083 695.62335 73.93536 747.05255 190.59482 1 0.15890789 778.74097 54.355225 825.9719 114.11197 1 0.14344908 333.7258 295.71005 389.98856 408.56277 1 0.13261767 297.256 243.40768 458.58096 450.97318 1 0.12545136 324.9827 249.19684 407.8707 414.56488 1 0.12378946 682.85443 132.30133 733.9611 205.72754 1 0.12201815 715.6686 102.049805 835.70166 253.0993 1 0.11924798 702.5756 133.28995 784.7797 213.6326 1 0.11452239 421.6849 277.05634 681.8567 454.28888 1 0.11324466 469.3268 187.14987 560.8435 248.01685 1 0.109376386 407.77118 144.18375 668.0649 323.58255 1 0.1070447 426.4378 215.44455 804.7507 525.3356 1 0.10658603 745.0613 5.525896 810.35 58.31127 1 0.10656114 325.01752 235.59692 389.66492 319.21582 1 0.10461663 794.66455 5.931595 920.55835 194.5082 1 0.10188544 764.20447 465.61386 829.2031 582.7565 1 0.09256252 737.33136 0.0 805.8068 31.916819 1 0.090523034 635.9115 136.51018 671.2119 183.88783 1 0.08978123 617.57465 243.88684 660.30316 299.26654 1 0.08879996 652.85516 132.71416 796.0279 227.21284 1 0.08855818 446.42615 330.72174 669.18933 395.62396 1 0.08303191 346.88705 285.32565 390.14236 311.1434 1 0.07904197 825.14575 36.88021 933.3434 273.8009 1 0.078275524 320.3419 232.26788 452.07748 318.85608 1 0.06763219 482.67133 287.4199 619.8903 342.014 1 0.06509267 630.589 115.25585 726.6255 289.53384 1 0.0637632 695.88135 122.12526 758.72046 198.53236 1 0.06329196 281.36835 87.343994 707.96576 447.45673 1 0.06265745 297.01117 36.780884 977.76263 524.02234 1 0.060694624 635.0006 151.78926 821.24585 264.40802 1 0.060235735 707.8232 138.23317 736.71625 199.8285 1 0.054771166 750.7392 3.7586975 860.5512 223.38895 1 0.054665063 439.25677 255.09637 504.9394 420.52582 1 0.05020879 696.68353 87.58072 727.0257 144.42786 5 0.094861485 674.5631 0.0 741.04944 117.55961 5 0.084124915 297.236 369.40952 355.02847 434.39462 7 0.9999387 362.83444 363.40472 817.4413 1005.4548 7 0.99588567 102.25987 568.586 360.13745 929.7889 7 0.98868215 235.46005 22.769684 400.14572 258.90848 7 0.9773337 88.61676 134.92786 295.8074 629.402 7 0.9688873 572.7859 48.424034 691.2069 247.82642 7 0.9640052 256.28003 396.22076 421.4073 719.80646 7 0.75447434 763.4866 464.49612 829.0647 583.96747 7 0.6803852 3.1601257 149.16022 173.48584 622.7755 7 0.4666418 846.0911 0.0 961.08563 125.4144 7 0.2625882 356.1139 413.54544 424.60736 467.85196 7 0.24791819 639.1263 136.56577 673.2872 185.27878 7 0.24199605 673.8314 0.0 743.1581 117.42232 7 0.16647944 748.8844 0.0 972.9541 137.02641 7 0.16354473 751.00055 15.104382 807.06647 54.659603 7 0.14359549 257.10873 235.25784 342.69846 410.7338 7 0.14259207 637.6896 137.18144 703.6494 188.65825 7 0.0981515 66.4879 132.89775 576.00055 643.36163 7 0.08742821 319.19547 287.61035 432.10983 427.81775 7 0.075379595 225.17764 182.05203 492.26956 732.46423 7 0.07432543 338.9375 298.38074 388.95337 425.81665 7 0.059157178 88.32683 152.58246 434.02032 874.08685 7 0.056262232 586.9057 0.0 742.6027 110.02219 ,test/4716.jpg
0 0.9997718 441.45322 466.09048 700.1185 666.9179 0 0.052135773 445.53476 573.78687 617.37427 668.88513 ,test/4717.jpg
0 0.63140744 464.7826 471.54333 541.8819 536.2204 0 0.15503578 391.47977 456.757 545.16956 522.6412 0 0.11287133 382.1671 452.5064 644.02075 636.66705 2 0.97387934 381.82587 452.11835 644.0671 636.61896 5 0.56507635 378.71033 452.45206 644.9155 637.30237 7 0.08766781 782.7113 433.37598 887.505 503.1187 ,test/4718.jpg
0 0.4041141 326.0617 306.1101 480.12073 364.90936 0 0.06801922 332.4864 302.9916 601.2445 374.02097 5 0.626702 474.34393 245.97574 604.6645 411.35544 5 0.10244472 467.61288 324.07565 600.539 401.99057 5 0.091433056 351.86456 263.42355 608.6345 367.62918 5 0.088541485 363.36407 178.387 484.9016 348.5909 5 0.08493424 432.5639 195.29022 749.20966 403.53168 5 0.08455067 303.93582 157.45184 689.9595 403.10522 5 0.06374167 330.02798 305.8834 415.89505 642.70605 5 0.053866453 579.57153 245.03706 745.1843 399.3924 7 0.9995172 241.49838 81.699005 875.7384 943.6041 7 0.9946067 899.21246 128.35657 1023.2723 1024.0 7 0.58874625 560.4766 64.14621 865.2364 512.3257 7 0.19009131 874.52924 185.83583 1021.8107 480.35706 7 0.15153128 350.46118 185.38962 476.32996 370.58603 7 0.14979313 273.55453 88.08391 852.41516 453.84534 7 0.149153 296.7473 103.85237 630.2884 416.41962 7 0.12992145 330.14642 103.95065 620.7029 280.5778 7 0.104729265 453.901 117.00117 615.6011 274.18948 ,test/4719.jpg
7 0.9848718 302.562 471.30566 730.35815 714.24243 ,test/4720.jpg
0 0.667392 493.85495 445.8052 581.44403 511.6262 0 0.24652186 496.32806 465.46948 569.1895 501.96497 0 0.13677993 395.41626 628.26245 505.56403 786.537 0 0.1285408 421.63367 353.87918 712.97034 574.8425 0 0.117496505 423.82635 157.22128 654.29535 385.91617 0 0.114939995 506.04474 425.20007 586.9361 564.9557 0 0.106060445 355.1194 384.61383 645.7641 652.3226 0 0.07959221 406.3081 443.09 584.1497 646.8811 0 0.06096656 290.53214 689.88153 320.43613 727.82306 0 0.056199815 357.77966 375.4325 718.9309 835.9923 1 0.98487943 275.45087 495.6999 738.5684 948.19415 1 0.75538963 457.56735 536.87 594.5678 673.16614 1 0.68825185 353.3105 397.8474 608.6769 642.0148 1 0.67480046 394.62598 617.28906 594.44293 791.6343 1 0.6312078 381.26212 531.65894 692.28613 812.8876 1 0.5220576 350.26306 514.92645 474.88593 646.24457 1 0.5185064 287.284 586.6908 497.9735 931.6699 1 0.34589446 355.14624 541.4538 414.20392 605.6691 1 0.3358079 345.98962 514.38025 645.4973 686.344 1 0.32048762 315.9509 389.13678 725.484 800.4891 1 0.32003745 498.49713 431.85815 727.5047 567.9789 1 0.31154653 290.65717 689.3469 319.50336 727.9724 1 0.29023504 300.24915 568.1384 608.4109 801.7711 1 0.25823665 282.77798 579.8264 404.738 718.145 1 0.2555285 302.33627 720.8541 388.60947 763.54004 1 0.23561706 688.33527 453.58142 740.19965 507.60992 1 0.22793196 615.9657 439.60092 719.3363 578.3815 1 0.20397082 624.66907 508.36902 696.001 573.91125 1 0.18445319 454.99368 439.06616 579.9932 643.87415 1 0.17314222 421.63367 353.87918 712.97034 574.8425 1 0.14804648 278.89236 629.98846 322.6237 713.94025 1 0.13840947 500.9112 434.0563 588.49994 601.5581 1 0.13712358 564.43384 463.26913 707.8352 585.095 1 0.12793449 452.5702 433.02045 720.947 674.40326 1 0.10715117 465.19006 622.87683 554.98724 676.0502 1 0.09959017 487.05515 567.3421 655.4481 681.44867 1 0.09791989 350.31 506.09363 424.8593 612.95764 1 0.09425134 298.57733 729.71484 432.87726 930.8684 1 0.058655526 392.92377 653.18134 511.44452 788.7066 1 0.0565767 345.72943 506.06326 416.3011 568.2006 1 0.05546729 425.1754 115.89189 712.95667 600.13776 1 0.055221558 345.7838 715.3201 490.76385 881.39105 1 0.05333991 290.61322 622.093 401.497 765.4237 3 0.14538786 558.3802 66.69347 783.3759 350.91687 6 0.9738038 422.76254 134.7865 655.87976 452.18585 6 0.62936354 442.00772 305.37695 712.03503 536.16644 6 0.34037888 500.04593 415.6817 715.9907 546.84125 6 0.23399098 547.1411 322.6549 704.2246 510.47406 ,test/4721.jpg
0 0.34069777 832.4279 0.0 951.50507 56.436043 0 0.08899038 649.46136 696.53455 746.4578 813.24866 0 0.08569913 299.80087 470.79868 752.3491 999.17346 0 0.07069211 400.3271 578.37836 460.84857 707.7421 0 0.062016364 326.32886 130.54683 389.90985 237.50151 0 0.052435774 405.91196 193.17369 562.66455 311.55453 0 0.05230686 319.6922 464.844 580.2161 748.1046 1 0.9757783 306.80798 71.29831 755.1587 963.84143 1 0.25281873 518.8067 77.192215 706.64923 278.91357 1 0.19640894 476.98505 51.382874 707.0118 747.0614 1 0.15896407 328.30765 95.13547 566.89813 730.02625 1 0.14674798 331.2341 122.24761 532.14734 278.29904 1 0.09310401 750.3866 0.0 845.14856 127.76895 1 0.089655764 296.41766 516.88184 755.47675 922.0757 1 0.07956139 367.43002 516.32556 463.90317 710.31836 1 0.06951874 509.4659 0.0 542.9006 167.62613 1 0.060397945 496.3675 71.6736 557.9638 316.21942 1 0.05582058 751.99756 177.40808 797.5205 210.31653 1 0.051869065 379.17334 139.50159 564.60394 321.07782 5 0.05019594 649.46136 696.53455 746.4578 813.24866 7 0.9758596 438.52078 873.59406 485.04147 975.62885 7 0.87608355 562.70276 621.6898 642.3164 716.3165 7 0.37840152 660.9062 692.8538 744.8742 816.4079 7 0.16457903 937.47003 0.0 1023.97894 115.77722 7 0.085178 282.9699 472.0429 752.9294 998.1933 7 0.055550475 838.6645 1.7006264 1021.4172 102.84485 9 0.16694997 834.18933 0.0 950.4706 55.886055 ,test/4722.jpg
0 0.0741706 667.2719 609.2362 722.4516 686.5714 0 0.06413329 706.3089 610.6865 721.4128 686.6841 0 0.0639461 161.06577 146.43552 733.5907 766.92554 1 0.92308635 166.09195 143.67328 730.2665 762.34985 1 0.084462404 485.4051 142.47424 733.4545 650.00507 3 0.9916249 753.67993 364.27872 812.0321 491.87015 7 0.23335479 161.06577 146.43552 733.5907 766.92554 ,test/4723.jpg
0 0.256531 594.96277 768.14453 702.0808 812.744 1 0.9970715 299.0141 699.3852 582.3754 851.49774 1 0.50139874 515.8983 791.2812 585.7794 855.86444 1 0.0943403 595.00116 768.3352 702.267 812.3811 2 0.99987674 416.5566 339.33633 496.88187 410.73337 2 0.07251754 416.61337 381.76746 486.7418 411.92926 ,test/4724.jpg
1 0.9994821 261.44772 423.79962 813.2312 868.29034 1 0.0761076 528.94025 487.16986 807.6517 833.1999 ,test/4725.jpg
0 0.387064 372.96954 256.84863 746.4815 675.99976 1 0.7964594 373.10635 256.66992 746.6127 674.84015 2 0.06813711 373.6015 254.89189 745.92535 677.5568 ,test/4726.jpg
2 0.999355 301.529 170.98203 734.55597 720.16003 ,test/4727.jpg
0 0.9609121 184.64738 552.0165 634.1344 901.7479 0 0.64600235 197.82333 167.88242 415.4551 464.4476 0 0.5748855 844.4607 902.6194 912.3684 1024.0 0 0.54026407 604.3565 478.12878 1024.0 986.1575 0 0.36635533 181.13672 182.06886 617.38477 620.45123 0 0.3137293 615.74115 574.7334 639.4913 611.8729 0 0.2527416 167.98874 517.06854 253.00262 603.05853 0 0.19237635 382.3851 228.80115 645.43994 421.00385 0 0.15931006 870.5284 791.77734 920.3681 892.28467 0 0.15914744 493.52307 321.5837 744.4005 590.7949 0 0.113606885 172.67747 522.53723 231.8166 812.2468 0 0.1071609 845.96204 800.38654 917.2605 1023.8697 0 0.10659514 469.9746 410.7668 543.5175 490.2715 0 0.104663864 79.67721 824.9627 211.1601 909.08575 0 0.09950767 467.5697 402.97583 567.1819 601.7331 0 0.08658547 892.6875 930.8971 1023.6714 1022.63904 0 0.06858828 173.61661 523.65094 340.18253 909.3354 0 0.059678473 374.4124 283.44598 569.8403 593.51794 0 0.050367523 311.83115 217.56583 402.47495 460.8857 1 0.8798302 872.145 630.6624 1018.54724 976.2022 1 0.058585547 604.3565 478.12878 1024.0 986.1575 1 0.055332743 769.6918 596.8955 1017.56067 1002.35425 3 0.32662213 825.6466 454.77817 871.18555 501.57278 7 0.99751425 616.48016 272.41876 900.62213 467.11133 7 0.9941234 5.3950195 3.0954285 231.18881 310.77225 7 0.9870472 0.0 0.1855774 112.25066 228.91309 7 0.9760608 509.32388 312.83966 743.1084 588.1056 7 0.92035383 375.93115 225.43805 647.7088 417.08813 7 0.8127939 171.43541 305.89325 584.1922 611.55725 7 0.5103659 869.90564 791.8853 921.35144 892.2548 7 0.49594823 909.37445 368.67896 962.1879 442.07147 7 0.49142742 850.80206 362.65933 972.00714 455.99466 7 0.48713523 198.88335 139.52425 231.13445 199.10286 7 0.38708088 892.7325 936.5755 1021.44025 1022.5109 7 0.37057802 844.533 902.8844 912.16547 1024.0 7 0.14278364 876.1159 351.69083 929.5002 449.51126 7 0.14189018 454.23642 263.4474 672.2925 436.6814 7 0.13762751 380.87543 258.73346 775.6934 578.0591 7 0.11958367 855.8783 391.75986 903.6116 456.73697 7 0.10701032 196.9413 191.84032 642.92706 463.2226 7 0.09932993 175.40271 293.81177 623.54944 907.59106 7 0.09494426 864.4348 907.6671 986.2489 1022.3522 7 0.08097375 190.57611 137.5138 232.53821 229.45493 7 0.06929773 204.32999 172.40813 428.61325 463.9087 7 0.06332179 374.4124 283.44598 569.8403 593.51794 7 0.06327335 524.6807 275.22473 797.4958 493.52014 9 0.31523433 197.12408 166.23248 415.26764 464.6457 9 0.20748918 84.093704 825.1104 211.45366 908.9151 ,test/4728.jpg
5 0.056751963 184.39247 223.00464 382.4779 464.60626 5 0.053478792 163.39125 522.35205 250.84215 798.2826 6 0.21312484 864.433 219.52545 1022.1669 369.76874 6 0.15094987 369.02417 78.29071 680.24695 591.2108 7 0.99965465 22.111664 364.93915 607.47034 956.6413 7 0.9995528 651.03827 212.66211 834.37384 536.4982 7 0.99825305 366.6042 64.92929 692.0014 611.9817 7 0.32559612 8.056374 506.08215 200.54755 814.1327 7 0.087741956 91.53995 535.5765 177.5697 794.4782 ,test/4729.jpg
3 0.9674681 152.16644 310.65988 866.94916 702.3789 5 0.06436148 143.15503 312.4307 867.1002 701.16003 8 0.614691 181.16388 307.41782 865.02594 701.7699 ,test/4730.jpg
0 0.2572003 297.5752 114.26396 616.5511 588.691 1 0.06902938 306.00854 159.08545 612.22205 574.18945 2 0.9322372 297.4293 112.8456 616.8262 589.6421 ,test/4731.jpg
0 0.7680635 227.48306 433.41565 384.81363 511.41168 0 0.12405183 278.12268 158.08994 385.82483 299.73932 0 0.08018164 228.88596 438.68494 462.5482 637.24084 1 0.8606847 303.69644 13.233139 529.2231 214.52429 1 0.14382361 229.65286 439.69067 463.58212 639.0913 1 0.08053915 1009.6645 861.22815 1022.8321 899.6483 1 0.0689126 347.6674 408.07104 383.4529 441.93384 2 0.6048175 229.33983 444.71466 466.30798 634.91656 2 0.050237376 226.48764 428.5 388.86514 514.52216 5 0.99589527 347.04684 280.2309 685.8214 725.24176 5 0.6134287 229.64957 439.3254 464.17764 636.38184 5 0.45072705 360.2874 275.49332 562.04614 464.73837 5 0.2589303 226.48764 428.5 388.86514 514.52216 5 0.07074558 278.54163 157.62143 385.1136 300.07013 5 0.057276256 420.33105 437.85193 682.19885 720.4237 6 0.20021248 233.42722 450.16852 464.4092 635.5118 6 0.06267812 253.20007 525.18976 435.27222 636.49384 7 0.09017988 367.79202 329.53986 685.37805 730.85895 ,test/4732.jpg
0 0.9704643 199.56529 819.25024 266.9217 880.21704 0 0.16587535 399.805 666.7585 444.60352 750.7902 0 0.054932956 377.7772 223.19655 440.86368 286.31107 0 0.054013006 417.45993 995.2474 473.53976 1023.40375 1 0.9802176 228.41006 315.52933 752.57983 723.23145 1 0.9768835 451.45648 25.63002 714.4638 282.95477 1 0.8558869 291.60706 199.69853 793.06775 454.7516 1 0.49352178 417.9325 36.576065 772.26953 398.3639 1 0.34883657 432.19995 247.7913 577.14526 286.90848 1 0.1569604 417.09442 995.5338 474.43726 1023.0873 1 0.14685275 264.2301 322.6288 729.01556 470.0267 1 0.13579813 493.133 188.62642 635.8603 281.4245 1 0.13165331 445.38483 77.82803 470.58337 261.1438 1 0.11163564 0.0 189.30693 158.29341 297.25885 1 0.111075826 377.7772 223.19655 440.86368 286.31107 1 0.10671445 438.32394 242.95107 710.54114 291.7507 1 0.0915437 199.37012 819.39716 267.66284 879.62823 1 0.078992166 396.2273 240.72318 780.11816 825.0388 1 0.07494666 399.43158 665.6038 444.41748 749.9819 1 0.07429032 456.0988 236.12294 619.4377 284.6955 2 0.3911447 432.65405 247.72739 575.47906 287.02048 5 0.20510137 486.41687 5.668274 538.59106 27.30989 6 0.19048595 245.11398 227.51569 384.92923 336.51794 7 0.9982419 419.83078 938.5368 566.69464 1021.7303 7 0.9934302 644.70166 878.66595 800.54517 1014.30194 7 0.98894566 303.42923 698.3066 632.5918 912.59454 7 0.95016974 583.58105 685.5986 793.3794 1005.737 7 0.7708334 559.7042 846.4527 656.16394 1021.1622 7 0.70550066 454.50018 623.18823 677.4255 837.9437 7 0.66321516 569.78357 633.6637 682.4413 752.27966 7 0.65616167 417.13907 837.44464 665.6 1024.0 7 0.1726458 686.60114 694.27875 757.93097 777.18854 7 0.16632009 456.4354 623.76587 597.8443 737.2606 7 0.15891556 542.9286 647.7102 675.4238 824.96277 7 0.13110332 417.17773 995.4575 473.98267 1023.192 7 0.12422855 308.9946 689.31915 482.1893 856.06366 7 0.119408116 450.91608 638.776 766.8525 965.8357 7 0.110040694 734.2575 716.3755 756.1717 774.1846 7 0.09513475 403.1305 674.29205 654.30994 1016.6733 7 0.09503559 582.38617 669.6604 688.7917 872.8446 7 0.08929466 457.90857 625.1447 578.1881 678.96014 7 0.08299281 620.2095 675.1833 678.103 750.9002 ,test/4733.jpg
0 0.21714805 0.0 322.25958 1024.0 1006.08685 0 0.101488486 11.249954 191.03748 518.7131 958.51416 0 0.084801674 4.170288 20.47293 793.67596 548.25183 0 0.06902813 6.194618 43.557755 121.197685 530.0425 0 0.059061825 2.744318 56.42665 55.893616 376.2909 0 0.05456453 798.46857 380.2064 939.42926 1018.58606 1 0.8121765 350.7049 795.8855 506.05786 923.463 1 0.7543486 554.8378 856.8284 774.89264 969.2502 1 0.16655934 0.0 322.57507 1024.0 1009.2471 1 0.12751605 1001.1319 969.1162 1024.0 1023.463 5 0.09041109 0.0 24.08957 794.85986 546.8478 5 0.07943627 2.5607529 57.35292 56.987278 364.68976 5 0.07050581 866.4992 403.83582 1021.66534 1010.787 5 0.06194188 0.0 317.89 1022.9905 1008.7317 5 0.054384794 407.44684 26.460846 782.3212 575.97766 7 0.5484605 874.5742 391.91162 1020.68555 1013.79663 7 0.2763695 0.0 321.02057 1024.0 1009.1733 7 0.23195446 0.0 20.940735 795.42145 545.51276 7 0.16718215 1.9986572 899.92883 897.5673 993.1909 7 0.15642 6.194618 43.557755 121.197685 530.0425 7 0.12491714 2.744318 56.42665 55.893616 376.2909 9 0.9240967 9.267426 323.384 516.44495 943.02795 9 0.3461315 0.0 321.6886 1024.0 1008.1824 9 0.053072788 21.638763 32.65187 723.3762 504.50122 ,test/4734.jpg
0 0.43966106 232.37003 173.5115 786.53894 744.4215 4 0.05539462 231.14948 172.14969 785.9545 748.2368 5 0.5731917 232.12894 170.84973 787.08777 746.0771 7 0.21264575 230.41379 173.12799 785.4166 745.78784 9 0.15150414 231.42456 167.54803 786.26105 745.8993 ,test/4735.jpg
5 0.99662614 262.23798 259.5473 841.4163 699.7584 ,test/4736.jpg
0 0.5738552 87.979706 322.50043 900.8125 752.02606 1 0.27477247 89.5491 322.6249 899.2135 752.6299 7 0.58673865 90.50107 322.69464 898.1587 752.5163 ,test/4737.jpg
7 0.9998555 255.95775 247.49481 747.0922 756.328 9 0.06835178 217.52185 942.5168 419.79285 1023.6774 ,test/4738.jpg
0 0.2736327 525.95404 382.9819 605.3433 460.244 0 0.2014114 452.75787 512.076 604.6069 699.7187 0 0.12130823 249.39325 488.3943 296.60968 546.901 0 0.06654845 513.8225 509.52487 648.0503 694.9967 1 0.99338794 622.86255 173.24985 919.7953 576.71106 1 0.9856603 640.28625 589.9965 728.29236 645.4825 1 0.94984645 425.2024 429.16815 799.4474 900.1042 1 0.93861365 693.3918 432.31833 732.9036 493.921 1 0.8605735 454.81876 511.46686 587.84546 708.85065 1 0.79658824 781.3335 181.02704 909.66235 289.84537 1 0.7541636 731.47504 238.31163 904.3631 364.42737 1 0.7306132 625.1461 550.9256 737.54297 649.0352 1 0.68634427 503.34375 306.15628 601.5393 454.62253 1 0.578371 690.094 481.87115 743.19214 533.6367 1 0.51393825 596.6506 317.63477 683.82916 455.77167 1 0.4855055 691.4091 428.97485 739.6812 532.93463 1 0.3671566 544.4139 526.21313 766.1873 714.2534 1 0.26441523 651.12384 534.3785 745.05194 573.0002 1 0.26014608 632.0776 535.46204 752.4664 609.47925 1 0.24564965 725.96814 241.28375 809.64343 297.1927 1 0.24002805 583.6311 298.8933 725.57263 606.79285 1 0.21032576 658.9523 536.4503 729.9457 561.38745 1 0.20740539 578.42114 567.95795 738.9254 692.8486 1 0.19723749 651.8929 546.15533 738.15985 567.04 1 0.1856032 469.03268 488.8563 713.4503 698.9307 1 0.15079872 690.81537 176.48805 911.8045 397.60254 1 0.13979809 674.6078 384.37952 716.6669 453.7735 1 0.13424155 674.43 395.2463 735.07135 541.09735 1 0.12672085 455.1434 267.4803 597.26337 438.92126 1 0.12617789 615.51776 309.6634 698.56744 515.8474 1 0.12559159 684.9721 502.3391 715.0511 536.71094 1 0.11835133 473.4231 240.46358 853.907 708.3225 1 0.10936145 585.7495 309.86612 642.9573 501.58084 1 0.10027701 453.2369 481.32425 505.3624 536.758 1 0.095706545 523.9968 382.83774 606.0216 460.93887 1 0.09480763 556.6815 676.76227 602.56714 737.96295 1 0.09230298 518.6017 295.3757 836.49316 570.3989 1 0.09134232 571.6366 535.49945 718.4158 653.1097 1 0.09110858 535.137 313.85226 659.6966 460.91098 1 0.08735751 500.98074 310.0833 680.27875 536.7785 1 0.08262297 543.6257 695.2869 581.78827 732.25885 1 0.07974907 593.5073 426.70517 701.151 546.19073 1 0.07922331 487.0884 261.0952 638.25037 481.0821 1 0.07710917 718.4509 577.4724 748.7494 605.5117 1 0.07475766 575.2896 593.71655 645.9909 696.4286 1 0.07251268 839.3293 324.18893 902.5915 388.76474 1 0.06929199 540.4213 404.9619 736.56744 645.4558 1 0.0659154 564.61 271.14883 643.095 446.28024 1 0.06104541 688.86066 534.0177 750.32574 601.0491 1 0.055186152 691.13104 180.85129 714.69745 246.54453 1 0.052565336 481.44812 288.4814 627.5044 661.8992 1 0.0518203 626.5833 175.49197 834.7353 454.2034 1 0.051708438 645.27026 491.66824 747.49194 633.95154 2 0.13655874 525.41504 382.9431 605.583 461.34888 2 0.09766099 592.7163 424.12076 695.0261 540.02344 3 0.053666327 592.55273 426.0772 699.6631 546.0316 5 0.82097536 592.6217 424.14606 695.28345 539.71686 5 0.27772373 561.74097 541.3387 651.6377 710.51996 5 0.24164249 424.62912 415.39883 544.2894 536.47797 5 0.19150399 513.8225 509.52487 648.0503 694.9967 5 0.09359127 497.53824 422.00797 560.401 485.0189 5 0.088836655 525.41504 382.9431 605.583 461.34888 5 0.064984605 456.13547 414.834 569.06824 488.19693 7 0.9943678 108.85362 396.77127 394.73492 848.22986 7 0.77999693 378.31146 270.7201 590.5161 535.22815 7 0.7757406 344.7778 339.0799 396.1755 395.19183 7 0.69022244 436.50113 168.04027 508.5961 305.32654 7 0.6494715 422.97528 420.19684 565.87006 539.7167 7 0.3856334 342.7367 314.81726 391.0431 450.5334 7 0.38370794 434.79132 255.5115 588.189 433.1119 7 0.3415328 555.16876 542.1944 652.2166 696.6689 7 0.22569518 592.895 425.69437 699.6284 549.1852 7 0.20774813 210.88806 405.53082 313.84448 473.59277 7 0.17582552 520.989 266.1578 579.7184 340.6155 7 0.1725727 525.95404 382.9819 605.3433 460.244 7 0.1678947 512.60394 473.38486 646.88666 673.9556 7 0.11709328 398.13538 158.59726 548.3991 466.6188 7 0.0922372 409.3459 180.78645 635.62946 416.64056 7 0.08928662 445.16077 250.45805 585.6643 353.69528 7 0.06553298 384.9537 476.7601 455.21085 655.1072 7 0.057996195 497.53824 422.00797 560.401 485.0189 7 0.054162476 596.5006 315.20853 688.39636 476.80807 7 0.054109335 596.59625 322.42126 653.27094 438.818 7 0.05273261 365.50543 313.05988 507.17578 525.6324 7 0.05129693 442.10602 429.69003 672.158 698.2428 ,test/4739.jpg
0 0.13019334 321.20517 372.1095 492.35495 483.52844 1 0.9865906 351.7763 368.8982 708.28937 694.85144 1 0.62964046 320.80634 372.2511 494.08453 483.62848 1 0.062319614 363.60608 446.5403 481.24658 612.52747 1 0.05232287 335.34024 368.49588 535.2809 630.2372 7 0.1393894 355.48688 370.35956 706.8736 695.80817 ,test/4740.jpg
0 0.05527791 259.31778 424.7988 676.0049 756.6062 2 0.92985845 258.06976 424.6025 703.61676 756.5945 3 0.2218335 258.50958 425.20428 693.76324 755.7265 5 0.4765052 252.25038 424.56714 754.0756 754.1509 5 0.4546276 605.4763 464.11865 773.46423 729.45386 5 0.44176754 613.7032 451.42572 693.0817 736.5435 5 0.13094145 671.21454 495.96075 770.23553 710.0048 ,test/4741.jpg
0 0.8780184 16.210388 559.77466 222.87921 734.9027 0 0.24332182 303.7707 14.382111 432.35333 312.3426 0 0.108355075 11.720711 609.2993 143.23709 734.82214 0 0.05009722 8.125053 354.44342 253.58704 733.41876 1 0.99907076 167.36627 185.96278 927.15424 654.13196 1 0.37240297 389.7524 430.55008 740.4365 656.7407 1 0.14163046 393.4853 578.96375 732.738 659.6658 1 0.13874717 395.9863 187.67912 719.46545 452.65564 7 0.9933468 445.36664 378.66364 645.1817 451.7434 7 0.12135439 443.6173 398.0793 572.20087 450.66104 ,test/4742.jpg
0 0.7103259 838.6475 4.6168213 1022.73175 499.87677 0 0.4684514 427.71985 302.72974 770.42444 460.4038 0 0.37937477 34.52518 485.74377 113.70616 512.7291 0 0.26040998 579.8759 460.432 622.30707 482.14435 0 0.2319842 432.01794 284.54425 613.61633 475.64594 0 0.21066698 11.767258 354.04297 158.16798 487.07312 0 0.18435825 742.299 197.93428 1012.6048 492.72156 0 0.14087915 463.01556 227.00934 781.50946 375.20392 0 0.12864964 307.12335 387.34973 353.93854 433.83594 0 0.106747165 237.27005 357.59448 404.60434 519.42114 0 0.087300375 795.85974 227.76552 948.79065 450.12067 0 0.0796109 2.4987106 354.91513 251.96222 523.6753 0 0.06853388 456.33722 211.27068 806.461 307.76834 0 0.053182956 447.10843 171.13353 820.1133 454.60693 1 0.9760307 238.65799 358.86365 406.15005 519.1762 1 0.6123125 735.6589 228.128 932.0512 541.42377 1 0.20115471 577.6319 460.75665 619.9898 481.8614 1 0.1284425 430.4652 307.56128 773.9203 466.45624 1 0.12022908 444.539 244.6459 792.16327 387.1749 1 0.0995168 572.0496 436.02203 613.64276 479.87585 1 0.07358007 683.3692 463.86212 709.1552 479.39673 1 0.064477034 430.15698 224.20863 899.4568 522.73663 1 0.06157033 808.167 210.81496 869.91736 256.7959 2 0.1315947 569.0973 429.92615 610.53516 479.30383 5 0.77286553 567.3192 427.65265 611.8523 480.58258 5 0.6897811 258.9391 505.9893 309.62946 541.7872 5 0.18814974 344.28598 597.2277 437.49997 666.3818 5 0.1533687 222.15088 513.6659 279.15674 544.87146 5 0.14327636 351.08926 597.0738 423.51974 625.3776 5 0.07542466 224.85939 507.57117 321.3069 546.4574 5 0.054737546 251.63249 516.6495 284.08636 546.9086 6 0.9929554 458.41724 105.477905 856.067 271.62885 6 0.845156 451.13672 240.98648 793.6891 398.4844 6 0.7447839 431.23694 297.21307 775.85425 473.65002 6 0.6132248 431.28412 282.89832 611.2282 480.3711 6 0.49179712 444.8216 127.15022 830.4589 468.2198 6 0.4720487 449.3389 199.14499 826.2384 312.05612 6 0.30940387 398.88702 412.77127 516.76135 473.69473 6 0.13392392 411.8036 375.08875 602.42303 474.6344 6 0.10526263 808.4162 210.23602 869.6048 256.77286 6 0.07820872 574.81165 101.211784 828.9613 169.79694 6 0.074955635 604.22797 0.30934143 915.4963 217.51271 6 0.05799588 394.40305 419.11246 620.6112 477.50552 6 0.057287302 402.87717 443.0958 474.71988 466.13327 7 0.9995167 402.53366 427.33276 773.92773 836.8976 7 0.99948186 81.25125 619.45984 592.34106 1015.8871 7 0.9967981 3.9402847 574.82477 155.44269 935.3929 7 0.9964528 0.319458 476.7456 293.1138 718.1715 7 0.99277556 117.7297 425.70068 254.44113 519.1671 7 0.96645164 224.89145 508.25638 421.37936 637.88464 7 0.9254132 0.0 452.91928 293.79974 934.43066 7 0.8347529 63.4614 454.19427 148.11736 484.46313 7 0.6325392 2.2648315 485.1474 48.7518 526.2196 7 0.4295642 838.055 5.0485077 1022.61554 472.07947 7 0.20095225 13.579704 389.22308 257.0717 523.6707 7 0.15554981 10.411438 392.8282 397.99142 760.74066 7 0.13190304 351.40103 596.13513 434.52072 665.03906 7 0.10819818 25.52433 473.64722 164.18787 511.95953 7 0.07895269 2.7651596 474.39313 173.52582 566.91095 7 0.05624647 237.09073 495.97495 314.6179 512.6602 7 0.054892763 65.123024 467.69293 142.46802 484.013 7 0.050843135 212.58224 510.29846 275.00446 553.0123 9 0.08071676 1.7931671 349.75314 153.75525 483.183 ,test/4743.jpg
0 0.44287097 392.00677 660.62634 571.9722 749.8268 0 0.16696249 494.76956 320.9684 646.8911 355.03592 0 0.12565042 111.279144 419.15018 800.43494 571.1951 0 0.08370665 110.234344 296.39502 815.7572 513.66895 0 0.055414006 93.26242 255.9906 810.022 682.6655 5 0.505358 392.03 660.29877 571.87866 750.0018 6 0.9980926 96.11566 250.58044 813.2525 707.3933 6 0.20186083 111.279144 419.15018 800.43494 571.1951 6 0.1701667 110.234344 296.39502 815.7572 513.66895 ,test/4744.jpg
0 0.99152815 312.78156 115.3103 743.44794 756.39526 ,test/4745.jpg
0 0.99948907 515.2561 626.77673 767.1758 730.93494 0 0.51137066 582.8152 325.7988 736.89 378.98557 0 0.11691923 504.96768 460.32745 970.47595 745.0888 0 0.0793671 434.93704 731.08984 491.66 766.71545 0 0.07578537 797.1615 388.63715 985.5856 448.43005 1 0.9977239 69.308685 336.89114 997.60425 938.9774 1 0.19238631 565.8301 321.1596 971.1239 542.1465 1 0.11633264 104.28169 338.4231 579.9937 834.2351 ,test/4746.jpg
0 0.12668917 425.35004 377.551 517.8763 439.5887 0 0.11047334 720.92267 362.70493 1021.4899 712.76746 3 0.7652835 425.3102 377.0769 517.20654 439.50366 3 0.14920527 379.06268 373.16565 451.10718 447.97266 3 0.083115146 379.20972 415.37332 448.96936 448.24197 4 0.99612683 342.46124 396.88272 593.4949 794.9813 4 0.0794819 368.9311 429.78433 522.5812 570.88165 ,test/4747.jpg
0 0.37546802 906.0963 315.71594 1020.3906 441.26593 0 0.059258766 676.8394 331.45874 739.61334 403.56348 7 0.99836177 340.93677 313.71698 712.0044 536.464 7 0.053448174 354.0606 417.0824 668.8094 532.47577 ,test/4748.jpg
2 0.3198697 483.95636 339.60657 648.95306 543.02936 3 0.42120266 287.98254 325.784 654.48016 835.222 5 0.9100504 287.15775 335.09448 652.7875 836.3152 5 0.06482698 484.00204 338.0858 650.178 543.2666 7 0.23647444 878.76276 428.98157 1024.0 645.9342 ,test/4749.jpg
0 0.42991948 231.87335 217.24747 802.16 745.7527 1 0.053237576 225.0159 218.84091 797.7848 736.225 9 0.7504057 228.54123 220.52408 805.0226 736.12756 ,test/4750.jpg
0 0.40018007 202.63834 62.18352 271.5118 111.32851 0 0.23527907 526.4242 596.27576 629.47266 650.80115 0 0.1745741 504.0913 603.624 713.277 720.8297 0 0.092211515 480.90912 584.2746 666.4799 647.1292 0 0.06748429 486.81326 558.40796 652.1563 598.6023 0 0.0666037 533.5408 586.966 605.4016 604.2707 0 0.057064954 521.6765 579.9654 674.5498 619.9228 0 0.056254536 263.48987 27.429783 289.1966 90.54413 0 0.050958443 265.21686 412.54282 293.24652 469.48587 0 0.050012548 369.06998 541.9016 659.3428 597.6605 1 0.5122429 263.39902 27.426373 288.85098 90.4431 1 0.41746822 202.5365 62.076775 271.3241 111.41935 1 0.29533908 504.0913 603.624 713.277 720.8297 1 0.075099684 254.02667 4.0744743 289.20105 98.372894 1 0.07434292 486.81326 558.40796 652.1563 598.6023 1 0.06799942 265.19513 412.4562 293.29358 469.35654 1 0.060274802 544.19763 601.9548 660.33484 651.7725 1 0.055990756 538.9953 593.81964 713.91144 672.8995 1 0.052086942 369.06998 541.9016 659.3428 597.6605 2 0.16693117 503.52756 770.4504 642.6315 856.3647 2 0.06530477 202.62653 62.657677 271.49948 111.385185 3 0.05625472 505.21802 608.2707 702.45435 719.0064 4 0.27667603 402.95267 749.88684 484.74966 810.25476 5 0.9550455 191.92366 778.66455 420.7976 912.1448 5 0.83956873 501.4898 770.8258 641.9216 857.6643 5 0.8057985 427.3621 680.39154 512.4115 741.29266 5 0.79961663 457.828 717.5598 675.7053 777.6549 5 0.6804109 402.85947 749.7913 484.64212 810.67096 5 0.5509498 333.00046 601.65045 463.0021 691.8587 5 0.55055064 372.6916 806.05884 582.4419 906.25854 5 0.5182214 363.85873 560.7066 543.1552 683.5324 5 0.4861782 384.33304 807.2871 502.28806 884.35474 5 0.39201778 319.02734 771.3395 654.33734 907.1448 5 0.37153596 264.06754 619.49744 402.49295 784.08386 5 0.37005836 637.48773 814.4649 676.86444 855.0395 5 0.35116994 344.67548 558.497 674.88654 692.5966 5 0.32942635 290.00912 610.0854 433.08054 706.45526 5 0.30481678 246.46204 675.7357 437.65973 773.0294 5 0.27746132 406.71188 182.89163 446.34134 224.59793 5 0.27739924 244.66818 557.87726 516.43066 792.36847 5 0.27706727 316.47397 773.889 359.72818 805.4244 5 0.2761647 439.38824 583.38794 618.9211 676.5979 5 0.243698 283.78925 540.50354 561.3079 712.4531 5 0.21647224 364.19226 702.2654 429.39795 756.7466 5 0.196513 201.4271 712.0929 788.57007 941.23914 5 0.18618366 486.81326 558.40796 652.1563 598.6023 5 0.17095685 523.4817 542.45416 691.66223 606.02997 5 0.16887724 505.4752 599.96014 712.9276 721.6248 5 0.16800518 436.7234 585.45013 532.56415 666.1458 5 0.16301551 244.75479 707.9354 406.45865 797.3285 5 0.1548694 282.94742 638.7998 390.78836 709.1095 5 0.14343446 467.82187 812.7056 563.2141 905.8599 5 0.13875824 403.50153 678.222 516.07587 774.28265 5 0.13109654 492.88782 773.0937 540.58606 812.63837 5 0.13050647 461.27106 768.7323 633.61884 814.10925 5 0.12790658 502.02954 582.6303 542.1111 618.6718 5 0.12595409 476.1885 810.287 590.9876 857.8917 5 0.12461208 256.1416 691.35297 374.85553 760.5035 5 0.12101654 305.4537 694.78394 434.17557 755.80225 5 0.10935906 393.0763 860.12225 477.76282 913.7697 5 0.10417278 315.51 778.3405 495.0771 912.4073 5 0.10121652 281.83347 670.13043 415.40738 718.784 5 0.09949156 450.58057 682.16327 694.8987 813.8732 5 0.098839864 520.7914 594.8856 676.1316 651.41296 5 0.09585422 404.6188 717.6182 679.6377 892.9006 5 0.08665026 621.69055 535.70465 695.80505 608.7327 5 0.08422491 273.722 725.9951 405.1043 774.5631 5 0.0839755 464.37537 769.79584 549.9242 809.03143 5 0.08240463 449.1021 597.5276 556.73615 685.8722 5 0.08007373 265.19513 412.4562 293.29358 469.35654 5 0.079773515 321.19345 758.8295 494.61282 847.2027 5 0.07599605 320.0224 733.4947 374.80994 757.883 5 0.07497939 515.55054 550.90063 730.08044 836.7406 5 0.07033109 433.86206 682.41046 513.45374 703.3117 5 0.06663044 398.91058 698.10614 501.29584 819.1657 5 0.06610858 605.16046 556.95667 644.6888 601.2748 5 0.06481804 369.06998 541.9016 659.3428 597.6605 5 0.061141003 259.76227 520.525 717.0922 819.4282 5 0.058248263 391.1775 680.3199 456.28308 709.46686 5 0.05724174 343.01715 767.8417 428.38513 848.35474 5 0.0547339 274.4953 547.6264 426.00946 688.748 5 0.054505095 621.7738 553.76904 649.9944 600.63074 5 0.051258504 279.44507 684.9237 410.79565 736.7694 7 0.99837613 284.45728 174.18054 710.45026 594.95905 7 0.94254094 188.87628 525.27295 801.3898 955.901 7 0.92667985 1.9107285 525.12695 243.78693 751.31775 7 0.4040827 504.35074 604.8602 708.51996 720.4696 7 0.23894532 256.2937 533.1725 398.3167 661.3661 7 0.15063205 251.78836 528.3846 719.1964 807.8271 7 0.14034715 365.58862 551.52325 528.0305 686.3575 7 0.120791994 245.31042 526.06146 475.3407 797.55145 7 0.113309816 338.5296 727.7865 799.69794 942.33606 7 0.11146633 283.78925 540.50354 561.3079 712.4531 7 0.074782066 344.67548 558.497 674.88654 692.5966 7 0.06175098 369.06998 541.9016 659.3428 597.6605 7 0.059278432 515.2036 569.254 741.2727 860.79565 ,test/4751.jpg
0 0.9815482 396.51978 845.26355 621.3149 963.5563 7 0.99988925 64.88034 226.01892 954.0032 861.6771 7 0.12034757 315.04092 358.97794 463.73032 415.31503 ,test/4752.jpg
0 0.31333724 150.27286 121.61087 834.458 847.3395 1 0.8277077 152.58395 120.00552 833.98083 849.5696 2 0.17458811 150.32547 121.1463 833.78235 847.3212 ,test/4753.jpg
0 0.4453232 967.8897 932.12317 1024.0 1016.9352 0 0.32757807 716.47473 4.903015 1024.0 454.10645 0 0.18641393 410.58563 467.88727 483.7868 528.35925 0 0.18636551 368.89792 516.89014 1012.944 1024.0 0 0.18524002 1.9507599 82.04852 493.49042 779.1265 0 0.07515016 532.3202 518.21014 925.4962 570.085 0 0.06636492 102.050385 0.0 198.26242 141.31525 0 0.066069484 188.67111 398.29355 461.03543 682.766 0 0.06413815 14.202667 465.70563 464.63306 799.68475 0 0.061440453 875.8631 13.268862 894.785 67.57312 0 0.056620955 397.3152 86.972244 991.31946 557.28516 0 0.053708192 346.85416 510.10632 513.94965 597.2001 1 0.77056795 195.22076 404.62073 467.136 667.69727 1 0.71775514 0.0 0.0 137.10916 37.85955 1 0.39924785 1.3092651 74.39639 494.4852 784.089 1 0.38158134 286.9356 398.7279 468.81427 575.77325 1 0.3491771 406.4619 468.0144 483.88788 528.37396 1 0.33826873 11.294128 429.91495 463.72208 907.9584 1 0.3326643 172.89886 573.8502 389.86566 671.62537 1 0.19285484 801.9565 19.689178 1024.0 413.26404 1 0.18652682 99.84488 0.0 192.37817 142.34402 1 0.15205136 985.7061 635.04956 1023.54193 765.39856 1 0.13439435 1008.3086 806.84766 1022.7345 895.70105 1 0.13374718 995.6382 751.7135 1022.8878 813.57214 1 0.1294994 0.5610962 0.12120819 195.13718 145.47403 1 0.119664006 372.54907 393.7056 466.4605 489.7701 1 0.11154885 0.0 2.6068192 272.5882 61.53296 1 0.10161593 1.3056488 626.12994 84.03232 786.22064 1 0.097712904 71.861755 0.0 143.87994 16.339016 1 0.07186344 309.68875 479.04132 494.4415 596.9406 1 0.065256916 376.37396 453.893 485.77454 539.4808 1 0.06124167 8.55806 516.0525 334.91595 778.3208 1 0.054879505 200.82709 523.80975 443.39795 629.2342 5 0.98199654 397.97113 69.88199 991.9522 559.0559 5 0.91642016 372.63617 516.4485 1013.3283 1024.0 5 0.54410905 409.2655 109.12483 559.5042 543.3097 5 0.5295892 823.0947 7.327408 1024.0 485.11987 5 0.43397605 908.22394 526.19604 1020.37714 786.17175 5 0.257112 379.92603 572.46765 569.9856 1018.0846 5 0.2086964 873.98193 524.7632 1015.3335 944.26624 5 0.19130538 943.49365 329.64056 1022.5322 770.5184 5 0.1777759 9.221115 571.2849 462.29077 893.4271 5 0.17323291 456.74683 424.11688 988.7843 550.1851 5 0.13817859 900.22614 114.27988 1020.8405 805.04224 5 0.11159943 835.23364 950.1767 972.2937 1009.9122 5 0.10094157 351.1348 110.139984 477.4299 542.0823 5 0.098798625 323.98016 31.152771 671.4917 598.00665 5 0.090492025 396.41345 474.52493 940.2174 563.5307 5 0.0839928 718.4923 26.812424 1024.0 288.46387 5 0.08381839 906.86993 122.18024 1021.4423 472.93036 5 0.07720349 953.6761 579.6628 1019.0019 783.5888 5 0.07405294 1008.9164 808.27765 1023.8003 894.7581 5 0.06849691 979.38275 730.9523 1022.9765 936.11194 5 0.06373155 416.47876 517.44354 953.2328 619.1418 5 0.053648975 532.3202 518.21014 925.4962 570.085 5 0.05322286 941.32294 575.72833 1021.1912 933.78107 7 0.98974293 3.6565323 16.44661 162.41641 389.44598 7 0.9721844 339.95135 1.7012672 514.43835 98.2702 7 0.93105376 327.9215 0.0 741.9263 118.503006 7 0.85340124 1.8758392 61.72586 504.88757 803.4263 7 0.5632012 3.3645477 1.7872467 174.56679 151.69778 7 0.30883887 813.88763 14.358749 1024.0 475.7663 7 0.20869021 105.643005 0.0 191.1416 144.9648 7 0.14575408 189.65738 0.3633194 757.8794 186.47812 7 0.13757607 9.461014 74.025085 350.9616 387.44864 7 0.10017449 236.85364 72.02989 989.2113 574.8797 7 0.08996803 131.72249 4.9998894 533.9899 130.32545 7 0.08258056 101.53282 69.07352 467.7212 571.2788 7 0.051272944 718.4923 26.812424 1024.0 288.46387 ,test/4754.jpg
0 0.0851286 97.212524 158.09225 785.4213 827.05945 5 0.9953767 94.9162 156.14105 789.1078 829.93353 ,test/4755.jpg
0 0.05351822 230.85011 841.823 294.44806 936.59546 2 0.14055559 187.89417 228.68016 880.3352 681.6588 3 0.9847312 161.61676 233.28645 884.3477 683.33374 3 0.18951222 166.01318 309.36023 396.80273 690.92865 3 0.07143019 163.59505 305.4192 283.83896 725.5216 5 0.07395514 167.44682 314.30124 292.38098 701.01807 ,test/4756.jpg
0 0.34161854 185.55054 375.37433 864.05896 870.4039 ,test/4757.jpg
5 0.9999198 344.15106 222.96606 706.9797 815.79846 ,test/4758.jpg
0 0.13344498 620.0158 711.6736 820.7375 825.18555 0 0.07190286 560.15173 675.0748 623.37146 712.06836 0 0.05865681 380.90167 98.32913 845.5688 721.89307 3 0.050660077 147.18839 725.889 387.46378 979.8222 4 0.72013515 147.22966 726.9585 387.08972 975.89124 4 0.15921526 373.54153 101.802734 827.499 742.02655 5 0.9668909 387.66626 106.738434 832.3157 745.5591 5 0.14205821 136.7052 726.24426 387.54242 975.432 5 0.074101575 599.2552 583.20703 821.2364 744.34424 ,test/4759.jpg
0 0.07695145 655.9666 560.4533 707.88055 592.2653 0 0.07595263 299.47998 354.82895 377.81952 454.73685 5 0.9999026 256.31287 112.42673 690.7124 863.47864 7 0.28390083 299.12265 355.60883 377.5267 453.11823 ,test/4760.jpg
0 0.19689 0.0 21.568878 726.416 556.18567 0 0.11871413 4.2835083 1.1499939 665.03815 301.3113 0 0.057198707 482.61316 93.97447 550.5541 220.38045 4 0.9799525 150.96906 351.253 251.30664 556.33704 4 0.9638358 54.546207 270.33917 167.92744 413.03552 4 0.9282218 298.71423 767.0165 404.76727 924.44446 4 0.918064 636.3945 395.54364 831.2841 595.7907 4 0.9171521 619.61163 288.9258 761.7775 476.38907 4 0.90974265 246.12134 277.85617 343.5382 521.1947 4 0.8999344 388.89713 680.8463 496.5709 821.71643 4 0.8845015 430.37735 488.4221 532.392 640.22034 4 0.8744264 477.6789 593.2276 593.6899 734.0087 4 0.870298 285.35605 424.08206 397.97195 624.8233 4 0.8056928 152.47781 227.06442 266.64178 400.88144 4 0.76335824 261.07703 610.58105 341.28644 789.92175 4 0.75146127 371.96094 360.98828 477.70367 565.3998 4 0.73345065 560.77875 90.78292 653.0245 301.0035 4 0.73268 481.43936 93.288025 550.5619 220.30551 4 0.7309058 524.65857 243.13942 635.0039 464.7685 4 0.6888391 341.62283 542.6842 450.8406 689.7499 4 0.67403024 413.77972 204.95578 494.4367 411.5588 4 0.6676349 583.5764 184.7555 717.1019 397.28735 4 0.6353064 337.25064 239.53828 427.08096 430.84418 4 0.629814 464.09433 322.87634 542.9011 479.9084 4 0.5451009 624.9064 180.64032 763.04675 577.8299 4 0.5241148 530.3222 87.498245 656.2548 403.07758 4 0.47295332 553.5824 535.27936 670.83325 651.4139 4 0.4538735 507.28003 423.91162 607.786 583.58246 4 0.44660583 575.43494 544.3467 636.98376 668.79175 4 0.44106644 363.49985 227.88052 417.10068 367.25406 4 0.35291097 579.96857 335.52112 825.6324 655.04315 4 0.34770676 530.06824 251.66943 765.8967 474.09473 4 0.34534937 637.0638 469.21442 778.6779 580.96576 4 0.32612514 200.48721 461.80014 296.0803 660.29913 4 0.29979116 481.8266 82.16843 563.6788 470.32523 4 0.29880944 582.86475 107.21007 733.77563 503.69873 4 0.2952523 536.3616 92.643845 778.6074 590.1383 4 0.27772698 455.9775 191.76749 503.7819 268.92715 4 0.27217507 626.7709 515.8043 681.7921 621.78784 4 0.27169386 149.57845 219.26926 279.373 563.6488 4 0.26881462 475.76865 674.03577 572.9523 742.4796 4 0.23119721 592.77893 414.25775 650.45764 551.2071 4 0.21408416 556.8792 257.08316 630.12115 364.28378 4 0.20737712 483.18094 100.78073 647.1463 516.0342 4 0.18718098 245.92007 181.67206 355.19534 322.70413 4 0.16778515 592.43146 262.2047 686.0922 498.97217 4 0.16323553 656.1628 536.49316 703.4277 580.8519 4 0.1613362 459.43628 325.57178 681.4542 463.82977 4 0.16095254 490.27502 294.41858 829.3922 760.0786 4 0.15983929 644.9257 492.8757 725.75275 590.0376 4 0.15581082 325.68207 160.32196 415.32758 319.5222 4 0.14408056 379.40695 126.20241 491.97366 245.69221 4 0.12610143 539.4065 567.70294 592.5873 699.5756 4 0.12397739 445.73996 356.34686 502.94437 487.50885 4 0.12218578 246.99326 190.77847 373.89786 579.6332 4 0.114228316 398.4653 529.3261 450.691 678.93427 4 0.11240464 533.89734 318.62274 599.8605 465.17792 4 0.10823928 438.4761 685.64276 498.34128 799.66473 4 0.107487656 640.3214 526.8502 713.24646 611.7919 4 0.10061881 283.0789 603.33496 334.65164 729.5581 4 0.09910794 486.65833 184.23056 533.1491 363.98428 4 0.0985751 389.59198 135.79092 498.74982 554.3729 4 0.09125196 395.45306 365.49506 467.76453 499.33868 4 0.090891555 149.19145 359.04898 316.77875 864.23596 4 0.08996933 331.14673 293.15323 378.9325 442.57297 4 0.08980003 378.8894 518.5561 404.54187 568.72723 4 0.07840472 654.6565 556.41766 708.31506 582.52655 4 0.07284541 336.25854 158.53839 455.3282 556.1059 4 0.06640962 431.3215 350.4767 480.63315 469.25864 4 0.0661181 407.4355 136.54367 726.195 479.00156 4 0.06528917 224.52052 436.4231 272.1434 552.73865 4 0.06513984 324.55743 410.72662 382.56604 588.22925 4 0.06373455 274.0667 490.33646 298.99255 544.8667 4 0.06331584 376.81937 234.48753 415.40927 316.96826 4 0.06179726 598.78455 389.17633 653.1289 500.77856 4 0.058478262 192.17902 222.76897 283.69415 484.1679 4 0.055025633 459.83047 376.70734 523.51196 513.21075 4 0.051974267 572.724 395.33813 727.9447 520.15845 ,test/4761.jpg
0 0.05942912 188.44034 183.48996 756.8739 609.31555 3 0.97019255 195.24509 205.49863 714.968 585.0936 5 0.07468933 187.39487 183.57324 772.2103 604.6129 7 0.20733358 187.39487 183.57324 772.2103 604.6129 7 0.05734406 760.719 219.48685 877.65967 352.41483 ,test/4762.jpg
3 0.99714077 218.60553 234.54907 866.9036 725.8801 ,test/4763.jpg
0 0.99977773 411.75876 574.28564 672.4763 809.0519 ,test/4764.jpg
0 0.99984264 411.34763 312.54474 752.1914 637.87067 ,test/4765.jpg
0 0.10407783 366.73544 852.6718 387.33682 897.8681 0 0.05758833 877.7616 494.75287 918.8535 547.7165 5 0.9938828 395.50745 532.2004 664.75476 776.35333 5 0.44820505 0.0 498.009 363.0035 1024.0 ,test/4766.jpg
0 0.97669345 191.83987 202.32492 385.0936 674.75757 0 0.21220766 329.10193 266.77914 358.39673 324.16562 0 0.17123775 312.77478 206.05943 347.53326 254.83449 0 0.09214627 252.96053 99.66226 370.1322 262.06537 0 0.090349875 519.33636 125.05815 550.7336 222.10118 0 0.08097399 491.9103 115.68094 561.5328 224.72849 0 0.063787654 313.77313 188.89326 357.68518 327.5108 0 0.058621217 314.48322 202.26712 387.68225 253.58755 1 0.9150424 249.98569 459.40417 890.4956 984.4702 1 0.90146774 491.04758 543.3252 632.5722 767.1732 1 0.8647342 397.625 650.948 565.308 778.6963 1 0.8594045 672.75684 515.7431 826.0526 756.1895 1 0.7295966 371.39716 548.8071 633.2071 796.4133 1 0.6020116 660.212 726.08606 731.5606 821.973 1 0.5389295 436.16125 574.75665 509.85913 666.414 1 0.49890268 643.3231 796.6049 691.8673 855.3486 1 0.46098614 269.98795 541.81055 712.5718 881.4597 1 0.41461733 640.2091 603.1817 697.81775 665.38605 1 0.4101622 411.7096 195.65085 477.96246 248.76688 1 0.34112868 355.79388 569.66504 509.26013 664.17017 1 0.21187131 654.12585 680.74695 738.93286 844.0023 1 0.18829462 585.3098 479.1488 877.83777 971.65906 1 0.17974198 355.39377 649.187 468.9518 692.8578 1 0.17730406 533.4453 598.52856 646.6212 778.9319 1 0.16125077 383.11322 581.9403 554.49414 750.01013 1 0.15812021 456.7865 582.36096 520.67944 691.6367 1 0.15807216 492.9123 560.0616 714.9797 819.98553 1 0.14839984 248.13173 543.65686 579.06335 770.41833 1 0.14429437 359.34442 655.48737 419.61072 704.2525 1 0.13743609 660.9468 594.3854 756.1742 833.30347 1 0.13411568 407.62006 563.4767 534.6231 695.63293 1 0.13026612 530.26733 717.7762 581.69775 771.9078 1 0.121549204 607.81555 599.07 698.70654 651.07697 1 0.11516406 329.10193 266.77914 358.39673 324.16562 1 0.0953696 421.35815 199.35028 481.8803 310.16797 1 0.08702487 321.01517 597.9199 379.1913 661.2649 1 0.07975317 671.3649 637.07025 729.092 750.3238 1 0.07911404 689.48895 605.46893 706.5555 651.9786 1 0.07776827 461.7471 634.0587 520.5036 695.2103 1 0.07377817 703.2174 521.79706 821.18225 674.4914 1 0.06993896 365.33786 206.77516 441.53397 325.19165 1 0.06289543 736.42535 528.5075 822.1059 630.95306 1 0.05881596 591.8417 584.9945 704.6543 854.681 1 0.057651166 603.1412 590.91583 699.51447 717.97284 1 0.05601779 393.39136 211.00691 418.614 256.41458 1 0.05018778 314.0656 570.2968 407.07605 683.53314 1 0.05002917 671.6483 576.26746 764.4365 745.98047 2 0.25493306 423.3167 201.31961 481.5912 309.05035 2 0.07899668 398.4502 651.70074 561.8398 777.71625 2 0.055115733 420.1902 193.47467 476.11017 261.01367 3 0.41859713 253.44955 100.30513 368.8428 256.16504 3 0.17747995 339.8328 201.66125 380.4368 251.43607 3 0.124250524 312.1553 202.33913 348.86502 256.2674 4 0.050409183 355.08432 207.33197 442.8602 327.4994 5 0.6231482 411.93256 195.55283 477.93042 249.75162 5 0.27088454 339.6131 201.72475 381.50128 252.33186 5 0.24572831 489.0626 115.44365 558.70013 224.92876 5 0.24324104 253.39987 100.000946 370.5192 256.3116 5 0.23982239 376.25623 228.52106 434.79236 325.70184 5 0.22982742 316.462 185.25655 358.58987 222.72728 5 0.19941968 312.77478 206.05943 347.53326 254.83449 5 0.1830219 345.0581 207.19844 444.39087 327.3996 5 0.15710619 418.42154 195.92229 481.26932 311.29523 5 0.09252476 313.77313 188.89326 357.68518 327.5108 5 0.07343766 506.992 165.9758 565.4455 224.47687 5 0.06185653 312.40918 202.20642 397.78882 254.84433 5 0.05668988 0.58696175 824.63336 20.957905 881.78033 5 0.051209554 327.07922 203.15295 379.55243 331.25586 7 0.9989567 324.56726 123.4361 720.1914 607.9593 7 0.16174193 192.86227 199.59178 396.65823 702.69415 7 0.065174565 0.74439716 824.4252 21.664894 882.06067 ,test/4767.jpg
0 0.07805835 359.39606 307.62262 723.8062 953.1989 7 0.9960905 362.8133 307.2104 716.7005 954.75446 ,test/4768.jpg
0 0.08504453 471.8846 332.5393 632.75183 467.63782 0 0.052706137 387.2979 318.1577 814.024 817.19214 1 0.097953886 376.3469 309.09613 810.54724 777.92914 5 0.20333934 379.38373 310.66028 809.23285 814.8679 6 0.9495863 383.22162 307.37152 810.8409 816.65607 ,test/4769.jpg
0 0.91919416 370.7864 355.81647 618.21826 713.53436 1 0.17500044 385.39362 363.00638 611.6824 439.66275 1 0.071480826 365.1796 367.29736 617.89557 711.4496 2 0.26546246 366.87518 352.40363 618.13257 713.1005 3 0.13071406 365.25745 352.05908 618.12854 712.6233 5 0.10181233 366.31873 351.7019 618.23914 712.7152 7 0.16675411 366.94876 389.30347 617.1123 709.38477 ,test/4770.jpg
0 0.30610013 131.86226 119.76535 532.7281 635.1914 1 0.92910886 125.730484 119.308655 531.0075 637.4635 ,test/4771.jpg
3 0.99907434 374.99918 521.9032 699.58093 655.9896 ,test/4772.jpg
0 0.85845554 251.94662 241.47942 373.7961 295.6453 0 0.78675115 441.33954 715.85406 481.78802 793.81964 0 0.7626967 305.1623 414.63907 361.1801 465.81296 0 0.72440076 67.081924 352.88223 319.17322 536.2296 0 0.6870925 288.29904 367.94864 373.23862 419.00266 0 0.6557119 303.84122 416.14545 381.18643 524.87964 0 0.3070214 237.5877 696.69495 312.4198 737.8956 0 0.26911047 374.7596 481.57062 415.51797 521.5056 0 0.2410031 385.11844 604.12164 462.40347 693.59674 0 0.23393665 512.2168 486.13858 598.1876 552.5695 0 0.22915092 438.24432 312.6833 516.4748 406.94147 0 0.21764159 470.22607 487.48553 605.72327 579.4356 0 0.21417336 507.9959 549.5937 606.53485 580.7139 0 0.1976972 376.58786 575.1138 629.79474 717.32825 0 0.17790629 344.2824 395.4443 475.27222 486.25504 0 0.1744564 384.23392 572.11865 479.80405 611.938 0 0.17242478 433.94498 322.46143 519.55743 470.57825 0 0.1702069 177.48964 405.43884 317.04218 541.872 0 0.16520344 121.123695 503.63275 311.303 674.456 0 0.1318212 88.60957 525.2787 149.76897 595.4358 0 0.12807849 374.8412 350.06882 454.55408 400.95517 0 0.10777408 23.198547 325.2998 110.21953 433.83936 0 0.09905011 390.15213 578.6557 455.30234 606.76996 0 0.08421236 372.3033 288.87296 531.7654 486.04202 0 0.073025495 205.17557 487.55246 319.6732 543.49384 0 0.0669207 30.84343 342.45605 299.53827 453.00854 0 0.06558806 232.19759 234.20119 501.66705 409.58246 0 0.06333401 511.00754 524.20874 605.7743 577.5857 0 0.05959437 96.52653 353.28787 259.6085 421.32626 0 0.059125304 84.816055 518.38477 163.09279 630.2185 0 0.058397733 368.5295 342.83847 521.85205 428.2294 0 0.05255455 341.79446 571.1439 497.77 642.26514 0 0.05176956 318.2528 451.14276 415.24744 527.0008 1 0.9506551 230.23233 237.20872 499.74576 392.91003 1 0.8014897 748.19543 841.42523 905.531 1024.0 1 0.55806583 98.02865 502.15347 311.13623 673.2683 1 0.25897026 378.78003 569.94763 631.6823 721.70154 1 0.2566543 89.329056 523.5044 160.13382 626.0797 1 0.1751029 507.5891 549.9266 606.3253 580.6573 1 0.11794393 249.53406 241.242 388.38342 296.30334 1 0.11029984 114.780426 498.30566 237.3771 637.5558 1 0.078258984 501.74072 485.0298 600.5458 580.7389 1 0.06965387 287.2397 367.67087 373.13922 418.58914 1 0.06658847 300.47922 238.75804 489.56613 332.3247 1 0.05151937 344.9405 400.68817 474.34833 485.1587 2 0.24247834 288.12473 367.9358 373.21298 418.7047 2 0.2079259 344.2824 395.4443 475.27222 486.25504 2 0.09456324 251.70377 241.43167 373.82437 295.65012 3 0.278365 348.78027 384.69617 482.07806 495.31946 4 0.13339365 367.42966 499.8297 547.0651 581.39404 4 0.11045401 347.08496 386.2104 485.52893 494.75452 5 0.84785444 441.31555 708.86523 624.4967 791.84595 5 0.7182055 364.5727 500.19522 549.6205 580.80695 5 0.50905263 281.2717 493.12045 599.1245 606.1929 5 0.4830578 349.0905 383.853 481.8836 493.97104 5 0.43012145 146.586 724.64636 313.73932 884.44116 5 0.3959846 273.59683 519.813 481.36874 600.2551 5 0.24603829 139.10336 670.5125 639.1168 821.8416 5 0.22936535 385.11844 604.12164 462.40347 693.59674 5 0.21845667 138.55782 504.12946 630.91144 875.4288 5 0.18666062 389.4308 573.99365 465.8974 606.96985 5 0.15334687 470.22607 487.48553 605.72327 579.4356 5 0.1374761 119.27716 500.70905 311.5637 674.8448 5 0.08540734 372.43866 577.1854 640.00116 779.64343 5 0.08254693 510.9307 485.67123 598.947 554.8328 5 0.08048046 322.09076 571.0537 476.92596 606.28845 5 0.06780742 237.4229 696.666 312.2925 738.02637 5 0.056170397 435.9083 569.8399 482.21396 615.1601 5 0.054438885 351.99493 473.77435 513.5294 618.07416 7 0.5781421 113.584206 500.66492 311.70578 675.4346 7 0.4111941 347.80997 381.03058 486.2004 504.8067 7 0.40342662 79.83356 351.41852 278.3111 521.7828 7 0.38731635 96.52653 353.28787 259.6085 421.32626 7 0.37152025 433.62335 313.5439 518.01624 473.15976 7 0.15749905 23.198547 325.2998 110.21953 433.83936 7 0.15356433 255.22684 388.37076 314.6107 449.39462 7 0.13905418 402.87518 339.09427 499.3075 472.405 7 0.07453688 470.22607 487.48553 605.72327 579.4356 7 0.068116195 372.3033 288.87296 531.7654 486.04202 7 0.06459136 435.6639 389.98764 492.2285 471.98862 7 0.06352292 30.84343 342.45605 299.53827 453.00854 7 0.05768086 388.4766 616.7212 461.71255 692.71277 7 0.057672422 87.74405 522.47675 160.232 626.43243 7 0.056531288 322.22186 492.60397 603.3466 591.0236 7 0.053469915 205.17557 487.55246 319.6732 543.49384 7 0.05237873 269.9247 525.349 477.96268 604.29395 ,test/4773.jpg
0 0.8659557 567.198 703.76544 773.3655 859.9058 0 0.2286799 684.4395 700.1371 719.7326 754.6753 0 0.22459698 522.20447 316.79227 758.4573 850.9563 0 0.07097034 580.6212 706.4662 694.8949 807.5985 1 0.59396833 439.02258 694.589 1024.0 1020.4171 5 0.9542979 520.23175 335.46567 690.34454 771.298 5 0.059398156 155.65428 229.58359 498.31775 327.94003 7 0.067772575 561.3858 703.793 773.51996 859.4191 9 0.0786926 570.7518 703.53 773.99115 859.5775 ,test/4774.jpg
0 0.7945795 268.04294 56.54486 882.11487 925.33466 0 0.7228529 415.8717 432.94666 875.11633 923.87524 0 0.35751215 160.4003 137.22906 479.1512 306.1287 0 0.18409577 440.13568 733.55743 518.87646 779.502 1 0.1706714 283.89175 46.407806 887.2086 937.8844 7 0.26443768 255.88327 61.151398 887.80066 920.5526 7 0.084282406 159.83656 138.99222 467.80286 304.98215 ,test/4775.jpg
0 0.102482505 642.51044 109.95962 831.6309 269.21356 0 0.06598045 657.37463 106.93358 881.8003 495.04138 0 0.052999984 801.1435 125.79698 837.2569 222.22664 1 0.8648695 0.0 263.81137 88.65508 358.38455 1 0.4885225 4.9897194 337.00653 109.0446 414.69653 1 0.3750983 0.1529007 260.57736 109.066284 423.1279 5 0.05871482 456.00964 511.60358 482.39795 567.4449 5 0.05105412 424.83688 515.1712 487.1301 576.77716 6 0.11746316 216.04227 0.016281128 460.7869 421.27814 7 0.9997919 99.396255 313.79916 436.3623 940.3259 7 0.9996929 396.8114 346.04593 602.88727 808.71045 7 0.9984465 569.0266 187.67896 883.4752 880.8572 7 0.9212462 642.4501 110.393265 831.74646 268.93524 7 0.50818574 657.37463 106.93358 881.8003 495.04138 7 0.059757106 645.21924 125.816345 740.7195 267.29453 7 0.051530343 166.38394 314.46323 269.2999 409.85587 ,test/4776.jpg
0 0.07779595 252.20934 346.31116 371.0377 394.3495 0 0.052206594 350.19888 485.78577 460.45108 617.7112 1 0.9906846 447.63892 369.62823 772.9337 655.6673 1 0.9899423 132.50023 202.52946 437.33972 495.45062 1 0.9492872 363.78152 495.91418 457.21152 616.45325 1 0.93725455 525.9901 641.9251 774.97925 789.5882 1 0.7757121 446.0204 595.72235 781.86255 682.4333 1 0.6880466 448.35022 616.71063 642.776 676.75397 1 0.6213725 6.4056244 384.59283 361.14868 530.23895 1 0.6149536 444.71027 548.7427 778.5247 787.0564 1 0.40179437 619.2988 589.53784 788.6378 659.4193 1 0.19475621 89.4324 333.97525 409.19464 498.45755 1 0.19381142 452.22827 495.50488 721.4148 677.10974 1 0.19373079 95.34041 335.78064 413.667 399.95905 1 0.1674624 453.93585 531.7983 591.998 632.09735 1 0.12290803 102.01984 281.35333 433.15735 390.31635 1 0.11043368 436.22147 431.50793 460.77603 500.38245 1 0.10834995 312.35736 485.6289 553.265 619.6438 1 0.10558695 363.82254 476.80408 421.98904 501.3543 1 0.10491065 278.90143 338.24677 439.7243 501.42212 1 0.087946884 353.12006 212.25578 441.98328 505.04303 1 0.08626176 143.90096 220.95297 430.93927 370.538 1 0.07671355 457.23047 372.44397 632.57214 632.89404 1 0.07078407 154.35252 388.06647 223.34306 400.72974 1 0.06520852 445.5252 647.76434 748.16266 693.94794 1 0.05966817 675.23895 585.64734 761.25385 621.37915 1 0.051891778 453.00345 537.76056 622.47876 689.4864 5 0.19743028 2.3338318 460.03146 416.68994 835.58923 ,test/4777.jpg
5 0.8184935 210.6066 312.95953 820.20325 796.6662 7 0.7049129 213.56 288.69965 828.98553 802.06964 7 0.058411743 448.7287 273.51474 832.278 522.8358 ,test/4778.jpg
0 0.28428823 234.716 222.30978 803.2314 861.78015 0 0.07332318 739.3595 15.599754 802.9525 216.88513 1 0.5020241 232.40073 222.10251 804.83777 854.31287 2 0.4177627 230.94269 222.69641 806.55585 852.7173 7 0.39731595 232.47488 221.52863 804.52734 855.33466 ,test/4779.jpg
0 0.06618561 317.63647 320.07874 784.7383 683.3264 1 0.963194 304.32504 346.2303 772.8967 710.5706 7 0.10304656 283.87057 389.52972 761.32056 701.8477 ,test/4780.jpg
0 0.16218475 442.43173 255.33476 698.0894 683.98157 1 0.4882781 445.23383 256.55603 695.5628 681.6151 2 0.45026156 446.61047 255.82864 695.8517 682.82654 5 0.16685328 445.15277 257.48343 696.7326 682.2838 7 0.5751136 443.02216 242.36383 695.47504 684.36096 ,test/4781.jpg
7 0.9997106 191.08865 397.2497 707.38245 799.3056 7 0.9987424 0.0 730.441 285.0465 1016.87665 7 0.24743135 559.35114 394.25775 669.2498 454.10895 7 0.13472337 0.0 844.9312 54.183525 1024.0 7 0.08081983 183.86668 880.78394 239.17982 977.26074 7 0.068891734 171.65414 744.5119 284.19952 1002.97833 7 0.054379564 600.5601 421.01196 655.6202 449.036 ,test/4782.jpg
0 0.31681982 642.4829 15.596447 729.47534 143.11801 0 0.053436365 1.0745544 1.2605743 280.60153 263.92328 4 0.79364276 444.49573 468.50507 865.9662 659.1718 5 0.9971187 204.7131 195.95882 870.699 625.0219 5 0.18500164 439.48065 463.501 862.252 659.2905 5 0.16996868 235.67107 209.66061 612.91583 552.3617 5 0.12307097 444.7 192.5571 858.2116 491.9581 6 0.96431357 2.4483795 0.0 280.2273 262.9624 ,test/4783.jpg
7 0.9997975 267.622 261.23138 684.0758 664.6728 ,test/4784.jpg
5 0.9994469 267.60437 400.69077 694.52594 628.61206 5 0.052627116 659.99023 417.53616 756.1792 525.83295 ,test/4785.jpg
0 0.33083814 410.57797 345.18137 463.26266 387.74997 0 0.09183498 709.79755 349.2409 1022.6164 771.16583 1 0.6469183 471.93866 218.58928 694.84283 615.1467 1 0.059248652 258.84216 121.80716 496.1737 503.929 2 0.07417905 454.3505 362.89697 478.04758 420.67432 2 0.067405485 438.58957 359.81042 479.34012 451.87103 5 0.28848514 390.35773 445.1467 483.7901 623.45953 5 0.23438598 278.67935 364.35956 448.05582 516.294 5 0.115214586 466.13153 195.87723 692.9377 613.6631 5 0.09783606 327.0128 353.49457 381.01816 381.96478 5 0.09313222 454.1259 363.18802 478.7319 420.75626 5 0.050182786 396.27072 354.19516 483.97733 468.19724 7 0.9943885 221.00873 117.02603 536.5207 836.37854 7 0.85720885 430.10406 343.86807 478.86224 464.26743 7 0.53573066 410.62836 345.42255 461.7497 387.25098 7 0.18773448 279.46558 364.71225 448.1855 510.70853 7 0.16601546 258.84216 121.80716 496.1737 503.929 7 0.13599686 438.81683 379.95676 479.1717 450.33426 7 0.1336235 393.4024 450.34073 484.43573 620.49426 7 0.12631062 255.11583 351.7911 514.1531 732.1116 ,test/4786.jpg
0 0.5772047 548.48474 426.46094 711.60754 711.9602 3 0.10429606 563.9563 432.5124 712.4519 709.7507 4 0.1000709 483.61258 417.16302 708.6948 711.7028 5 0.17868103 568.85535 434.55743 712.5763 709.2131 5 0.06667288 411.63696 419.75934 713.6156 712.65326 7 0.1768238 406.35754 416.07346 711.926 711.16943 ,test/4787.jpg
3 0.36360434 121.90093 146.40411 362.5525 854.8824 3 0.17817496 808.3766 361.06726 943.51636 510.591 4 0.96975034 120.652534 145.40411 363.92786 858.86365 4 0.7517894 808.3527 360.92023 943.07635 509.9229 5 0.4309791 121.70524 130.90741 363.7697 856.8083 5 0.17649795 808.1419 361.28827 943.29816 509.78528 ,test/4788.jpg
5 0.9909972 396.93945 15.247925 603.6082 912.9025 ,test/4789.jpg
4 0.9986027 85.3262 380.5536 931.4944 761.9601 ,test/4790.jpg
1 0.9997223 129.80515 248.76999 880.0862 693.6636 ,test/4791.jpg
0 0.79268956 501.64148 396.75 890.13806 659.62695 0 0.09947647 303.1078 490.15836 602.7198 988.8026 3 0.2935563 483.5086 395.56378 890.8055 658.8212 3 0.27530515 301.68744 490.8653 603.8523 989.5972 4 0.054394003 302.19702 479.63562 605.2365 988.8186 5 0.8812249 301.3729 491.133 603.8988 989.5163 5 0.15462339 482.04752 395.59448 888.6477 661.8656 ,test/4792.jpg
0 0.47519088 477.02234 460.86746 518.0062 583.3551 0 0.41945216 106.791824 535.91125 587.4326 674.7871 0 0.23091899 395.89572 391.4225 597.85205 615.08386 0 0.2077597 698.6077 357.05643 860.7414 391.02872 0 0.19896163 91.190674 413.43787 568.09174 688.25244 0 0.19588128 486.2312 468.95505 513.9717 547.3716 0 0.18795255 792.6136 315.00125 857.71173 438.09494 0 0.16112068 696.2074 318.0172 864.9928 627.2288 0 0.14016971 372.85422 448.42535 533.1855 612.8975 0 0.14012384 334.81085 445.0359 588.01746 560.5026 0 0.12791881 397.6421 503.9199 596.2502 570.8229 0 0.12189602 129.28436 605.97974 314.0934 642.5654 0 0.11038829 700.53125 327.3158 862.0447 414.5327 0 0.10069163 346.50568 442.23685 423.47455 463.44498 0 0.095812775 396.7115 524.36316 546.7604 595.5773 0 0.08675574 835.55334 415.7383 869.9818 579.6511 0 0.08349091 786.4146 371.25165 981.4736 592.2635 0 0.07267473 802.27905 319.59155 862.8196 574.3159 0 0.071884066 536.3477 510.02734 590.4216 545.14856 0 0.06823535 699.3509 361.35648 919.63947 422.46603 0 0.06543595 272.73126 523.6478 593.6737 611.2827 0 0.061478026 339.32074 419.55524 427.27875 658.17865 0 0.05338805 726.64874 363.1405 799.40314 381.91492 1 0.988525 536.7849 566.85645 785.3517 783.79626 1 0.60646045 573.24506 367.74664 687.3608 567.53546 1 0.17976357 79.77579 383.3188 589.96985 690.7386 1 0.1551923 693.1828 332.39832 873.47394 620.4274 1 0.1507002 546.69226 365.70697 627.38184 562.9993 1 0.06762344 578.50494 380.61865 637.5826 564.94714 1 0.061198745 584.6018 378.3967 674.74866 475.54532 6 0.9843464 85.96852 384.84927 575.05524 690.16394 6 0.9820448 837.61035 366.78394 999.50476 614.7498 6 0.8214106 693.43506 322.4506 866.8043 622.0161 6 0.7474416 406.65906 377.2572 549.1499 482.7848 6 0.68035895 574.0551 368.48016 689.9223 567.4296 6 0.533512 700.6952 317.93295 854.6089 436.74088 6 0.4650965 399.5513 383.14154 594.03906 579.83295 6 0.1950979 106.791824 535.91125 587.4326 674.7871 6 0.1559619 447.21368 429.18826 595.3422 558.5007 6 0.12520014 132.54785 386.6009 573.6942 499.76428 6 0.12229461 334.81085 445.0359 588.01746 560.5026 6 0.111705825 698.37463 370.5095 855.4468 415.58182 6 0.083424196 508.88025 389.15134 590.18604 575.1244 6 0.07578344 700.65173 363.71005 863.69824 470.22128 6 0.07263479 289.42627 383.71637 584.0766 625.23865 6 0.06960792 546.69226 365.70697 627.38184 562.9993 6 0.06830576 468.50394 374.96088 692.2663 560.0916 6 0.057464745 703.48553 333.0113 1004.4947 587.77747 6 0.05614294 398.66812 487.74802 594.45935 579.33203 7 0.055183243 691.71967 329.51733 876.9056 619.10486 ,test/4793.jpg
0 0.9965857 321.21097 312.861 737.8779 787.8612 7 0.07523847 321.1963 312.10797 737.6371 788.9307 ,test/4794.jpg
0 0.9965077 433.99533 552.7196 557.2003 637.32446 0 0.9096672 503.41467 476.29248 588.31274 512.9907 0 0.579609 502.6029 477.08008 597.5132 559.3788 0 0.32425755 992.96313 385.11627 1023.308 482.71277 0 0.15502836 512.4158 506.29016 596.9901 525.2141 0 0.14686741 511.22763 502.61865 587.3678 516.2016 0 0.12760304 276.50934 258.73328 725.87 485.52045 0 0.094303936 497.09753 543.347 560.83777 562.1502 0 0.09391509 421.0937 497.20972 677.37933 636.85803 0 0.06938322 657.63403 520.8695 681.71423 563.2073 0 0.054639764 506.61252 475.69144 569.8673 496.6719 0 0.052797392 527.3384 499.2701 616.51025 540.7495 1 0.10605867 504.80176 481.9878 588.0427 512.3826 2 0.9987232 405.3645 483.0621 533.99725 563.8995 2 0.9017226 586.59534 460.7066 667.7036 539.3177 2 0.118214324 584.89606 486.76236 612.8559 538.10803 2 0.06139017 399.68082 480.06546 509.48886 492.8757 5 0.3516696 0.0 6.417038 62.064217 446.67444 5 0.33103922 585.43634 459.91928 669.96027 539.4845 5 0.056740846 503.31223 544.1784 559.103 565.82684 7 0.9985147 125.97571 254.15082 913.6196 871.40436 7 0.7532753 0.2120285 8.117355 63.405228 449.46893 7 0.5748064 188.05667 262.00937 886.5895 485.02933 7 0.22789209 501.48444 503.4187 614.0832 553.0675 7 0.19568405 305.7116 260.46124 650.0654 481.36908 7 0.18088256 550.2245 277.46274 902.83154 832.35864 7 0.17603286 117.06372 260.5928 463.98828 837.9636 7 0.10807469 993.0569 381.58997 1023.4558 482.94727 7 0.10533122 435.7203 531.5001 660.28125 632.7689 7 0.10212287 398.76242 498.85916 877.8313 821.9794 7 0.08549288 511.89056 284.6892 875.1369 567.5441 7 0.069663964 431.73813 550.8414 564.63446 635.17523 7 0.06359889 138.03262 598.9065 896.9866 851.2169 7 0.059059262 497.09753 543.347 560.83777 562.1502 9 0.19741797 119.00851 929.1223 280.6542 1023.16223 9 0.08605903 479.30518 908.552 650.6266 1024.0 9 0.053748738 992.86536 377.5323 1023.0133 482.95715 ,test/4795.jpg
3 0.9985166 505.8651 127.57602 959.9812 1001.97314 3 0.9964066 88.72832 101.81549 464.17676 985.0031 3 0.3001824 497.5202 164.2236 605.1497 924.20557 3 0.15508415 150.83337 48.113274 526.43677 258.69788 3 0.09285752 450.83862 593.72095 538.6848 830.9293 3 0.07156149 426.78958 279.05704 545.43335 854.94604 3 0.06788442 516.7134 91.26678 801.92957 256.02036 4 0.06417197 450.83862 593.72095 538.6848 830.9293 5 0.93052787 170.36447 58.253754 523.81213 243.3982 5 0.09439984 523.0254 102.16257 848.0183 264.9216 5 0.06981116 450.83862 593.72095 538.6848 830.9293 ,test/4796.jpg
0 0.44152394 223.56009 463.07385 314.6655 796.60144 0 0.14570238 245.48477 144.2889 329.00418 432.51257 0 0.14002964 253.72443 601.47473 306.2649 788.03906 0 0.100811236 402.76297 768.1398 495.9625 820.7589 0 0.0820116 403.84485 641.1768 559.7051 758.7559 0 0.07945868 497.08118 762.5485 649.7626 869.20355 1 0.92085 534.0793 421.90463 704.2537 742.5227 1 0.91418576 222.0687 441.22687 713.80383 913.8658 1 0.6528926 362.20663 480.54984 589.4527 760.50134 1 0.6332131 403.96042 767.60724 493.58853 819.91693 1 0.57401 287.83215 452.6302 514.79156 567.79395 1 0.5586048 702.5457 487.27927 762.26996 714.3594 1 0.5213627 277.69507 512.69214 590.7209 878.96826 1 0.5191384 619.4733 417.88043 713.38165 750.5457 1 0.48399463 283.97568 544.62744 435.6514 886.8003 1 0.3678622 304.13947 498.5097 537.51355 560.9235 1 0.33926123 421.96494 766.1689 486.09677 801.0999 1 0.31933844 355.10532 424.0465 728.18884 776.0969 1 0.19760294 289.24664 552.50903 399.57867 707.33435 1 0.19685404 223.56009 463.07385 314.6655 796.60144 1 0.18398282 324.1543 512.38824 491.24176 554.61053 1 0.17952502 274.87234 352.4942 680.223 451.58746 1 0.16206746 245.48477 144.2889 329.00418 432.51257 1 0.15900074 249.11307 449.03592 645.12354 684.6832 1 0.14881214 532.49567 449.19165 597.8444 737.6367 1 0.14385831 404.2166 641.1841 571.6692 800.10876 1 0.14300355 675.02954 471.71255 755.4442 760.5458 1 0.13395706 665.66327 415.30615 722.9775 756.1703 1 0.13123193 603.5843 667.8458 644.58026 765.4938 1 0.12960657 423.61768 732.8428 544.3304 784.5563 1 0.12717782 254.27307 145.46735 632.1116 449.5426 1 0.12452024 271.2827 568.8756 347.68616 796.13904 1 0.11645956 394.76404 754.22546 587.8751 822.12537 1 0.102908 291.7822 473.61414 504.72964 642.72754 1 0.08137058 520.83575 531.7877 762.3575 779.8882 1 0.07606667 315.68347 739.2638 642.51935 907.6179 1 0.074202426 487.96298 754.3693 601.75275 791.11664 1 0.06653128 584.708 673.2492 680.3263 771.91266 1 0.050100107 280.18774 117.03369 563.4584 745.0853 2 0.74522734 404.42093 641.0001 561.52844 759.0853 3 0.878482 307.76422 281.34384 381.3213 342.75565 3 0.171189 351.95288 211.63573 397.6599 276.89832 3 0.106701024 291.6011 209.36288 366.68228 288.59406 3 0.059986684 314.82516 274.64954 368.1038 287.16827 4 0.9492119 403.59418 244.38313 541.40356 326.53598 4 0.85092306 390.6037 167.27995 534.8014 269.49338 4 0.7705116 291.5752 130.20018 367.72284 221.40056 4 0.58242345 281.7506 112.31418 422.24792 229.4017 4 0.531168 357.53973 113.37867 532.75635 259.2177 4 0.4995204 390.82428 196.65848 487.45587 272.31534 4 0.36807904 291.6011 209.36288 366.68228 288.59406 4 0.27834353 286.0219 125.781624 373.50208 355.8748 4 0.27412167 430.05972 171.33778 528.6885 245.77614 4 0.2514336 346.52463 146.19952 422.0754 220.5362 4 0.18597351 351.78305 211.4976 397.8351 276.78076 4 0.18011403 398.9001 114.2764 475.00458 204.25784 4 0.112567134 259.4589 122.08967 423.19443 368.58286 4 0.103470035 290.92642 142.18466 442.4503 279.48914 4 0.10245964 349.50278 191.71567 516.41016 284.88303 4 0.09166487 350.57227 110.48018 422.07434 199.79921 4 0.09095261 425.2937 120.45851 545.40424 309.92407 5 0.7039621 0.0 0.0 122.9457 80.82088 5 0.41814372 404.3919 640.1115 561.52246 760.13763 5 0.30735886 307.87958 280.98032 381.146 342.1221 7 0.25768217 244.83331 145.31255 329.4076 435.5868 7 0.10757701 288.43726 453.96887 509.66687 567.7924 7 0.086642325 256.13446 118.371445 417.4887 402.1803 ,test/4797.jpg
0 0.41246432 830.6958 462.9659 877.8286 563.9867 0 0.40076914 819.98584 462.65994 873.23645 525.4585 0 0.10751421 827.72327 456.34552 931.7919 561.8497 0 0.093914516 433.4696 406.13223 520.7594 450.72342 0 0.07183271 810.3119 459.98892 872.3552 481.0527 0 0.05628512 804.3209 434.85898 877.8008 509.4915 1 0.99688894 724.23975 436.23273 982.4636 927.35736 1 0.80247986 329.2233 415.9131 547.4751 772.0873 1 0.6148414 383.03662 173.6033 855.50854 400.15475 1 0.53773546 365.42502 178.75648 929.9435 549.83734 1 0.50847495 530.8911 436.40338 660.1869 529.13855 1 0.38102552 835.20056 499.83954 876.2709 562.2109 1 0.37562057 826.6916 456.77716 930.2098 562.0789 1 0.28161532 397.97424 408.11993 655.7848 520.65643 1 0.20613055 784.3754 434.25873 875.66766 471.80475 1 0.16831644 385.96082 163.97128 904.47864 273.76227 1 0.1483654 433.7472 408.20276 522.0537 452.1601 1 0.13055792 369.95178 404.39584 782.0029 560.7177 1 0.10024946 817.6896 371.169 894.2333 447.87073 1 0.09822849 248.3303 406.37012 670.61176 735.61096 1 0.08299672 506.74448 415.436 633.45807 453.6252 1 0.08116435 384.48865 279.79065 835.19104 497.35773 1 0.07943884 828.0572 461.441 872.15216 543.4342 1 0.07897877 815.28516 263.79498 918.287 442.00897 1 0.0622998 825.4381 403.13727 889.0353 447.66302 1 0.061618008 669.16614 456.27866 730.9309 555.1529 1 0.0588277 790.9727 439.3872 871.3503 504.13794 1 0.05743322 521.96857 422.5854 660.8045 473.6775 1 0.053423643 401.67493 403.1444 576.85046 700.45447 2 0.07100642 835.20056 499.83954 876.2709 562.2109 4 0.07757281 790.4221 470.3396 832.5432 507.80603 5 0.55790687 866.74414 452.44388 931.30334 540.11804 5 0.43673247 825.56555 456.87653 933.4595 561.7165 5 0.1279123 790.3717 468.83432 834.6217 509.01663 7 0.99989593 467.5652 456.38678 749.1395 889.73346 7 0.99974936 235.57076 379.476 372.643 686.7165 7 0.9986681 59.36133 357.68878 248.07141 654.21375 7 0.99856997 235.61069 280.1178 335.8278 412.4906 7 0.9916059 3.041893 254.78195 182.42676 532.2273 7 0.67634517 328.26923 415.61627 549.1906 773.3212 7 0.54084986 74.46863 245.00421 179.01111 367.1377 7 0.42363918 0.20635986 349.31613 31.468712 507.7902 7 0.40953305 248.3303 406.37012 670.61176 735.61096 7 0.37514132 822.42676 456.7554 933.7135 561.7552 7 0.13621259 899.5811 425.84854 953.7867 453.42374 7 0.108668715 789.7034 462.87415 867.894 510.25952 7 0.07088993 790.7725 468.58405 835.69696 507.6734 7 0.06703134 820.16473 463.25043 873.81805 527.77075 7 0.062454667 0.0 373.39087 18.415947 515.40216 7 0.061541867 168.83809 301.51266 258.1275 440.5145 7 0.05254896 119.14672 346.916 234.79831 462.4537 7 0.050422397 861.4374 454.38324 930.0515 540.2564 7 0.05006219 434.40424 408.0936 521.9345 450.7075 ,test/4798.jpg
5 0.9889253 372.6395 91.614685 742.6063 730.7219 ,test/4799.jpg
0 0.8090876 962.47595 567.11273 1023.8965 759.6739 0 0.4308723 66.14809 115.02164 277.29553 646.25195 0 0.37077606 3.0511322 417.22745 242.8419 1022.94714 0 0.31377137 414.67896 219.84341 788.6516 757.52747 0 0.2686831 863.7925 681.90393 1023.1355 1021.46204 0 0.2590983 50.884262 67.81082 544.4181 1024.0 0 0.24834904 838.8768 236.22566 1020.35504 565.399 0 0.22594342 291.0285 768.2517 462.58014 1024.0 0 0.16760558 88.833405 501.0465 296.18005 1010.2207 0 0.15252104 16.9281 105.72052 313.2491 998.5976 0 0.13005844 0.0 467.37692 661.80444 1016.05237 0 0.12080299 1.532898 236.3027 1024.0 1022.7538 0 0.1185431 493.66736 35.491943 814.1782 630.6856 0 0.116864696 445.56763 420.50226 946.93335 791.3577 0 0.11571115 970.78 236.85681 1022.2716 371.07745 0 0.10694128 246.37369 338.70712 490.80978 1024.0 0 0.08629682 391.60742 581.0825 1008.0929 1006.8806 0 0.082400054 45.475784 79.50333 420.66852 719.1085 0 0.08224026 661.05237 288.49786 827.79236 659.60284 0 0.08029058 779.7325 86.18152 1017.6374 846.316 0 0.07559433 497.94482 557.13275 972.2091 832.0257 0 0.07369889 422.2502 209.0202 977.18066 970.97076 0 0.07060246 846.2638 993.53754 879.3761 1023.7978 0 0.06327637 885.74896 247.74338 995.2775 829.04956 0 0.05955031 722.16583 264.9362 986.54 767.78796 0 0.052811656 887.3462 293.50873 1024.0 512.04974 1 0.8936367 863.9004 678.5071 1021.83484 1020.7704 1 0.81940436 474.64005 586.9823 998.90015 1011.54065 1 0.5714141 9.064545 165.08875 1024.0 1024.0 1 0.54829645 6.4066467 53.75302 505.32968 1024.0 1 0.33983034 0.9294586 391.3064 288.97247 1024.0 1 0.3303231 266.67926 157.56952 478.80756 446.3932 1 0.32866505 31.73349 40.40973 477.66055 594.17084 1 0.32788637 780.74646 288.98047 978.2715 773.4634 1 0.2718675 960.5704 240.61302 1021.2414 598.34406 1 0.25345474 422.2502 209.0202 977.18066 970.97076 1 0.24710569 827.8639 239.17719 1022.97327 563.25616 1 0.21037473 18.332848 103.154785 260.0731 667.0735 1 0.18067323 962.48315 566.4784 1023.42737 758.83936 1 0.16188289 0.0 467.37692 661.80444 1016.05237 1 0.12153157 245.41199 190.38046 482.46527 1024.0 1 0.11844134 502.2729 45.140594 1020.60284 317.51346 1 0.117900506 806.18665 302.5567 973.69214 535.23486 1 0.109954596 654.9268 284.2605 995.54926 867.6101 1 0.09829146 497.94482 557.13275 972.2091 832.0257 1 0.06520295 692.50964 447.4085 1020.48145 1023.2763 1 0.057525788 86.87417 125.05011 304.79617 545.81055 1 0.055707894 765.25934 60.20395 1013.47125 320.238 1 0.05329487 707.3137 61.63971 1020.8562 647.5057 1 0.05196682 409.1471 217.1557 734.27246 767.4244 1 0.05061282 885.74896 247.74338 995.2775 829.04956 1 0.050612386 887.3462 293.50873 1024.0 512.04974 2 0.9929843 501.84506 45.54429 771.0991 225.52066 2 0.9689483 415.6223 225.86597 729.93066 516.0907 2 0.6294304 411.25943 207.66962 737.944 767.34094 2 0.57465917 517.9369 119.61796 780.90894 241.20865 2 0.17783752 507.09265 184.99557 781.6896 264.0414 2 0.11259331 424.38525 410.5606 713.15186 500.74933 2 0.06955152 637.3709 143.58731 783.7642 306.01514 2 0.06426851 502.3556 67.14877 791.67175 350.78943 5 0.18461369 68.19568 115.27713 279.5487 638.9579 5 0.0753209 409.1471 217.1557 734.27246 767.4244 7 0.16629508 970.78 236.85681 1022.2716 371.07745 7 0.10075162 867.8694 862.8064 907.04724 1000.6416 7 0.07527186 160.7285 15.95166 490.46375 191.66365 7 0.07398689 371.637 14.0401535 495.92203 184.33374 7 0.07271508 74.49543 113.3754 252.62964 671.29443 7 0.051520493 961.9528 238.2317 1021.63727 587.609 9 0.118177556 246.37369 338.70712 490.80978 1024.0 9 0.11320432 677.3769 276.5902 827.73724 655.7903 9 0.0977401 66.14809 115.02164 277.29553 646.25195 ,test/4800.jpg
0 0.06873476 275.00815 594.086 379.17252 686.2773 1 0.9966403 207.67892 249.46371 841.354 832.4999 1 0.18343903 197.07112 435.5445 443.50897 790.7027 1 0.058690753 339.69922 426.57584 384.753 705.239 9 0.060630508 275.33176 595.0753 380.0919 686.927 ,test/4801.jpg
2 0.9999534 330.8218 294.32492 729.45483 606.0166 ,test/4802.jpg
0 0.90053463 887.83997 353.89963 963.9375 396.52127 0 0.08963545 3.4446716 313.83685 339.38226 946.4183 1 0.4676397 3.105011 314.577 340.26254 946.6835 2 0.3223962 2.6772614 316.78583 341.50732 945.26654 3 0.06442887 4.0925446 314.36398 339.32507 944.4885 6 0.999708 320.51535 532.74963 541.74133 886.14954 6 0.9984945 455.37872 251.34917 757.88495 545.486 6 0.9637282 715.30725 256.12988 1013.50635 532.84314 6 0.9592367 506.57867 600.62976 807.9554 942.5968 6 0.9267082 336.49796 352.96756 490.39163 590.9475 6 0.78792554 454.708 468.22888 739.6487 813.9486 6 0.53771514 463.94745 445.1543 731.4991 556.79877 6 0.28778443 347.9332 496.3106 779.3832 899.45624 6 0.18624254 743.6192 428.85312 976.2873 532.7314 6 0.17390497 517.96783 737.7172 783.9776 908.3674 6 0.1424205 604.6048 457.84363 750.05585 602.63635 6 0.12823908 930.16406 447.91635 970.42163 501.21927 6 0.108940296 452.22687 484.51965 735.4041 640.2009 6 0.10376035 516.658 529.47235 687.9383 815.58246 6 0.08424658 891.6536 328.49084 1013.726 475.8305 7 0.9995067 819.72906 202.69028 964.5428 341.8878 7 0.89905137 987.1348 319.04688 1024.0 502.4427 7 0.837952 957.36914 287.7772 1021.07837 360.35287 7 0.4934459 1.3744354 314.17123 340.50018 944.9203 7 0.27809975 960.4067 291.482 1024.0 485.33594 7 0.08813529 986.5153 375.50006 1018.6141 479.85358 7 0.054039646 104.88687 329.55283 151.65884 378.53976 ,test/4803.jpg
0 0.057587933 335.36206 413.62775 528.05475 591.9166 1 0.14076711 279.32404 407.234 350.80292 514.0555 1 0.09883831 334.24353 411.4839 527.56555 592.96643 1 0.08673696 286.11832 415.7514 532.26917 515.8087 2 0.471911 278.82098 407.30627 351.125 514.2133 5 0.20730919 277.51703 404.8147 351.72437 513.62115 5 0.13555314 433.83044 398.76004 527.97485 449.46182 6 0.2700416 278.63092 406.74042 351.0899 514.25757 7 0.99825877 190.06174 299.197 867.68713 884.4404 7 0.67217106 286.26276 411.71582 541.53 727.02576 7 0.5234202 684.7088 545.3122 817.05084 680.46 7 0.43875137 454.25732 367.13074 761.1968 693.2938 7 0.42139766 374.3204 579.6984 546.11365 709.961 7 0.17153439 331.84387 406.78867 526.57056 593.59436 7 0.11980043 185.07349 307.552 766.73267 609.1689 7 0.114715904 350.69363 500.7032 863.09607 884.8603 7 0.06837293 332.6281 430.4623 746.2 745.02905 ,test/4804.jpg
0 0.27732292 597.39276 803.39557 658.2281 859.4655 0 0.0868061 190.34325 372.7668 408.5514 747.50476 1 0.11947454 190.80724 362.62317 408.38147 749.2218 5 0.11554687 345.27747 291.6059 562.9826 557.2293 6 0.22004777 190.24527 375.53406 408.619 746.70544 7 0.99959546 381.92383 492.91354 655.0845 908.73535 7 0.99889636 612.49023 277.4411 887.4269 755.43915 7 0.9905255 246.07208 50.109512 688.9451 562.05914 7 0.94649774 345.6222 289.97952 564.8847 585.2815 7 0.4998708 190.51831 368.66492 408.40393 748.2936 7 0.2856594 667.0487 273.11533 827.1289 442.5602 7 0.28046638 243.38306 61.84076 525.62885 452.27307 7 0.21429421 542.0866 280.25494 843.7164 591.86194 7 0.18176004 186.7347 301.54288 582.3007 757.397 7 0.14230666 569.5858 291.23157 705.2064 554.1042 7 0.054232623 596.4642 687.9114 660.7818 866.9354 7 0.05252787 670.8082 366.46387 720.8402 426.53137 ,test/4805.jpg
3 0.9999628 343.38873 345.44882 584.7942 739.4552 ,test/4806.jpg
5 0.9991247 356.9748 185.64879 663.7952 570.8952 ,test/4807.jpg
1 0.2241591 401.87274 315.22488 524.2122 616.29626 2 0.9592893 405.0808 372.80646 523.95 602.8527 5 0.85851 382.80927 291.23944 526.0096 399.01556 5 0.2166073 395.87466 291.83347 525.5613 615.2959 ,test/4808.jpg
0 0.19174962 738.1458 275.927 783.7098 347.05817 0 0.093827255 633.1712 481.85858 694.888 506.32715 0 0.08193478 745.5447 295.95844 784.0548 338.4959 0 0.07826642 526.1997 509.66962 581.54663 537.63544 1 0.99389535 364.11835 481.39374 424.56494 551.59686 1 0.9933036 220.15285 104.30731 425.4071 412.2118 1 0.9585372 190.98154 364.5289 412.40866 574.4379 1 0.954085 220.28845 478.7461 414.87585 576.6775 1 0.9240613 579.014 255.2839 882.4301 707.8135 1 0.8982303 169.67966 394.6677 508.2305 881.7383 1 0.8279524 20.755997 226.00833 243.68272 587.286 1 0.8231595 457.42868 134.0194 596.9693 543.2095 1 0.7808499 547.1432 432.8079 599.8331 519.11334 1 0.7458139 429.03458 403.44696 478.0886 539.66473 1 0.73980516 570.1169 259.23926 817.258 526.4206 1 0.58018625 114.67561 460.45483 437.49036 670.97473 1 0.58009654 58.45134 156.9317 510.8344 898.2482 1 0.48839453 20.496872 207.19722 427.00818 657.02893 1 0.41688076 590.0201 378.13312 706.09174 513.40186 1 0.292239 238.16638 507.07077 380.13147 570.9825 1 0.20204277 633.38306 481.69226 694.5603 506.1516 1 0.18839099 419.16745 0.0 469.43723 445.2105 1 0.18672596 698.0185 285.54736 828.01764 492.69635 1 0.18421713 526.1997 509.66962 581.54663 537.63544 1 0.17044263 455.89978 362.24994 478.7005 535.23486 1 0.16948456 134.08298 104.22676 506.25528 552.6488 1 0.16515006 380.65686 381.06708 456.2621 547.8423 1 0.15174462 364.8077 500.01062 386.13608 551.4574 1 0.14526765 393.2292 483.80634 425.7091 547.00055 1 0.0914893 381.9011 380.58978 430.68173 490.00525 1 0.08960106 545.992 447.95508 576.6668 517.0122 1 0.08870589 427.7284 111.9415 480.93256 544.8236 1 0.081531435 385.14917 0.0 458.77673 438.27686 1 0.07896856 477.17578 262.31995 878.095 998.9686 1 0.07240871 509.98294 427.1429 603.4748 537.6228 1 0.0711656 151.5876 196.9058 384.12823 571.59467 1 0.06726039 528.1687 448.6786 577.15735 542.29944 1 0.06551051 457.2153 490.92905 477.8184 535.7132 1 0.06509399 597.388 454.5299 713.3422 508.956 1 0.06106664 413.12238 380.85208 431.1031 427.5748 1 0.060897157 515.6907 431.2224 878.8203 685.39307 1 0.057184327 436.1149 377.5561 466.15793 427.73273 1 0.050687306 538.85754 463.35165 556.9822 518.1698 7 0.9999242 489.08295 500.6093 753.78436 1003.0153 7 0.76094574 255.6737 850.0813 305.98798 884.3816 7 0.31427178 71.344025 0.0 203.15063 255.50262 7 0.124195494 502.24408 526.1858 626.65533 576.81104 7 0.11766815 427.15182 404.90536 478.63358 539.4673 7 0.07653755 745.5447 295.95844 784.0548 338.4959 7 0.060319882 738.1458 275.927 783.7098 347.05817 ,test/4809.jpg
0 0.063449994 272.35376 690.337 303.25073 715.9747 3 0.99980766 353.14258 430.8452 634.45044 644.9254 3 0.15718377 272.37857 690.15424 302.76724 716.15704 ,test/4810.jpg
0 0.5110699 349.27225 608.70795 435.08212 720.2631 0 0.13426763 622.9605 3.895691 683.85345 512.58673 0 0.06252646 681.5149 218.28928 710.32654 443.80386 3 0.08891602 333.26562 597.42194 442.3896 717.65326 4 0.9970702 418.67755 346.38242 619.98883 743.07495 5 0.6156017 334.58957 598.5977 442.85367 719.1341 ,test/4811.jpg
0 0.7919238 794.3869 687.60034 878.9091 711.18726 0 0.2463503 6.294758 327.68738 84.145615 395.50098 0 0.19729236 808.911 103.28374 1022.1725 194.92564 0 0.14719014 331.2118 499.90604 537.6668 590.4011 0 0.06581083 54.474903 326.52994 80.76462 386.28543 1 0.29210243 794.60156 688.70087 878.57886 711.1845 1 0.16283253 698.8672 324.46295 735.0281 423.71893 5 0.22278965 699.25604 324.13058 734.6988 426.14993 5 0.21777697 633.47974 491.84488 719.9675 517.97217 5 0.07585418 520.6785 497.14832 684.1308 569.3789 5 0.050650176 331.46246 499.7292 540.693 591.46344 6 0.97566926 519.42194 495.43228 809.27655 574.28644 6 0.97492266 323.20853 521.2358 728.6682 773.34467 6 0.34481725 521.5363 497.88834 682.00494 569.05914 6 0.16010292 331.43365 501.167 539.9027 590.0078 6 0.06672724 620.0941 493.49222 740.35913 516.99915 7 0.9996582 407.43552 222.38463 731.94885 529.05896 7 0.99948186 314.78723 78.71429 740.5227 302.4227 7 0.9992151 1.992569 582.9929 291.77258 845.3854 7 0.9991762 718.87354 111.22705 1023.2064 420.8476 7 0.99820626 708.7029 341.85248 1020.43384 687.6597 7 0.99141157 158.94397 323.78336 389.05762 543.82837 7 0.9733421 0.0 493.8529 319.33408 640.73987 7 0.90937454 1.463707 325.46326 229.50116 639.35175 7 0.38324845 2.4079056 352.95233 190.82343 533.2301 7 0.36958748 1.1235657 332.43454 291.58353 856.4524 7 0.31507015 249.61208 605.51526 325.58734 660.2577 7 0.2350565 169.86458 500.97357 274.65076 532.13763 7 0.20697717 699.25604 324.13058 734.6988 426.14993 7 0.15641746 0.73519516 509.63623 103.75046 629.9918 7 0.14947377 0.49856186 384.69067 107.50101 416.51337 7 0.14166689 213.3407 277.71384 399.57727 369.7772 7 0.120140955 635.3266 492.78055 715.62823 518.539 7 0.10534017 700.2289 552.12213 1006.8406 684.6403 7 0.09188508 4.1209984 388.23502 42.77805 414.11966 7 0.089853756 770.895 101.76281 1019.5846 195.86899 7 0.08631533 250.14917 537.6676 330.38165 661.09314 7 0.067086965 174.90816 505.43665 217.93776 528.6207 7 0.0645306 2.2711067 324.05063 92.2238 419.90005 7 0.058990207 74.21315 494.8957 131.00485 545.19525 7 0.053178802 73.09654 403.30594 174.46843 445.5038 ,test/4812.jpg
0 0.9910725 195.95154 261.40717 780.6383 930.67084 0 0.05192619 187.18578 258.94623 629.5105 686.37054 7 0.090561815 194.19138 260.01093 778.27295 932.55084 ,test/4813.jpg
0 0.992753 551.26843 610.3983 823.7086 835.6427 0 0.31736162 600.0371 819.83966 699.55225 863.9123 0 0.089851715 278.0079 518.825 810.822 825.73785 0 0.06991923 210.64104 462.19296 333.19653 534.85913 5 0.9978448 321.47208 387.3853 554.0619 550.7582 5 0.3944964 280.40872 523.0513 646.2445 722.1111 5 0.062573895 282.48315 509.59937 782.29333 826.6284 6 0.82032496 280.25092 523.0335 646.2155 721.87177 7 0.05552248 550.4911 605.87573 825.5681 836.41187 ,test/4814.jpg
0 0.82453465 598.21204 583.53705 638.41235 607.49066 0 0.3240126 603.0541 562.0116 703.4468 612.26733 0 0.089789905 591.6688 521.7305 648.46924 609.3388 0 0.07671884 601.36237 573.69977 667.59784 610.3743 0 0.07566218 590.7955 507.22894 706.32733 612.92084 1 0.7806766 562.98193 177.60095 617.3613 240.12381 1 0.5596261 495.25574 365.75763 546.167 503.66986 1 0.1386545 625.5296 561.91437 703.2746 613.2255 1 0.052778546 863.75195 900.5304 934.2977 997.97095 1 0.051670015 497.5023 267.30145 558.23846 501.34302 1 0.05139325 590.7955 507.22894 706.32733 612.92084 2 0.99689305 862.82886 900.5649 935.0 997.4965 2 0.5654225 625.6351 561.7551 703.49786 613.4546 2 0.07820483 495.7846 364.3103 545.99384 503.7975 3 0.24925582 511.67715 363.36212 545.1031 417.56934 3 0.22850564 496.6908 361.00873 545.46643 503.67456 5 0.12355106 594.03455 509.93857 689.3236 579.86774 5 0.09788745 601.5499 552.4263 703.67847 612.7687 5 0.066415936 562.586 177.3292 617.49396 240.02396 7 0.999734 525.7163 156.83815 813.44824 615.8455 7 0.99972874 206.42964 77.53467 545.65186 601.5788 7 0.99957246 442.6955 571.1861 842.60126 917.4255 7 0.8504819 79.16812 0.0 373.98254 509.07196 7 0.33005348 399.16135 20.366623 514.02905 214.59268 7 0.24341072 489.57028 155.33206 565.96045 488.15384 7 0.19349316 500.49448 167.4313 539.7755 207.22168 7 0.12490461 444.78464 87.63974 504.22366 176.08783 7 0.10568118 581.17395 509.77216 701.4508 615.707 7 0.09518542 500.4399 150.87323 568.92676 355.44986 7 0.08492864 398.1534 21.987637 496.48013 134.15979 7 0.0578947 496.7575 158.3775 560.2421 279.10165 ,test/4815.jpg
0 0.085163824 986.09216 455.98495 1024.0 638.5642 0 0.05415185 72.68997 346.16034 399.97943 480.722 3 0.13210927 417.55392 436.841 537.4767 565.36646 4 0.4148284 417.4584 438.74237 538.2868 564.2924 5 0.9769165 496.8717 263.50446 894.0381 684.14435 5 0.6437603 986.0309 456.1587 1024.0 639.89526 5 0.08148737 417.55392 436.841 537.4767 565.36646 5 0.06545767 156.36302 415.29938 390.41687 562.8992 7 0.9776258 53.393906 337.86606 491.66925 938.916 7 0.4446705 76.32182 347.88968 401.21478 474.64627 7 0.4003909 78.21132 231.07767 357.841 466.85117 7 0.20506959 93.99066 348.05554 427.76086 715.15137 7 0.09722541 494.12027 260.07886 922.4684 679.6628 ,test/4816.jpg
0 0.78902 336.96646 389.68985 506.64157 512.24036 0 0.21298103 456.6982 253.48172 576.29895 329.63364 1 0.6499651 456.47687 253.2364 576.2071 329.6688 5 0.18948223 337.04593 389.65408 506.91934 512.3535 7 0.9988361 515.9888 396.30463 811.7771 568.5104 7 0.3483934 456.5771 253.33781 576.2646 329.66614 ,test/4817.jpg
0 0.84827244 515.684 306.29248 629.4223 372.87836 0 0.6511088 644.2526 448.73737 735.10175 482.8639 0 0.5543704 267.2977 264.34534 482.22055 396.9129 0 0.5511533 481.09424 468.53015 644.2009 507.2312 0 0.5494312 380.25458 367.9059 481.87238 455.5789 0 0.5383978 341.1778 255.59447 470.6944 301.35767 0 0.30139136 527.57465 356.0242 659.1445 490.196 0 0.21257615 539.5857 353.4432 623.7086 370.1517 0 0.17916438 331.30573 352.35126 533.01794 468.3376 0 0.1613104 481.5288 202.98445 648.4403 298.22296 0 0.1605919 590.99335 292.8929 615.58514 336.68192 0 0.14923716 599.32166 289.51953 689.74194 361.96466 0 0.14922088 575.2551 297.6703 616.593 329.44818 0 0.12408395 289.103 274.3537 621.2589 541.88605 0 0.12287903 614.3284 292.0011 802.11224 462.1518 0 0.11874432 503.24408 295.1749 737.9711 487.87833 0 0.11428542 499.758 433.0189 645.8591 509.95334 0 0.10661936 268.34503 281.51862 535.7473 469.2989 0 0.1009 641.84204 413.5531 804.6532 487.5799 0 0.10026376 430.40408 458.58746 637.5482 523.0166 0 0.09331082 538.6578 438.91537 649.231 485.70847 0 0.058467228 523.20404 293.3273 696.774 379.64798 0 0.052477594 611.5419 286.01215 693.57117 477.9961 1 0.8492446 601.8612 290.86172 803.61475 463.95175 1 0.28377968 643.7432 446.07864 735.3287 482.5466 1 0.22113094 503.24408 295.1749 737.9711 487.87833 1 0.21122788 511.97385 301.47375 628.5034 372.51965 1 0.18408157 265.96857 282.4067 489.47614 394.77676 1 0.18345353 533.40283 357.1777 659.724 488.24368 1 0.16749965 679.43176 308.6247 765.73535 453.15466 1 0.16504279 544.11426 430.8106 636.0333 485.00433 1 0.1470557 454.3398 264.1485 633.937 362.03406 1 0.13071655 523.20404 293.3273 696.774 379.64798 1 0.09950828 641.84204 413.5531 804.6532 487.5799 1 0.091718316 574.1588 294.86282 721.9105 415.1096 1 0.08308064 488.18985 203.30049 636.7294 285.75006 1 0.07642848 465.10547 202.2765 651.2694 347.17126 1 0.061742485 611.5419 286.01215 693.57117 477.9961 1 0.056346457 483.12738 245.77216 655.92255 289.53064 1 0.054738868 578.4153 342.14853 750.29785 481.27048 1 0.052054193 559.05316 376.0146 648.3715 452.1239 2 0.1051103 459.89594 265.61786 624.99725 340.84076 2 0.060667254 524.00305 354.36597 659.4298 491.2411 2 0.051871102 601.9923 290.972 801.26624 465.11188 5 0.9264044 318.95392 306.4019 566.8704 539.4972 5 0.49092388 328.4379 341.78033 540.88513 475.9784 5 0.40563238 522.703 356.1772 660.5111 489.08575 5 0.32705942 544.0364 421.78882 642.74243 485.5802 5 0.15898867 499.758 433.0189 645.8591 509.95334 5 0.15062194 437.8526 335.91827 559.94885 475.53076 5 0.104279466 265.8802 290.09113 493.43842 394.60242 5 0.07589763 461.14084 266.4289 601.23486 335.8612 5 0.06476045 466.5786 467.34924 645.5635 504.1247 5 0.063170195 449.07898 401.53223 545.26105 478.28912 5 0.06310098 345.8919 447.00543 642.3957 538.7211 5 0.061794464 483.12738 245.77216 655.92255 289.53064 5 0.05100251 559.05316 376.0146 648.3715 452.1239 7 0.95183265 592.0138 258.28973 676.6581 305.26782 7 0.6058303 483.4805 202.49368 647.85815 296.87982 7 0.48808095 623.4742 239.14226 676.4012 295.20782 7 0.2088743 587.18 229.66249 680.29596 324.00092 7 0.15786551 527.57465 356.0242 659.1445 490.196 7 0.10166165 511.97385 301.47375 628.5034 372.51965 7 0.08900596 460.79233 207.85962 665.7059 358.7475 7 0.077107385 265.5799 268.517 486.1402 396.12808 7 0.062630996 294.01996 269.95767 658.7356 538.7197 7 0.062615715 630.76404 294.0835 800.6177 461.8778 7 0.05629529 523.86676 203.8858 634.8726 266.43335 ,test/4818.jpg
0 0.952962 164.6185 306.67822 885.681 758.2908 1 0.14720489 164.98434 307.02637 885.94507 758.275 ,test/4819.jpg
0 0.49798363 422.0216 157.83212 780.0785 351.25345 0 0.06996071 869.1865 470.444 1024.0 676.4931 0 0.061179772 267.15424 728.24475 556.16095 817.91113 0 0.05529821 545.5261 660.6545 749.79175 877.26605 1 0.9831718 21.475159 231.76721 828.341 917.3622 1 0.73411685 871.0359 471.41498 1024.0 672.3161 1 0.6926653 835.8329 292.39685 1024.0 475.40137 1 0.5951508 17.142242 427.13837 604.43726 767.4035 1 0.53359234 29.11145 301.60654 736.3538 656.0845 1 0.5248128 91.2 644.10114 578.5144 783.71625 1 0.5072691 5.071121 476.5312 507.42023 622.91473 1 0.48809078 449.11282 339.64255 883.3296 682.8059 1 0.46221274 81.5 507.32803 770.05743 902.67737 1 0.4111348 333.90942 248.7406 890.6758 843.3198 1 0.4063412 373.23785 153.41301 780.1071 568.50757 1 0.39942747 822.50714 379.25098 925.70734 463.326 1 0.34847236 667.0045 300.2027 1023.3895 484.90387 1 0.34101903 729.8484 692.1618 770.3839 810.05914 1 0.32362786 87.30181 671.86334 335.25867 786.52997 1 0.31294098 464.83698 665.3843 598.6806 760.3673 1 0.29837686 720.69214 327.71802 873.1494 551.0865 1 0.29667586 583.99133 326.89905 934.67664 537.1549 1 0.29026586 814.74146 356.73703 912.9021 510.25497 1 0.2880811 98.103424 666.77673 686.9575 876.86 1 0.25364897 728.5952 643.1466 791.36755 810.99036 1 0.2405513 657.97174 264.27597 1023.95013 696.82214 1 0.23948069 467.31995 394.09692 771.8064 791.2656 1 0.23882614 670.78064 625.6893 791.9148 808.2437 1 0.22956997 278.41144 668.6079 558.6174 771.53125 1 0.22660162 756.71136 321.14148 947.1966 612.55365 1 0.21296228 125.58409 542.30005 551.64795 734.105 1 0.20612408 729.76227 381.12933 926.2275 520.12756 1 0.20331974 393.8187 550.2073 536.0968 604.5305 1 0.18644015 559.37964 304.88632 990.6128 860.51575 1 0.18476327 686.7321 336.05685 904.92694 684.745 1 0.18019629 826.2783 342.31622 953.47473 478.25092 1 0.14846927 277.2119 717.7639 543.4178 787.1832 1 0.1383081 735.2146 708.5911 759.65625 805.21906 1 0.13496254 442.03882 569.9503 560.5087 768.3906 1 0.12602755 249.71976 500.08554 576.87976 789.23486 1 0.12590468 744.1126 285.43936 847.70685 489.59537 1 0.119487666 322.5834 582.7887 784.7573 845.43066 1 0.10986409 746.2898 342.7011 909.79224 476.44177 1 0.10626032 808.99414 472.24854 842.1096 513.24243 1 0.1057376 728.7714 269.21326 835.73773 406.98273 1 0.10235928 754.32654 457.13983 1017.5571 649.3361 1 0.10197654 544.3176 656.60297 769.62195 884.7675 1 0.09826678 785.9049 318.64062 888.2573 512.8514 1 0.09556422 395.5926 389.74487 659.5192 761.61646 1 0.09221858 816.7783 379.63434 879.16565 482.1217 1 0.07785647 712.34705 311.95023 880.30676 429.7241 1 0.071529664 605.8327 370.825 828.9865 829.174 1 0.06705288 285.57166 364.2983 745.70984 616.338 1 0.06615764 419.68 156.07224 791.51654 362.77988 1 0.06583196 368.26465 469.10376 723.12744 687.93823 1 0.06416475 648.79285 327.82104 896.578 462.61444 1 0.063779935 842.7647 342.6076 914.57635 448.4837 1 0.06346431 487.28586 564.7574 643.6154 687.6307 1 0.06177314 795.0859 273.2375 1021.62836 363.85327 1 0.061476674 58.940155 630.3797 453.54056 847.16473 1 0.05776041 381.7529 534.46875 573.2727 719.5359 1 0.057492517 699.4433 678.8402 771.53595 818.54895 1 0.05436732 696.5223 485.56152 860.29315 805.2345 1 0.05418181 766.9703 229.76308 916.24493 340.1013 1 0.052400716 37.053223 509.22025 367.3332 627.71515 1 0.052077163 721.0241 478.68018 962.87274 733.44934 5 0.18231076 969.5389 263.44193 1023.10944 338.42294 5 0.0702222 733.05634 690.04486 792.54 802.85345 6 0.41325969 732.58386 695.1968 791.62573 803.5062 7 0.29951113 816.0443 459.0047 943.66455 591.4842 7 0.059268102 733.2112 693.91077 792.593 802.7158 ,test/4820.jpg
0 0.4314144 365.9949 447.9682 725.32983 620.1402 0 0.18679935 327.13702 422.60364 786.4122 936.91797 1 0.24046482 612.20544 734.2866 834.48816 1005.90967 1 0.07929954 317.68903 427.4927 797.9682 940.8063 1 0.07671286 429.81293 733.85614 834.8692 940.4108 2 0.9964814 402.73834 74.87526 909.4405 553.11035 2 0.4761745 329.8595 427.45316 800.38525 944.4369 2 0.08646541 364.96704 447.8145 727.9242 620.42316 2 0.06397261 379.5613 392.41187 801.2616 578.25165 3 0.095654786 327.13702 422.60364 786.4122 936.91797 5 0.2985006 335.71158 419.37964 788.4237 943.27356 5 0.2875599 621.6141 864.3488 1024.0 1024.0 5 0.12212687 363.75058 447.51776 728.739 619.6606 7 0.1483729 364.38782 452.08145 726.39905 620.4079 ,test/4821.jpg
0 0.17383294 418.0022 3.155136 1024.0 440.31958 1 0.9995591 324.43042 200.60228 706.8336 711.3118 ,test/4822.jpg
0 0.7499179 338.47125 493.3794 647.7681 947.307 0 0.056418963 523.30505 0.0 802.8761 563.05505 7 0.987822 521.96924 0.0 804.307 562.8373 7 0.6980755 339.00012 489.4085 647.459 949.4246 ,test/4823.jpg
0 0.8325445 634.6175 677.6925 976.9754 944.07153 2 0.058927387 634.30853 677.9226 977.35614 942.88855 3 0.13519526 634.76465 678.7157 977.27295 942.0171 4 0.7639349 249.9762 85.30676 727.1558 809.7152 5 0.6940231 254.60927 85.44443 725.57086 806.78625 5 0.35172728 633.9002 675.8562 975.83856 947.58203 ,test/4824.jpg
0 0.42798078 336.02136 52.744247 389.2296 328.78876 0 0.103728265 225.42747 201.2465 601.56525 583.1088 0 0.065439 226.8013 514.9125 297.671 867.4608 0 0.05955994 271.91403 47.533127 393.5278 403.55798 2 0.6231095 229.07524 204.25337 600.2822 585.18445 3 0.7078612 226.42867 205.07228 600.5631 583.5176 5 0.15600064 223.2491 199.0783 601.13165 580.33295 7 0.0588335 224.40231 199.8154 601.0917 583.1057 ,test/4825.jpg
2 0.9985856 396.71732 393.8498 684.0841 767.97736 ,test/4826.jpg
0 0.33125615 919.8835 985.7432 987.7869 1016.5655 0 0.32417622 925.58435 898.9758 1024.0 1023.5476 0 0.06564661 375.1281 661.28973 433.74017 700.618 1 0.55337316 919.4737 985.90985 988.2636 1016.7763 2 0.06238176 919.1242 985.7879 988.2518 1016.85065 3 0.99906665 335.50256 273.97394 537.1841 647.4514 3 0.056096345 919.7823 985.8591 988.116 1016.8483 7 0.10873173 919.7691 985.95404 988.0257 1016.3615 9 0.17912702 947.56244 901.0756 1023.31866 1023.03815 ,test/4827.jpg
0 0.4049382 241.58698 508.88257 410.255 651.2706 1 0.7675403 241.8776 508.2411 410.04538 650.92834 5 0.9974202 56.312866 228.20111 897.7012 805.65656 5 0.9561647 372.37054 226.14114 891.2227 589.1863 ,test/4828.jpg
0 0.4083695 160.40033 309.42792 685.1418 893.92535 1 0.7432182 159.85532 301.14835 683.7312 892.652 2 0.22856791 157.36633 304.26892 684.9548 894.9778 7 0.1114465 159.94836 309.43628 685.0886 891.7163 ,test/4829.jpg
0 0.26095214 57.207832 409.56842 257.3241 523.5847 0 0.06984317 402.169 486.94702 519.53973 567.6654 0 0.050061833 0.3193636 576.72314 31.05941 615.1151 1 0.9869049 0.0 818.8647 37.17414 923.5004 1 0.9742225 179.18207 502.7979 728.9014 866.0649 1 0.96925867 177.37753 213.97397 862.35364 521.4586 1 0.6464005 655.72687 627.96356 690.4084 716.8538 1 0.6433439 128.13419 439.86316 741.3767 631.3368 1 0.46649155 260.59778 223.24217 831.6489 392.66913 1 0.43919846 193.5748 345.1905 763.6156 514.273 1 0.36758748 215.49344 376.78604 274.00037 406.72232 1 0.29499936 662.9925 712.10736 703.12274 785.616 1 0.27764726 593.12854 490.39288 672.68286 525.531 1 0.24213679 251.08003 572.6222 670.2755 796.3026 1 0.2335991 57.207832 409.56842 257.3241 523.5847 1 0.2220762 655.6854 632.36926 672.37634 716.0386 1 0.21740346 196.92863 403.93088 277.79163 440.7388 1 0.2140016 2.977192 500.99243 13.631569 588.6598 1 0.20928052 589.9836 478.37723 723.42316 524.67535 1 0.19480337 133.45628 450.67902 359.18884 595.60675 1 0.19246179 149.07822 318.49854 675.7396 689.2583 1 0.17647125 284.5807 447.42407 660.5367 755.7014 1 0.16820131 194.01532 290.17966 614.6388 471.34335 1 0.1603825 561.3403 483.1724 739.3265 627.873 1 0.15641466 0.3193636 576.72314 31.05941 615.1151 1 0.15199979 335.9261 243.16211 746.3344 642.3081 1 0.13743487 0.37668467 570.7133 15.209805 613.2358 1 0.13072062 348.553 310.98456 853.40967 546.74756 1 0.116258554 334.09882 583.1114 506.13873 739.61066 1 0.114631765 647.63336 594.4013 677.94366 717.7304 1 0.1136189 249.41661 212.61685 562.1481 385.8185 1 0.10279766 0.0 818.6412 119.47931 905.6525 1 0.10169342 0.0 573.398 68.52771 696.8653 1 0.10074402 650.8362 593.2764 703.52783 801.3454 1 0.10037211 203.60857 341.43253 493.61707 458.72726 1 0.08653281 131.60031 400.89923 465.9147 605.7539 1 0.083045594 189.31152 272.39438 395.01196 370.5828 1 0.08302556 409.1862 296.9247 818.1864 384.9691 1 0.07732022 345.39514 226.94061 486.3435 372.5056 1 0.06288259 128.42114 542.60315 341.9737 596.9817 1 0.062620215 1.9263268 479.51852 21.1739 613.0227 1 0.058124192 205.64755 373.0176 282.20825 438.0554 1 0.05414789 139.8982 432.5155 301.85123 545.3659 1 0.053055096 354.3568 478.18576 743.94885 623.0357 1 0.051704664 205.51321 392.64917 275.98444 411.63086 7 0.50141627 58.03997 411.38712 255.44247 524.1909 7 0.12931518 0.0 10.648071 198.98828 538.9533 ,test/4830.jpg
0 0.99956316 322.02112 195.8924 679.3478 720.36487 ,test/4831.jpg
5 0.84225047 358.6101 430.5066 854.88525 755.98206 5 0.5026697 450.0744 202.11508 785.32806 486.8444 5 0.38402277 44.40355 474.86566 409.41345 698.8118 5 0.310597 9.844421 131.7602 856.48505 775.2071 5 0.2691676 418.63318 111.291 803.256 401.04645 5 0.24494568 307.86728 194.47739 778.8109 734.865 5 0.1798393 0.49206543 496.19403 150.32082 645.40326 5 0.13895354 554.8244 437.17966 863.46906 600.03094 5 0.102265894 0.0 439.23126 979.0259 1004.53644 5 0.073298015 5.2259827 212.94142 440.35977 687.1202 5 0.07149979 612.6035 261.87024 797.7269 365.5088 7 0.9996513 1.1677399 0.0 375.52667 312.6161 7 0.9482263 3.823578 78.53476 882.7218 802.5585 7 0.84184295 2.0568237 593.5213 998.30066 1004.4759 7 0.319147 369.1338 90.4953 833.70483 361.05557 7 0.26393318 11.336914 117.797516 491.59714 705.4823 7 0.23604572 274.78302 9.510834 1024.0 937.85095 7 0.2058256 0.0 845.4972 208.57794 1013.3767 7 0.17065398 6.0699463 849.7616 579.45166 1022.2488 7 0.13081972 341.26624 111.908005 800.69995 606.60046 7 0.115846545 295.32318 34.867218 1018.67316 436.04773 7 0.100985445 0.056150436 831.11206 58.071823 925.33777 7 0.073743716 381.42853 558.53894 872.3493 794.23 7 0.060761873 648.042 28.438934 1024.0 946.07776 7 0.058889717 44.40355 474.86566 409.41345 698.8118 7 0.05772178 9.0659485 476.8479 591.71326 1001.7731 7 0.05291122 9.367706 645.397 653.92053 898.4265 9 0.059684116 0.0 787.6936 1013.47754 1000.801 ,test/4832.jpg
0 0.14975615 989.88824 470.0017 1023.644 632.8104 0 0.08578536 718.0406 265.90692 754.8984 297.67523 0 0.06302727 415.4483 647.837 484.40375 686.6445 2 0.053360015 718.0145 265.8602 755.0029 298.3884 3 0.17220765 717.85974 265.8948 755.1234 298.8867 5 0.15203817 718.3572 265.7496 755.05347 298.27457 5 0.09493317 797.76086 476.34113 851.7964 505.38995 5 0.078739524 719.6878 552.31116 828.6193 636.2947 5 0.07495536 416.4422 647.00806 484.24902 686.5388 7 0.9998375 357.31268 267.1589 803.48505 661.6802 7 0.99971 327.91107 629.25354 710.0789 1022.98596 7 0.99904114 637.3455 219.9483 873.38275 400.01428 7 0.9969132 735.5704 362.15015 875.8317 548.6676 7 0.9889036 642.1393 535.615 854.74084 943.4884 7 0.96374446 155.2727 435.90097 415.01898 908.8855 7 0.6757907 358.0213 265.2155 633.24713 437.6753 7 0.522384 475.0062 645.8576 592.6989 687.49615 7 0.41043672 705.9196 243.59184 876.9213 557.8797 7 0.38569412 718.149 265.86887 754.9814 298.53555 7 0.3418871 416.76852 647.62823 481.8754 686.4797 7 0.19886565 536.2441 649.8194 592.4456 689.56537 7 0.15518583 176.86948 661.5963 384.40964 900.5906 7 0.13727146 737.2345 366.27216 810.5569 455.2115 7 0.08190312 413.8523 638.58777 613.21643 686.8334 7 0.079102606 788.28925 454.22778 873.2399 536.6259 7 0.05180038 719.09436 555.28613 832.83105 636.5392 ,test/4833.jpg
0 0.9810766 138.3308 344.1966 336.06506 404.84283 0 0.9348133 464.3514 696.596 530.6215 806.86554 0 0.45241097 536.0709 767.6553 618.91125 783.77844 0 0.33653346 471.2071 0.0 1021.1761 920.733 0 0.28896764 663.0734 613.0062 711.8743 736.0198 0 0.28596723 258.8104 5.477539 989.7157 485.445 0 0.26022094 619.0751 194.1773 825.2269 422.19397 0 0.115424044 348.52118 795.1398 518.86444 903.71265 0 0.10159708 684.7074 88.467926 1021.4863 734.51074 0 0.098856054 380.91348 153.12741 634.67065 368.62808 0 0.085248254 186.60883 628.98425 1024.0 1024.0 0 0.08064637 614.3355 109.383026 989.05 472.16592 0 0.070725374 722.75964 640.8968 1024.0 964.01263 0 0.058100827 390.9572 217.93268 807.3427 802.90735 0 0.055626296 400.4161 174.90836 820.3013 428.47574 0 0.0543063 196.03918 155.8918 907.7727 578.169 1 0.960003 260.03265 296.2312 809.7176 585.4239 1 0.92159 409.6178 550.35254 695.5934 802.82166 1 0.33147037 301.48883 323.4357 798.4229 792.84204 1 0.29199472 249.78589 0.0 1021.24695 792.2084 1 0.24884029 665.25037 566.6806 762.1299 752.59125 1 0.2485794 397.232 580.5529 461.79327 649.561 1 0.23972905 719.525 517.3298 863.21204 740.2984 1 0.10982733 751.09906 516.5511 850.534 592.13153 1 0.10612805 17.724121 1.411377 1000.24146 450.0259 1 0.09096507 410.25644 614.8959 520.90027 802.3805 1 0.086427286 380.91348 153.12741 634.67065 368.62808 1 0.07805917 536.017 768.24115 618.035 784.39435 1 0.07167676 383.20538 173.34897 791.9473 424.35635 1 0.051845532 258.88818 272.47977 731.99335 453.5706 1 0.05004134 43.298523 159.2055 802.8069 572.1347 2 0.7310074 397.13043 580.91205 461.3805 649.5269 3 0.05783313 761.1572 568.88873 882.2162 630.37396 5 0.29458562 464.5677 696.53986 530.71423 807.4356 5 0.1575022 308.2339 475.70874 416.35266 617.47876 5 0.10883751 309.2384 593.8846 413.10193 650.05255 5 0.10820895 414.417 631.5857 522.357 801.4917 5 0.082964234 150.3977 332.2669 304.78223 593.97504 5 0.070745975 413.07272 553.7298 693.9291 802.712 5 0.06734729 342.68948 636.08044 414.2856 687.5708 5 0.06210809 260.34924 305.61713 791.5154 751.3564 7 0.9767652 15.04068 445.17902 455.6192 919.3359 7 0.9273034 47.87628 158.90503 356.8245 378.7281 7 0.68390816 366.31586 156.83011 646.867 371.41885 7 0.60924864 150.5889 329.1266 317.405 596.9867 7 0.5519133 14.325821 340.13638 214.83612 545.18994 7 0.5380667 0.05467224 30.119629 404.92926 558.7146 7 0.50652057 186.60883 628.98425 1024.0 1024.0 7 0.44020748 762.08545 561.3677 875.69214 632.1852 7 0.42954737 11.949554 3.6013641 842.5166 489.6955 7 0.375131 47.066498 357.2165 771.3157 803.2541 7 0.32752857 662.7936 612.275 711.6693 736.2108 7 0.26778504 42.578613 113.20831 525.2993 885.17883 7 0.23573849 721.2482 518.4557 867.9683 655.20215 7 0.23026833 253.59149 0.0 1024.0 736.5913 7 0.18973538 159.85971 323.84668 453.21957 791.64417 7 0.1517342 79.40675 148.02376 333.47034 549.28876 7 0.14310642 390.9572 217.93268 807.3427 802.90735 7 0.1306787 37.555054 346.11282 360.27777 586.79663 7 0.12940398 684.29535 522.4797 869.868 754.0362 7 0.11549793 638.78406 112.59381 1024.0 994.23663 7 0.11297427 722.75964 640.8968 1024.0 964.01263 7 0.081992224 196.03918 155.8918 907.7727 578.169 7 0.07545049 38.150803 416.24902 191.67274 540.5414 7 0.070060804 383.20538 173.34897 791.9473 424.35635 7 0.06970625 115.76906 376.77698 431.70306 650.77454 7 0.050714057 3.8196564 279.7743 350.3952 501.706 ,test/4834.jpg
0 0.2241165 536.0034 752.39764 703.29944 780.5518 0 0.22358543 534.39343 634.0057 713.8545 724.25555 0 0.19431305 540.2108 604.6081 705.5359 785.85126 0 0.1563356 638.0555 632.40466 691.4941 670.9951 0 0.105404556 670.41254 735.83795 704.0015 755.9119 0 0.05389782 620.2916 615.6562 656.16736 667.8249 1 0.07031374 401.67554 534.16034 439.97864 681.98334 2 0.99611497 517.91113 386.81897 811.56494 633.2421 5 0.97136384 226.44037 250.94266 991.7642 905.87036 5 0.57145786 290.85593 271.66614 862.5646 684.8563 5 0.33308744 252.51959 249.61694 391.2602 907.38135 5 0.2965514 803.06067 286.24777 983.29333 856.70703 5 0.13508487 645.66003 338.11374 980.5414 864.4852 5 0.12123581 401.63522 533.9818 440.25772 681.97473 5 0.120255545 522.8409 386.38556 809.9921 632.7222 ,test/4835.jpg
0 0.063954115 436.72015 238.01556 787.38385 939.8226 7 0.9903993 433.16833 245.27945 791.0762 936.89856 ,test/4836.jpg
0 0.32775214 825.03455 537.08826 1022.6494 841.0199 0 0.24699384 829.5553 492.45618 1019.5481 573.19934 0 0.23098694 862.92957 642.57684 1008.00134 674.1088 0 0.21368206 864.37213 645.899 1016.9041 735.5213 0 0.20134357 867.818 646.62836 925.8418 674.2703 0 0.14860879 876.7987 503.27515 1020.0029 606.30066 0 0.14784606 135.06294 48.773056 539.13617 446.78723 0 0.14461343 833.50824 510.91943 903.24774 586.16003 0 0.14017569 846.5858 630.23315 1021.8701 788.53687 0 0.12659916 849.11395 638.1085 1004.2806 700.1654 0 0.12485584 819.8928 478.0221 895.83044 531.01825 0 0.119799554 820.0779 475.68878 911.1406 564.8442 0 0.113866046 252.14203 879.06885 300.4776 972.5426 0 0.10699213 860.7493 623.29474 1020.05914 655.25836 0 0.090593524 882.1111 543.70135 944.72534 611.7681 0 0.09024044 884.7586 550.72345 980.7841 594.77606 0 0.07648497 822.0113 477.53357 1020.19476 643.8751 0 0.06464145 977.5247 654.3358 1018.9329 799.0399 0 0.05615717 864.55414 639.75616 929.53534 701.6418 0 0.05614487 890.5555 542.7318 1024.0 588.29626 0 0.056123517 868.95856 638.94476 916.15375 660.1475 0 0.055255763 585.364 626.3349 814.1852 817.8757 0 0.052028652 949.50854 623.685 1012.969 651.18976 0 0.051736433 819.1633 507.3847 912.46606 551.3941 1 0.58871764 823.3477 532.5301 1022.9194 840.72504 1 0.3377989 879.8245 520.7068 1022.6817 620.83484 1 0.19084173 845.45233 602.6956 1018.5572 674.0401 1 0.18434748 860.24066 644.127 1017.6351 736.2392 1 0.15078063 850.574 616.88965 1019.96423 653.5845 1 0.13421933 822.0113 477.53357 1020.19476 643.8751 1 0.12119 889.62866 572.60175 1024.0 624.48663 1 0.11597657 828.05615 499.56973 1018.94165 579.0847 1 0.100569956 817.8823 520.82776 903.8202 634.1008 1 0.08085744 821.02454 557.0145 1021.3539 638.4055 1 0.07627048 862.92957 642.57684 1008.00134 674.1088 1 0.075944155 826.48505 481.67935 939.16437 597.97424 1 0.07159 949.50854 623.685 1012.969 651.18976 1 0.059922025 860.51825 633.3648 985.16534 658.9229 1 0.05174182 883.2045 548.2967 975.97516 623.09393 1 0.050332062 868.95856 638.94476 916.15375 660.1475 2 0.9939137 819.52905 535.08685 870.7041 633.17975 2 0.17568433 818.70135 509.62396 902.2885 635.69147 3 0.11154559 819.8928 478.0221 895.83044 531.01825 3 0.08348049 819.46783 478.08478 937.3359 566.13947 3 0.07579834 882.7843 639.3985 985.3251 652.6851 3 0.072248966 868.95856 638.94476 916.15375 660.1475 3 0.06431044 859.5854 501.4668 1019.201 572.6399 3 0.051083684 822.61316 519.38635 1022.9944 840.9518 5 0.19462675 144.96753 47.208847 538.88965 440.96338 5 0.11105078 531.08105 0.0 929.204 190.13943 5 0.07500082 864.84674 643.7078 991.2045 674.40497 5 0.054555718 895.48816 537.9959 1024.0 588.5944 5 0.05413807 891.3008 638.2815 985.9076 651.12024 5 0.053710748 861.65955 627.6928 1013.6537 659.37994 5 0.050525434 879.95026 502.40088 1021.5236 555.08105 7 0.99974257 337.50177 576.7824 594.4559 1017.7005 7 0.9986093 356.82413 243.43654 565.98254 609.56714 7 0.99789315 63.575806 386.36588 382.08127 979.7832 7 0.9955035 535.97034 162.41809 840.51685 832.521 7 0.888871 127.33444 51.443787 536.25244 455.52966 7 0.44674757 573.8324 606.22125 810.3956 816.3475 7 0.32755166 118.22217 188.29662 404.16107 452.93652 7 0.228125 834.7512 610.03973 1023.75745 845.9417 7 0.10780912 175.20316 224.66528 218.83447 283.6831 7 0.06961894 829.5553 492.45618 1019.5481 573.19934 7 0.06783203 868.4192 648.75995 1016.78467 735.65753 7 0.050943974 876.7987 503.27515 1020.0029 606.30066 ,test/4837.jpg
0 0.7294845 260.1305 290.29388 669.25604 600.5602 0 0.38335627 259.36652 306.02875 382.58093 603.8637 0 0.13153121 310.9475 288.16275 667.91675 454.56668 1 0.05185186 259.1363 307.41617 380.9701 602.8253 7 0.31664696 259.62195 289.5933 667.978 601.1798 7 0.22757179 343.5122 287.1422 674.63074 445.24677 7 0.06814166 258.73196 306.32687 381.8511 603.0161 ,test/4838.jpg
0 0.37271008 569.48944 378.93774 624.3973 470.00403 1 0.99434584 273.98572 398.71088 645.2013 931.8038 1 0.7723691 232.2732 99.454636 620.6548 565.5095 1 0.30706882 234.15564 174.66934 456.72394 557.00085 1 0.23763472 569.48944 378.93774 624.3973 470.00403 1 0.17320189 0.0 102.5755 482.3322 733.46674 1 0.091632 306.60785 299.8379 583.049 737.4708 1 0.053348374 413.5315 97.95932 625.59717 475.87027 ,test/4839.jpg
0 0.58624655 554.5697 297.83752 820.8579 443.93933 0 0.11202326 541.96576 293.83698 879.7673 582.17346 3 0.9998505 272.93536 183.1771 592.35956 635.91223 ,test/4840.jpg
0 0.9568708 281.13696 367.71918 700.5137 744.4587 1 0.22230648 280.61926 368.89456 698.5521 744.88904 ,test/4841.jpg
4 0.3204103 20.36499 335.98294 593.98944 762.5148 4 0.11323049 257.86212 331.0429 653.25385 737.3294 4 0.07838084 376.95416 327.82724 993.6413 775.6832 5 0.94982666 11.847748 331.7352 999.48865 769.79395 5 0.29262856 236.02267 332.6328 661.0895 740.4309 5 0.13889465 3.9190826 330.6009 507.7746 764.5278 5 0.12934 502.19824 314.6493 994.4337 778.9182 ,test/4842.jpg
2 0.9991242 148.93854 362.04742 782.7594 752.7901 ,test/4843.jpg
1 0.999826 289.71173 321.06204 773.15546 609.1919 1 0.9991117 174.4232 615.7821 577.70685 886.1185 1 0.9794661 752.6929 353.08658 953.24316 560.20575 1 0.8990662 281.32388 404.0056 525.6472 520.6843 1 0.8237765 654.6927 336.9369 952.6434 629.1362 1 0.48508415 335.7499 520.3099 954.5149 622.0103 1 0.37757215 314.31958 497.50192 784.4241 601.4987 1 0.14860918 762.94434 475.67575 944.4575 613.55994 1 0.13378139 325.57666 475.77408 752.94006 688.0587 1 0.11273345 350.93643 555.76605 804.40063 613.96515 1 0.09795021 285.5159 420.28668 967.05066 680.4733 1 0.089566596 764.2853 466.97574 909.6422 560.5658 ,test/4844.jpg
0 0.23537748 246.56436 826.0858 480.32986 1009.36096 0 0.19406217 0.0 940.1174 200.70552 1022.98676 0 0.060225938 380.82312 832.80884 472.26813 962.5543 0 0.054736506 0.0 969.81116 57.772213 1024.0 1 0.06545419 237.64232 809.90875 555.896 1005.154 2 0.17988196 895.2738 623.97925 956.6959 717.2478 5 0.89055747 744.69275 625.3659 923.8546 766.2017 5 0.8834319 895.38025 624.0332 956.70374 717.4939 5 0.72503984 0.0 939.8134 199.7059 1022.8809 5 0.45439288 0.0 553.2465 44.13388 807.40204 5 0.24438234 553.0883 545.4998 590.20514 592.53656 5 0.09559304 0.0 559.3668 40.709072 668.34546 5 0.061916865 237.6394 813.1703 561.35565 1008.4468 5 0.05173188 552.18384 391.71606 611.1832 553.869 7 0.99986696 548.91486 165.73592 795.73334 499.38116 7 0.99981016 448.6485 566.5178 654.03204 843.056 7 0.9997708 337.08524 162.17877 565.1041 414.8487 7 0.99957925 332.02402 368.48898 564.2198 640.9946 7 0.99943346 586.49713 441.39807 867.51935 754.4779 7 0.9990594 128.6529 545.9287 229.85529 732.78723 7 0.99506855 195.93707 526.50745 456.6117 968.99634 7 0.9862114 32.57924 575.95593 121.10556 781.99976 7 0.9783481 87.46799 616.6965 195.72556 832.4283 7 0.29998025 37.788483 582.9898 125.18211 643.65765 7 0.21932358 22.090927 552.2923 230.16931 817.1263 7 0.20558558 0.0 556.2209 44.243652 808.3431 7 0.17078665 552.18384 391.71606 611.1832 553.869 7 0.112101935 176.53134 699.4792 205.4036 746.01166 7 0.1089477 533.6903 543.7495 590.8082 596.9061 7 0.07458924 553.6545 549.7456 591.60065 590.9801 7 0.061437085 0.0 559.912 41.35842 665.8606 7 0.058192704 0.0 939.2722 200.4132 1023.02563 7 0.057031076 119.37098 546.1615 226.09476 645.46716 ,test/4845.jpg
0 0.16850986 0.20721436 598.60876 78.67055 1024.0 3 0.9998474 438.07428 339.81326 682.33527 663.9392 5 0.08698404 0.6481018 598.87683 79.01108 1023.4431 7 0.098332845 0.3772316 594.58856 75.565506 1023.90607 ,test/4846.jpg
1 0.10791163 9.873123 0.0 275.43036 622.5612 4 0.13740541 440.90808 218.40933 611.9678 586.1323 4 0.07306376 10.532028 0.087524414 275.8047 622.5398 5 0.99477094 443.2907 215.00923 606.2928 590.80994 5 0.6532308 492.85263 212.37218 574.09955 252.92363 5 0.103528544 10.532028 0.087524414 275.8047 622.5398 ,test/4847.jpg
9 0.9987206 45.417267 168.03253 981.4791 847.3241 ,test/4848.jpg
0 0.25727126 756.97766 250.7413 794.37524 270.91098 0 0.21511906 489.56097 3.045341 574.3581 17.986193 0 0.072194465 484.98242 1.7852297 584.6155 28.518536 0 0.06270249 747.9651 249.14612 808.5349 326.97772 0 0.061542638 199.48462 369.43127 462.19263 654.6814 1 0.99768376 87.32785 450.17014 513.1665 1014.66565 1 0.9497071 372.03308 277.41058 482.9856 480.88855 1 0.6751712 92.04274 486.69543 394.77924 715.1896 1 0.35217938 483.0288 333.56186 526.6963 383.78238 1 0.34326425 388.01196 283.52612 477.10962 386.1761 1 0.29670283 194.02077 362.27338 471.7174 604.4904 1 0.2631858 334.98438 201.54756 485.80444 501.7397 1 0.25909033 334.2951 290.5686 388.26025 387.09088 1 0.20265485 390.21378 319.78467 469.39206 417.7074 1 0.13219935 587.8192 249.5913 622.6384 291.4276 1 0.10104176 643.66003 0.0 697.32166 59.920464 1 0.09398585 596.3926 220.6659 619.84534 258.0001 1 0.077930085 759.9442 156.95963 812.6941 309.57245 1 0.06642267 331.1942 131.44437 614.1211 381.85916 1 0.060129713 173.9161 566.62915 377.0552 709.49963 1 0.050946955 264.33374 428.17334 460.56866 587.7159 2 0.09391306 762.01013 162.48119 811.2683 265.20908 2 0.051663093 594.2949 222.43974 620.5542 260.46283 3 0.06847209 763.392 162.88416 811.0777 257.64423 5 0.8874323 763.0343 162.95766 811.3152 258.66675 5 0.096212596 774.4069 165.49063 815.20135 314.60822 5 0.06667542 765.4368 62.142853 803.1253 264.2429 5 0.050865445 258.30927 411.2238 300.20984 445.9315 6 0.79801697 330.95065 133.62688 528.1089 395.1739 6 0.7911903 656.2653 67.16876 774.29913 272.27258 6 0.7264057 650.91144 0.0 807.53143 309.87857 6 0.40446067 334.48734 290.4598 386.96494 385.86325 6 0.30648863 692.63855 65.92461 808.0646 251.95244 6 0.26021403 423.52405 131.01059 539.41296 356.873 6 0.21884932 757.18585 61.04496 803.3569 179.24915 6 0.21111959 777.01605 68.55658 801.24005 174.10536 6 0.19128138 599.35266 118.58487 795.98816 278.14874 6 0.15101312 644.52185 244.05508 812.48303 323.64297 6 0.15048113 760.07117 43.73767 805.90955 276.74765 6 0.13533233 747.9651 249.14612 808.5349 326.97772 6 0.09336426 328.3549 240.65982 359.24393 310.36795 6 0.079245865 640.07947 171.38931 815.50134 315.216 6 0.06163058 657.93976 64.435715 764.90497 160.92355 7 0.99959177 466.6504 245.01077 826.8373 791.87 7 0.9969566 597.27264 136.03601 673.3659 263.87482 7 0.98757535 649.48175 0.71216583 782.6419 142.18329 7 0.9223298 193.61473 359.22165 380.46643 494.7958 7 0.79144883 192.77815 359.7277 472.8286 603.42145 7 0.32994613 679.68787 0.0 768.90234 95.66638 7 0.21314986 758.8263 13.829685 792.8966 79.02254 7 0.12687744 598.2887 123.31937 811.77673 291.45905 7 0.11471496 274.59775 413.31287 464.012 591.2645 7 0.09993698 647.6048 1.6291962 805.77386 317.3888 7 0.06973045 360.42902 349.6243 469.90625 594.75494 7 0.06807978 761.504 163.47394 811.59644 268.97443 ,test/4849.jpg
0 0.7084447 0.0 490.20956 81.10901 609.1891 0 0.69221985 792.66455 820.5551 910.9896 935.4428 0 0.24502762 776.5545 681.1689 884.09344 749.09357 1 0.9713279 0.7108002 0.0 427.3169 350.5544 1 0.9497222 790.3004 103.65339 1019.04626 318.28302 1 0.31217828 0.0 491.6414 81.44945 609.0384 1 0.24757548 785.49896 99.058365 1021.3077 169.61403 3 0.71884406 792.563 819.84094 910.4131 930.80566 5 0.9957535 0.0 828.1139 513.08057 1024.0 5 0.8386679 775.6561 681.7438 884.2998 749.10364 5 0.19654177 792.7046 819.8631 910.8208 930.53485 5 0.052715167 2.0724182 860.64874 123.27878 1023.8034 7 0.99862087 709.1087 749.5713 782.9648 840.77515 7 0.9973041 293.12442 155.94055 833.59656 822.3037 7 0.9719996 895.7991 747.8586 1024.0 869.77875 7 0.9650151 826.8623 855.06604 1024.0 1024.0 7 0.1967817 792.6255 820.556 911.1908 935.1832 7 0.11326324 870.78284 693.85266 1022.807 752.7219 7 0.10377895 773.17896 682.9796 1011.54663 750.6444 7 0.07797098 0.0 490.8922 81.256874 609.00464 7 0.054505877 749.6194 753.96686 1023.369 1018.3841 ,test/4850.jpg
0 0.2066135 765.71204 330.91772 968.3883 413.8015 0 0.055173915 105.08268 371.93994 164.91293 441.4909 1 0.20194972 757.6729 554.82214 791.0811 606.55554 2 0.9989813 751.4491 590.289 798.2306 645.2232 2 0.10505374 754.7044 590.99365 794.6867 610.7024 2 0.08158744 754.0964 554.98376 796.1932 637.64465 7 0.9997745 486.79462 338.04077 787.41925 824.3103 7 0.99977404 26.96196 237.2539 433.21014 958.42847 7 0.0667715 105.08268 371.93994 164.91293 441.4909 ,test/4851.jpg
0 0.057086688 290.641 332.50452 698.0593 553.6167 1 0.98638374 290.31183 332.71 698.26056 554.7997 ,test/4852.jpg
0 0.3706549 399.68097 86.509796 773.9235 819.30774 0 0.16080004 121.41625 485.89862 165.1024 654.1462 6 0.9397404 399.1953 88.231964 777.0183 819.1133 ,test/4853.jpg
0 0.48330483 105.98223 263.70895 158.24142 299.45932 0 0.24457715 353.68256 418.58243 397.7046 497.33847 0 0.1369765 571.9267 816.02454 687.42194 873.0593 0 0.08749856 321.3452 432.8218 365.37714 514.05994 0 0.07931639 635.27625 830.30524 683.38257 868.3249 0 0.0736652 297.18594 413.04565 404.08426 513.8591 0 0.06229474 249.04263 668.1735 324.49326 701.91473 0 0.057958428 501.02087 794.9411 586.54456 832.5068 1 0.99918085 421.21695 383.9041 750.18994 869.3282 1 0.9696583 734.38605 347.26303 894.42865 708.9669 1 0.886514 750.86835 474.30652 835.1003 576.86084 1 0.88581073 402.98898 399.48926 457.1658 541.74097 1 0.86008203 744.86 378.07687 805.4834 506.09592 1 0.8323334 841.0764 371.46518 871.8546 554.0377 1 0.8225546 181.56738 408.12305 445.75098 689.8334 1 0.72881716 344.99298 618.2592 412.211 717.5556 1 0.6773469 281.3026 688.4453 410.32324 771.5421 1 0.6517163 739.7476 376.71057 836.39996 577.1321 1 0.64632267 279.99136 610.4477 413.98856 774.612 1 0.60810155 413.39655 688.94275 746.4045 884.75244 1 0.5957319 858.3436 298.7528 906.0117 586.99994 1 0.58984363 780.8478 311.2176 895.3993 577.72064 1 0.5855465 838.43335 299.75262 891.9585 573.8905 1 0.5776391 465.29773 787.88214 714.8402 885.7126 1 0.5123595 804.9316 328.46893 866.5147 560.4388 1 0.49323013 815.7027 341.8182 849.2751 539.9501 1 0.38462046 785.2706 401.7617 808.93823 478.30338 1 0.37146917 245.80627 534.5027 436.367 776.90845 1 0.36500087 306.01508 377.69104 374.7149 446.7077 1 0.36355007 313.29675 678.20215 342.1692 711.53796 1 0.29388776 250.75229 618.073 406.09897 715.8887 1 0.2935832 230.86435 494.4164 431.14426 675.8932 1 0.27492422 797.95447 387.2862 841.526 537.06195 1 0.26584718 374.32806 622.68524 423.0171 728.08514 1 0.24808961 416.7611 766.0037 737.32654 854.28656 1 0.23186652 431.67462 705.9407 728.6434 806.1499 1 0.22737476 880.50574 303.93524 927.92786 587.5872 1 0.204328 301.34357 395.7298 457.90753 710.29767 1 0.20282952 96.63547 303.46307 447.68588 730.1342 1 0.17649116 869.33844 398.3497 911.5534 583.6172 1 0.17589858 423.56833 484.09216 498.06125 752.3956 1 0.17059809 249.04263 668.1735 324.49326 701.91473 1 0.17024395 827.96014 389.57034 850.57025 453.7175 1 0.15907857 392.24097 393.8625 500.19824 786.15607 1 0.1563497 829.1644 394.39334 844.3157 514.48413 1 0.15436316 294.39566 380.51804 396.57675 495.51895 1 0.14733823 354.69644 480.97043 439.97385 735.7117 1 0.14382777 722.22614 445.0703 741.8663 504.29437 1 0.1418847 447.28348 417.14526 509.24014 716.0515 1 0.12975821 313.02417 407.43253 414.97955 574.6555 1 0.1285305 407.16534 462.40115 431.30237 525.1329 1 0.12694052 403.89105 452.19473 470.42792 761.8833 1 0.11914581 316.5268 634.10956 376.71857 717.5042 1 0.117381044 327.35382 590.80975 419.53705 736.0347 1 0.11639715 867.15216 488.769 905.0125 582.26654 1 0.11572582 317.82428 422.4924 365.9231 505.27176 1 0.11536669 834.60614 388.16922 851.8626 514.8684 1 0.114310555 305.82144 674.00305 393.26938 716.5242 1 0.1106692 870.5613 396.78436 897.75964 504.00293 1 0.108295515 391.91736 401.03546 463.55615 671.0943 1 0.10642548 371.9473 602.1688 445.88828 758.2875 1 0.097330175 424.92102 491.2112 458.44434 559.149 1 0.09684087 825.33624 354.88898 859.87823 524.68445 1 0.09557478 353.47998 416.2806 402.0583 495.64523 1 0.09297258 389.52707 415.4008 409.09384 465.75314 1 0.087502986 761.3056 451.503 879.42816 581.7349 1 0.08628612 248.29614 650.8013 353.377 706.7362 1 0.08397009 753.84937 462.31577 802.06067 517.79395 1 0.078355365 822.43427 346.17245 849.3996 413.68216 1 0.07272493 571.9267 816.02454 687.42194 873.0593 1 0.070695475 414.09857 628.8696 450.83038 759.1564 1 0.06833253 783.31964 400.37732 826.0605 493.42963 1 0.063093975 854.03595 307.38406 893.8371 454.48874 1 0.06227077 309.21548 695.02747 349.93143 715.8522 1 0.057953432 284.99048 391.1235 483.6446 552.8581 1 0.057496358 207.43349 386.88882 631.5094 815.426 1 0.057366468 720.2706 443.97604 752.2993 680.823 1 0.054676265 824.2909 385.8279 841.6168 492.60928 1 0.052917477 792.59924 389.24927 883.67175 666.4358 1 0.05184184 351.0517 420.83844 459.39606 566.7555 3 0.37526506 280.66425 448.6561 334.54303 523.4448 3 0.10599737 250.69382 667.2533 318.15268 697.0421 4 0.06387645 279.8672 449.27826 334.95178 523.16907 5 0.4487579 280.66425 448.6561 334.54303 523.4448 5 0.16234644 231.06432 481.5464 278.88403 558.67224 5 0.08684522 281.52554 422.85315 373.2841 524.6685 5 0.067906536 94.395645 491.10617 119.727905 522.84436 5 0.056823507 249.25978 665.768 324.85944 701.66266 6 0.053309835 1.0840249 731.1178 15.879585 809.5144 7 0.99953926 0.11577606 429.0077 198.8537 826.15125 7 0.90527445 85.5783 266.5918 312.55835 558.4499 7 0.592878 119.39115 432.68356 188.36899 569.08 7 0.44970533 5.450634 414.72653 122.01039 532.68353 7 0.11890734 188.16563 567.6564 234.67119 646.1874 7 0.11373348 75.07242 262.92804 446.3835 720.94965 7 0.082187824 345.68137 430.4703 395.08725 494.44235 7 0.07011735 319.76627 432.65912 363.14377 520.92395 7 0.053758193 181.68744 485.93777 280.59113 636.63306 7 0.052506007 139.6929 384.70557 424.7446 665.5149 ,test/4854.jpg
0 0.3490445 358.77838 272.9701 523.0621 305.93463 0 0.08795498 454.70892 317.09805 541.2886 345.08817 3 0.9814797 192.18494 216.57968 695.327 689.0183 3 0.20535831 353.1538 271.64792 523.5146 346.49203 3 0.06526442 348.50427 281.9986 535.1305 686.37274 5 0.85051376 451.8395 208.37161 500.13376 245.749 5 0.116391465 358.77838 272.9701 523.0621 305.93463 5 0.09149377 374.8728 208.50061 505.71484 326.67816 5 0.08213323 353.00247 271.38934 524.846 346.4842 5 0.07423842 345.45258 302.3731 471.36523 348.30444 ,test/4855.jpg
0 0.28753266 327.3591 555.4778 380.2711 757.68286 0 0.12684512 320.0645 599.02673 362.9378 743.43677 0 0.11740619 240.30592 517.28705 301.2399 560.9539 0 0.09760707 518.73444 440.17493 580.9821 525.6034 0 0.07842759 432.42773 650.8946 486.85565 700.6507 0 0.07800776 136.47604 549.24445 169.05225 838.94794 1 0.55956894 518.42426 439.93216 580.8139 525.96747 1 0.0734943 136.47604 549.24445 169.05225 838.94794 1 0.05344124 432.61038 649.9912 488.43228 712.3511 2 0.14928873 518.70386 439.99417 580.9813 525.71387 5 0.9887699 152.2836 499.33154 376.95932 834.52844 5 0.9733185 433.82642 664.44934 625.87085 823.8823 5 0.7009532 518.3754 439.06976 581.1308 526.5159 5 0.66231966 629.40344 562.25476 734.5115 767.67126 5 0.61896205 434.65015 684.37396 508.69916 823.2463 5 0.5911951 450.67026 749.5466 507.94858 821.455 5 0.5091508 641.23474 386.91098 742.5261 772.96326 5 0.4594514 162.98535 480.10284 277.60257 842.62604 5 0.36887217 750.6664 717.56036 809.60925 767.759 5 0.3670032 647.0338 727.20056 722.912 805.40027 5 0.31888732 238.88957 497.96454 353.17407 820.3946 5 0.25612956 624.5179 360.48602 818.7752 777.18854 5 0.25262746 498.2698 728.3113 619.73083 820.6566 5 0.18117899 1.2907791 355.46768 175.9039 844.3904 5 0.17215271 136.72554 549.21765 168.83363 838.25305 5 0.14574045 497.52383 747.88135 573.10046 821.0167 5 0.14248946 747.07184 713.7265 830.8748 798.2127 5 0.12740554 292.86804 492.90546 345.11047 589.6469 5 0.09543413 455.21384 674.6909 538.7452 767.9697 5 0.09414733 432.42773 650.8946 486.85565 700.6507 5 0.08977496 595.2671 523.01465 756.5392 809.39233 5 0.08715753 167.12466 481.85425 257.9727 703.6698 5 0.085636176 447.18466 758.9109 592.5812 819.86646 5 0.07494768 948.7645 576.77997 985.381 617.122 5 0.07229974 503.53757 759.28564 563.7217 798.6626 5 0.070275046 174.62854 478.2166 253.578 590.75446 5 0.06872792 552.02844 717.2682 621.40076 815.8667 5 0.06872004 315.18207 601.07526 359.32147 732.7563 5 0.06627932 794.0902 717.57385 826.11475 749.54846 5 0.06604687 498.89603 777.8126 585.3609 815.0325 5 0.06591662 647.467 526.0546 701.6329 618.4628 5 0.06443848 498.42792 706.7816 591.8919 791.91113 5 0.06133295 542.1476 665.2945 652.1819 803.06976 6 0.99960333 896.8708 635.7505 1022.78546 796.90344 6 0.3324414 644.2629 346.6253 902.15753 812.8305 6 0.15688704 720.13696 363.68494 814.43384 677.219 6 0.117862016 759.6062 460.80493 902.90625 738.14014 6 0.07994681 741.552 461.98798 840.7428 712.31805 7 0.9962465 0.0 0.24987793 676.7318 468.18448 7 0.8876204 428.6645 332.70587 756.30536 823.75336 7 0.8816342 0.7693863 354.47076 176.9591 844.29645 7 0.4147483 551.4207 339.56693 910.94684 822.3479 7 0.34715837 193.23547 0.0 662.72473 179.07144 7 0.3420397 624.5331 356.1345 819.23 800.1212 7 0.29757208 636.31805 560.35187 735.4887 792.2247 7 0.18701461 432.48227 663.61847 635.4939 823.7421 7 0.15977913 638.4463 724.0888 727.9724 813.08636 7 0.14472876 595.2671 523.01465 756.5392 809.39233 7 0.105416186 443.73846 596.0909 747.32794 807.60785 7 0.09656657 518.5569 439.60156 580.80115 525.997 7 0.07558355 542.1476 665.2945 652.1819 803.06976 7 0.06232519 363.1011 529.5518 833.9304 816.53925 ,test/4856.jpg
0 0.16499244 493.86633 79.65213 539.8795 175.6495 0 0.12147356 789.91486 524.3488 805.1662 599.8724 0 0.08976886 376.89313 388.29974 404.39996 446.19977 0 0.07901026 577.00854 116.10534 599.3008 184.59845 0 0.07555401 322.89893 247.69424 386.85413 384.3569 0 0.06786467 630.99445 325.06735 716.762 477.76566 0 0.053551435 336.9423 200.50253 359.2479 255.35739 0 0.05160373 670.56256 331.00543 719.00287 467.2779 1 0.9971674 582.26996 545.95374 749.27374 755.8329 1 0.9843344 327.5526 24.690536 631.04944 509.06433 1 0.9714813 112.90931 281.96008 288.77365 541.30786 1 0.9185368 210.37529 214.73257 389.52393 486.868 1 0.8869821 558.9155 299.5593 847.3279 619.65686 1 0.8080957 356.46906 50.63826 487.84332 174.59146 1 0.66866934 231.05582 119.03056 372.9258 270.95502 1 0.6132292 436.30386 454.26376 586.3926 693.2568 1 0.5502029 346.95773 2.236538 443.52176 127.48454 1 0.52708167 475.7381 11.533096 541.93854 183.19168 1 0.4783518 170.95468 364.31128 347.2007 639.1561 1 0.45492604 339.31747 103.90689 497.5945 251.94519 1 0.4542011 488.42487 29.279816 647.1351 478.54733 1 0.45321137 738.5405 343.9042 817.59863 445.20816 1 0.377693 736.1702 314.11475 851.3038 544.1312 1 0.36600485 557.4856 512.52075 601.3135 594.3655 1 0.35521916 222.74261 229.73918 332.98676 345.25436 1 0.3501182 349.58414 5.555382 542.07056 185.12177 1 0.3382069 322.89893 247.69424 386.85413 384.3569 1 0.31911954 227.6529 226.84346 472.45166 642.0028 1 0.2723799 151.5631 193.90338 378.78925 616.8196 1 0.23779446 352.20807 602.87775 464.69934 655.8621 1 0.23096125 341.44452 22.56073 539.7401 389.18005 1 0.21032909 216.99231 102.83902 615.6912 664.06213 1 0.21031366 275.98117 440.66153 392.70627 477.37698 1 0.19576605 357.7793 79.53615 424.34143 169.9597 1 0.18818884 112.46451 284.50507 235.16263 460.6031 1 0.16456062 277.41373 439.60068 470.85196 645.3409 1 0.15085678 224.63861 170.55777 353.79535 317.0925 1 0.14546484 193.00711 234.32831 233.89252 360.19135 1 0.12771367 257.34537 124.07269 367.04703 181.25003 1 0.12637748 306.11758 194.35252 352.65598 279.02805 1 0.11037191 295.19073 421.47443 580.2877 662.74457 1 0.10982025 344.27957 108.57602 411.20346 184.00867 1 0.10833084 238.79738 343.96588 390.2965 471.42767 1 0.10091829 203.86897 329.45343 283.99475 524.73944 1 0.09503591 508.1964 60.939026 846.50476 650.2397 1 0.09500142 737.46063 321.8708 776.85406 438.95172 1 0.093190305 734.8181 510.46738 802.45337 634.97314 1 0.0864874 654.1209 331.7087 704.7153 476.24667 1 0.0860793 304.14624 303.80588 764.77734 664.41565 1 0.08471918 741.7135 336.9128 764.77734 389.1395 1 0.083962746 260.171 387.69858 424.31198 506.63065 1 0.08110369 376.39282 80.493256 477.5072 159.16087 1 0.07987091 635.5946 309.89096 737.8318 473.6102 1 0.07798174 452.60593 52.930447 497.2449 177.09352 1 0.076931134 336.9423 200.50253 359.2479 255.35739 1 0.07674262 379.20526 428.08002 427.10547 498.98364 1 0.06918024 284.90915 138.6998 358.69406 328.34702 1 0.068189666 465.44284 474.1446 569.4027 509.48346 1 0.0631251 261.4438 436.83298 429.71558 525.3436 1 0.06141521 341.6869 83.38161 424.79376 259.02832 1 0.06068252 670.56256 331.00543 719.00287 467.2779 1 0.055485208 417.8946 27.301956 605.4743 369.84937 1 0.052607577 497.74622 51.88811 550.5857 177.72008 1 0.052499853 233.02246 393.93738 285.58044 529.46545 1 0.052368432 377.21307 389.0313 403.79205 445.07587 1 0.05213558 240.67822 101.52654 471.2066 264.8033 1 0.051242042 220.35983 135.24562 399.92245 388.05872 1 0.050564967 278.69955 253.80545 387.7847 469.6614 2 0.2916486 350.8354 0.0 442.4898 125.04506 3 0.5845326 350.0982 1.2391396 445.091 126.14548 3 0.34898987 598.50104 52.105927 663.0151 175.83073 5 0.15582427 350.14813 0.0 443.00037 126.67154 5 0.07142324 598.50104 52.105927 663.0151 175.83073 ,test/4857.jpg
0 0.28159076 374.69873 156.41054 806.4806 583.9791 0 0.24391642 466.88638 545.9366 861.86523 1012.76166 0 0.22099349 718.1142 423.03125 895.26215 776.8882 0 0.19902508 260.3717 336.206 725.1286 637.7953 0 0.15814275 836.11383 483.19766 891.69635 770.146 0 0.124982715 176.64117 421.33362 354.03967 769.859 0 0.11792009 333.0398 163.33832 893.48145 1022.29425 0 0.11496114 717.00745 373.12262 874.8074 599.6998 2 0.33584026 176.58682 425.0528 353.71262 766.6524 3 0.15269555 177.13708 422.651 352.74854 767.3634 5 0.7129783 176.58995 425.8058 352.57538 768.0593 5 0.12029643 717.2854 374.87344 873.1765 594.8136 5 0.10005307 374.0303 154.21332 799.9319 584.3585 6 0.11418603 329.86774 167.38673 806.83795 616.69696 6 0.08359377 473.45697 534.0779 872.3671 1009.31445 7 0.26930326 176.64117 421.33362 354.03967 769.859 7 0.20241642 374.4975 159.51282 797.2371 554.0002 8 0.076950036 177.6456 422.93237 351.8658 766.4746 9 0.89799184 465.13574 537.41455 866.06116 1014.56726 9 0.71332717 338.47427 157.02393 792.33704 628.9641 9 0.6749787 260.7675 341.03006 723.8197 635.82214 9 0.66579014 715.3829 375.6209 874.52704 594.9531 9 0.13244763 712.0488 432.63434 897.11316 767.92975 9 0.11025374 333.0398 163.33832 893.48145 1022.29425 9 0.087595694 594.5885 276.67203 802.1537 580.08813 ,test/4858.jpg
0 0.24651317 341.42645 316.34048 713.5352 480.85605 3 0.97650003 339.98166 316.9832 713.97144 480.2054 8 0.0511841 339.68353 317.27353 714.18634 480.0104 ,test/4859.jpg
0 0.52241826 890.0752 217.97209 1000.98926 280.2229 0 0.10946025 19.703949 587.91296 918.85376 1018.61206 1 0.25821203 19.663177 585.1896 921.39197 1018.58374 1 0.06982984 889.91565 217.85649 1001.08655 279.85217 3 0.99882716 419.58142 356.43616 667.7363 789.1669 7 0.16613758 889.91565 217.85649 1001.08655 279.85217 ,test/4860.jpg
0 0.99661994 81.3945 621.8979 257.65994 733.55695 0 0.994311 679.94824 863.37976 824.57434 951.9978 0 0.97758704 348.63037 973.05634 510.4897 1024.0 0 0.818425 722.013 576.0619 859.70135 718.5078 0 0.5800064 210.85295 682.06604 428.62848 917.9944 0 0.3121417 334.77893 868.506 450.58417 913.37756 0 0.2902392 336.95108 873.4915 450.0978 949.3095 0 0.1830151 717.1386 578.64624 862.632 641.25195 0 0.11545141 802.90436 513.4368 986.7498 669.0278 0 0.10827568 65.72096 634.11005 403.604 850.22284 2 0.9757037 363.86755 455.72687 682.8517 626.9211 2 0.26058832 366.38998 492.99506 536.96216 629.0544 5 0.13128844 367.99823 454.24652 690.0887 628.2386 ,test/4861.jpg
7 0.9993642 238.09712 400.26352 695.4257 841.2904 ,test/4862.jpg
0 0.066168346 501.42377 16.743523 618.9223 204.59015 1 0.99936074 184.49823 222.35046 827.9156 705.26373 3 0.12715186 601.7567 312.1975 764.21204 414.99426 5 0.11347848 704.15137 195.1394 1024.0 872.4291 8 0.9658112 601.19275 309.28403 768.61426 416.68228 ,test/4863.jpg
0 0.06595418 539.6388 67.32443 1023.1367 870.8154 4 0.17421523 613.73706 738.7457 730.38196 801.1614 5 0.6004069 598.9228 240.65335 1024.0 821.1759 5 0.10992317 748.3757 286.14954 1024.0 680.27057 7 0.98896295 363.04922 57.1799 771.51746 854.61316 7 0.55048966 748.2972 100.80675 823.65424 232.93425 7 0.19897823 511.61224 49.08893 1021.2546 859.6173 ,test/4864.jpg
0 0.5746933 961.65857 63.372726 1024.0 113.310196 0 0.47039872 264.99985 619.8782 637.5051 1016.2572 0 0.38488337 0.0 410.59045 428.82056 771.6063 0 0.32705566 126.414795 448.76685 647.4629 1019.2002 0 0.23355734 110.299355 397.9001 275.71805 469.99628 0 0.1302169 8.529449 461.82678 255.24945 761.79846 1 0.7798068 111.57997 420.9929 434.31708 713.33997 1 0.5383688 112.0728 400.2127 275.6756 466.8504 1 0.5376983 263.22098 620.92236 642.21106 1015.63574 1 0.5006244 118.652374 436.5806 656.70483 1020.4231 1 0.15000725 93.82736 405.19434 698.11816 721.75867 1 0.097761564 5.1392365 419.1928 326.4358 764.321 5 0.96986085 426.09705 167.74695 878.067 647.3068 5 0.84052277 452.22357 375.86542 677.6264 698.9194 5 0.29770246 333.95416 136.93349 603.1009 439.50067 5 0.08817237 388.66232 170.25868 670.2417 596.52313 5 0.08436664 451.31915 593.95325 537.4084 654.63135 5 0.073489845 389.1773 140.58958 583.269 333.9569 5 0.05339324 460.63235 370.3161 769.0226 579.87225 7 0.8667548 333.9317 137.92151 602.7702 436.1255 7 0.22598949 423.78485 157.70332 506.59393 200.34038 7 0.17091745 387.06805 142.08963 584.7741 331.78183 7 0.12431333 263.4416 623.21423 632.8681 1014.97314 ,test/4865.jpg
0 0.5055278 291.1952 355.0751 664.4708 691.07935 1 0.61209744 291.2165 355.30603 664.6468 690.6548 ,test/4866.jpg
0 0.43578944 629.2761 664.0237 776.36975 719.8412 3 0.9995166 417.7749 322.22955 777.8408 697.0951 ,test/4867.jpg
7 0.997558 119.41318 472.53714 755.97925 851.3845 7 0.9801506 524.6938 448.41797 759.36835 826.75354 ,test/4868.jpg
0 0.99316615 0.0 204.16055 1024.0 944.3463 0 0.34310067 475.5598 414.04315 658.7456 491.79047 0 0.29676956 215.87662 233.54164 855.9879 494.04993 0 0.22967835 396.64163 877.7992 555.0909 959.97156 0 0.18060441 854.7645 1.2710114 1023.2379 322.00757 0 0.073972635 954.59216 503.1568 1023.03735 584.20746 0 0.06459525 7.872864 406.85306 695.1899 565.72015 0 0.06444593 554.1038 412.4661 652.6956 479.66263 0 0.06184226 944.4086 0.0 1023.79193 74.52281 1 0.507942 853.4811 2.4545288 1022.5287 338.24286 1 0.22912551 842.5031 0.0 948.8897 249.80325 1 0.17871578 839.32385 0.0 892.43335 244.27606 1 0.14097299 954.37476 502.78558 1023.04517 584.1955 1 0.116672106 841.8068 144.65662 866.5273 236.91559 1 0.09711081 224.02434 2.8954468 550.49207 207.47949 1 0.080167554 342.85034 191.56107 489.44604 251.5054 3 0.13089937 954.59216 503.1568 1023.03735 584.20746 5 0.6298811 223.65413 3.0615692 550.6125 207.97218 5 0.39678797 498.38757 7.426155 690.0471 224.28064 5 0.3711799 46.149963 2.2941895 888.9748 270.207 5 0.3589266 671.4175 0.0 858.2062 262.51447 5 0.23831667 340.48727 190.54883 491.51926 251.27652 5 0.15849821 46.74933 3.8993225 376.86194 293.7309 5 0.10645911 954.59216 503.1568 1023.03735 584.20746 5 0.08374044 503.38806 0.0 881.81335 259.9046 5 0.07666167 856.3964 1.6696625 1022.769 324.2574 5 0.059707902 123.55376 101.17505 539.6075 271.4252 7 0.44643906 954.66895 503.30457 1023.3168 583.9645 7 0.06984136 856.92926 1.6789703 1022.56757 326.04846 7 0.06652259 248.51077 233.68884 865.4127 488.7118 ,test/4869.jpg
0 0.074438505 10.749817 61.782074 644.692 865.47974 4 0.9999484 374.59583 207.6289 629.28564 836.1609 5 0.051889915 10.749817 61.782074 644.692 865.47974 ,test/4870.jpg
